"OG","Regression_Coefficient","P_value","Lambda","Bound_used","R_squared","R_squared_adj","n","Status","Contrast"
"OG0000000_00",0.0390092777411235,0.0235265973356791,0.555990553932316,"1e-05 to 1",0.0316459965007305,0.0260160313641069,174,"success","pgls5_castespolymorphic"
"OG0000001_00",-0.0199266258835516,0.275763478527026,1e-05,"1e-05 to 1",0.0122336582500233,0.00649083068170941,174,"success","pgls5_castespolymorphic"
"OG0000001_01",-0.00696132167197157,0.354302315967187,1e-05,"1e-05 to 1",0.00787643365081242,0.00210827338134034,174,"success","pgls5_castespolymorphic"
"OG0000001_02",0.00187476029823804,0.87511758973715,1e-05,"1e-05 to 1",0.000245735184488807,-0.00556678961095036,174,"success","pgls5_castespolymorphic"
"OG0000002_00",-0.0261774446384839,0.214295206397536,1e-05,"1e-05 to 1",0.0172742789808832,0.0115607573470511,174,"success","pgls5_castespolymorphic"
"OG0000003_00",0.00892890907672114,0.780262338381418,1,"1e-05 to 1",0.000662142758434757,-0.00514796106273718,174,"success","pgls5_castespolymorphic"
"OG0000005_01",-0.00328338073986892,0.839307066022827,1,"1e-05 to 1",0.00041317254177108,-0.00539837878066063,174,"success","pgls5_castespolymorphic"
"OG0000006_00",0.003139624914635,0.827173699614534,1e-05,"1e-05 to 1",0.000498999788784872,-0.00531205253802458,174,"success","pgls5_castespolymorphic"
"OG0000006_01",-0.0167251954804234,0.283497421300779,1e-05,"1e-05 to 1",0.0101721890347158,0.00441737618026661,174,"success","pgls5_castespolymorphic"
"OG0000006_02",-0.00256016956354459,0.852146392577609,1e-05,"1e-05 to 1",0.000281234926752851,-0.00553108347483566,174,"success","pgls5_castespolymorphic"
"OG0000006_03",-0.0023935042707604,0.207851365120822,1,"1e-05 to 1",0.0192754098149682,0.0135735226627297,174,"success","pgls5_castespolymorphic"
"OG0000007_00",0.000463149631105594,0.957289356725836,1e-05,"1e-05 to 1",3.06748711999201e-05,-0.00578310027489781,174,"success","pgls5_castespolymorphic"
"OG0000008_00",-0.000875226318225589,0.913860349522543,1,"1e-05 to 1",0.000103085163841001,-0.00571026899218308,174,"success","pgls5_castespolymorphic"
"OG0000010_00",-0.0133442671048736,0.23862198000161,1e-05,"1e-05 to 1",0.0152274622147875,0.00950204048347802,174,"success","pgls5_castespolymorphic"
"OG0000010_01",0.00548990147829031,0.697809001455296,1e-05,"1e-05 to 1",0.00180386026519166,-0.003999605663499,174,"success","pgls5_castespolymorphic"
"OG0000011_00",0.00231024137662234,0.913302835524179,0.270487170387653,"1e-05 to 1",0.000115635213293642,-0.0056976459773268,174,"success","pgls5_castespolymorphic"
"OG0000012_00",-0.00301680365327526,0.85971263666642,0.592029139761389,"1e-05 to 1",0.000197058581735649,-0.00561574921720775,174,"success","pgls5_castespolymorphic"
"OG0000017_00",0.0262811023320891,0.00153846848482075,1e-05,"1e-05 to 1",0.0734491122299207,0.0680621884638156,174,"success","pgls5_castespolymorphic"
"OG0000019_00",-0.0143147823072781,0.294167931210438,0.334855478919453,"1e-05 to 1",0.0107831078449573,0.00503184684405589,174,"success","pgls5_castespolymorphic"
"OG0000020_00",0.00129779100942398,0.900911968117688,1e-05,"1e-05 to 1",0.000164032782825729,-0.00564896702657647,174,"success","pgls5_castespolymorphic"
"OG0000020_01",-0.00356473667505876,0.511103236026878,1e-05,"1e-05 to 1",0.00298380813891547,-0.0028127976277188,174,"success","pgls5_castespolymorphic"
"OG0000024_00",0.00629228219131219,0.719968565657875,1,"1e-05 to 1",0.000810536701734108,-0.00499870436395344,174,"success","pgls5_castespolymorphic"
"OG0000025_00",-0.000696576950847584,0.955127060835284,1,"1e-05 to 1",3.66029306480135e-05,-0.00577713774998778,174,"success","pgls5_castespolymorphic"
"OG0000025_01",0.00149489746932271,0.929338234861302,1,"1e-05 to 1",4.99267201497489e-05,-0.00576373649659367,174,"success","pgls5_castespolymorphic"
"OG0000027_00",-0.00919722056933429,0.624182130147344,1,"1e-05 to 1",0.00211257324756079,-0.00368909783820914,174,"success","pgls5_castespolymorphic"
"OG0000029_00",0.00841275279996822,0.691250574413514,1,"1e-05 to 1",0.00140109083160827,-0.004404716779836,174,"success","pgls5_castespolymorphic"
"OG0000029_01",-0.0158054144845509,0.538747205401816,0.970835431016595,"1e-05 to 1",0.00446172292475977,-0.00132629031404985,174,"success","pgls5_castespolymorphic"
"OG0000029_03",0.00999396135107857,0.697616641446449,1,"1e-05 to 1",0.001273127520856,-0.00453342406332502,174,"success","pgls5_castespolymorphic"
"OG0000033_00",-0.0894105809457303,0.0285910124941231,0.758541125304121,"1e-05 to 1",0.046561901616975,0.0410186568589341,174,"success","pgls5_castespolymorphic"
"OG0000034_00",-0.038182890039079,0.0538785714330654,0.303087366715294,"1e-05 to 1",0.0349383308349792,0.029327507177043,174,"success","pgls5_castespolymorphic"
"OG0000034_01",-0.00942807757345736,0.483898489023388,1e-05,"1e-05 to 1",0.00314656105470689,-0.00264909847404482,174,"success","pgls5_castespolymorphic"
"OG0000035_00",-0.00871811408541541,0.543910029802501,1,"1e-05 to 1",0.0042006850802878,-0.0015888458204083,174,"success","pgls5_castespolymorphic"
"OG0000035_01",-0.00635471691582915,0.702600593265529,1,"1e-05 to 1",0.00157474150292852,-0.00423005651158936,174,"success","pgls5_castespolymorphic"
"OG0000036_00",-0.0178189789290554,0.466949807365549,0.857378689362597,"0.001 to 1",0.0068047652430475,0.00103037434329789,174,"success","pgls5_castespolymorphic"
"OG0000036_01",0.0406753850600372,0.122366435892016,0.515202247558915,"1e-05 to 1",0.0204522608436532,0.0147572158485582,174,"success","pgls5_castespolymorphic"
"OG0000038_00",-0.021156968936331,0.213638915254563,0.685334302715611,"1e-05 to 1",0.0149751927568049,0.00924830434260027,174,"success","pgls5_castespolymorphic"
"OG0000039_00",0.0136498506310963,0.43602533951226,0.460946790555746,"1e-05 to 1",0.00750839396856391,0.00173809393349744,174,"success","pgls5_castespolymorphic"
"OG0000044_00",-0.0170898730047222,0.284777985840194,1e-05,"1e-05 to 1",0.0129905428869901,0.00725211581075169,174,"success","pgls5_castespolymorphic"
"OG0000044_01",-0.0024089551420347,0.882832392821045,0.717488777856941,"1e-05 to 1",0.000232277177974132,-0.00558032586168888,174,"success","pgls5_castespolymorphic"
"OG0000045_00",0.00596628972536435,0.324895552252457,1,"1e-05 to 1",0.00969262641524072,0.00393502540602708,174,"success","pgls5_castespolymorphic"
"OG0000049_00",0.0150018354237579,0.15705281967171,1e-05,"1e-05 to 1",0.0127943544866618,0.00705478678018889,174,"success","pgls5_castespolymorphic"
"OG0000050_00",-0.00900973009869049,0.622603027405042,0.76885723230723,"1e-05 to 1",0.00218966486347595,-0.00361155801522473,174,"success","pgls5_castespolymorphic"
"OG0000051_01",0.0088618029801994,0.551099955263625,1,"1e-05 to 1",0.0038341930065827,-0.00195746866198365,174,"success","pgls5_castespolymorphic"
"OG0000051_02",-0.0106938008295249,0.475865942650999,1,"1e-05 to 1",0.0038290147257789,-0.00196267704907127,174,"success","pgls5_castespolymorphic"
"OG0000053_00",-0.0207538643516663,0.20039479707258,1,"1e-05 to 1",0.0112817580078118,0.0055333961357642,174,"success","pgls5_castespolymorphic"
"OG0000055_00",0.0393709591514403,0.0145652349674408,0.465309694193805,"1e-05 to 1",0.0689785239365599,0.0635656083780516,174,"success","pgls5_castespolymorphic"
"OG0000055_01",0.00211279490155908,0.863409979993285,1e-05,"1e-05 to 1",0.000323396980528892,-0.00548867629284033,174,"success","pgls5_castespolymorphic"
"OG0000056_00",0.00721769697748575,0.500758133864321,0.895379241008211,"1e-05 to 1",0.00331555970603401,-0.00247911727241923,174,"success","pgls5_castespolymorphic"
"OG0000058_00",0.016643006430547,0.441821620301442,1e-05,"1e-05 to 1",0.00673760211599251,0.000962820732945957,174,"success","pgls5_castespolymorphic"
"OG0000059_00",0.0436207264477738,0.000984548043260869,1e-05,"1e-05 to 1",0.0816210979751747,0.0762816857541002,174,"success","pgls5_castespolymorphic"
"OG0000060_00",0.0106374858174931,0.642606313177253,1e-05,"1e-05 to 1",0.00144910634873198,-0.0043564221027288,174,"success","pgls5_castespolymorphic"
"OG0000061_00",0.00414604878762692,0.495580584827794,1e-05,"1e-05 to 1",0.00306055156025246,-0.00273560802369954,174,"success","pgls5_castespolymorphic"
"OG0000062_00",-0.00737217783774248,0.431827798709434,1e-05,"1e-05 to 1",0.00612933039241544,0.000351012545859786,174,"success","pgls5_castespolymorphic"
"OG0000063_00",-0.0069745310141581,0.532287472645857,1e-05,"1e-05 to 1",0.00271421937166002,-0.00308395377152793,174,"success","pgls5_castespolymorphic"
"OG0000064_00",0.0066198579326348,0.698796394418668,0.802125523313177,"1e-05 to 1",0.00158313481254118,-0.00422161440366509,174,"success","pgls5_castespolymorphic"
"OG0000064_01",0.0170434283567507,0.0987452426612285,1,"1e-05 to 1",0.0203608503352134,0.0146652738836739,174,"success","pgls5_castespolymorphic"
"OG0000069_00",-0.0235781446111901,0.401432201198718,0.609650508842902,"1e-05 to 1",0.00629421759521203,0.000516858395184117,174,"success","pgls5_castespolymorphic"
"OG0000070_00",-0.00984065229652615,0.272922574131027,1e-05,"1e-05 to 1",0.011436297866915,0.0056888344824203,174,"success","pgls5_castespolymorphic"
"OG0000072_00",0.00202089308355374,0.850114557888439,1e-05,"1e-05 to 1",0.000385979408699719,-0.00542573001334268,174,"success","pgls5_castespolymorphic"
"OG0000073_00",-0.0221470607510866,0.113226898491975,1,"1e-05 to 1",0.0201072947797165,0.0144102441679707,174,"success","pgls5_castespolymorphic"
"OG0000074_00",-0.00276271939644928,0.851277240922191,0.755305437275702,"1e-05 to 1",0.000267278884482916,-0.00554512065688617,174,"success","pgls5_castespolymorphic"
"OG0000076_00",0.00712328293794373,0.310104046121969,0.103787247893762,"1e-05 to 1",0.00741084060462069,0.00163997339883359,174,"success","pgls5_castespolymorphic"
"OG0000077_00",0.00276115020910848,0.841683020492416,1,"1e-05 to 1",0.000422090424944269,-0.00538940904932939,174,"success","pgls5_castespolymorphic"
"OG0000080_00",0.026878392987421,0.0565522490921189,1,"1e-05 to 1",0.0381371840786779,0.0325449584047168,174,"success","pgls5_castespolymorphic"
"OG0000080_01",-0.0170867390121224,0.225666279098742,0.929211063435397,"1e-05 to 1",0.0101074432929526,0.00435225400977202,174,"success","pgls5_castespolymorphic"
"OG0000080_02",-0.0297569151429077,0.0482208600842728,0.217276515566433,"1e-05 to 1",0.0255951329304683,0.0199299883544828,174,"success","pgls5_castespolymorphic"
"OG0000083_00",-0.00277854243081906,0.592833984411445,1,"1e-05 to 1",0.00318970973927094,-0.00260569892503559,174,"success","pgls5_castespolymorphic"
"OG0000083_01",-0.0102319489668583,0.316858714905454,1e-05,"1e-05 to 1",0.0112564777467049,0.00550796889639504,174,"success","pgls5_castespolymorphic"
"OG0000084_00",0.0101118675514808,0.506112630764278,1,"1e-05 to 1",0.00323353300493798,-0.00256162087294021,174,"success","pgls5_castespolymorphic"
"OG0000085_00",0.0102399752233257,0.108035905334328,1e-05,"1e-05 to 1",0.015864736797457,0.0101430201509307,174,"success","pgls5_castespolymorphic"
"OG0000086_00",-0.00345135721042191,0.718622534351615,1,"1e-05 to 1",0.00137275479022891,-0.00443321756564186,174,"success","pgls5_castespolymorphic"
"OG0000086_01",0.00822517966938752,0.555774833373015,1,"1e-05 to 1",0.00273987438984818,-0.00305814959625739,174,"success","pgls5_castespolymorphic"
"OG0000086_02",-0.00135730205597444,0.890272404855577,0.608515998882148,"1e-05 to 1",0.000145833735700882,-0.00566727188211469,174,"success","pgls5_castespolymorphic"
"OG0000089_00",0.0147049125844053,0.340678670933061,0.72183196854539,"1e-05 to 1",0.0110774944860371,0.00532794503537459,174,"success","pgls5_castespolymorphic"
"OG0000089_01",-0.0097040606608271,0.338429385713217,1e-05,"1e-05 to 1",0.00599093658958796,0.000211814127899501,174,"success","pgls5_castespolymorphic"
"OG0000091_00",0.00336361563211121,0.883130053576109,0.950105273181741,"1e-05 to 1",0.000190374135480677,-0.00562247252652237,174,"success","pgls5_castespolymorphic"
"OG0000092_00",0.00297922577507934,0.749497982025976,0.282792446400174,"1e-05 to 1",0.00113847691751026,-0.00466885751901591,174,"success","pgls5_castespolymorphic"
"OG0000095_00",0.00595298570824893,0.711677998039876,0.789571105076876,"1e-05 to 1",0.00106251381935736,-0.00474526226308813,174,"success","pgls5_castespolymorphic"
"OG0000096_00",0.012565990805805,0.132954310147288,1,"1e-05 to 1",0.0146001538924278,0.00887108501970935,174,"success","pgls5_castespolymorphic"
"OG0000098_00",-0.0027285004221196,0.782388619715594,1e-05,"1e-05 to 1",0.000475215766269791,-0.00533597483974035,174,"success","pgls5_castespolymorphic"
"OG0000100_00",-0.0132112450200118,0.278646396599879,1e-05,"1e-05 to 1",0.00724097658748728,0.0014691218002052,174,"success","pgls5_castespolymorphic"
"OG0000102_00",0.00946781320727555,0.271089213772572,1,"1e-05 to 1",0.0112038231294644,0.00545500814765898,174,"success","pgls5_castespolymorphic"
"OG0000102_01",-0.0237273026751163,0.169222159124937,1,"1e-05 to 1",0.0118522635366156,0.00610721855717733,174,"success","pgls5_castespolymorphic"
"OG0000103_00",0.00431775675422512,0.639659779586573,0.498437889492815,"1e-05 to 1",0.00152626243439539,-0.00427881743517222,174,"success","pgls5_castespolymorphic"
"OG0000104_00",-0.00746663522130327,0.522837245627,0.848167676996102,"1e-05 to 1",0.00257265080809282,-0.00322634540813915,174,"success","pgls5_castespolymorphic"
"OG0000107_00",0.00704611172590505,0.548563371461042,1e-05,"1e-05 to 1",0.00252238991023439,-0.00327689852052004,174,"success","pgls5_castespolymorphic"
"OG0000109_00",0.0407342781029864,0.00545379360917808,1e-05,"1e-05 to 1",0.0784655335219102,0.0731077749958747,174,"success","pgls5_castespolymorphic"
"OG0000111_00",0.000394872250138896,0.964400106757154,1e-05,"1e-05 to 1",2.00203975663961e-05,-0.00579381669314549,174,"success","pgls5_castespolymorphic"
"OG0000111_01",-0.0028213069275172,0.690776593759339,1e-05,"1e-05 to 1",0.0011337287041315,-0.00467363333828619,174,"success","pgls5_castespolymorphic"
"OG0000112_00",0.0255753460935032,0.00213795367306657,1e-05,"1e-05 to 1",0.0707345062760318,0.0653317999171714,174,"success","pgls5_castespolymorphic"
"OG0000113_00",0.00145195565077465,0.869297920657817,1e-05,"1e-05 to 1",0.000202800579249908,-0.00560997383598694,174,"success","pgls5_castespolymorphic"
"OG0000114_00",0.00225045407898221,0.822414127759139,1,"1e-05 to 1",0.000315771674244176,-0.00549634593230097,174,"success","pgls5_castespolymorphic"
"OG0000117_00",-0.008637949956333,0.353124408388436,1e-05,"1e-05 to 1",0.0071295517098574,0.0013570491035193,174,"success","pgls5_castespolymorphic"
"OG0000118_00",-0.000383031429097299,0.982387558339564,0.774408318099085,"1e-05 to 1",5.10292430955474e-06,-0.00580882089589796,174,"success","pgls5_castespolymorphic"
"OG0000119_00",-0.0232702637454331,0.293827806916829,1,"1e-05 to 1",0.0111252623089794,0.0053759905782178,174,"success","pgls5_castespolymorphic"
"OG0000121_00",-0.0202891333104462,0.296669109078336,0.885059674426449,"1e-05 to 1",0.0104674385704293,0.00471434228304812,174,"success","pgls5_castespolymorphic"
"OG0000124_01",-0.00315234631086167,0.491652122445488,1e-05,"1e-05 to 1",0.00333650736497806,-0.00245804782476045,174,"success","pgls5_castespolymorphic"
"OG0000125_00",0.0238342439023174,0.0485449082805482,1e-05,"1e-05 to 1",0.0239513526763821,0.0182766512384541,174,"success","pgls5_castespolymorphic"
"OG0000126_00",-0.0142206180462654,0.331129276266501,1,"1e-05 to 1",0.0060553539920793,0.000276606050172767,174,"success","pgls5_castespolymorphic"
"OG0000129_00",0.00243765830790019,0.837984723474479,1e-05,"1e-05 to 1",0.000456815171432241,-0.00535448241478043,174,"success","pgls5_castespolymorphic"
"OG0000130_00",0.00337866122970034,0.838331865900598,1,"1e-05 to 1",0.000296233895096052,-0.00551599730318841,174,"success","pgls5_castespolymorphic"
"OG0000133_00",-0.0139815676139505,0.5343540166754,0.885055838633202,"1e-05 to 1",0.00241777886067719,-0.00338211777385378,174,"success","pgls5_castespolymorphic"
"OG0000134_00",0.023238115782915,0.202874058747498,1e-05,"1e-05 to 1",0.0148339091969449,0.00910619936669466,174,"success","pgls5_castespolymorphic"
"OG0000135_00",-0.0031687506350207,0.721544947234558,1e-05,"1e-05 to 1",0.0011283933109521,-0.00467899975119357,174,"success","pgls5_castespolymorphic"
"OG0000136_00",-0.0450709623567033,0.114245239869321,0.69802928438513,"1e-05 to 1",0.0206577192936143,0.0149638688243913,174,"success","pgls5_castespolymorphic"
"OG0000138_00",0.00391961569215462,0.663686227389662,1,"1e-05 to 1",0.0014703197960325,-0.00433508532143234,174,"success","pgls5_castespolymorphic"
"OG0000139_00",0.00707273501774021,0.551189467475885,1,"1e-05 to 1",0.00222441034252339,-0.00357661052757829,174,"success","pgls5_castespolymorphic"
"OG0000139_01",-0.0019648072761448,0.918123889725694,1,"1e-05 to 1",6.97481706487655e-05,-0.00574379980510331,174,"success","pgls5_castespolymorphic"
"OG0000140_00",0.0244593658088748,0.104559122256711,0.619796950140542,"1e-05 to 1",0.0218051607098465,0.0161179814116479,174,"success","pgls5_castespolymorphic"
"OG0000143_00",0.00884365704799378,0.360046558378539,1,"1e-05 to 1",0.0064480240522121,0.000671559075771433,174,"success","pgls5_castespolymorphic"
"OG0000144_00",0.00505009724192904,0.559350820531208,1e-05,"1e-05 to 1",0.0021616448366215,-0.00363974094921193,174,"success","pgls5_castespolymorphic"
"OG0000146_00",0.0168517090463018,0.0504090029653774,1,"1e-05 to 1",0.0237128150588518,0.0180367267743102,174,"success","pgls5_castespolymorphic"
"OG0000151_00",-0.000199274995771064,0.991168522860463,0.730676337774624,"1e-05 to 1",7.87900728816073e-07,-0.00581316100682505,174,"success","pgls5_castespolymorphic"
"OG0000152_00",0.0345108390002679,0.180570260712806,1,"1e-05 to 1",0.0115375179610464,0.00579064306547117,174,"success","pgls5_castespolymorphic"
"OG0000154_00",-0.0412140612995681,0.0429995396938714,0.77728663737176,"1e-05 to 1",0.0253494840765472,0.0196829113095505,174,"success","pgls5_castespolymorphic"
"OG0000156_00",0.00378428280190595,0.605979889909951,1e-05,"1e-05 to 1",0.00169867799068795,-0.0041053994628546,174,"success","pgls5_castespolymorphic"
"OG0000157_00",-0.00886228128954172,0.545900552171106,1e-05,"1e-05 to 1",0.00393501186301567,-0.00185606364940871,174,"success","pgls5_castespolymorphic"
"OG0000161_00",7.85075343800723e-05,0.993629926775273,0.511220039895687,"1e-05 to 1",5.33391549601994e-07,-0.0058134169957087,174,"success","pgls5_castespolymorphic"
"OG0000164_00",0.00332897909112282,0.770988273965486,1e-05,"1e-05 to 1",0.00069142010669366,-0.00511851349733727,174,"success","pgls5_castespolymorphic"
"OG0000168_00",-0.0121382984914557,0.305279882094518,0.746398591135733,"1e-05 to 1",0.00784158034865792,0.00207321744370825,174,"success","pgls5_castespolymorphic"
"OG0000170_00",0.00822295858994492,0.205170521510664,1,"1e-05 to 1",0.0101397891184485,0.00438478789239294,174,"success","pgls5_castespolymorphic"
"OG0000171_00",0.0222711407355303,0.553283731713588,0.700931196262845,"1e-05 to 1",0.00259047338964023,-0.00320841920693171,174,"success","pgls5_castespolymorphic"
"OG0000172_00",-0.0327232057845091,0.0414458910990743,0.959754725769016,"1e-05 to 1",0.0285573361338894,0.0229094136695515,174,"success","pgls5_castespolymorphic"
"OG0000173_01",-0.0104946852279058,0.313481892332191,1e-05,"1e-05 to 1",0.00819247323837016,0.00242615040836069,174,"success","pgls5_castespolymorphic"
"OG0000175_00",-0.00125156095950999,0.917095530910149,0.947642379968586,"1e-05 to 1",7.15175570351818e-05,-0.00574202013158676,174,"success","pgls5_castespolymorphic"
"OG0000176_00",0.0193429487047244,0.0735410757299393,1e-05,"1e-05 to 1",0.0197532501796963,0.0140541411691132,174,"success","pgls5_castespolymorphic"
"OG0000178_00",0.00586473267254781,0.566197407962464,1e-05,"1e-05 to 1",0.00343995067693022,-0.00235400309820388,174,"success","pgls5_castespolymorphic"
"OG0000178_01",-0.0173502918193799,0.14076202670361,1,"1e-05 to 1",0.0162408774749364,0.010521347692814,174,"success","pgls5_castespolymorphic"
"OG0000181_00",0.0113300489351722,0.312237261316447,1,"1e-05 to 1",0.00694627780190084,0.00117270964958638,174,"success","pgls5_castespolymorphic"
"OG0000182_00",-0.0137596106745618,0.305449847310803,1,"1e-05 to 1",0.0103956476980257,0.00464213402185143,174,"success","pgls5_castespolymorphic"
"OG0000182_01",-0.0463442884999831,0.00629009493434696,1,"1e-05 to 1",0.0454466416890411,0.0398969128616518,174,"success","pgls5_castespolymorphic"
"OG0000186_00",-0.00964654567188976,0.379290183296642,0.785201764307708,"1e-05 to 1",0.00526252468923008,-0.000520832725367404,174,"success","pgls5_castespolymorphic"
"OG0000190_00",-0.00182845401318231,0.861699965087286,1,"1e-05 to 1",0.000192674606337053,-0.00562015868083532,174,"success","pgls5_castespolymorphic"
"OG0000194_00",-0.000183377352905211,0.992122717837395,1,"1e-05 to 1",6.07308718003899e-07,-0.00581334264878941,174,"success","pgls5_castespolymorphic"
"OG0000198_00",-0.010982847812765,0.23587930282079,1e-05,"1e-05 to 1",0.0114041569953997,0.00565650674537288,174,"success","pgls5_castespolymorphic"
"OG0000199_00",0.0205135565178112,0.181399150522992,1e-05,"1e-05 to 1",0.0179694529270438,0.0122599730022011,174,"success","pgls5_castespolymorphic"
"OG0000200_00",-0.0182443221362028,0.324068678666814,0.795980603901341,"1e-05 to 1",0.00648355779641409,0.000707299411509488,174,"success","pgls5_castespolymorphic"
"OG0000201_00",-0.00401948126699691,0.411180071846415,1e-05,"1e-05 to 1",0.00532474191093195,-0.000458253775632578,174,"success","pgls5_castespolymorphic"
"OG0000202_00",0.00446298380175677,0.682249069022448,1,"1e-05 to 1",0.00105688092179992,-0.00475092791005016,174,"success","pgls5_castespolymorphic"
"OG0000210_00",-0.00819473999334229,0.570639255976545,0.952908459571152,"1e-05 to 1",0.00220795044561678,-0.0035931661215598,174,"success","pgls5_castespolymorphic"
"OG0000211_00",0.0148631468266129,0.247159960112206,1e-05,"1e-05 to 1",0.00962323975893835,0.00386523533893213,174,"success","pgls5_castespolymorphic"
"OG0000212_00",0.00622149533669225,0.698135925748578,0.257757410479008,"1e-05 to 1",0.00152590341313219,-0.00427917854376836,174,"success","pgls5_castespolymorphic"
"OG0000212_01",0.0119384752346442,0.403893251011674,1,"1e-05 to 1",0.00484328060755348,-0.000942514272635142,174,"success","pgls5_castespolymorphic"
"OG0000213_00",0.00622129838123052,0.787515270186459,0.192759364187302,"1e-05 to 1",0.000452549757639881,-0.00535877262748996,174,"success","pgls5_castespolymorphic"
"OG0000214_00",-0.00490360140939991,0.611958113223441,1,"1e-05 to 1",0.00215107995391876,-0.0036503672556516,174,"success","pgls5_castespolymorphic"
"OG0000214_01",0.0086493979295845,0.560983755565198,1e-05,"1e-05 to 1",0.00214374255276575,-0.00365774731611346,174,"success","pgls5_castespolymorphic"
"OG0000215_00",-0.0312407702060647,0.134967684781819,1e-05,"1e-05 to 1",0.0224285624129777,0.0167450075432857,174,"success","pgls5_castespolymorphic"
"OG0000216_00",0.0120085569181835,0.416764856957545,0.968247019094019,"1e-05 to 1",0.00415170964551504,-0.00163810599608083,174,"success","pgls5_castespolymorphic"
"OG0000217_00",-0.0277016137098997,0.0584934926961647,0.827699740293764,"1e-05 to 1",0.0229022868359704,0.01722148617804,174,"success","pgls5_castespolymorphic"
"OG0000219_00",0.00176297645673999,0.872043161311671,0.405919348300422,"1e-05 to 1",0.000187284792856136,-0.00562557983044121,174,"success","pgls5_castespolymorphic"
"OG0000222_00",-0.0250865834241117,0.247662282703862,0.546188296197355,"1e-05 to 1",0.0083438864453207,0.00257844392465401,174,"success","pgls5_castespolymorphic"
"OG0000223_00",0.00782543099633067,0.707246317360912,0.679528807823537,"1e-05 to 1",0.000982388981582966,-0.0048258529429428,174,"success","pgls5_castespolymorphic"
"OG0000224_00",0.0222921095142642,0.289898849652908,0.945927124701818,"1e-05 to 1",0.0110831197694085,0.00533360302388186,174,"success","pgls5_castespolymorphic"
"OG0000225_00",0.0251859271267079,0.282394440354752,1e-05,"1e-05 to 1",0.0102186712660841,0.00446412865716594,174,"success","pgls5_castespolymorphic"
"OG0000226_00",0.00541820094805513,0.469916363685526,1e-05,"1e-05 to 1",0.00411930141833168,-0.00167070264318969,174,"success","pgls5_castespolymorphic"
"OG0000226_01",-0.00474863138473004,0.579134428338643,1e-05,"1e-05 to 1",0.00196378381789998,-0.00383875232269371,174,"success","pgls5_castespolymorphic"
"OG0000229_00",-0.00137176952368479,0.667587240033798,1,"1e-05 to 1",0.00174667352115267,-0.0040571248886081,174,"success","pgls5_castespolymorphic"
"OG0000229_01",0.00301425550875498,0.847527556688705,0.903752187704683,"1e-05 to 1",0.000334504412720137,-0.00547750428255478,174,"success","pgls5_castespolymorphic"
"OG0000231_00",0.003266591688511,0.798645127129829,0.621359847846881,"1e-05 to 1",0.000610853392248754,-0.00519954862291261,174,"success","pgls5_castespolymorphic"
"OG0000233_00",0.0151800739144072,0.12415371467714,1e-05,"1e-05 to 1",0.0178172468039934,0.0121068819598306,174,"success","pgls5_castespolymorphic"
"OG0000233_01",0.00935229297401346,0.547853365616087,1,"1e-05 to 1",0.0022477808006801,-0.00355310419466481,174,"success","pgls5_castespolymorphic"
"OG0000234_00",NA,NA,NA,"None",NA,NA,NA,"fail",NA
"OG0000234_01",0.000180853666689397,0.977553877805153,1,"1e-05 to 1",6.01986726500281e-06,-0.0058078986218788,174,"success","pgls5_castespolymorphic"
"OG0000238_00",0.0122012727552973,0.290804028683573,1,"1e-05 to 1",0.00878241919878044,0.00301952628714552,174,"success","pgls5_castespolymorphic"
"OG0000238_01",-0.0194668513509603,0.229173047080302,0.876799841239511,"1e-05 to 1",0.00988874614631573,0.00413228536809662,174,"success","pgls5_castespolymorphic"
"OG0000239_00",0.0286253908761695,0.0180751462369182,1e-05,"1e-05 to 1",0.0435546887012632,0.0379939601472008,174,"success","pgls5_castespolymorphic"
"OG0000239_01",0.0395457670206349,0.22080514379203,0.921498388700476,"1e-05 to 1",0.00941358041537647,0.00365435704569839,174,"success","pgls5_castespolymorphic"
"OG0000241_00",-0.0142223882418881,0.369987136017341,0.875172506353678,"1e-05 to 1",0.00582804853767843,4.79790524323676e-05,174,"success","pgls5_castespolymorphic"
"OG0000242_00",-0.00180201126505529,0.947560755609544,0.565391856640479,"1e-05 to 1",4.39144441435536e-05,-0.00576978372769288,174,"success","pgls5_castespolymorphic"
"OG0000242_01",0.00835584178718938,0.709480401716589,0.797661901317914,"1e-05 to 1",0.00088085476535351,-0.00492797747438289,174,"success","pgls5_castespolymorphic"
"OG0000243_00",0.0156131161969593,0.298890001967612,1e-05,"1e-05 to 1",0.00954636893195929,0.00378791758854036,174,"success","pgls5_castespolymorphic"
"OG0000244_00",-0.00308606132301999,0.787130335613109,1e-05,"1e-05 to 1",0.000653779471099879,-0.00515637297383553,174,"success","pgls5_castespolymorphic"
"OG0000244_01",-0.0420073061188428,0.0418992392240509,0.845570720000934,"1e-05 to 1",0.0349056730699948,0.029294659541332,174,"success","pgls5_castespolymorphic"
"OG0000246_00",0.010217568042281,0.473496646316719,1,"1e-05 to 1",0.00332004986205094,-0.00247460101084429,174,"success","pgls5_castespolymorphic"
"OG0000248_00",0.0306485545526889,0.188749284894144,0.804212099195452,"1e-05 to 1",0.0114876072139843,0.00574044213964697,174,"success","pgls5_castespolymorphic"
"OG0000253_00",0.0208020345577894,0.0189442984126094,1e-05,"1e-05 to 1",0.0518120982462963,0.0462993778872631,174,"success","pgls5_castespolymorphic"
"OG0000253_01",-0.0115740854794799,0.436458538301345,1e-05,"1e-05 to 1",0.00518453035071769,-0.000599280519336443,174,"success","pgls5_castespolymorphic"
"OG0000254_00",-0.00399621398252747,0.737758211813429,0.564596603446357,"1e-05 to 1",0.00121121286664513,-0.00459569868645571,174,"success","pgls5_castespolymorphic"
"OG0000254_01",-0.00144944314281141,0.817989549061675,1,"1e-05 to 1",0.000521636083979283,-0.00528928463646272,174,"success","pgls5_castespolymorphic"
"OG0000256_00",-0.0266543534555593,0.207021490143272,0.978174855094212,"1e-05 to 1",0.0126060433733692,0.00686538083484234,174,"success","pgls5_castespolymorphic"
"OG0000256_01",2.99699873101993e-05,0.997527095694291,1,"1e-05 to 1",5.94786729306536e-08,-0.00581389366389296,174,"success","pgls5_castespolymorphic"
"OG0000257_00",0.00984950053853891,0.543207425353085,1,"1e-05 to 1",0.00336986259130047,-0.00242449867270356,174,"success","pgls5_castespolymorphic"
"OG0000259_00",-0.0218078229943139,0.375187122873288,0.578906059089805,"1e-05 to 1",0.00779434289409206,0.00202570535277868,174,"success","pgls5_castespolymorphic"
"OG0000259_01",0.00547079985206135,0.511384800128718,1,"1e-05 to 1",0.00324926803932077,-0.00254579435579938,174,"success","pgls5_castespolymorphic"
"OG0000262_00",0.00543888832602644,0.640716902721721,0.169172263298546,"1e-05 to 1",0.00142720705508085,-0.00437844871785487,174,"success","pgls5_castespolymorphic"
"OG0000263_00",-0.00926707210098508,0.353510094795059,1e-05,"1e-05 to 1",0.00566581054462537,-0.00011520218476635,174,"success","pgls5_castespolymorphic"
"OG0000265_00",0.0339943808699375,0.0975475830729562,0.752764156275592,"1e-05 to 1",0.0216361840885692,0.0159480223681538,174,"success","pgls5_castespolymorphic"
"OG0000265_01",-0.00101893614374151,0.856228101572027,1e-05,"1e-05 to 1",0.000205779414885077,-0.00560697768153995,174,"success","pgls5_castespolymorphic"
"OG0000266_00",-0.00393858586223595,0.717781048740021,1,"1e-05 to 1",0.00110173447584774,-0.00470581357952526,174,"success","pgls5_castespolymorphic"
"OG0000268_00",-0.00167358097405842,0.92622577317888,1,"1e-05 to 1",5.73473816347508e-05,-0.00575627269172774,174,"success","pgls5_castespolymorphic"
"OG0000270_00",0.0184714328978218,0.144797190021208,1e-05,"1e-05 to 1",0.014028266327898,0.00829587252747876,174,"success","pgls5_castespolymorphic"
"OG0000271_00",-0.00536307031189544,0.328073562675138,1e-05,"1e-05 to 1",0.00621176883972517,0.000433930286467876,174,"success","pgls5_castespolymorphic"
"OG0000272_00",0.0135994432095867,0.224689396373875,1e-05,"1e-05 to 1",0.0122601877428593,0.00651751441578297,174,"success","pgls5_castespolymorphic"
"OG0000273_00",-0.0098358573494267,0.332832536397973,0.859941649803161,"1e-05 to 1",0.00613089218589724,0.000352583419536145,174,"success","pgls5_castespolymorphic"
"OG0000274_00",0.00110288814693212,0.913465696432754,0.816307707655639,"1e-05 to 1",7.74311358709695e-05,-0.00573607217147853,174,"success","pgls5_castespolymorphic"
"OG0000275_00",0.00281080693137014,0.767832553519679,1e-05,"1e-05 to 1",0.000711166595711762,-0.00509865220315042,174,"success","pgls5_castespolymorphic"
"OG0000277_00",0.00957063101064344,0.607892014509148,0.657029851687898,"1e-05 to 1",0.00172476960585785,-0.00407915615224752,174,"success","pgls5_castespolymorphic"
"OG0000278_00",0.0185747931105897,0.125340741936397,1e-05,"1e-05 to 1",0.0183997579357858,0.0126927797842497,174,"success","pgls5_castespolymorphic"
"OG0000279_00",-0.0296576694060214,0.238243283423604,0.414960676305543,"1e-05 to 1",0.00944958633468328,0.00369057230174541,174,"success","pgls5_castespolymorphic"
"OG0000280_00",-0.00672273389959245,0.476242290987751,1e-05,"1e-05 to 1",0.00434632432376228,-0.00144235983714602,174,"success","pgls5_castespolymorphic"
"OG0000281_00",0.0166543311620823,0.310499738065716,0.820627630805398,"1e-05 to 1",0.00816202953101828,0.00239552970271018,174,"success","pgls5_castespolymorphic"
"OG0000281_01",-0.0279315253118622,0.0617548054034196,1e-05,"1e-05 to 1",0.0261876078806658,0.0205259079264836,174,"success","pgls5_castespolymorphic"
"OG0000284_00",0.00777540375865175,0.463751794889939,1e-05,"1e-05 to 1",0.00353710215119952,-0.00225628678978196,174,"success","pgls5_castespolymorphic"
"OG0000286_00",0.00619219493824739,0.760073314911917,1e-05,"1e-05 to 1",0.000965941578769619,-0.00484239597019109,174,"success","pgls5_castespolymorphic"
"OG0000287_00",-0.00179397730366888,0.909933126293483,0.700825864188886,"1e-05 to 1",8.1245740254137e-05,-0.0057322353891629,174,"success","pgls5_castespolymorphic"
"OG0000290_00",-0.00967473819783258,0.269905028712419,0.744334447339027,"1e-05 to 1",0.00921369621850698,0.00345331073140531,174,"success","pgls5_castespolymorphic"
"OG0000290_01",0.00416083511235514,0.83916297870004,1,"1e-05 to 1",0.000297386910536741,-0.0055148375841696,174,"success","pgls5_castespolymorphic"
"OG0000292_00",-0.0155209331904691,0.264315102218679,0.376001246589987,"1e-05 to 1",0.00798087706161568,0.00221332402127628,174,"success","pgls5_castespolymorphic"
"OG0000293_01",0.00140108380125162,0.846297922952591,1e-05,"1e-05 to 1",0.000381399947687313,-0.00543033609912835,174,"success","pgls5_castespolymorphic"
"OG0000295_00",-0.00188489455619337,0.675074143672714,1,"1e-05 to 1",0.00189788469959115,-0.00390503457541125,174,"success","pgls5_castespolymorphic"
"OG0000295_01",-0.0036437859022869,0.765850833968967,0.830722478408164,"1e-05 to 1",0.000585229539293841,-0.0052253214517568,174,"success","pgls5_castespolymorphic"
"OG0000296_00",0.0139666821553852,0.193509587922709,1e-05,"1e-05 to 1",0.0106770678552051,0.00492519034273531,174,"success","pgls5_castespolymorphic"
"OG0000297_00",0.0197856843426656,0.484047100261172,1,"1e-05 to 1",0.00533786658032098,-0.000445052800025936,174,"success","pgls5_castespolymorphic"
"OG0000297_01",0.00272235572281965,0.864323865547237,1,"1e-05 to 1",0.000192703001484563,-0.00562013012059981,174,"success","pgls5_castespolymorphic"
"OG0000299_00",-0.0143625353574268,0.528086340706266,1,"1e-05 to 1",0.00249262717756601,-0.0033068342923317,174,"success","pgls5_castespolymorphic"
"OG0000300_00",0.015605561700895,0.541811778298595,0.894512579043239,"1e-05 to 1",0.00236032140854705,-0.00343990928093807,174,"success","pgls5_castespolymorphic"
"OG0000301_00",-0.00219057159429078,0.84589461195999,1e-05,"1e-05 to 1",0.000298573686594932,-0.00551364390825038,174,"success","pgls5_castespolymorphic"
"OG0000301_01",0.00454831889896989,0.786021790405589,0.802003040749125,"1e-05 to 1",0.000568956930781325,-0.00524168866845831,174,"success","pgls5_castespolymorphic"
"OG0000302_00",0.00687506131013031,0.784724142550592,0.748965355377181,"1e-05 to 1",0.00046481616765729,-0.0053464349011354,174,"success","pgls5_castespolymorphic"
"OG0000304_00",0.0703143178966012,0.00972557311520816,1,"1e-05 to 1",0.0656086727087327,0.0601761649919229,174,"success","pgls5_castespolymorphic"
"OG0000304_01",0.0202016338988835,0.280999998643865,0.918263178006259,"1e-05 to 1",0.00879934946235256,0.00303655498248268,174,"success","pgls5_castespolymorphic"
"OG0000305_01",0.0468386614221982,0.104439002078692,0.951592213767489,"1e-05 to 1",0.0244506728188036,0.0187788744049595,174,"success","pgls5_castespolymorphic"
"OG0000307_00",0.00299962358894238,0.738213635675972,1,"1e-05 to 1",0.00129050761601575,-0.00451594292110036,174,"success","pgls5_castespolymorphic"
"OG0000307_01",0.00368474820969671,0.852583448560106,1,"1e-05 to 1",0.000298915630312569,-0.00551329997648797,174,"success","pgls5_castespolymorphic"
"OG0000310_00",-0.00332363945115569,0.707459044413466,0.763338839229726,"1e-05 to 1",0.00103116922695917,-0.00477678909148871,174,"success","pgls5_castespolymorphic"
"OG0000311_00",0.00549458583692019,0.802471479346979,0.876318925686131,"1e-05 to 1",0.000399757858572616,-0.00541187145620325,174,"success","pgls5_castespolymorphic"
"OG0000313_00",0.0378943884858154,0.108520616147769,1e-05,"1e-05 to 1",0.0209751952591449,0.015283190580419,174,"success","pgls5_castespolymorphic"
"OG0000314_00",0.000554146943402238,0.979816588291013,1,"1e-05 to 1",4.90441171009237e-06,-0.00580902056264043,174,"success","pgls5_castespolymorphic"
"OG0000317_00",-0.00267867469180345,0.710787198752652,1,"1e-05 to 1",0.00093170887284355,-0.00487682770347697,174,"success","pgls5_castespolymorphic"
"OG0000318_00",0.020039885674075,0.423253396230367,0.805026835737325,"1e-05 to 1",0.00396278021039668,-0.00182813385814762,174,"success","pgls5_castespolymorphic"
"OG0000323_00",-0.0325595387327942,0.0878440598852304,0.873054444580097,"1e-05 to 1",0.0277560979464614,0.0221035171205688,174,"success","pgls5_castespolymorphic"
"OG0000323_01",-0.0198105058135842,0.260012020924332,0.908557723439516,"0.001 to 1",0.00817792117365581,0.00241151373861881,174,"success","pgls5_castespolymorphic"
"OG0000325_00",-0.0138236099629378,0.497661987106275,0.845769856285812,"1e-05 to 1",0.00362908681743193,-0.00216376732897849,174,"success","pgls5_castespolymorphic"
"OG0000328_00",0.00516655328254586,0.849668484146993,1,"1e-05 to 1",0.000435363232028108,-0.00537605907476246,174,"success","pgls5_castespolymorphic"
"OG0000329_00",-0.024117309823678,0.182429530006141,1,"1e-05 to 1",0.0180674361610895,0.0123585259062122,174,"success","pgls5_castespolymorphic"
"OG0000329_01",-0.0135896529058109,0.625782515177626,0.496275654664756,"1e-05 to 1",0.00157896549047813,-0.00422580796597272,174,"success","pgls5_castespolymorphic"
"OG0000334_00",-0.0147836051051429,0.257067082472375,0.458056646548109,"1e-05 to 1",0.0125750545374841,0.00683421183130672,174,"success","pgls5_castespolymorphic"
"OG0000335_00",0.0376159418384828,0.0819308521020317,1,"1e-05 to 1",0.0373482931248448,0.0317514808755707,174,"success","pgls5_castespolymorphic"
"OG0000335_01",0.000930068439053996,0.965942939311236,1,"1e-05 to 1",1.16487411698578e-05,-0.00580223702196281,174,"success","pgls5_castespolymorphic"
"OG0000336_00",0.000436358136930656,0.974629891337645,1,"1e-05 to 1",8.39302126998492e-06,-0.00580551167046672,174,"success","pgls5_castespolymorphic"
"OG0000337_00",0.00487614711386124,0.748069721841921,1,"1e-05 to 1",0.00065063794388406,-0.00515953276574455,174,"success","pgls5_castespolymorphic"
"OG0000339_00",0.018243760750147,0.0203208954066985,0.506227572940126,"1e-05 to 1",0.0338177506892795,0.0282004120304963,174,"success","pgls5_castespolymorphic"
"OG0000340_00",0.0367032212475582,0.0583812303312317,1,"1e-05 to 1",0.0290568758543453,0.0234118576907077,174,"success","pgls5_castespolymorphic"
"OG0000340_01",-0.0176239499034076,0.341249228063886,1,"1e-05 to 1",0.00730696230739962,0.00153549115802398,174,"success","pgls5_castespolymorphic"
"OG0000341_00",-0.00910089880014452,0.587828610871142,1,"1e-05 to 1",0.00247579284785407,-0.00332376649605393,174,"success","pgls5_castespolymorphic"
"OG0000342_00",0.0449536136982352,0.0203360245471527,0.961031948632515,"1e-05 to 1",0.0353644308191252,0.0297560844866783,174,"success","pgls5_castespolymorphic"
"OG0000343_00",0.0454224558179561,0.0149401212024507,0.178913363793613,"1e-05 to 1",0.0421645352908738,0.0365957244495416,174,"success","pgls5_castespolymorphic"
"OG0000345_00",0.00382456773855726,0.771088282362669,0.353014341559004,"1e-05 to 1",0.000914733842378239,-0.0048939014259799,174,"success","pgls5_castespolymorphic"
"OG0000345_01",0.00108809545856329,0.952328335759849,1,"1e-05 to 1",2.25486968513459e-05,-0.00579127369444588,174,"success","pgls5_castespolymorphic"
"OG0000347_00",0.00555066187369011,0.724264985343399,0.860155714717679,"1e-05 to 1",0.000991076507309904,-0.00481711490834513,174,"success","pgls5_castespolymorphic"
"OG0000347_01",-0.000735663149713371,0.919717536561231,1,"1e-05 to 1",7.96709550580418e-05,-0.0057338193300871,174,"success","pgls5_castespolymorphic"
"OG0000348_00",0.0103872552602619,0.555709028830959,0.493990213473793,"1e-05 to 1",0.00227404216163433,-0.00352669015137952,174,"success","pgls5_castespolymorphic"
"OG0000349_00",-0.000846042276803073,0.809460823627423,1,"1e-05 to 1",0.000459492766736023,-0.00535178925206181,174,"success","pgls5_castespolymorphic"
"OG0000350_00",-0.00472057920765845,0.630367188129968,1e-05,"1e-05 to 1",0.00205620036496772,-0.00374579847011969,174,"success","pgls5_castespolymorphic"
"OG0000351_00",0.0185418949885844,0.223329042929181,0.592518952780324,"1e-05 to 1",0.00919633060210699,0.00343584415211928,174,"success","pgls5_castespolymorphic"
"OG0000358_00",-0.00331950210364486,0.860337466075335,0.843632510504622,"1e-05 to 1",0.000202971753799067,-0.00560980166623715,174,"success","pgls5_castespolymorphic"
"OG0000359_00",-0.0467602043357487,0.00245763148055556,1,"1e-05 to 1",0.0558807050102204,0.0503916393416751,174,"success","pgls5_castespolymorphic"
"OG0000361_00",-0.00947165180232103,0.638975521840133,1,"1e-05 to 1",0.00227803712543481,-0.00352267196104505,174,"success","pgls5_castespolymorphic"
"OG0000363_00",-0.00566700020906831,0.590739864763051,1e-05,"1e-05 to 1",0.00216385838823431,-0.00363751452811334,174,"success","pgls5_castespolymorphic"
"OG0000365_00",0.00760021119695063,0.680736796298636,0.217738237890392,"1e-05 to 1",0.00113939484105515,-0.00466793425870615,174,"success","pgls5_castespolymorphic"
"OG0000367_00",-0.00918349195343221,0.437035049371847,1,"1e-05 to 1",0.00458299970704158,-0.00120430843419661,174,"success","pgls5_castespolymorphic"
"OG0000371_00",0.0017921499156186,0.818187482935232,1,"1e-05 to 1",0.000392807473253356,-0.0054188622507394,174,"success","pgls5_castespolymorphic"
"OG0000372_00",-0.0642030296821184,0.0529628409462619,1,"1e-05 to 1",0.04097978500051,0.0354040860760942,174,"success","pgls5_castespolymorphic"
"OG0000373_00",0.022420103096581,0.33806332408136,0.221497889765925,"1e-05 to 1",0.00758726557921758,0.00181742410002705,174,"success","pgls5_castespolymorphic"
"OG0000373_01",-0.0141583137300236,0.167410706894474,1e-05,"1e-05 to 1",0.0154383799675364,0.00971418450223138,174,"success","pgls5_castespolymorphic"
"OG0000374_00",0.00182527301602082,0.788807176619093,1e-05,"1e-05 to 1",0.000452569797844478,-0.00535875247077278,174,"success","pgls5_castespolymorphic"
"OG0000375_00",0.0139161242353701,0.231767322969753,1,"1e-05 to 1",0.0100548970917726,0.00429940230742232,174,"success","pgls5_castespolymorphic"
"OG0000377_00",0.0129763901361138,0.288554460585219,1e-05,"1e-05 to 1",0.0130870268573997,0.00734916073447767,174,"success","pgls5_castespolymorphic"
"OG0000378_00",0.0123986577515569,0.292888093725406,1,"1e-05 to 1",0.00857228061784047,0.00280816597026978,174,"success","pgls5_castespolymorphic"
"OG0000379_00",-0.00192836298837201,0.89148037866858,0.894492644103365,"1e-05 to 1",0.000119693070377835,-0.00569356452805025,174,"success","pgls5_castespolymorphic"
"OG0000380_00",-0.0143746967599411,0.301317139867281,1e-05,"1e-05 to 1",0.00676021098664269,0.000985561050518502,174,"success","pgls5_castespolymorphic"
"OG0000383_00",-0.00512877907290885,0.642205161052739,1e-05,"1e-05 to 1",0.00169164950028711,-0.00411246881657168,174,"success","pgls5_castespolymorphic"
"OG0000384_00",0.00184363027438553,0.885392947889705,0.788569286474498,"1e-05 to 1",0.000140838309653766,-0.0056722963513367,174,"success","pgls5_castespolymorphic"
"OG0000385_00",-0.0129218039484692,0.411978954172172,0.823104148875135,"1e-05 to 1",0.00853743426054256,0.00277311701787131,174,"success","pgls5_castespolymorphic"
"OG0000386_00",-0.000154364927343344,0.99235262855098,0.735025898786333,"1e-05 to 1",6.27071779416452e-07,-0.00581332277082658,174,"success","pgls5_castespolymorphic"
"OG0000387_00",-0.0104410101704768,0.536298917559126,1,"1e-05 to 1",0.00333450182298234,-0.00246006502688401,174,"success","pgls5_castespolymorphic"
"OG0000388_00",0.0185617296124425,0.428760280543626,0.829711523843505,"1e-05 to 1",0.00412463906944013,-0.00166533395922586,174,"success","pgls5_castespolymorphic"
"OG0000390_00",-1.71776717547262e-05,0.994483248489004,1,"1e-05 to 1",3.9025983203532e-07,-0.00581356095958774,174,"success","pgls5_castespolymorphic"
"OG0000391_00",0.051094977526351,0.0066279785944594,0.822579943786782,"1e-05 to 1",0.0465884534519061,0.0410453630649985,174,"success","pgls5_castespolymorphic"
"OG0000392_00",0.00671357622531789,0.120239652361437,1,"1e-05 to 1",0.0150219219781939,0.00929530524550881,174,"success","pgls5_castespolymorphic"
"OG0000394_00",-0.0011148176242797,0.884721710400918,1,"1e-05 to 1",0.000148546471158394,-0.0056645433749396,174,"success","pgls5_castespolymorphic"
"OG0000396_00",-0.000273653086583454,0.948125513938419,1,"1e-05 to 1",2.99139969771475e-05,-0.00578386557280797,174,"success","pgls5_castespolymorphic"
"OG0000397_00",-0.00267174086264498,0.817242630299793,0.848723918728883,"1e-05 to 1",0.000364463343103516,-0.00544737117234373,174,"success","pgls5_castespolymorphic"
"OG0000398_00",-0.0182116060005936,0.305649003918382,1,"1e-05 to 1",0.00749417816001411,0.00172379547489798,174,"success","pgls5_castespolymorphic"
"OG0000399_00",0.00679225721005865,0.181648297558666,1e-05,"1e-05 to 1",0.0110541679097758,0.00530448283948393,174,"success","pgls5_castespolymorphic"
"OG0000400_00",-0.0042170652258977,0.712795386093845,0.441015568517719,"1e-05 to 1",0.000843881526759338,-0.00496516567366645,174,"success","pgls5_castespolymorphic"
"OG0000402_00",-0.000476928452335392,0.937749802163515,1,"1e-05 to 1",3.92231800859171e-05,-0.00577450226654164,174,"success","pgls5_castespolymorphic"
"OG0000403_00",-0.0247262348425831,0.107905756466197,1,"1e-05 to 1",0.0158763662908385,0.0101547172576457,174,"success","pgls5_castespolymorphic"
"OG0000404_00",0.0158927180116448,0.272822605308554,0.831486141955328,"1e-05 to 1",0.0123835887333037,0.00664163285384611,174,"success","pgls5_castespolymorphic"
"OG0000409_00",0.00611334629903977,0.709484371210188,0.696290000387014,"1e-05 to 1",0.000892153381244771,-0.00491661316886427,174,"success","pgls5_castespolymorphic"
"OG0000411_00",-0.00261122943570986,0.874410308283757,1,"1e-05 to 1",0.000183005071189862,-0.0056298844342102,174,"success","pgls5_castespolymorphic"
"OG0000413_00",-0.0167128006398405,0.662192907769551,0.770094965597191,"1e-05 to 1",0.00191643426101622,-0.00388637716769868,174,"success","pgls5_castespolymorphic"
"OG0000414_00",-0.000233897531298449,0.988868983159915,0.505938217241969,"1e-05 to 1",1.24365781690013e-06,-0.00581270259998656,174,"success","pgls5_castespolymorphic"
"OG0000415_00",0.0292243656596776,0.139593654686248,0.934013623672682,"1e-05 to 1",0.013589663144679,0.00785471932575266,174,"success","pgls5_castespolymorphic"
"OG0000416_00",0.0325146922478905,0.441758426604483,0.779359923221794,"1e-05 to 1",0.00651679150870608,0.000740726343059106,174,"success","pgls5_castespolymorphic"
"OG0000417_00",0.0156854118348407,0.0786283865012156,1e-05,"1e-05 to 1",0.020208806386752,0.014512345958768,174,"success","pgls5_castespolymorphic"
"OG0000418_00",-0.00353465869986453,0.897534207770584,1,"1e-05 to 1",0.000116367823379593,-0.00569690910787979,174,"success","pgls5_castespolymorphic"
"OG0000420_00",-0.029168302920856,0.0624464023260058,1e-05,"1e-05 to 1",0.0222164868385926,0.0165316989713752,174,"success","pgls5_castespolymorphic"
"OG0000423_00",-0.00177806423564044,0.927425268264984,0.71394537221727,"1e-05 to 1",5.20136103829829e-05,-0.00576163747327763,174,"success","pgls5_castespolymorphic"
"OG0000426_00",-0.00372345564824449,0.839127553464729,0.298196044281446,"1e-05 to 1",0.000256743871301204,-0.00555571692014456,174,"success","pgls5_castespolymorphic"
"OG0000428_00",-0.00891869378818084,0.50834684622815,0.639492425099856,"1e-05 to 1",0.00279140621186759,-0.00300631817062147,174,"success","pgls5_castespolymorphic"
"OG0000429_00",-0.00841184369954782,0.366372916295195,1e-05,"1e-05 to 1",0.00642921674339174,0.000652642422132366,174,"success","pgls5_castespolymorphic"
"OG0000431_00",-0.058028834467231,0.0256873714452905,0.716945497684235,"1e-05 to 1",0.0309119849983343,0.0252777523529759,174,"success","pgls5_castespolymorphic"
"OG0000432_00",0.0363392632001327,0.000871831836794179,0.857696948579495,"1e-05 to 1",0.0753256934412013,0.0699496800309758,174,"success","pgls5_castespolymorphic"
"OG0000433_00",-0.0134329407740412,0.377789070837967,0.915025209637599,"1e-05 to 1",0.00480500894096817,-0.000981008448910137,174,"success","pgls5_castespolymorphic"
"OG0000436_00",-0.0210906892572432,0.227736773665885,0.54707438389939,"1e-05 to 1",0.012849352537005,0.00711010458663874,174,"success","pgls5_castespolymorphic"
"OG0000437_00",-0.0129217603862968,0.54322233819717,1,"1e-05 to 1",0.0023588618334571,-0.00344137734192973,174,"success","pgls5_castespolymorphic"
"OG0000438_00",-0.00888633942085239,0.498957850271256,1,"1e-05 to 1",0.00375546446123724,-0.00203665493143013,174,"success","pgls5_castespolymorphic"
"OG0000439_00",0.0398142529137011,0.00121063593377402,1e-05,"1e-05 to 1",0.066375149581532,0.0609470981256106,174,"success","pgls5_castespolymorphic"
"OG0000440_00",-0.000281722935399765,0.907949641306987,1,"1e-05 to 1",8.70913259519306e-05,-0.0057263558175018,174,"success","pgls5_castespolymorphic"
"OG0000441_00",0.0280248440915925,0.0762744943108449,1,"1e-05 to 1",0.0196313539514063,0.0139315362418215,174,"success","pgls5_castespolymorphic"
"OG0000442_00",0.0304176833565048,0.0886871888299672,0.406515383661215,"1e-05 to 1",0.0197205423237964,0.0140212431512603,174,"success","pgls5_castespolymorphic"
"OG0000443_00",-0.000553860245303983,0.955710002815463,1e-05,"1e-05 to 1",2.47741848324091e-05,-0.00578903526758134,174,"success","pgls5_castespolymorphic"
"OG0000446_00",0.0347265984779572,0.0139119690233134,1,"1e-05 to 1",0.0372157752548805,0.031618192552874,174,"success","pgls5_castespolymorphic"
"OG0000449_00",-0.0122483010273581,0.42840771056362,1,"1e-05 to 1",0.0040508814798204,-0.00173952037204117,174,"success","pgls5_castespolymorphic"
"OG0000451_00",-0.00520611092561629,0.534214372804755,1e-05,"1e-05 to 1",0.0045618830986504,-0.00122554781356676,174,"success","pgls5_castespolymorphic"
"OG0000452_00",-0.00194892317662962,0.735325915210642,1,"1e-05 to 1",0.000940104601857281,-0.00486838316208549,174,"success","pgls5_castespolymorphic"
"OG0000455_00",-0.00616296529581568,0.716480330661269,1e-05,"1e-05 to 1",0.00085328856342814,-0.00495570394492395,174,"success","pgls5_castespolymorphic"
"OG0000456_00",-0.0025671856924027,0.504402886091425,1,"1e-05 to 1",0.0053229259696868,-0.0004600802746757,174,"success","pgls5_castespolymorphic"
"OG0000456_01",0.0160700105331528,0.0316316530413878,1,"1e-05 to 1",0.049749375147995,0.044224662212809,174,"success","pgls5_castespolymorphic"
"OG0000462_00",0.000829395657828153,0.95929854415637,1,"1e-05 to 1",2.01112635372181e-05,-0.00579372529888422,174,"success","pgls5_castespolymorphic"
"OG0000463_00",0.0110231047718635,0.0290955907602215,1e-05,"1e-05 to 1",0.0333244067607218,0.0277041998232842,174,"success","pgls5_castespolymorphic"
"OG0000464_00",0.00396951687435931,0.521203031337695,1e-05,"1e-05 to 1",0.00273054760450764,-0.00306753060709397,174,"success","pgls5_castespolymorphic"
"OG0000465_00",-0.00312831200983626,0.820159268202207,1e-05,"1e-05 to 1",0.000326024284665945,-0.00548603371367906,174,"success","pgls5_castespolymorphic"
"OG0000466_00",0.0117135129655873,0.510173691299404,1e-05,"1e-05 to 1",0.00505969850467916,-0.00072483813192159,174,"success","pgls5_castespolymorphic"
"OG0000468_00",-0.0145325926452569,0.0829962072620649,1e-05,"1e-05 to 1",0.0204424180313054,0.0147473158105571,174,"success","pgls5_castespolymorphic"
"OG0000469_00",0.00737169041043535,0.619789421459208,1,"1e-05 to 1",0.00163429216149037,-0.00417015962826839,174,"success","pgls5_castespolymorphic"
"OG0000470_00",0.0556679802015296,0.0172818787595808,1,"1e-05 to 1",0.0537902111012292,0.0482889913983295,174,"success","pgls5_castespolymorphic"
"OG0000470_01",-0.00441182223811845,0.550790388845584,1,"1e-05 to 1",0.00430459714287279,-0.00148432961792455,174,"success","pgls5_castespolymorphic"
"OG0000471_00",0.0111871783097737,0.293132384604569,1e-05,"1e-05 to 1",0.00818319863343743,0.00241682188130621,174,"success","pgls5_castespolymorphic"
"OG0000473_00",-0.000950552139909178,0.952826210689069,0.697011249450066,"1e-05 to 1",2.72342601755432e-05,-0.00578656088947449,174,"success","pgls5_castespolymorphic"
"OG0000474_00",-0.00779947224465293,0.593031764538101,1,"1e-05 to 1",0.00176706190596847,-0.00403661796667132,174,"success","pgls5_castespolymorphic"
"OG0000476_00",-0.00251627962151569,0.862924139356505,0.925230637300525,"1e-05 to 1",0.000195449215989187,-0.00561736793973178,174,"success","pgls5_castespolymorphic"
"OG0000479_00",-0.00967042942092129,0.520371314875056,0.259557685167255,"1e-05 to 1",0.00261976836870398,-0.00317895390822232,174,"success","pgls5_castespolymorphic"
"OG0000480_00",0.0117344692362544,0.4227201372721,0.94217506890596,"1e-05 to 1",0.00402158904281395,-0.00176898311391382,174,"success","pgls5_castespolymorphic"
"OG0000481_00",0.0207280965292443,0.105823475234236,1e-05,"1e-05 to 1",0.0162643172623748,0.0105449237580862,174,"success","pgls5_castespolymorphic"
"OG0000482_00",0.00361771016612462,0.68212373387764,1e-05,"1e-05 to 1",0.00109935615448434,-0.0047082057283383,174,"success","pgls5_castespolymorphic"
"OG0000483_00",-0.00756812379822419,0.314649210117167,0.734497065052414,"1e-05 to 1",0.00652266145988753,0.000746630421863625,174,"success","pgls5_castespolymorphic"
"OG0000485_00",-0.0168851271098835,0.275435278534127,1,"1e-05 to 1",0.007769444702589,0.00200066240434826,174,"success","pgls5_castespolymorphic"
"OG0000487_00",-0.00981670081084715,0.817603479779198,0.751205786763967,"1e-05 to 1",0.000333419051096652,-0.00547859595442035,174,"success","pgls5_castespolymorphic"
"OG0000489_00",0.00891462189157438,0.519210369900322,0.86649724298886,"1e-05 to 1",0.00265117044169988,-0.00314736926503434,174,"success","pgls5_castespolymorphic"
"OG0000491_00",0.0127775027639834,0.255951260065616,0.203626499290003,"1e-05 to 1",0.00848207164770604,0.00271743252937884,174,"success","pgls5_castespolymorphic"
"OG0000492_00",-0.0195879192192701,0.525870348046796,0.892199409288763,"1e-05 to 1",0.00498574444514435,-0.000799222156918855,174,"success","pgls5_castespolymorphic"
"OG0000493_00",-0.00611873193978163,0.468796237173329,1e-05,"1e-05 to 1",0.00407577458574959,-0.00171448253875184,174,"success","pgls5_castespolymorphic"
"OG0000494_00",0.00293916009513056,0.78098708281546,1e-05,"1e-05 to 1",0.000496994775846382,-0.00531406920801492,174,"success","pgls5_castespolymorphic"
"OG0000495_00",0.00515016892146526,0.811094728323205,0.572301823018982,"1e-05 to 1",0.000427828178441107,-0.00538363793680063,174,"success","pgls5_castespolymorphic"
"OG0000500_00",-0.00173365907349472,0.863236834507673,1,"1e-05 to 1",0.000238298046857203,-0.00557426998775412,174,"success","pgls5_castespolymorphic"
"OG0000501_00",-0.0101341167334411,0.640287292114879,0.541295462932374,"1e-05 to 1",0.00152055155814116,-0.00428456151419532,174,"success","pgls5_castespolymorphic"
"OG0000504_00",0.00232660139803802,0.802757954257997,1e-05,"1e-05 to 1",0.000391079833374097,-0.00542059993503652,174,"success","pgls5_castespolymorphic"
"OG0000505_00",0.0129607696766606,0.272985896458716,0.212785518541256,"1e-05 to 1",0.00764901620981514,0.00187953374591887,174,"success","pgls5_castespolymorphic"
"OG0000506_00",-0.0153651213600479,0.139560213585283,1,"1e-05 to 1",0.0171070985570004,0.0113926049439597,174,"success","pgls5_castespolymorphic"
"OG0000507_00",0.0369754741937663,0.0179386925297829,1e-05,"1e-05 to 1",0.0410944045155342,0.0355193719836477,174,"success","pgls5_castespolymorphic"
"OG0000508_00",0.00734570950921467,0.483423708557728,0.900168400955609,"1e-05 to 1",0.00309379781253153,-0.00270216847925608,174,"success","pgls5_castespolymorphic"
"OG0000512_00",0.00200523013453315,0.671375861130181,1,"1e-05 to 1",0.00143319857396965,-0.00437242236455382,174,"success","pgls5_castespolymorphic"
"OG0000513_00",-0.00897969795218611,0.462945301300232,1e-05,"1e-05 to 1",0.00587073001668383,9.09086795716219e-05,174,"success","pgls5_castespolymorphic"
"OG0000514_01",-0.00469732854094942,0.541211843496201,1e-05,"1e-05 to 1",0.00301806741827058,-0.00277833916650683,174,"success","pgls5_castespolymorphic"
"OG0000515_00",0.024067544798597,0.154752641626982,1e-05,"1e-05 to 1",0.0124588945348842,0.0067173764798546,174,"success","pgls5_castespolymorphic"
"OG0000516_00",-0.00446896877095725,0.527473209028913,1e-05,"1e-05 to 1",0.00377722689812883,-0.00201476596874239,174,"success","pgls5_castespolymorphic"
"OG0000518_00",0.0262898188524457,0.0936898303888094,0.356842021397647,"1e-05 to 1",0.0180218764128169,0.0123127012756821,174,"success","pgls5_castespolymorphic"
"OG0000519_00",-0.0208663777902019,0.357162214246269,0.547594230545276,"1e-05 to 1",0.00953425051727776,0.00377572871795961,174,"success","pgls5_castespolymorphic"
"OG0000519_01",-0.0201376069880609,0.209927640764268,0.828219019565681,"1e-05 to 1",0.0132888162298104,0.00755212330091393,174,"success","pgls5_castespolymorphic"
"OG0000520_00",0.0228201087210806,0.17360494801995,1e-05,"1e-05 to 1",0.0116868551260448,0.0059408484698007,174,"success","pgls5_castespolymorphic"
"OG0000521_00",0.00824038331296396,0.652428044257268,1e-05,"1e-05 to 1",0.0012709884733833,-0.00453557554712036,174,"success","pgls5_castespolymorphic"
"OG0000522_00",0.0232306244997197,0.156284984756931,0.784374707061025,"1e-05 to 1",0.0138122969655975,0.00807864752935106,174,"success","pgls5_castespolymorphic"
"OG0000523_00",0.0194272104055396,0.348897996394193,1,"1e-05 to 1",0.00783862090432891,0.00207024079330764,174,"success","pgls5_castespolymorphic"
"OG0000524_00",-0.0294130704072857,0.141696554792115,1e-05,"1e-05 to 1",0.0132820247297066,0.0075452923153444,174,"success","pgls5_castespolymorphic"
"OG0000525_00",0.00905367872724688,0.481953124752031,1,"1e-05 to 1",0.00446452621503608,-0.00132347072557426,174,"success","pgls5_castespolymorphic"
"OG0000526_00",0.000177414346490663,0.979198886996946,1,"1e-05 to 1",4.83850626018091e-06,-0.00580908685126147,174,"success","pgls5_castespolymorphic"
"OG0000527_00",0.00956226051064697,0.629050666770967,1e-05,"1e-05 to 1",0.00201828921095064,-0.00378393003782307,174,"success","pgls5_castespolymorphic"
"OG0000528_00",-0.012848275475005,0.355871348488204,0.542423500828119,"1e-05 to 1",0.00828158882856092,0.00251578411244791,174,"success","pgls5_castespolymorphic"
"OG0000529_00",-0.0043538985628984,0.700842888881384,1e-05,"1e-05 to 1",0.00123434341063154,-0.00457243366256255,174,"success","pgls5_castespolymorphic"
"OG0000530_00",0.0129787092285162,0.00598167901420954,1,"1e-05 to 1",0.0465515439142129,0.04100823893697,174,"success","pgls5_castespolymorphic"
"OG0000531_00",0.0100483790151382,0.392011419365072,1e-05,"1e-05 to 1",0.00632351705026343,0.0005463281959045,174,"success","pgls5_castespolymorphic"
"OG0000532_00",-0.00873493867863001,0.707303874941644,0.71555602532359,"1e-05 to 1",0.00089473679218868,-0.00491401473808928,174,"success","pgls5_castespolymorphic"
"OG0000533_00",0.000577014183733361,0.919995804006207,1e-05,"1e-05 to 1",6.83904461695861e-05,-0.00574516542332937,174,"success","pgls5_castespolymorphic"
"OG0000534_00",-0.00939432053095386,0.296803490210489,0.267222674409194,"1e-05 to 1",0.00680118101719603,0.00102676927892387,174,"success","pgls5_castespolymorphic"
"OG0000535_00",-0.000772640992294083,0.926845242792955,1,"1e-05 to 1",5.35217521203442e-05,-0.00576012056327424,174,"success","pgls5_castespolymorphic"
"OG0000536_00",0.0416581743632038,0.0591619776594636,1,"1e-05 to 1",0.031429523561338,0.0257982998611131,174,"success","pgls5_castespolymorphic"
"OG0000537_00",0.0254178337861129,0.206054640123923,0.662014042959102,"1e-05 to 1",0.00991266095997652,0.00415633922137182,174,"success","pgls5_castespolymorphic"
"OG0000538_00",0.0168801595014267,0.190198267758673,1,"1e-05 to 1",0.0107013749255576,0.00494963873326426,174,"success","pgls5_castespolymorphic"
"OG0000541_00",0.0265511187087645,0.0149800351925309,1,"1e-05 to 1",0.040132403689906,0.0345517781299636,174,"success","pgls5_castespolymorphic"
"OG0000542_00",0.010962330855436,0.35334555506439,0.570906340486266,"1e-05 to 1",0.00582297728289495,4.28783136093847e-05,174,"success","pgls5_castespolymorphic"
"OG0000543_00",-0.00363746924665921,0.807323292594476,1,"1e-05 to 1",0.00038489309838714,-0.00542682263941274,174,"success","pgls5_castespolymorphic"
"OG0000544_00",0.00605290527889002,0.369417016495537,1e-05,"1e-05 to 1",0.00606168397067014,0.0002829728309649,174,"success","pgls5_castespolymorphic"
"OG0000545_00",0.00967318915877391,0.608763813471902,0.630989597916241,"1e-05 to 1",0.00162083747104342,-0.0041836925436598,174,"success","pgls5_castespolymorphic"
"OG0000546_00",0.00615927221280016,0.414027527651792,1,"1e-05 to 1",0.00534469510092789,-0.000438184578717804,174,"success","pgls5_castespolymorphic"
"OG0000547_00",0.0107849065718676,0.554275215385155,1,"1e-05 to 1",0.00232096744759332,-0.00347949204399045,174,"success","pgls5_castespolymorphic"
"OG0000548_00",-0.033026915875459,0.0969831346309025,0.921236893614913,"1e-05 to 1",0.0178997538901059,0.0121898687383042,174,"success","pgls5_castespolymorphic"
"OG0000551_00",-0.00567650240782201,0.723905629913853,0.579160637081212,"1e-05 to 1",0.00078201748323616,-0.00502738939186131,174,"success","pgls5_castespolymorphic"
"OG0000552_00",0.0108994579787696,0.129705944332727,0.608326356113815,"1e-05 to 1",0.0142918749161995,0.00856101372385176,174,"success","pgls5_castespolymorphic"
"OG0000554_00",0.024680347475958,0.0236052907379243,1e-05,"1e-05 to 1",0.0441353192349965,0.0385779664398512,174,"success","pgls5_castespolymorphic"
"OG0000555_00",0.0182105078704372,0.20340172055318,0.864472531765552,"1e-05 to 1",0.0100289177056123,0.00427327187831927,174,"success","pgls5_castespolymorphic"
"OG0000556_00",-0.0165957284465752,0.481849631853914,1,"1e-05 to 1",0.00387224625193165,-0.00191919417683617,174,"success","pgls5_castespolymorphic"
"OG0000557_00",0.034622030680711,0.183197707753444,0.863541476112156,"1e-05 to 1",0.0110449888399911,0.00529525040301426,174,"success","pgls5_castespolymorphic"
"OG0000558_00",0.0189240074988007,0.117698000027279,0.21080412977994,"1e-05 to 1",0.0153240693729838,0.00959920931119884,174,"success","pgls5_castespolymorphic"
"OG0000559_00",0.00213451907905326,0.88484498333922,0.794078831941941,"1e-05 to 1",0.000172623709122101,-0.00564032615303423,174,"success","pgls5_castespolymorphic"
"OG0000560_00",0.0193852738238105,0.274560246972692,0.864128195415214,"1e-05 to 1",0.0101949310207774,0.00444025038717721,174,"success","pgls5_castespolymorphic"
"OG0000561_00",0.0352332066942176,0.0985146081026556,1,"1e-05 to 1",0.0191041660602407,0.0134012833047769,174,"success","pgls5_castespolymorphic"
"OG0000562_00",0.0116009074789945,0.524757110479485,0.413010995900813,"1e-05 to 1",0.00287508166134004,-0.00292215623597758,174,"success","pgls5_castespolymorphic"
"OG0000563_00",-0.0760305275640954,0.00327242119395921,0.793661678695916,"1e-05 to 1",0.0521444307422974,0.0466336425489388,174,"success","pgls5_castespolymorphic"
"OG0000564_00",0.00216751247786964,0.80590774899202,1e-05,"1e-05 to 1",0.000380826213115818,-0.00543091316936595,174,"success","pgls5_castespolymorphic"
"OG0000565_00",-0.0083148460244179,0.493308288027881,1,"1e-05 to 1",0.00431597361844066,-0.00147288700005688,174,"success","pgls5_castespolymorphic"
"OG0000567_00",-0.00486725524587865,0.631757028633937,1,"1e-05 to 1",0.00152497732354849,-0.00428011001759354,174,"success","pgls5_castespolymorphic"
"OG0000568_00",-0.00168922213846716,0.95426269878488,0.814727567774542,"1e-05 to 1",2.04953555758882e-05,-0.00579333897375212,174,"success","pgls5_castespolymorphic"
"OG0000571_00",0.00481202493569254,0.531425227095846,1,"1e-05 to 1",0.0030433143681837,-0.00275294543200122,174,"success","pgls5_castespolymorphic"
"OG0000572_00",0.0133293440256603,0.444260013640127,1,"1e-05 to 1",0.00434184640735156,-0.00144686378795456,174,"success","pgls5_castespolymorphic"
"OG0000573_00",-0.0160615862546557,0.532630909498737,0.57687352970819,"1e-05 to 1",0.00245356233132018,-0.0033461262597767,174,"success","pgls5_castespolymorphic"
"OG0000574_00",-0.0265611435333519,0.198364844188119,0.710755852296063,"1e-05 to 1",0.0175378221563896,0.0118258327503221,174,"success","pgls5_castespolymorphic"
"OG0000575_00",-0.0269086284503875,0.237252571757733,0.622230841127701,"1e-05 to 1",0.0162042321886108,0.0104844893524981,174,"success","pgls5_castespolymorphic"
"OG0000576_00",-0.0252110328866117,0.030387633167978,1e-05,"1e-05 to 1",0.0378425486044882,0.032248609933584,174,"success","pgls5_castespolymorphic"
"OG0000577_00",0.00465430387352225,0.69373960919873,0.785538694591346,"1e-05 to 1",0.000977855951294762,-0.00483041232805825,174,"success","pgls5_castespolymorphic"
"OG0000578_00",-0.0394406703442826,0.254973940633346,0.67573185074099,"1e-05 to 1",0.0116584220688402,0.00591225010412411,174,"success","pgls5_castespolymorphic"
"OG0000579_00",0.00643373352985392,0.551571325905331,0.823563185566098,"1e-05 to 1",0.00222015102558945,-0.00358089460798272,174,"success","pgls5_castespolymorphic"
"OG0000580_00",0.0594923980030137,0.00274348009717063,0.766593033317488,"1e-05 to 1",0.0564079666725441,0.0509219664787798,174,"success","pgls5_castespolymorphic"
"OG0000581_00",-0.00159811442286313,0.915430331943702,0.718987608961377,"1e-05 to 1",7.11432139467616e-05,-0.00574239665108833,174,"success","pgls5_castespolymorphic"
"OG0000582_00",-0.0142595739450493,0.155707614880834,1e-05,"1e-05 to 1",0.0127147206603357,0.00697468996650041,174,"success","pgls5_castespolymorphic"
"OG0000588_00",-0.0155104814973665,0.426390114573317,1,"1e-05 to 1",0.00390956474587991,-0.00188165871489998,174,"success","pgls5_castespolymorphic"
"OG0000589_00",0.00637899297372784,0.516907706834785,1e-05,"1e-05 to 1",0.00408969336277986,-0.00170048283859936,174,"success","pgls5_castespolymorphic"
"OG0000590_00",-0.00602203411214794,0.723020703935815,1,"1e-05 to 1",0.000893664258823953,-0.00491509350711317,174,"success","pgls5_castespolymorphic"
"OG0000591_00",0.0124068175098951,0.548208978111938,0.991273442470776,"1e-05 to 1",0.00227207422327073,-0.00352866953124509,174,"success","pgls5_castespolymorphic"
"OG0000592_00",-0.0073716124411828,0.779050718902178,1e-05,"1e-05 to 1",0.000931050768186552,-0.00487748963432399,174,"success","pgls5_castespolymorphic"
"OG0000593_00",-0.0113750099710062,0.58994705375598,0.910518147605184,"1e-05 to 1",0.00246864214856415,-0.00333095876917677,174,"success","pgls5_castespolymorphic"
"OG0000594_00",0.0121978577823275,0.29285741592255,1e-05,"1e-05 to 1",0.00737355186237563,0.00160246786157558,174,"success","pgls5_castespolymorphic"
"OG0000595_00",0.00408105542401771,0.818143223486579,0.850972548470266,"1e-05 to 1",0.000335621597044798,-0.00547638060297229,174,"success","pgls5_castespolymorphic"
"OG0000596_00",0.01796380815767,0.272971734600268,1,"1e-05 to 1",0.00779838054188381,0.00202976647526687,174,"success","pgls5_castespolymorphic"
"OG0000597_00",-0.013320015036953,0.549111777223252,0.908519977762383,"1e-05 to 1",0.0032723201167015,-0.00252260825471295,174,"success","pgls5_castespolymorphic"
"OG0000598_00",0.0334996513361943,0.115543486892508,0.758355770286555,"1e-05 to 1",0.0152185602680403,0.00949308678122651,174,"success","pgls5_castespolymorphic"
"OG0000599_00",0.000377361812673147,0.948919716192159,1,"1e-05 to 1",2.55704134885162e-05,-0.0057882344096889,174,"success","pgls5_castespolymorphic"
"OG0000600_00",-0.00238170505308735,0.81794213262121,1,"1e-05 to 1",0.000338526364752224,-0.00547345894708062,174,"success","pgls5_castespolymorphic"
"OG0000601_00",-0.00929976672205517,0.54323797483458,0.638157000183406,"1e-05 to 1",0.0028943775121042,-0.00290274820003478,174,"success","pgls5_castespolymorphic"
"OG0000602_00",-0.0212430433610766,0.249637459978816,1,"1e-05 to 1",0.00832679121405585,0.00256124930250967,174,"success","pgls5_castespolymorphic"
"OG0000605_00",0.0345068146083398,0.0213580354171727,0.618961871089553,"1e-05 to 1",0.0494272959065615,0.0439007104176462,174,"success","pgls5_castespolymorphic"
"OG0000606_00",0.0597843115614699,0.00245314806297792,1,"1e-05 to 1",0.101748325537377,0.0965259320811985,174,"success","pgls5_castespolymorphic"
"OG0000607_00",-0.0220964025628164,0.305674225175753,1e-05,"1e-05 to 1",0.0102842625207357,0.00453010125632147,174,"success","pgls5_castespolymorphic"
"OG0000609_00",-0.0105732403049679,0.4613335755766,1,"1e-05 to 1",0.00476965487583266,-0.00101656806093575,174,"success","pgls5_castespolymorphic"
"OG0000610_00",0.00652362839797031,0.193855934304122,0.725760414198403,"1e-05 to 1",0.01115362931531,0.00540452250900358,174,"success","pgls5_castespolymorphic"
"OG0000611_00",-0.0079307534402063,0.242190160335992,1,"1e-05 to 1",0.00935656182100429,0.00359700694787068,174,"success","pgls5_castespolymorphic"
"OG0000612_00",0.0376416553978638,0.0675950354926529,0.930434189014458,"1e-05 to 1",0.0264739335039975,0.020813898233672,174,"success","pgls5_castespolymorphic"
"OG0000613_00",0.000642776491035287,0.97659777814245,0.922326941141557,"1e-05 to 1",5.39503955742136e-06,-0.00580852708230561,174,"success","pgls5_castespolymorphic"
"OG0000614_00",8.57174762087208e-05,0.992328952581127,1e-05,"1e-05 to 1",5.79534968915737e-07,-0.00581337058401399,174,"success","pgls5_castespolymorphic"
"OG0000615_00",-0.00362677806524072,0.545161305217866,1,"1e-05 to 1",0.00229238539239767,-0.00350824027392571,174,"success","pgls5_castespolymorphic"
"OG0000616_00",-0.0151413054364016,0.675450550576602,0.824233368315788,"1e-05 to 1",0.00109156223994898,-0.00471604495633038,174,"success","pgls5_castespolymorphic"
"OG0000617_00",0.0363882955607516,0.177471882176862,0.938953434974514,"0.001 to 1",0.0117779905703611,0.00603251377135161,174,"success","pgls5_castespolymorphic"
"OG0000619_00",0.010707253825439,0.429845779115135,0.879013409404168,"1e-05 to 1",0.00495369890415271,-0.000831454009195154,174,"success","pgls5_castespolymorphic"
"OG0000620_00",0.00754434603418298,0.285537404710244,1,"1e-05 to 1",0.00759997109644124,0.00183020348653695,174,"success","pgls5_castespolymorphic"
"OG0000621_00",-0.00369591801881084,0.35414187339431,1e-05,"1e-05 to 1",0.00767042449590891,0.00190106649879218,174,"success","pgls5_castespolymorphic"
"OG0000622_00",0.0259663585596033,0.150602281524811,1e-05,"1e-05 to 1",0.0230751844564731,0.0173953890172666,174,"success","pgls5_castespolymorphic"
"OG0000623_00",0.0269934878309472,0.275358193224757,0.593116074731542,"1e-05 to 1",0.00825734266772131,0.00249139698555678,174,"success","pgls5_castespolymorphic"
"OG0000624_00",0.011139927343744,0.403186794260063,0.764869386631897,"1e-05 to 1",0.00592952860395601,0.000150049119095219,174,"success","pgls5_castespolymorphic"
"OG0000625_00",-0.00339722791830666,0.78881402529525,1,"1e-05 to 1",0.00061563421813044,-0.00519474000153153,174,"success","pgls5_castespolymorphic"
"OG0000626_00",0.0185256188479028,0.105472092337703,1e-05,"1e-05 to 1",0.0160966811624476,0.0103763130296711,174,"success","pgls5_castespolymorphic"
"OG0000627_00",-0.00844685068486598,0.522385459911015,0.512266969007181,"1e-05 to 1",0.00292887859350706,-0.00286804653094919,174,"success","pgls5_castespolymorphic"
"OG0000628_00",-0.0181472947578891,0.244818427574438,0.802377838664864,"1e-05 to 1",0.00839214513524922,0.00262698318836119,174,"success","pgls5_castespolymorphic"
"OG0000629_00",-0.0134354291426161,0.348775287390274,0.810487597904217,"1e-05 to 1",0.00618504053380485,0.000407046583419945,174,"success","pgls5_castespolymorphic"
"OG0000630_00",0.0359494150732225,0.0586905629279202,0.87654752249607,"1e-05 to 1",0.035632951277819,0.0300261661108295,174,"success","pgls5_castespolymorphic"
"OG0000632_00",0.0119227257210488,0.437652262325136,0.916400808014039,"1e-05 to 1",0.00507084515705606,-0.000713626673426226,174,"success","pgls5_castespolymorphic"
"OG0000633_00",0.084873660412734,9.94857872904653e-05,0.892738340124966,"1e-05 to 1",0.0895199397805525,0.0842264510583464,174,"success","pgls5_castespolymorphic"
"OG0000635_00",0.0110980903497749,0.455219861735692,1,"1e-05 to 1",0.00481620935663462,-0.000969742914547655,174,"success","pgls5_castespolymorphic"
"OG0000637_00",0.0177520791362752,0.00790607005559263,1,"1e-05 to 1",0.0555201532568513,0.0500289913571819,174,"success","pgls5_castespolymorphic"
"OG0000638_00",-0.000730982740798943,0.927264707654857,1e-05,"1e-05 to 1",5.19191442893318e-05,-0.0057617324885928,174,"success","pgls5_castespolymorphic"
"OG0000639_00",0.0225068512635582,0.361095230317732,0.843826143846052,"1e-05 to 1",0.00524848300359511,-0.000534956048709567,174,"success","pgls5_castespolymorphic"
"OG0000640_00",-0.0225010669888031,0.165839389389972,0.774966558577025,"1e-05 to 1",0.0120413697345292,0.0062974242097299,174,"success","pgls5_castespolymorphic"
"OG0000641_00",0.0043318884817738,0.582348568334051,1,"1e-05 to 1",0.00204841619776604,-0.00375362789410727,174,"success","pgls5_castespolymorphic"
"OG0000644_00",-0.00385012451862951,0.762259078497708,0.908742096051141,"1e-05 to 1",0.000577216254748603,-0.00523338132516571,174,"success","pgls5_castespolymorphic"
"OG0000645_00",0.0334255491194163,0.00808246324459527,1e-05,"1e-05 to 1",0.0435623106283854,0.0380016263878528,174,"success","pgls5_castespolymorphic"
"OG0000646_00",-0.00914493098136912,0.50452100264899,1,"1e-05 to 1",0.00278865106303977,-0.00300908933775657,174,"success","pgls5_castespolymorphic"
"OG0000648_00",-0.00594158185863593,0.63251747118387,0.407767486221984,"1e-05 to 1",0.00147891205397644,-0.00432644310850061,174,"success","pgls5_castespolymorphic"
"OG0000649_00",-0.00362352777519354,0.567075921998089,1,"1e-05 to 1",0.00205179738539116,-0.00375022704841466,174,"success","pgls5_castespolymorphic"
"OG0000650_00",-0.00520396672526083,0.766449607435101,1e-05,"1e-05 to 1",0.000627714475208757,-0.00518258951040051,174,"success","pgls5_castespolymorphic"
"OG0000651_00",-0.00421277892753697,0.652498988097206,1,"1e-05 to 1",0.0013925878991302,-0.00441326914796769,174,"success","pgls5_castespolymorphic"
"OG0000653_00",-0.0111430279170094,0.454544275996481,1e-05,"1e-05 to 1",0.00683887476679401,0.00106468217822886,174,"success","pgls5_castespolymorphic"
"OG0000654_00",-0.00102496350008212,0.903762389759861,1e-05,"1e-05 to 1",9.16518189000422e-05,-0.00572176881005992,174,"success","pgls5_castespolymorphic"
"OG0000655_00",-0.0134672164635799,0.31261131190252,1e-05,"1e-05 to 1",0.00703123886433192,0.0012581646716826,174,"success","pgls5_castespolymorphic"
"OG0000656_00",0.0124913425356402,0.344075850521917,0.511940325911832,"1e-05 to 1",0.00563190478055408,-0.000149305075372919,174,"success","pgls5_castespolymorphic"
"OG0000657_00",0.0064279349054003,0.470472762419286,1,"1e-05 to 1",0.00372681210158134,-0.00206547387457245,174,"success","pgls5_castespolymorphic"
"OG0000658_00",0.0413975750432844,0.0573522390145487,0.893250181601131,"1e-05 to 1",0.0225328193565256,0.0168498706318541,174,"success","pgls5_castespolymorphic"
"OG0000659_00",0.028684173112478,0.0496561578216754,1,"1e-05 to 1",0.0238672304758571,0.0181920399553678,174,"success","pgls5_castespolymorphic"
"OG0000660_00",0.0149754003220968,0.14579961029861,0.316656012150107,"1e-05 to 1",0.0137772370455539,0.00804338377256297,174,"success","pgls5_castespolymorphic"
"OG0000663_00",0.0263835667780928,0.0780183982717675,1,"1e-05 to 1",0.0192829745805407,0.0135811314094975,174,"success","pgls5_castespolymorphic"
"OG0000664_00",0.0101540307238642,0.391128979958967,1e-05,"1e-05 to 1",0.00657399209998305,0.000798259495913167,174,"success","pgls5_castespolymorphic"
"OG0000666_00",0.00319248114265797,0.769087893122901,1e-05,"1e-05 to 1",0.000759019432553563,-0.005050521152141,174,"success","pgls5_castespolymorphic"
"OG0000667_00",-0.000766946109666614,0.862877961584954,1e-05,"1e-05 to 1",0.000299743895866393,-0.00551246689543672,174,"success","pgls5_castespolymorphic"
"OG0000668_00",0.0116055934402785,0.282553649065672,1e-05,"1e-05 to 1",0.00779829493070989,0.00202968036635354,174,"success","pgls5_castespolymorphic"
"OG0000669_00",-0.0100658953382875,0.361087825871144,1e-05,"1e-05 to 1",0.0052158239568995,-0.000567804973583774,174,"success","pgls5_castespolymorphic"
"OG0000670_00",-0.0021858648261593,0.904237772744393,1,"1e-05 to 1",0.000106033505015649,-0.00570730350949011,174,"success","pgls5_castespolymorphic"
"OG0000671_00",-0.0388515541588415,0.228691290974,0.856733527862017,"1e-05 to 1",0.00915763120122994,0.00339691975472545,174,"success","pgls5_castespolymorphic"
"OG0000672_00",0.0113295670474182,0.601089351453231,0.643528744314251,"1e-05 to 1",0.00191643633771314,-0.00388637507892797,174,"success","pgls5_castespolymorphic"
"OG0000675_00",-0.0154197015115171,0.511596198396164,0.7961153817966,"1e-05 to 1",0.00356869340283558,-0.00222451186807815,174,"success","pgls5_castespolymorphic"
"OG0000676_00",0.0140953925947416,0.661398120959787,0.90921678710752,"1e-05 to 1",0.002049520147721,-0.00375251752583883,174,"success","pgls5_castespolymorphic"
"OG0000677_00",-0.0166459822126856,0.149107584451718,1e-05,"1e-05 to 1",0.0140116662949444,0.00827917598270578,174,"success","pgls5_castespolymorphic"
"OG0000678_00",-0.0097632589910033,0.535424278903546,1,"1e-05 to 1",0.00237540603457577,-0.00342473695359535,174,"success","pgls5_castespolymorphic"
"OG0000679_00",0.000411171369369182,0.97616544015253,1,"1e-05 to 1",5.77738550716783e-06,-0.00580814251341422,174,"success","pgls5_castespolymorphic"
"OG0000680_00",0.0207032347730537,0.232454478041872,1,"1e-05 to 1",0.00901164986119992,0.00325008968597429,174,"success","pgls5_castespolymorphic"
"OG0000682_00",0.0459581780342533,0.00549281466119966,1e-05,"1e-05 to 1",0.0614803816772639,0.0560238722684108,174,"success","pgls5_castespolymorphic"
"OG0000683_00",0.00375000864667771,0.903163458904623,0.750481377652076,"1e-05 to 1",0.000148757306782078,-0.00566433131352739,174,"success","pgls5_castespolymorphic"
"OG0000684_00",-0.00516276479622957,0.656845967580988,1e-05,"1e-05 to 1",0.00129343458420253,-0.00451299893565671,174,"success","pgls5_castespolymorphic"
"OG0000685_00",-0.00511294291801443,0.671395841826761,0.30004641174031,"1e-05 to 1",0.00148015522845528,-0.00432519270626308,174,"success","pgls5_castespolymorphic"
"OG0000687_00",-0.00116660631764397,0.924459395353974,0.626045809956805,"1e-05 to 1",5.89517260521636e-05,-0.0057546590197266,174,"success","pgls5_castespolymorphic"
"OG0000688_00",0.0606063246495732,0.00219507687691767,0.267276922231355,"1e-05 to 1",0.0954360185126989,0.090176925597075,174,"success","pgls5_castespolymorphic"
"OG0000692_00",0.00418009718711409,0.326072082584341,1e-05,"1e-05 to 1",0.0070404918060558,0.00126747140957939,174,"success","pgls5_castespolymorphic"
"OG0000693_00",-0.00991849014195094,0.429687382181456,0.676293878746011,"1e-05 to 1",0.00462616647052558,-0.00116089070115755,174,"success","pgls5_castespolymorphic"
"OG0000694_00",0.0126847836054636,0.0837458544752341,1e-05,"1e-05 to 1",0.0215151664861723,0.0158263011750454,174,"success","pgls5_castespolymorphic"
"OG0000695_00",0.00944420635240131,0.567965361115149,0.818448293357932,"1e-05 to 1",0.0032075970639384,-0.00258770760429461,174,"success","pgls5_castespolymorphic"
"OG0000696_00",-0.0209158953639039,0.269100066340036,0.713093590824884,"1e-05 to 1",0.015437483748819,0.00971328307293995,174,"success","pgls5_castespolymorphic"
"OG0000697_00",-0.0164119005480844,0.516219259602556,0.95926501519839,"1e-05 to 1",0.00260612106158842,-0.00319268056014654,174,"success","pgls5_castespolymorphic"
"OG0000698_00",-0.0238327351033693,0.0366614233958695,0.515316519274722,"1e-05 to 1",0.0305969000224869,0.0249608354877339,174,"success","pgls5_castespolymorphic"
"OG0000699_00",-0.00819978899131923,0.565794545528723,1,"1e-05 to 1",0.00226387925256402,-0.00353691214713048,174,"success","pgls5_castespolymorphic"
"OG0000700_00",-0.0216313057605318,0.243782544200765,0.873804505085656,"1e-05 to 1",0.00983188454561139,0.00407509317669041,174,"success","pgls5_castespolymorphic"
"OG0000701_00",-0.00970779181897152,0.450354394940626,1,"1e-05 to 1",0.00449386016161557,-0.00129396623279354,174,"success","pgls5_castespolymorphic"
"OG0000702_00",-0.016994556928071,0.384864144325713,0.895500110526821,"1e-05 to 1",0.00497176988570565,-0.000813277963796155,174,"success","pgls5_castespolymorphic"
"OG0000703_00",0.0162932981822787,0.0574899516330374,1e-05,"1e-05 to 1",0.0240055557122388,0.0183311694082402,174,"success","pgls5_castespolymorphic"
"OG0000704_00",-0.0967330250267938,0.00188813571753688,0.944867699934335,"1e-05 to 1",0.0602018279305361,0.0547378850696671,174,"success","pgls5_castespolymorphic"
"OG0000705_00",0.0145922840352137,0.403234673335559,1,"1e-05 to 1",0.00439821526640881,-0.00139016720297258,174,"success","pgls5_castespolymorphic"
"OG0000706_00",0.0218019775363363,0.00968070557441303,1e-05,"1e-05 to 1",0.0423930655984015,0.036825583421648,174,"success","pgls5_castespolymorphic"
"OG0000707_00",0.00649614408357158,0.580449637147867,1e-05,"1e-05 to 1",0.00214160688122267,-0.00365989540435163,174,"success","pgls5_castespolymorphic"
"OG0000708_00",-0.000970998370430196,0.933491016225223,1,"1e-05 to 1",4.62742398370921e-05,-0.00576741021225691,174,"success","pgls5_castespolymorphic"
"OG0000709_00",-0.00753293189049769,0.721083611207885,0.732796911288814,"1e-05 to 1",0.00081931773707182,-0.00498987227608461,174,"success","pgls5_castespolymorphic"
"OG0000711_00",0.0326465694100153,0.0991501367987366,0.412004830991168,"1e-05 to 1",0.0212656500037021,0.0155753340153516,174,"success","pgls5_castespolymorphic"
"OG0000712_00",-0.008403511250445,0.303249398756074,0.295994427514144,"1e-05 to 1",0.00720830859507233,0.00143626387760176,174,"success","pgls5_castespolymorphic"
"OG0000713_00",0.010517400825649,0.70818921327484,0.726676195178126,"1e-05 to 1",0.00159974719954947,-0.00420490543301133,174,"success","pgls5_castespolymorphic"
"OG0000714_00",-0.024827432013343,0.208260998699583,0.322030796403855,"1e-05 to 1",0.0113678041733573,0.0056199425697141,174,"success","pgls5_castespolymorphic"
"OG0000715_00",0.0366790475204498,0.0943106975483401,1e-05,"1e-05 to 1",0.0318418021984223,0.0262129754670177,174,"success","pgls5_castespolymorphic"
"OG0000716_01",-0.0133246735801031,0.228066182723526,1e-05,"1e-05 to 1",0.014790584705373,0.00906262298854399,174,"success","pgls5_castespolymorphic"
"OG0000717_00",0.000611563387600593,0.977293918137179,0.636396551090226,"1e-05 to 1",5.5674300790865e-06,-0.00580835368951349,174,"success","pgls5_castespolymorphic"
"OG0000718_00",-0.00143622977915733,0.941040530042325,0.690008532218608,"1e-05 to 1",3.40827085783294e-05,-0.0057796726245114,174,"success","pgls5_castespolymorphic"
"OG0000719_00",0.00253760327994419,0.872342267417548,0.870336251155874,"1e-05 to 1",0.000161862948074656,-0.00565114947664602,174,"success","pgls5_castespolymorphic"
"OG0000720_00",0.00269955610458071,0.766349092558158,1e-05,"1e-05 to 1",0.000560477300861455,-0.00525021759855204,174,"success","pgls5_castespolymorphic"
"OG0000721_00",-0.00924245346486488,0.568422943584145,1,"1e-05 to 1",0.0020375865405357,-0.00376452051446119,174,"success","pgls5_castespolymorphic"
"OG0000722_00",-0.015557485895873,0.376956207172919,1,"1e-05 to 1",0.00510560776207471,-0.000678661960238802,174,"success","pgls5_castespolymorphic"
"OG0000723_00",-0.0342787304342232,0.133411485550879,0.824799655195591,"1e-05 to 1",0.0209263776199096,0.0152340891176997,174,"success","pgls5_castespolymorphic"
"OG0000724_00",-0.0250186221426209,0.158464566976379,1e-05,"1e-05 to 1",0.0131276837923443,0.00739005404695092,174,"success","pgls5_castespolymorphic"
"OG0000725_00",0.0148260191406935,0.329868236980372,1,"1e-05 to 1",0.00730450982067566,0.00153302441265635,174,"success","pgls5_castespolymorphic"
"OG0000726_00",0.0193066980674361,0.474274523512903,0.679840970036727,"1e-05 to 1",0.00479590868571534,-0.000990161612623552,174,"success","pgls5_castespolymorphic"
"OG0000727_00",0.0220493483734309,0.31926092346569,0.915435626580072,"1e-05 to 1",0.00661324915588028,0.000837744790507577,174,"success","pgls5_castespolymorphic"
"OG0000728_00",-0.00439354715616515,0.417066603816812,1e-05,"1e-05 to 1",0.00484843463264776,-0.000937330282278825,174,"success","pgls5_castespolymorphic"
"OG0000729_00",-0.0257484652815105,0.0774582587118875,0.340323071908266,"1e-05 to 1",0.0194760510947752,0.0137753304616054,174,"success","pgls5_castespolymorphic"
"OG0000730_00",-0.0171754217457074,0.283514987279805,0.464538598453484,"1e-05 to 1",0.00723023542552908,0.00145831818963105,174,"success","pgls5_castespolymorphic"
"OG0000731_00",-0.0409813638222684,0.0212649043080362,1,"1e-05 to 1",0.0329153591528163,0.0272927740316118,174,"success","pgls5_castespolymorphic"
"OG0000732_00",0.00813724150142258,0.551897680646389,0.780338773970523,"1e-05 to 1",0.00223048373822948,-0.00357050182143204,174,"success","pgls5_castespolymorphic"
"OG0000733_00",0.0124250641359761,0.154358576466069,1,"1e-05 to 1",0.0129610822759359,0.00722248391707514,174,"success","pgls5_castespolymorphic"
"OG0000734_00",-0.000130757770396167,0.987278598378705,1e-05,"1e-05 to 1",1.96314860420093e-06,-0.00581197892611307,174,"success","pgls5_castespolymorphic"
"OG0000735_00",-0.00802071210249271,0.615964322600985,0.764253075355875,"1e-05 to 1",0.00155655381772864,-0.00424834993914502,174,"success","pgls5_castespolymorphic"
"OG0000736_00",0.0133316005873296,0.405780580747818,1,"1e-05 to 1",0.00429681705953194,-0.0014921549343081,174,"success","pgls5_castespolymorphic"
"OG0000737_00",-0.0502252020508158,0.0764721557115347,0.689662703678271,"1e-05 to 1",0.0197284833419823,0.0140292303381566,174,"success","pgls5_castespolymorphic"
"OG0000739_00",-0.0239267296558856,0.146420231505272,0.506501058026979,"1e-05 to 1",0.0136463267318927,0.00791171235242694,174,"success","pgls5_castespolymorphic"
"OG0000740_00",0.00961673853220302,0.606017399772372,1,"1e-05 to 1",0.00176597130084784,-0.00403771491251925,174,"success","pgls5_castespolymorphic"
"OG0000741_00",-0.016826515307908,0.278262819212127,0.87601842083951,"1e-05 to 1",0.0104875624592969,0.00473458317126962,174,"success","pgls5_castespolymorphic"
"OG0000742_00",-0.00469557735130885,0.450401736927035,1e-05,"1e-05 to 1",0.003565024183697,-0.00222820241988608,174,"success","pgls5_castespolymorphic"
"OG0000744_00",-0.00330311404783308,0.773089705404856,1e-05,"1e-05 to 1",0.000534500783092082,-0.00527634514258768,174,"success","pgls5_castespolymorphic"
"OG0000745_00",0.0074850248915652,0.578179074958757,1e-05,"1e-05 to 1",0.00304150865558485,-0.00275476164292909,174,"success","pgls5_castespolymorphic"
"OG0000746_00",0.00256177748722927,0.760912679056082,0.423475189640096,"1e-05 to 1",0.000573132169411275,-0.00523748915518518,174,"success","pgls5_castespolymorphic"
"OG0000747_00",-0.0190847970462142,0.469794040510052,0.895831109956146,"1e-05 to 1",0.00432634119889188,-0.00146245914297505,174,"success","pgls5_castespolymorphic"
"OG0000748_00",-0.0156680327360451,0.175411696419212,1,"1e-05 to 1",0.0146391871785534,0.00891034524354506,174,"success","pgls5_castespolymorphic"
"OG0000749_00",-0.022179044763644,0.158297647092048,0.683984382752093,"1e-05 to 1",0.0124014401521763,0.00665958806003775,174,"success","pgls5_castespolymorphic"
"OG0000750_00",-0.00192442364213045,0.875499127690265,1e-05,"1e-05 to 1",0.00015584608752359,-0.00565720131894443,174,"success","pgls5_castespolymorphic"
"OG0000751_00",-0.0041992905300388,0.819993239095847,0.992284562779704,"1e-05 to 1",0.000328710460706359,-0.00548333192033601,174,"success","pgls5_castespolymorphic"
"OG0000752_00",0.00859375051882363,0.367047155436492,1e-05,"1e-05 to 1",0.00528650789655798,-0.000496710080787777,174,"success","pgls5_castespolymorphic"
"OG0000753_00",0.0186829855470378,0.336870745276376,0.925117505279489,"1e-05 to 1",0.00619150839897336,0.000413552052455746,174,"success","pgls5_castespolymorphic"
"OG0000754_00",0.00269074244317399,0.84011293260227,1e-05,"1e-05 to 1",0.000263411604321073,-0.00554901042123523,174,"success","pgls5_castespolymorphic"
"OG0000755_00",-0.0102458506895028,0.633188497670255,1e-05,"1e-05 to 1",0.00209696032290599,-0.00370480153568176,174,"success","pgls5_castespolymorphic"
"OG0000756_00",-0.00830441334261671,0.637627839816392,0.881802369264549,"1e-05 to 1",0.00216210002773076,-0.00363928311164297,174,"success","pgls5_castespolymorphic"
"OG0000757_00",-0.0338271657159303,0.0543098326368749,0.90472873927275,"1e-05 to 1",0.023092652629617,0.0174129587495566,174,"success","pgls5_castespolymorphic"
"OG0000758_00",-0.0168336910422876,0.135774076664284,0.628356767674015,"1e-05 to 1",0.0139409785160248,0.00820807722832728,174,"success","pgls5_castespolymorphic"
"OG0000759_00",0.000161266730713577,0.99195837686105,1e-05,"1e-05 to 1",8.36068534279969e-07,-0.00581311255897421,174,"success","pgls5_castespolymorphic"
"OG0000760_00",0.0449728823299012,0.00838303633786053,1,"1e-05 to 1",0.0428990031676212,0.0373344624883631,174,"success","pgls5_castespolymorphic"
"OG0000761_00",-0.000359556430936422,0.976663104328218,1,"1e-05 to 1",5.29851487432195e-06,-0.00580862416817873,174,"success","pgls5_castespolymorphic"
"OG0000763_00",0.00602490702903873,0.621015041958068,1e-05,"1e-05 to 1",0.00152184531305105,-0.00428326023745451,174,"success","pgls5_castespolymorphic"
"OG0000764_00",0.00889166561614788,0.556767497524244,1e-05,"1e-05 to 1",0.00298539169926428,-0.0028112048606237,174,"success","pgls5_castespolymorphic"
"OG0000765_00",0.0722663559659814,0.000472183453352315,0.137069016284747,"1e-05 to 1",0.076535406744368,0.0711664265510213,174,"success","pgls5_castespolymorphic"
"OG0000766_00",0.0114473302309767,0.488555415797981,0.864284903835977,"1e-05 to 1",0.00298434495865327,-0.00281225768693583,174,"success","pgls5_castespolymorphic"
"OG0000768_00",0.0262171199752922,0.15567602123845,0.805267811618845,"1e-05 to 1",0.0177577741792864,0.0120470635640496,174,"success","pgls5_castespolymorphic"
"OG0000769_00",-0.00864801494148922,0.395411698184577,1,"1e-05 to 1",0.00481932083199912,-0.000966613349210332,174,"success","pgls5_castespolymorphic"
"OG0000770_00",-0.00392320281224706,0.850595553702487,0.835212503270777,"1e-05 to 1",0.000287235394167124,-0.0055250481209832,174,"success","pgls5_castespolymorphic"
"OG0000771_00",0.0236932951640569,0.0733289476282883,0.859688570307948,"1e-05 to 1",0.0260483877907155,0.0203858784174057,174,"success","pgls5_castespolymorphic"
"OG0000774_00",-0.0176016094730413,0.149581257104996,1e-05,"1e-05 to 1",0.012775274063293,0.00703559542412613,174,"success","pgls5_castespolymorphic"
"OG0000775_00",-0.0140348359381771,0.335764028771271,1e-05,"1e-05 to 1",0.00579214154049437,1.18632936367824e-05,174,"success","pgls5_castespolymorphic"
"OG0000776_00",-0.0130338124688065,0.56113034393595,0.653542028164562,"1e-05 to 1",0.00210214287345624,-0.00369958885402366,174,"success","pgls5_castespolymorphic"
"OG0000777_00",-0.010726324112576,0.381076625538733,1,"1e-05 to 1",0.00518798937671452,-0.000595801382723193,174,"success","pgls5_castespolymorphic"
"OG0000778_00",-0.000836413541777062,0.9592228544092,1e-05,"1e-05 to 1",1.63894926864864e-05,-0.0057974687079374,174,"success","pgls5_castespolymorphic"
"OG0000779_00",0.00180427703310363,0.840447881133113,1,"1e-05 to 1",0.00025092699365775,-0.00556156761684434,174,"success","pgls5_castespolymorphic"
"OG0000780_00",0.018150895504076,0.0028689552425103,1e-05,"1e-05 to 1",0.0588702781138629,0.0533985936842923,174,"success","pgls5_castespolymorphic"
"OG0000781_00",-0.0301655467354134,0.169538665552827,0.877516956290709,"1e-05 to 1",0.0122179171490844,0.00647499806274188,174,"success","pgls5_castespolymorphic"
"OG0000782_00",-0.0138950276732816,0.501437002683045,1,"1e-05 to 1",0.002794177406232,-0.00300353086466187,174,"success","pgls5_castespolymorphic"
"OG0000783_00",-0.00192294031891096,0.756378049859685,1,"1e-05 to 1",0.00069469389871394,-0.0051152206716425,174,"success","pgls5_castespolymorphic"
"OG0000785_00",-0.00874294500360666,0.52252569807402,1,"1e-05 to 1",0.00296941631198183,-0.00282727312806474,174,"success","pgls5_castespolymorphic"
"OG0000786_00",0.00666373967396868,0.556302707208057,1,"1e-05 to 1",0.00260899556364235,-0.00318978934587122,174,"success","pgls5_castespolymorphic"
"OG0000787_00",0.063284154587587,0.000379299769579511,1,"1e-05 to 1",0.0789930142489819,0.0736383224713598,174,"success","pgls5_castespolymorphic"
"OG0000788_00",-0.000307536475150413,0.991949074678752,1,"1e-05 to 1",1.07742758979855e-06,-0.0058128697966684,174,"success","pgls5_castespolymorphic"
"OG0000789_00",-0.00995021183194015,0.666141808290936,0.943503326561566,"1e-05 to 1",0.00168316431031229,-0.00412100333904641,174,"success","pgls5_castespolymorphic"
"OG0000790_00",-0.00482486127695703,0.809323080662435,1,"1e-05 to 1",0.000364981063663398,-0.00544685044178039,174,"success","pgls5_castespolymorphic"
"OG0000791_00",0.0252856767091208,0.204753997649961,0.659327805499279,"1e-05 to 1",0.0102883387771529,0.00453420121190373,174,"success","pgls5_castespolymorphic"
"OG0000792_00",-0.0180821283487191,0.439275550415015,0.96441080851774,"1e-05 to 1",0.00396666415116184,-0.00182422733633136,174,"success","pgls5_castespolymorphic"
"OG0000793_00",0.00417382319754321,0.814644476470737,1,"1e-05 to 1",0.000346698182136679,-0.00546523961912992,174,"success","pgls5_castespolymorphic"
"OG0000794_00",-0.00102419339105101,0.93368822838737,1,"1e-05 to 1",4.2866594392222e-05,-0.00577083766959396,174,"success","pgls5_castespolymorphic"
"OG0000795_00",0.00307468761308624,0.841059044045194,1,"1e-05 to 1",0.000381116370387228,-0.00543062132513383,174,"success","pgls5_castespolymorphic"
"OG0000796_00",-0.0276716809015466,0.166734050999534,0.968531251830912,"1e-05 to 1",0.0118424033454221,0.00609730103929074,174,"success","pgls5_castespolymorphic"
"OG0000797_00",0.0169338405690695,0.203561543031856,0.868678656179444,"1e-05 to 1",0.0102117755831172,0.00445719288301905,174,"success","pgls5_castespolymorphic"
"OG0000798_00",0.00056869679587082,0.853025630120313,1,"1e-05 to 1",0.000217886399631096,-0.00559480030734782,174,"success","pgls5_castespolymorphic"
"OG0000799_00",-0.0237051819102317,0.0675610982051564,0.697719194108178,"1e-05 to 1",0.020990952254151,0.0152990391858612,174,"success","pgls5_castespolymorphic"
"OG0000802_00",-0.00112294014245416,0.862038438435732,1,"1e-05 to 1",0.000199315374190016,-0.00561347930386713,174,"success","pgls5_castespolymorphic"
"OG0000805_00",-0.061442123688063,0.00588838047847018,1,"1e-05 to 1",0.0943765833491298,0.0891113309267411,174,"success","pgls5_castespolymorphic"
"OG0000806_00",-0.00427996137274846,0.830373055095328,1,"1e-05 to 1",0.000296987009857602,-0.00551523980985258,174,"success","pgls5_castespolymorphic"
"OG0000807_00",-0.0282227918028099,0.159058182086711,0.759676941648169,"1e-05 to 1",0.0141154593756338,0.00838357251153865,174,"success","pgls5_castespolymorphic"
"OG0000808_00",-0.0173052556215215,0.159735291930772,1,"1e-05 to 1",0.0182198332571737,0.0125118090319246,174,"success","pgls5_castespolymorphic"
"OG0000809_00",-0.00188849922144645,0.867856346484584,1e-05,"1e-05 to 1",0.000357128280852825,-0.00545474888030495,174,"success","pgls5_castespolymorphic"
"OG0000810_00",-0.00545423465850756,0.381627729063584,1e-05,"1e-05 to 1",0.0047283975470985,-0.00105806525786023,174,"success","pgls5_castespolymorphic"
"OG0000811_00",0.00501640598201707,0.417988317778221,1e-05,"1e-05 to 1",0.00415616635222461,-0.00163362337828588,174,"success","pgls5_castespolymorphic"
"OG0000812_00",0.00297677301106496,0.852654196077981,1,"1e-05 to 1",0.000258367216235386,-0.00555408413715863,174,"success","pgls5_castespolymorphic"
"OG0000814_00",-0.00321739016548422,0.810628616271341,1,"1e-05 to 1",0.000359904712323692,-0.00545195630679074,174,"success","pgls5_castespolymorphic"
"OG0000815_00",0.0350566939408858,0.178332087319268,1,"1e-05 to 1",0.0113636765680707,0.00561579096672216,174,"success","pgls5_castespolymorphic"
"OG0000816_00",-0.0280767109462346,0.153366078995591,0.533384125757757,"1e-05 to 1",0.0129406538961478,0.00720193676763714,174,"success","pgls5_castespolymorphic"
"OG0000817_00",-0.0113837585442725,0.320658757766999,0.807540146261626,"1e-05 to 1",0.00624234657836426,0.000464685802657128,174,"success","pgls5_castespolymorphic"
"OG0000818_00",0.0540536611779426,0.069389276561032,1,"1e-05 to 1",0.020588719114917,0.0148944674818642,174,"success","pgls5_castespolymorphic"
"OG0000820_00",0.0425888192576653,0.00539790553371122,1e-05,"1e-05 to 1",0.0473735723350046,0.0418350465927663,174,"success","pgls5_castespolymorphic"
"OG0000821_00",0.0522678595188094,0.000743442058153576,0.515777352720677,"1e-05 to 1",0.0692641959679921,0.0638529412933875,174,"success","pgls5_castespolymorphic"
"OG0000823_00",0.0222274265747929,0.156293786030574,0.758283062284247,"1e-05 to 1",0.0139072884635525,0.00817419130345687,174,"success","pgls5_castespolymorphic"
"OG0000824_00",0.0313630132088375,0.182477498557874,0.902934301409734,"1e-05 to 1",0.0114377456263526,0.0056902906590639,174,"success","pgls5_castespolymorphic"
"OG0000825_00",0.0393028917379082,0.014433202820276,0.306923589837144,"1e-05 to 1",0.0365987122522866,0.0309975419746837,174,"success","pgls5_castespolymorphic"
"OG0000826_00",0.0085852184645951,0.588548476746948,0.664949478353063,"1e-05 to 1",0.00183289644365574,-0.00397040067004406,174,"success","pgls5_castespolymorphic"
"OG0000828_00",0.0111966989118116,0.469552808256872,1,"1e-05 to 1",0.00333643459640566,-0.00245812101640586,174,"success","pgls5_castespolymorphic"
"OG0000830_00",-0.00015515073180865,0.98069068465453,1e-05,"1e-05 to 1",3.86654071023814e-06,-0.00581006446777388,174,"success","pgls5_castespolymorphic"
"OG0000831_00",-0.00981958909682085,0.632564499963985,0.623951456845332,"1e-05 to 1",0.00144121855682766,-0.0043643557538886,174,"success","pgls5_castespolymorphic"
"OG0000832_00",0.00147628544240311,0.885547543917193,1,"1e-05 to 1",0.000157544121482679,-0.00565549341269467,174,"success","pgls5_castespolymorphic"
"OG0000833_00",0.00316182991323061,0.825622593749393,0.735202735847524,"1e-05 to 1",0.000310113461598297,-0.00550203704153196,174,"success","pgls5_castespolymorphic"
"OG0000834_00",0.0605546888260367,0.00772885717448291,0.535744522696531,"1e-05 to 1",0.0590841165342266,0.053613675351286,174,"success","pgls5_castespolymorphic"
"OG0000835_00",0.0250822710458477,0.0135789358025677,0.432311899971558,"1e-05 to 1",0.0396699399480709,0.0340866256454434,174,"success","pgls5_castespolymorphic"
"OG0000836_00",0.00707762006702516,0.422699445099957,1e-05,"1e-05 to 1",0.00409888598816056,-0.0016912367677222,174,"success","pgls5_castespolymorphic"
"OG0000837_00",0.00234699817251986,0.804406041849446,1,"1e-05 to 1",0.000488561893218903,-0.00532255111902979,174,"success","pgls5_castespolymorphic"
"OG0000838_00",0.0223196107463282,0.491756340134669,1e-05,"1e-05 to 1",0.00299663310828205,-0.0027998980945767,174,"success","pgls5_castespolymorphic"
"OG0000839_00",-0.0171523392222659,0.410693256038353,0.764870062088673,"1e-05 to 1",0.00521251999109927,-0.000571128148487254,174,"success","pgls5_castespolymorphic"
"OG0000840_00",-0.00499235419784669,0.751715930875266,0.97003458713742,"1e-05 to 1",0.000623445903026048,-0.00518688289986335,174,"success","pgls5_castespolymorphic"
"OG0000841_00",-0.0132895185282299,0.491835294682869,0.706698252957369,"1e-05 to 1",0.00297667135594054,-0.00281997590361804,174,"success","pgls5_castespolymorphic"
"OG0000843_00",-0.00133117059266824,0.734931274148857,1,"1e-05 to 1",0.000839435124164989,-0.00496963792743887,174,"success","pgls5_castespolymorphic"
"OG0000845_00",-0.0110197037290967,0.329188055654565,0.84466351197122,"1e-05 to 1",0.00749806829201881,0.00172770822394908,174,"success","pgls5_castespolymorphic"
"OG0000846_00",-0.0134101195369265,0.428458088515952,0.861961621025116,"1e-05 to 1",0.00448449903964408,-0.00130338177989286,174,"success","pgls5_castespolymorphic"
"OG0000847_00",0.0269972596403879,0.0472286353510527,1,"1e-05 to 1",0.024084066159606,0.0184101363116967,174,"success","pgls5_castespolymorphic"
"OG0000848_00",-0.019253181791585,0.570628267972875,0.67570403436749,"1e-05 to 1",0.00354758175082655,-0.00224574626225005,174,"success","pgls5_castespolymorphic"
"OG0000849_00",0.0224098191345515,0.336783194950858,1,"1e-05 to 1",0.00587806916220588,9.82904945443508e-05,174,"success","pgls5_castespolymorphic"
"OG0000850_00",-0.00158309539098463,0.910841871744364,1e-05,"1e-05 to 1",0.000122320656566783,-0.00569092166519725,174,"success","pgls5_castespolymorphic"
"OG0000851_00",-0.0363684490202153,0.0731784303070224,1,"1e-05 to 1",0.0199255457387045,0.0142274384464877,174,"success","pgls5_castespolymorphic"
"OG0000852_00",-0.00618554380771332,0.615269356464262,1e-05,"1e-05 to 1",0.00164406235107612,-0.00416033263525484,174,"success","pgls5_castespolymorphic"
"OG0000854_00",0.000557542461546401,0.974526703638536,1,"1e-05 to 1",6.51508062653259e-06,-0.00580740052936979,174,"success","pgls5_castespolymorphic"
"OG0000855_00",-0.00758333801025265,0.298193155611196,0.191740508364199,"1e-05 to 1",0.00680481650247001,0.0010304259007401,174,"success","pgls5_castespolymorphic"
"OG0000856_00",-0.0354487888966095,0.0491507444483319,0.749429588589084,"1e-05 to 1",0.023972275375101,0.0182976955807702,174,"success","pgls5_castespolymorphic"
"OG0000857_00",-0.0159435211266359,0.459439080507828,0.680703595617994,"1e-05 to 1",0.003535853488655,-0.00225754271199241,174,"success","pgls5_castespolymorphic"
"OG0000858_00",0.0187620430194204,0.103192383174932,0.85386398580661,"1e-05 to 1",0.0225357740294698,0.0168528424831296,174,"success","pgls5_castespolymorphic"
"OG0000859_00",-0.00670492131858745,0.663080586570093,0.759382360260551,"1e-05 to 1",0.00119677255391357,-0.00461022295449398,174,"success","pgls5_castespolymorphic"
"OG0000860_00",0.000573527641901205,0.946705825020571,1e-05,"1e-05 to 1",2.78383062016462e-05,-0.00578595333155296,174,"success","pgls5_castespolymorphic"
"OG0000861_00",-0.00163691879871819,0.841691125934503,0.917923896417447,"1e-05 to 1",0.000274135290216152,-0.00553822438832907,174,"success","pgls5_castespolymorphic"
"OG0000862_00",0.0399994708689756,0.0405107824257347,0.781605037863333,"1e-05 to 1",0.0359851864646182,0.0303804491766217,174,"success","pgls5_castespolymorphic"
"OG0000864_00",-0.0285050491684826,0.142095856666404,0.765048521282354,"1e-05 to 1",0.0136761977829445,0.00794175707238021,174,"success","pgls5_castespolymorphic"
"OG0000865_00",-0.0358784913809171,0.106299507634522,1,"1e-05 to 1",0.0174113814376355,0.0116986569111102,174,"success","pgls5_castespolymorphic"
"OG0000867_00",-0.00702529164404082,0.787530166282198,0.978560583041208,"1e-05 to 1",0.000458192985190355,-0.00535309659047711,174,"success","pgls5_castespolymorphic"
"OG0000868_00",-0.00238266669775978,0.805508347051003,1,"1e-05 to 1",0.000375324434329804,-0.00543644693523815,174,"success","pgls5_castespolymorphic"
"OG0000869_00",-0.0195625801273619,0.237121326197949,0.737769451079888,"1e-05 to 1",0.00924349547875369,0.00348328324316505,174,"success","pgls5_castespolymorphic"
"OG0000870_00",-0.0157976730053769,0.325492224739941,1e-05,"1e-05 to 1",0.0060052178818411,0.000226178450921544,174,"success","pgls5_castespolymorphic"
"OG0000871_00",0.0519912248537895,0.0189942221862185,0.581098467325815,"1e-05 to 1",0.0384029442298641,0.032812263673061,174,"success","pgls5_castespolymorphic"
"OG0000872_00",0.0112500734268467,0.3241583008425,1e-05,"1e-05 to 1",0.00816968011732012,0.0024032247691651,174,"success","pgls5_castespolymorphic"
"OG0000873_00",-0.015942474217764,0.154370443177699,1e-05,"1e-05 to 1",0.0124818676994859,0.0067404832093666,174,"success","pgls5_castespolymorphic"
"OG0000874_00",-0.0230579575720614,0.141520598198515,1e-05,"1e-05 to 1",0.0134592525266394,0.00772355050644558,174,"success","pgls5_castespolymorphic"
"OG0000875_00",-0.0104698842935216,0.491550948627687,0.625342665687954,"1e-05 to 1",0.00348561445260896,-0.00230807383545728,174,"success","pgls5_castespolymorphic"
"OG0000876_00",-0.00629017645300641,0.740361910614559,1e-05,"1e-05 to 1",0.000683929597993016,-0.00512604755550705,174,"success","pgls5_castespolymorphic"
"OG0000877_00",0.045433086639623,0.00925331945320629,1e-05,"1e-05 to 1",0.0467391055654822,0.0411968910629559,174,"success","pgls5_castespolymorphic"
"OG0000878_00",-0.00819311972773279,0.546266615616357,0.709280691267051,"1e-05 to 1",0.00233839297917477,-0.00346196520117892,174,"success","pgls5_castespolymorphic"
"OG0000879_00",-0.0029739595054929,0.896499889794846,0.94489488278393,"1e-05 to 1",0.000106087095829946,-0.00570724960710134,174,"success","pgls5_castespolymorphic"
"OG0000880_00",-0.0135636807392283,0.41439334566836,1e-05,"1e-05 to 1",0.00473009883581268,-0.00105635407793248,174,"success","pgls5_castespolymorphic"
"OG0000881_00",0.0216873759753089,0.487622847383722,0.544112924760104,"1e-05 to 1",0.00347239589231048,-0.00232136924785054,174,"success","pgls5_castespolymorphic"
"OG0000882_00",0.0162908615569222,0.207271962178494,1,"1e-05 to 1",0.0110214924460669,0.00527161740214876,174,"success","pgls5_castespolymorphic"
"OG0000883_00",0.0109157942721212,0.551618219293584,1,"1e-05 to 1",0.00224778208894699,-0.00355310289890776,174,"success","pgls5_castespolymorphic"
"OG0000884_00",0.0409173107308135,0.0184120293136698,1,"1e-05 to 1",0.0340271523804963,0.028411031173406,174,"success","pgls5_castespolymorphic"
"OG0000885_00",0.0357719244652585,0.00601978480596688,1,"1e-05 to 1",0.046198129426677,0.0406527697140415,174,"success","pgls5_castespolymorphic"
"OG0000886_00",-0.00718864620712174,0.491280799707647,0.74255765533828,"1e-05 to 1",0.00294715785502579,-0.00284966099465422,174,"success","pgls5_castespolymorphic"
"OG0000887_00",-0.0303349492913079,0.119742640241037,0.790013463185329,"1e-05 to 1",0.0162773153436993,0.010557997409651,174,"success","pgls5_castespolymorphic"
"OG0000888_00",-0.00987838862357696,0.0351708046095391,1,"1e-05 to 1",0.0281293104050737,0.0224788994190566,174,"success","pgls5_castespolymorphic"
"OG0000891_00",-0.0316243867581091,0.128194678756867,0.543215554842278,"1e-05 to 1",0.0201828934445355,0.0144862823599108,174,"success","pgls5_castespolymorphic"
"OG0000892_00",0.00966234554239879,0.560831585765534,1,"1e-05 to 1",0.00214540662818983,-0.0036560735658322,174,"success","pgls5_castespolymorphic"
"OG0000893_00",-0.0242452708029753,0.00698203930035945,1,"1e-05 to 1",0.045154835297071,0.0396034099208912,174,"success","pgls5_castespolymorphic"
"OG0000895_00",-0.00727848095768055,0.424813086200638,1e-05,"1e-05 to 1",0.004251522352282,-0.00153771298287908,174,"success","pgls5_castespolymorphic"
"OG0000896_00",-0.0224720305583597,0.0238332245966231,0.940270071190499,"1e-05 to 1",0.0389609754795782,0.0333735392905059,174,"success","pgls5_castespolymorphic"
"OG0000897_00",-0.00814546200370955,0.678388295353287,0.815139241952308,"1e-05 to 1",0.00117299556101197,-0.00463413818572644,174,"success","pgls5_castespolymorphic"
"OG0000899_00",0.0114071347131101,0.0260690878319199,1e-05,"1e-05 to 1",0.0341495926946916,0.0285341833498932,174,"success","pgls5_castespolymorphic"
"OG0000900_00",0.0314611817510489,0.11092923296537,1e-05,"1e-05 to 1",0.0159031623908403,0.0101816691489266,174,"success","pgls5_castespolymorphic"
"OG0000901_00",0.00497880244183064,0.728116095860447,0.755435180092876,"1e-05 to 1",0.000781880507635043,-0.00502752716383226,174,"success","pgls5_castespolymorphic"
"OG0000902_00",-0.00825049769200591,0.331182814664792,1,"1e-05 to 1",0.00660447743164628,0.000828922067876769,174,"success","pgls5_castespolymorphic"
"OG0000903_00",0.0239998561261294,0.162915856607344,1,"1e-05 to 1",0.0124424194021418,0.00670080556145658,174,"success","pgls5_castespolymorphic"
"OG0000904_00",-0.0191728621048253,0.223489316217768,0.950360733496817,"1e-05 to 1",0.00924734398794264,0.00348715412740741,174,"success","pgls5_castespolymorphic"
"OG0000906_00",-0.00461651236657673,0.789386180097589,0.97754024766421,"1e-05 to 1",0.000455782308074203,-0.00535552128315775,174,"success","pgls5_castespolymorphic"
"OG0000907_00",-0.00360829861516957,0.809348284609414,1,"1e-05 to 1",0.00036718435966279,-0.00544463433592068,174,"success","pgls5_castespolymorphic"
"OG0000908_00",0.0367076709396312,0.0774902208252233,0.784988875083047,"1e-05 to 1",0.0191136722867173,0.0134108448000123,174,"success","pgls5_castespolymorphic"
"OG0000909_00",0.0212417122617439,0.043738171035911,1e-05,"1e-05 to 1",0.0250187478879296,0.0193502522361153,174,"success","pgls5_castespolymorphic"
"OG0000910_00",-0.0137993569428295,0.189225020015323,1e-05,"1e-05 to 1",0.0111660308234583,0.00541699611894353,174,"success","pgls5_castespolymorphic"
"OG0000911_01",0.00379057073270139,0.623811199954645,1,"1e-05 to 1",0.00284261033649393,-0.00295481634759631,174,"success","pgls5_castespolymorphic"
"OG0000912_00",-0.050145465682921,3.85166555143535e-05,0.98866464621489,"1e-05 to 1",0.127228958142312,0.122154707898953,174,"success","pgls5_castespolymorphic"
"OG0000913_00",-0.0171110770824973,0.309641653886398,1,"1e-05 to 1",0.00787833051271741,0.0021101812715123,174,"success","pgls5_castespolymorphic"
"OG0000914_00",0.00768019957407036,0.0739082030652605,1e-05,"1e-05 to 1",0.0358436589171946,0.0302380987946201,174,"success","pgls5_castespolymorphic"
"OG0000915_00",-0.0176425826183075,0.185019877860887,1,"1e-05 to 1",0.0111629139802191,0.0054138611545228,174,"success","pgls5_castespolymorphic"
"OG0000916_00",-0.0178625704484153,0.292605363744153,1e-05,"1e-05 to 1",0.00700763124211606,0.00123441979584937,174,"success","pgls5_castespolymorphic"
"OG0000917_00",0.0164162809158793,0.216678868078266,1,"1e-05 to 1",0.00970480617171842,0.00394727597504241,174,"success","pgls5_castespolymorphic"
"OG0000919_00",-0.00528219852135195,0.619986200766983,1,"1e-05 to 1",0.00194186615857085,-0.00386079741027467,174,"success","pgls5_castespolymorphic"
"OG0000920_00",0.00356100919153785,0.798614905760998,1e-05,"1e-05 to 1",0.000487491594586835,-0.00532362764032834,174,"success","pgls5_castespolymorphic"
"OG0000921_00",-0.0113679861722152,0.0116307933022228,1,"1e-05 to 1",0.0638403435918645,0.0583975548918172,174,"success","pgls5_castespolymorphic"
"OG0000923_00",-0.00126690558308805,0.906691233914645,1e-05,"1e-05 to 1",8.55965215758292e-05,-0.00572785931260111,174,"success","pgls5_castespolymorphic"
"OG0000924_00",-0.00749593487807713,0.636137518710682,0.844762740802733,"1e-05 to 1",0.00149605699319041,-0.00430919848940725,174,"success","pgls5_castespolymorphic"
"OG0000925_00",0.0312044620693484,0.11303343482305,0.845954829653512,"1e-05 to 1",0.0155247507351121,0.00980105742543247,174,"success","pgls5_castespolymorphic"
"OG0000926_00",0.00430911835502467,0.474301371201166,1e-05,"1e-05 to 1",0.00324510025842051,-0.00254998636798409,174,"success","pgls5_castespolymorphic"
"OG0000927_00",0.029579031320618,0.337485502938368,0.490292437321344,"1e-05 to 1",0.00571540557483755,-6.53188113552972e-05,174,"success","pgls5_castespolymorphic"
"OG0000928_00",-0.0202813007446267,0.151498243251129,1,"1e-05 to 1",0.0129759194714246,0.00723740737532819,174,"success","pgls5_castespolymorphic"
"OG0000929_00",0.00234341168994295,0.843002148849682,0.989421445686487,"1e-05 to 1",0.000250610899400771,-0.00556188554885839,174,"success","pgls5_castespolymorphic"
"OG0000930_00",-0.0377220067644496,0.0201660416135394,0.697128123201539,"1e-05 to 1",0.0405154080187227,0.0349370092281338,174,"success","pgls5_castespolymorphic"
"OG0000931_00",0.0131633584194246,0.333894125704913,0.68957129212833,"1e-05 to 1",0.0058737193707559,9.39154136090359e-05,174,"success","pgls5_castespolymorphic"
"OG0000932_00",0.0350507142176429,0.465285022813875,1,"1e-05 to 1",0.00523887537307946,-0.000544619537542257,174,"success","pgls5_castespolymorphic"
"OG0000933_00",-0.0258227781399633,0.21205807998162,0.919203996769057,"1e-05 to 1",0.0120459408343006,0.00630202188566298,174,"success","pgls5_castespolymorphic"
"OG0000934_00",-0.00976399431394484,0.53666862666942,1,"1e-05 to 1",0.00237565974983079,-0.00342448176325161,174,"success","pgls5_castespolymorphic"
"OG0000935_00",-0.00636147146200421,0.699338910272783,1,"1e-05 to 1",0.0017228827191362,-0.00408105400924086,174,"success","pgls5_castespolymorphic"
"OG0000936_00",-0.00290090283962373,0.809833122899339,0.868515745194542,"1e-05 to 1",0.000362993377933752,-0.00544884968382231,174,"success","pgls5_castespolymorphic"
"OG0000937_00",0.0135205369934016,0.407889338964235,1,"1e-05 to 1",0.00479505745650447,-0.000991017790841431,174,"success","pgls5_castespolymorphic"
"OG0000939_00",-0.00637858333399343,0.39780928804295,1e-05,"1e-05 to 1",0.00738118772294182,0.00161014811667981,174,"success","pgls5_castespolymorphic"
"OG0000942_00",0.00307557408020631,0.738161778863851,1,"1e-05 to 1",0.000709261343602601,-0.00510056853230667,174,"success","pgls5_castespolymorphic"
"OG0000943_00",-0.0188675682548269,0.305339888659605,0.882935278723634,"1e-05 to 1",0.00719541668822025,0.00142329701780286,174,"success","pgls5_castespolymorphic"
"OG0000944_00",0.018399492532152,0.273422487307209,1e-05,"1e-05 to 1",0.00749209104381365,0.00172169622430107,174,"success","pgls5_castespolymorphic"
"OG0000945_00",-0.0141261192636879,0.13985241265311,1e-05,"1e-05 to 1",0.0138303898808751,0.00809684563599655,174,"success","pgls5_castespolymorphic"
"OG0000946_00",-0.0154624330916546,0.54004845533592,1,"1e-05 to 1",0.00238095678908334,-0.00341915392725922,174,"success","pgls5_castespolymorphic"
"OG0000947_00",-0.00437632150360674,0.783683827621967,1e-05,"1e-05 to 1",0.000472375632183698,-0.00533883148623371,174,"success","pgls5_castespolymorphic"
"OG0000949_00",-0.00514589666213667,0.65600400702726,0.833723507413198,"1e-05 to 1",0.00124319553417939,-0.00456353007318011,174,"success","pgls5_castespolymorphic"
"OG0000950_00",0.0248535970760756,0.435776367299274,1,"1e-05 to 1",0.00647486768907886,0.000698558780294456,174,"success","pgls5_castespolymorphic"
"OG0000952_00",0.0233533714385156,0.237341696120634,0.296242028478957,"1e-05 to 1",0.00871605005159985,0.00295277127283,174,"success","pgls5_castespolymorphic"
"OG0000953_00",-0.0058049835721107,0.309968059299259,1e-05,"1e-05 to 1",0.00640188205627141,0.00062514881241249,174,"success","pgls5_castespolymorphic"
"OG0000954_00",-0.00867181410694325,0.672661364190124,0.940629054017467,"1e-05 to 1",0.00110467658166093,-0.00470285436844575,174,"success","pgls5_castespolymorphic"
"OG0000955_00",-0.0155063253470548,0.507651790909755,0.978538481730395,"1e-05 to 1",0.00435762263202095,-0.00143099584104878,174,"success","pgls5_castespolymorphic"
"OG0000956_00",0.0138943485945724,0.538080711758067,0.746353482772079,"1e-05 to 1",0.00256691066149865,-0.00323211892767872,174,"success","pgls5_castespolymorphic"
"OG0000957_00",0.00733523506448392,0.593019343619201,1e-05,"1e-05 to 1",0.00183530421255995,-0.00396797890248335,174,"success","pgls5_castespolymorphic"
"OG0000958_00",0.0186444510656374,0.0571222414211494,1e-05,"1e-05 to 1",0.0245659425296212,0.0188948142885143,174,"success","pgls5_castespolymorphic"
"OG0000959_00",0.03373267123007,0.154152019687424,0.602219795267167,"1e-05 to 1",0.0127300087735607,0.00699006696410454,174,"success","pgls5_castespolymorphic"
"OG0000960_00",-0.0296302105834664,0.14967426160567,0.925064178163178,"1e-05 to 1",0.0129285530097866,0.00718976552728534,174,"success","pgls5_castespolymorphic"
"OG0000961_00",0.0307161257455359,0.0340626491548144,1,"1e-05 to 1",0.0275964999134847,0.0219429911920513,174,"success","pgls5_castespolymorphic"
"OG0000962_00",-0.0125497852792187,0.19127735059171,1e-05,"1e-05 to 1",0.0111358093080211,0.0053865988970212,174,"success","pgls5_castespolymorphic"
"OG0000963_00",-0.00364560843245284,0.820489995993151,1,"1e-05 to 1",0.000320758956165241,-0.00549132965455468,174,"success","pgls5_castespolymorphic"
"OG0000964_00",-0.00406798899259573,0.821079538435722,0.868129536889367,"1e-05 to 1",0.000397947754102622,-0.00541369208453646,174,"success","pgls5_castespolymorphic"
"OG0000965_00",0.000396459990986843,0.976465715840227,0.469696151965411,"1e-05 to 1",5.49054199943534e-06,-0.00580843102461692,174,"success","pgls5_castespolymorphic"
"OG0000966_00",0.00315272123717117,0.83040413855638,1e-05,"1e-05 to 1",0.000368398786617844,-0.0054434128483436,174,"success","pgls5_castespolymorphic"
"OG0000967_00",0.0284231918035462,0.141109632207204,1,"1e-05 to 1",0.0173838566101306,0.0116709720555385,174,"success","pgls5_castespolymorphic"
"OG0000968_00",0.00503363375466421,0.647642936432266,1e-05,"1e-05 to 1",0.00168993009181558,-0.00411419822160397,174,"success","pgls5_castespolymorphic"
"OG0000969_00",-0.00248866368651743,0.863956540234555,1e-05,"1e-05 to 1",0.000260917553291584,-0.00555151897256123,174,"success","pgls5_castespolymorphic"
"OG0000970_00",0.00631461762990435,0.708801107828877,1e-05,"1e-05 to 1",0.00145940934235799,-0.00434605920797715,174,"success","pgls5_castespolymorphic"
"OG0000971_00",0.0446747852528532,0.05781831171962,0.928724409989063,"1e-05 to 1",0.0220374355920408,0.0163516067292039,174,"success","pgls5_castespolymorphic"
"OG0000972_00",0.0830027987695736,3.46715647547846e-05,0.708334414348893,"1e-05 to 1",0.103749294268627,0.0985385343515843,174,"success","pgls5_castespolymorphic"
"OG0000973_00",-0.00322846061099817,0.773850987031511,1e-05,"1e-05 to 1",0.000567292866291534,-0.0052433624077417,174,"success","pgls5_castespolymorphic"
"OG0000974_00",-0.00954310373022954,0.559480777099005,0.760769432765203,"1e-05 to 1",0.0043294077030359,-0.00145937481031844,174,"success","pgls5_castespolymorphic"
"OG0000975_00",-0.00634270338447803,0.439520479669511,1,"1e-05 to 1",0.00721651147999666,0.00144451445371763,174,"success","pgls5_castespolymorphic"
"OG0000976_00",0.0082144903472219,0.696868719082137,0.397354913226123,"1e-05 to 1",0.000956949112128138,-0.00485144071861532,174,"success","pgls5_castespolymorphic"
"OG0000977_00",0.0123576393479992,0.349304629433447,1e-05,"1e-05 to 1",0.00621529873653719,0.000437480705935633,174,"success","pgls5_castespolymorphic"
"OG0000978_00",-0.0412046071245676,0.0775512992395113,0.58216709200171,"1e-05 to 1",0.0192237618650586,0.0135215744340415,174,"success","pgls5_castespolymorphic"
"OG0000979_00",0.0263561617758806,0.541976965714284,0.723124330239112,"1e-05 to 1",0.0023143639871768,-0.00348613389661878,174,"success","pgls5_castespolymorphic"
"OG0000980_00",0.00952981799392559,0.327977023254861,1,"1e-05 to 1",0.00594402570039153,0.00016463050097526,174,"success","pgls5_castespolymorphic"
"OG0000981_01",0.00836781410895767,0.80733439839996,0.921796815084352,"1e-05 to 1",0.000695310410222073,-0.00511460057576496,174,"success","pgls5_castespolymorphic"
"OG0000982_00",0.00274786183863913,0.857453489307523,1,"1e-05 to 1",0.000202249140391207,-0.00561052848088561,174,"success","pgls5_castespolymorphic"
"OG0000983_00",0.00556330863560055,0.679532244867161,1e-05,"1e-05 to 1",0.00142702498872386,-0.00437863184273724,174,"success","pgls5_castespolymorphic"
"OG0000984_00",-0.000426165419591193,0.987365716607772,0.80676176851355,"1e-05 to 1",1.5820697785601e-06,-0.00581236222051351,174,"success","pgls5_castespolymorphic"
"OG0000985_00",0.0388542014690266,0.00899986930079377,1e-05,"1e-05 to 1",0.0413661715995277,0.0357927191088273,174,"success","pgls5_castespolymorphic"
"OG0000986_00",0.028457625230649,0.236893417785466,0.808617658313027,"1e-05 to 1",0.00867848442942524,0.00291498724587524,174,"success","pgls5_castespolymorphic"
"OG0000987_00",0.000199888954967453,0.990932781444827,0.959387031222723,"1e-05 to 1",7.99672127727784e-07,-0.00581314916698772,174,"success","pgls5_castespolymorphic"
"OG0000988_00",-0.00111979027208268,0.842753610599848,1,"1e-05 to 1",0.000245150419299452,-0.0055673777759373,174,"success","pgls5_castespolymorphic"
"OG0000989_00",0.0204907700609979,0.0812050698663651,0.821768434267383,"1e-05 to 1",0.0186510412646884,0.012945524062739,174,"success","pgls5_castespolymorphic"
"OG0000990_00",-0.00337483749059052,0.811053135107966,0.908609658570058,"1e-05 to 1",0.000382221315958468,-0.00542950995546043,174,"success","pgls5_castespolymorphic"
"OG0000992_00",-0.0117560293690937,0.232488646797866,1,"1e-05 to 1",0.0113849273306324,0.00563716528022906,174,"success","pgls5_castespolymorphic"
"OG0000993_00",-0.0115105362943097,0.433795457838727,0.910975875936226,"1e-05 to 1",0.00380977489358597,-0.00198202874075371,174,"success","pgls5_castespolymorphic"
"OG0000994_00",0.046345684306777,0.0117942420663648,1,"1e-05 to 1",0.0387401944844115,0.0331514746849022,174,"success","pgls5_castespolymorphic"
"OG0000997_00",0.00142941000262957,0.943972584612988,1,"1e-05 to 1",4.20324663805039e-05,-0.00577167664718714,174,"success","pgls5_castespolymorphic"
"OG0000998_00",-0.0491831537894166,0.0794053063968945,0.53253938792365,"1e-05 to 1",0.0202375815993562,0.01454128846912,174,"success","pgls5_castespolymorphic"
"OG0000999_00",0.00759893571145497,0.725733595312803,1,"1e-05 to 1",0.000863236613065398,-0.00494569805778888,174,"success","pgls5_castespolymorphic"
"OG0001000_00",-0.00805482533576668,0.564595800957878,1,"1e-05 to 1",0.00235882710016081,-0.00344141227716377,174,"success","pgls5_castespolymorphic"
"OG0001001_00",0.00255869543311731,0.894520318310374,0.656078991217981,"1e-05 to 1",0.00011304260815162,-0.00570025365575444,174,"success","pgls5_castespolymorphic"
"OG0001002_00",0.00951096039512114,0.568001664798683,1,"1e-05 to 1",0.0020548939795235,-0.00374711245082793,174,"success","pgls5_castespolymorphic"
"OG0001004_00",-0.00132729243487128,0.898770500205638,1,"1e-05 to 1",0.000103403519087509,-0.00570994878603392,174,"success","pgls5_castespolymorphic"
"OG0001005_00",-0.0156286501233239,0.296686623152155,0.796442899979544,"1e-05 to 1",0.00946595305256616,0.00370703417496476,174,"success","pgls5_castespolymorphic"
"OG0001006_00",0.00199973474523206,0.845190466125822,0.811178151548462,"1e-05 to 1",0.000246738088463569,-0.00556578087613846,174,"success","pgls5_castespolymorphic"
"OG0001008_00",0.00950475860122497,0.418760906004991,0.859232687621531,"1e-05 to 1",0.004514245306453,-0.0012734625696722,174,"success","pgls5_castespolymorphic"
"OG0001009_00",-0.0235317885260802,0.0586198003451228,1,"1e-05 to 1",0.026827143618879,0.0211691618957329,174,"success","pgls5_castespolymorphic"
"OG0001010_00",-0.0193452534410445,0.10538187745945,0.59048154022747,"1e-05 to 1",0.0162044772200909,0.0104847358085799,174,"success","pgls5_castespolymorphic"
"OG0001011_00",0.0159388278808293,0.0141974917321099,1,"1e-05 to 1",0.0369992907050641,0.031400449371954,174,"success","pgls5_castespolymorphic"
"OG0001013_00",0.0441154646940526,0.0753701648407503,0.847937688951022,"1e-05 to 1",0.0193884182210503,0.0136871880944285,174,"success","pgls5_castespolymorphic"
"OG0001014_00",-0.0181255733508759,0.352486520361947,1,"1e-05 to 1",0.00609076397320605,0.00031222190328295,174,"success","pgls5_castespolymorphic"
"OG0001015_00",-0.00031255477201981,0.982269691389772,1,"1e-05 to 1",3.05807891943392e-06,-0.00581087762992416,174,"success","pgls5_castespolymorphic"
"OG0001016_00",0.0115291035361546,0.539978090862242,1,"1e-05 to 1",0.00235195265585617,-0.00344832668916784,174,"success","pgls5_castespolymorphic"
"OG0001017_00",0.0103320804476068,0.564128086552015,1e-05,"1e-05 to 1",0.00205735502658572,-0.00374463709535267,174,"success","pgls5_castespolymorphic"
"OG0001018_00",-0.00270714446297265,0.801729624160095,0.545622850212689,"1e-05 to 1",0.000392792346330448,-0.00541887746560943,174,"success","pgls5_castespolymorphic"
"OG0001019_00",0.00327203390157299,0.804860093689356,1,"1e-05 to 1",0.000380235631194372,-0.00543150718490337,174,"success","pgls5_castespolymorphic"
"OG0001020_00",-0.0151197559256603,0.218543242667746,1,"1e-05 to 1",0.00987809412611935,0.00412157141755032,174,"success","pgls5_castespolymorphic"
"OG0001021_00",0.0321352370168654,0.158617743393189,0.727756570761519,"1e-05 to 1",0.0137535654074571,0.0080195745086632,174,"success","pgls5_castespolymorphic"
"OG0001022_00",-0.00604189316097091,0.366362572358933,1e-05,"1e-05 to 1",0.00513478285746251,-0.000649317242203296,174,"success","pgls5_castespolymorphic"
"OG0001023_00",-0.0535355404078697,0.0319072482715228,0.856866062929123,"1e-05 to 1",0.0293560378974433,0.0237127590480098,174,"success","pgls5_castespolymorphic"
"OG0001024_00",-0.0019456725100709,0.915365497987587,0.691399310715406,"1e-05 to 1",6.99292238938796e-05,-0.00574361769922294,174,"success","pgls5_castespolymorphic"
"OG0001027_00",0.00216993793672628,0.742661698278695,0.435338288135239,"1e-05 to 1",0.000688583412446044,-0.00512136668399332,174,"success","pgls5_castespolymorphic"
"OG0001028_00",0.0401425088972783,0.0346850278094055,0.627817732947972,"1e-05 to 1",0.027241638861161,0.0215860669940748,174,"success","pgls5_castespolymorphic"
"OG0001029_00",0.00287164511516673,0.32263038263098,1e-05,"1e-05 to 1",0.00627122907010192,0.000493736215858243,174,"success","pgls5_castespolymorphic"
"OG0001030_00",-0.0238682625868843,0.147325587671446,1,"1e-05 to 1",0.0204740255661121,0.0147791071101011,174,"success","pgls5_castespolymorphic"
"OG0001032_00",-0.00100574085269964,0.94907055494253,0.89024412634415,"1e-05 to 1",2.69294435613849e-05,-0.00578686747827839,174,"success","pgls5_castespolymorphic"
"OG0001033_00",0.0232206705406108,0.427215635292517,1,"1e-05 to 1",0.00394440809326008,-0.0018466127899186,174,"success","pgls5_castespolymorphic"
"OG0001034_00",0.000223868623949853,0.97903259125883,0.943726356418634,"1e-05 to 1",4.62024242491606e-06,-0.00580930638407273,174,"success","pgls5_castespolymorphic"
"OG0001035_00",0.00655279719064428,0.656480239531327,1e-05,"1e-05 to 1",0.00124733729334994,-0.00455936423401426,174,"success","pgls5_castespolymorphic"
"OG0001036_00",-0.00710173119879931,0.387857123900782,0.545214653595146,"1e-05 to 1",0.00478366446628922,-0.00100247701937195,174,"success","pgls5_castespolymorphic"
"OG0001037_00",-0.00705317752438464,0.640316063222301,0.907876592991428,"1e-05 to 1",0.00139409347146895,-0.00441175482230149,174,"success","pgls5_castespolymorphic"
"OG0001038_00",0.0202976199473204,0.0570394228805613,0.90239867994347,"1e-05 to 1",0.022174011514096,0.0164889766973174,174,"success","pgls5_castespolymorphic"
"OG0001040_00",-0.00489436205036449,0.65701566483046,1,"1e-05 to 1",0.00146485625477707,-0.00434058062746256,174,"success","pgls5_castespolymorphic"
"OG0001041_00",0.00209915165127169,0.823226276362659,1e-05,"1e-05 to 1",0.000308968527124573,-0.00550318863260135,174,"success","pgls5_castespolymorphic"
"OG0001042_00",0.0247329783815471,0.348706451274292,0.747385037699383,"1e-05 to 1",0.00556006076713627,-0.000221566786543059,174,"success","pgls5_castespolymorphic"
"OG0001043_00",0.0235799122505095,0.0875732199002801,1,"1e-05 to 1",0.019204524966086,0.0135022256926329,174,"success","pgls5_castespolymorphic"
"OG0001044_00",-0.017138344514778,0.272591437658044,0.830623978954458,"1e-05 to 1",0.00747133645584351,0.0017008209701217,174,"success","pgls5_castespolymorphic"
"OG0001045_00",0.00938471810375505,0.657695236043474,1,"1e-05 to 1",0.00121495400300166,-0.0045919357993065,174,"success","pgls5_castespolymorphic"
"OG0001046_00",-0.00834480399750565,0.669124527783115,0.533318082795923,"1e-05 to 1",0.00115886399420264,-0.00464835191280777,174,"success","pgls5_castespolymorphic"
"OG0001047_00",-0.0165587865601062,0.608922171065101,0.713304000371476,"1e-05 to 1",0.00179732283519925,-0.00400618110180551,174,"success","pgls5_castespolymorphic"
"OG0001048_00",-0.00250489554430166,0.888756538925989,1,"1e-05 to 1",0.000127455691159078,-0.00568575677575267,174,"success","pgls5_castespolymorphic"
"OG0001049_00",-0.0147743732671926,0.326170987276582,1,"1e-05 to 1",0.00598844134972683,0.000209304380829889,174,"success","pgls5_castespolymorphic"
"OG0001050_00",0.00139020312885129,0.954288134097381,1,"1e-05 to 1",2.03457790673678e-05,-0.00579348941989144,174,"success","pgls5_castespolymorphic"
"OG0001052_00",-0.0769037856038019,0.0164571496576542,1,"1e-05 to 1",0.0477840900398867,0.0422479510284907,174,"success","pgls5_castespolymorphic"
"OG0001053_00",0.0239872532097552,0.262861714588839,0.964538705809321,"1e-05 to 1",0.00797831277895948,0.00221074482999994,174,"success","pgls5_castespolymorphic"
"OG0001054_00",-0.00340126140896232,0.712695884849394,1e-05,"1e-05 to 1",0.000839266441797486,-0.00496980759051757,174,"success","pgls5_castespolymorphic"
"OG0001055_00",-0.00137905745001805,0.926658521652989,0.889375428900675,"1e-05 to 1",5.37960866019535e-05,-0.00575984463382473,174,"success","pgls5_castespolymorphic"
"OG0001056_00",0.0376943703168263,0.125931474643001,0.922463228316607,"1e-05 to 1",0.0261149579649355,0.0204528356275223,174,"success","pgls5_castespolymorphic"
"OG0001057_00",-0.0208594472811092,0.328636829917366,1,"1e-05 to 1",0.00600245330894624,0.000223397804928416,174,"success","pgls5_castespolymorphic"
"OG0001061_00",-0.0173050679776656,0.289338799195423,0.339944310639883,"1e-05 to 1",0.00748148398796604,0.00171102749952401,174,"success","pgls5_castespolymorphic"
"OG0001062_00",-0.00051306902627709,0.984221230282198,0.757983325931905,"1e-05 to 1",2.49922681708852e-06,-0.0058114397311666,174,"success","pgls5_castespolymorphic"
"OG0001063_00",-0.00959909464656231,0.153369697203753,1,"1e-05 to 1",0.0195017466295667,0.013801175389041,174,"success","pgls5_castespolymorphic"
"OG0001064_00",-0.0233681797976547,0.200570765305069,0.801898962011543,"1e-05 to 1",0.0108980361979464,0.00514744338514372,174,"success","pgls5_castespolymorphic"
"OG0001065_00",-0.0160466361216111,0.381562973583304,0.329557609880804,"1e-05 to 1",0.00842448467227829,0.00265951074595439,174,"success","pgls5_castespolymorphic"
"OG0001066_00",-0.010553427838764,0.682099036390927,0.944821907115211,"1e-05 to 1",0.00131498719788513,-0.00449132101608063,174,"success","pgls5_castespolymorphic"
"OG0001067_00",0.0153745107914843,0.335588680941455,0.705455429429664,"1e-05 to 1",0.00772897608268898,0.00195995850177433,174,"success","pgls5_castespolymorphic"
"OG0001068_00",0.00237124343819261,0.86759619154767,0.469463789307961,"1e-05 to 1",0.000349530547984586,-0.00546239078603872,174,"success","pgls5_castespolymorphic"
"OG0001069_00",-0.0231538067626534,0.430614067691304,0.629348137498414,"1e-05 to 1",0.00391133989909418,-0.00187987324102745,174,"success","pgls5_castespolymorphic"
"OG0001070_00",0.00558404771315378,0.708751304514447,0.461426051370672,"1e-05 to 1",0.00117674244539223,-0.00463036951713458,174,"success","pgls5_castespolymorphic"
"OG0001071_00",-0.000617264035083486,0.976118732189146,0.959481566522357,"1e-05 to 1",5.61824030974877e-06,-0.00580830258387444,174,"success","pgls5_castespolymorphic"
"OG0001072_00",-0.00332110962419742,0.824048303556243,0.464128920470411,"1e-05 to 1",0.000306054430772096,-0.0055061196713746,174,"success","pgls5_castespolymorphic"
"OG0001073_00",0.00570622068287487,0.573136369628315,0.523992861266889,"1e-05 to 1",0.00388759258989858,-0.00190375861597425,174,"success","pgls5_castespolymorphic"
"OG0001074_00",0.0220125307165283,0.22618740477798,0.619846471510728,"1e-05 to 1",0.00908413592497324,0.00332299718035101,174,"success","pgls5_castespolymorphic"
"OG0001075_00",0.00302398840992999,0.877826301079567,0.802325714181713,"1e-05 to 1",0.000150029133193565,-0.00566305209277607,174,"success","pgls5_castespolymorphic"
"OG0001076_00",0.0164298875740273,0.349075200103222,0.8502668396137,"1e-05 to 1",0.00548216272833984,-0.000299917720913978,174,"success","pgls5_castespolymorphic"
"OG0001077_00",-0.0236593222587959,0.244394798350693,1e-05,"1e-05 to 1",0.0085127960552511,0.00274833556720022,174,"success","pgls5_castespolymorphic"
"OG0001078_00",-0.0296350338197358,0.240840751948419,0.775011367413855,"1e-05 to 1",0.00858771702065246,0.00282369211960976,174,"success","pgls5_castespolymorphic"
"OG0001079_00",-0.0535980762331469,0.0480161195575115,0.805448368069377,"1e-05 to 1",0.0242122671031312,0.0185390826095446,174,"success","pgls5_castespolymorphic"
"OG0001080_00",0.0128605534039754,0.341528381641497,1e-05,"1e-05 to 1",0.0057275337832477,-5.31200901054962e-05,174,"success","pgls5_castespolymorphic"
"OG0001082_00",0.0602076576104313,0.0917189651665709,0.955274065991417,"1e-05 to 1",0.0273637690798116,0.0217089072721361,174,"success","pgls5_castespolymorphic"
"OG0001083_00",0.0287005182004639,0.108498325308822,0.550580986936606,"1e-05 to 1",0.0159213383557148,0.0101999507880154,174,"success","pgls5_castespolymorphic"
"OG0001084_00",0.0210194835341177,0.294654111109947,0.854441408316295,"1e-05 to 1",0.00694860891308155,0.00117505431373899,174,"success","pgls5_castespolymorphic"
"OG0001085_00",-0.0144596795750832,0.338421106889773,1e-05,"1e-05 to 1",0.00580150169978857,2.12778724617557e-05,174,"success","pgls5_castespolymorphic"
"OG0001086_00",-0.00255766034382937,0.454779453034351,1e-05,"1e-05 to 1",0.00508933955789651,-0.000695024746999451,174,"success","pgls5_castespolymorphic"
"OG0001087_00",0.00783584060328927,0.629302377112255,1,"1e-05 to 1",0.00145070218492966,-0.00435481698841378,174,"success","pgls5_castespolymorphic"
"OG0001088_00",-0.00985385259984467,0.639756090001917,0.803191780299328,"1e-05 to 1",0.00136392983440848,-0.00444209382934502,174,"success","pgls5_castespolymorphic"
"OG0001089_00",0.0316678879955355,0.188363458191702,0.772322068295702,"1e-05 to 1",0.0111372397612992,0.00538803766688822,174,"success","pgls5_castespolymorphic"
"OG0001090_00",0.0408917758605881,0.043660957832212,1,"1e-05 to 1",0.0268540570716648,0.0211962318220814,174,"success","pgls5_castespolymorphic"
"OG0001091_00",0.00567819976283092,0.720634321943197,0.715328704575058,"1e-05 to 1",0.000801466052355707,-0.00500782774966546,174,"success","pgls5_castespolymorphic"
"OG0001093_00",-0.010347667729719,0.259256918738462,1,"1e-05 to 1",0.00794763282819279,0.0021798865074264,174,"success","pgls5_castespolymorphic"
"OG0001094_00",0.0640900050993476,0.0360440834346443,0.913715071900632,"1e-05 to 1",0.0285928893112769,0.0229451735514586,174,"success","pgls5_castespolymorphic"
"OG0001095_00",-0.0112671650082756,0.359656396539924,1e-05,"1e-05 to 1",0.00531337199293862,-0.000469689797800044,174,"success","pgls5_castespolymorphic"
"OG0001096_00",0.0222093787639356,0.309905925655474,0.923206919239833,"1e-05 to 1",0.006484059194208,0.00070780372440693,174,"success","pgls5_castespolymorphic"
"OG0001097_00",-0.0183487928653875,0.212724796178399,1e-05,"1e-05 to 1",0.00962795215395758,0.00386997513159693,174,"success","pgls5_castespolymorphic"
"OG0001098_00",0.00942418817564957,0.693216160423576,0.921497449832935,"1e-05 to 1",0.00096915580249062,-0.00483916305912291,174,"success","pgls5_castespolymorphic"
"OG0001099_00",-0.0594088925640854,0.00185741020257213,0.975942047842257,"1e-05 to 1",0.0585591366480816,0.0530856432565007,174,"success","pgls5_castespolymorphic"
"OG0001100_00",0.0117322750027783,0.504564558116077,1,"1e-05 to 1",0.00275360254623707,-0.00304434162500566,174,"success","pgls5_castespolymorphic"
"OG0001101_00",0.0276173255530629,0.152320135205838,1,"1e-05 to 1",0.0134326746510381,0.00769681810831158,174,"success","pgls5_castespolymorphic"
"OG0001102_00",-0.0158294093532941,0.369199291067293,0.645141084221468,"1e-05 to 1",0.00507447932834272,-0.000709971373236584,174,"success","pgls5_castespolymorphic"
"OG0001104_00",-0.0221874451980093,0.476337772418442,0.729798606049309,"1e-05 to 1",0.00370909065596513,-0.00208329835184906,174,"success","pgls5_castespolymorphic"
"OG0001106_00",-0.0728712057536034,0.015048969999,0.703878020813281,"1e-05 to 1",0.0507426897993447,0.0452237519493409,174,"success","pgls5_castespolymorphic"
"OG0001107_00",-0.018835215856225,0.207087603745978,1,"1e-05 to 1",0.0126023970378722,0.00686171329972041,174,"success","pgls5_castespolymorphic"
"OG0001108_00",-0.0087187121022222,0.610078883265356,1,"1e-05 to 1",0.00168181134157391,-0.00412236417388212,174,"success","pgls5_castespolymorphic"
"OG0001109_00",-0.0108315676484782,0.43534931296064,1e-05,"1e-05 to 1",0.00403506719441188,-0.00175542660096939,174,"success","pgls5_castespolymorphic"
"OG0001110_00",-0.0139031688338441,0.52713257204918,0.660309219677752,"1e-05 to 1",0.00253591467753749,-0.00326329512084911,174,"success","pgls5_castespolymorphic"
"OG0001111_00",0.067634426886761,0.00631832179751601,0.737004630124341,"1e-05 to 1",0.0459581714199067,0.0404114166025805,174,"success","pgls5_castespolymorphic"
"OG0001112_00",0.0139065988886381,0.370345250589501,0.920530215792265,"1e-05 to 1",0.00498752575772546,-0.000797430487869288,174,"success","pgls5_castespolymorphic"
"OG0001113_00",-0.00644404429050963,0.801833366189175,0.680085809625437,"1e-05 to 1",0.000475268452456543,-0.00533592184723863,174,"success","pgls5_castespolymorphic"
"OG0001114_00",-0.0081559761551458,0.538105919287905,1,"1e-05 to 1",0.00245045093071981,-0.00334925574991551,174,"success","pgls5_castespolymorphic"
"OG0001115_00",-0.0043808798274685,0.809088556147918,0.938825307416013,"1e-05 to 1",0.000365896955880042,-0.00544592922460896,174,"success","pgls5_castespolymorphic"
"OG0001116_00",0.00480777760609163,0.732821446189081,1,"1e-05 to 1",0.00073036736440267,-0.00507933980208342,174,"success","pgls5_castespolymorphic"
"OG0001118_00",-0.0134179600159265,0.56899290207601,1,"1e-05 to 1",0.00219669170807846,-0.0036044903168746,174,"success","pgls5_castespolymorphic"
"OG0001119_00",-0.0311211616099946,0.0770956385628856,1,"1e-05 to 1",0.0256005016198904,0.0199353882572154,174,"success","pgls5_castespolymorphic"
"OG0001120_00",-0.0188290770778872,0.207016035959405,0.840598933884259,"1e-05 to 1",0.0141778867114733,0.00844636279700517,174,"success","pgls5_castespolymorphic"
"OG0001122_00",-0.0316598153073588,0.0526823724224439,1,"1e-05 to 1",0.0252984962766779,0.019631627068984,174,"success","pgls5_castespolymorphic"
"OG0001123_00",0.000203164918028009,0.991974442478991,0.832699025938411,"1e-05 to 1",1.02717135331871e-06,-0.00581292034509229,174,"success","pgls5_castespolymorphic"
"OG0001124_00",-0.0196323884279427,0.117530033089796,1,"1e-05 to 1",0.0151483252444369,0.00942244341446263,174,"success","pgls5_castespolymorphic"
"OG0001125_00",0.00595736141963748,0.860944035897723,1,"1e-05 to 1",0.000246436937094754,-0.0055660837783873,174,"success","pgls5_castespolymorphic"
"OG0001126_00",0.0169553595710885,0.401848188060876,0.389082241758842,"1e-05 to 1",0.00439647995131809,-0.00139191260710447,174,"success","pgls5_castespolymorphic"
"OG0001127_00",-0.0180658320576825,0.182837378111113,0.404289148362936,"1e-05 to 1",0.0110630829155216,0.00531344967665837,174,"success","pgls5_castespolymorphic"
"OG0001128_00",-0.0108643857651333,0.195613491710363,1e-05,"1e-05 to 1",0.0110666199254187,0.0053170072505665,174,"success","pgls5_castespolymorphic"
"OG0001129_00",-0.00500423041397484,0.701069133990924,0.922673355512778,"1e-05 to 1",0.000917717569404958,-0.00489090035170303,174,"success","pgls5_castespolymorphic"
"OG0001130_00",-0.00461804793526269,0.602850485020685,1,"1e-05 to 1",0.00172832308395303,-0.00407558201439606,174,"success","pgls5_castespolymorphic"
"OG0001131_00",0.00201035584872849,0.937198411240177,1,"1e-05 to 1",3.94156027736217e-05,-0.00577430872511719,174,"success","pgls5_castespolymorphic"
"OG0001132_00",0.0280193867065061,0.262951730435229,1,"1e-05 to 1",0.0078259008828244,0.00205744681818965,174,"success","pgls5_castespolymorphic"
"OG0001134_00",-0.00665347019200876,0.708680719222079,0.315437010984683,"1e-05 to 1",0.000869388561222028,-0.00493951034249185,174,"success","pgls5_castespolymorphic"
"OG0001135_00",-0.0261036903602873,0.12061969311697,1,"1e-05 to 1",0.0154727888034555,0.00974879338952217,174,"success","pgls5_castespolymorphic"
"OG0001136_00",0.0123052847115617,0.496023530824302,0.374198052828155,"1e-05 to 1",0.00290130775089377,-0.00289577766915916,174,"success","pgls5_castespolymorphic"
"OG0001137_00",7.14993032718825e-06,0.999220019745409,1e-05,"1e-05 to 1",6.65936302359096e-09,-0.00581394679029179,174,"success","pgls5_castespolymorphic"
"OG0001138_00",0.0160488881191621,0.279752937062879,1e-05,"1e-05 to 1",0.00729789052170692,0.00152636662939121,174,"success","pgls5_castespolymorphic"
"OG0001139_00",0.00770943934834484,0.443995240130966,0.856115971768927,"1e-05 to 1",0.00431487446629718,-0.00147399254261971,174,"success","pgls5_castespolymorphic"
"OG0001140_00",-0.000323140789662579,0.917517013116141,1,"1e-05 to 1",8.41140098484343e-05,-0.00572935044358269,174,"success","pgls5_castespolymorphic"
"OG0001141_00",-0.0200011278995466,0.171279868412705,0.826914231590736,"1e-05 to 1",0.0118134146811678,0.00606814383629084,174,"success","pgls5_castespolymorphic"
"OG0001142_00",-0.010503566546134,0.50869684740343,1,"1e-05 to 1",0.00273446334378551,-0.00306359210189022,174,"success","pgls5_castespolymorphic"
"OG0001143_00",0.00490870721147055,0.712610527689521,0.937750656583576,"1e-05 to 1",0.000872177088902604,-0.00493670560244097,174,"success","pgls5_castespolymorphic"
"OG0001145_00",0.0102389676019585,0.569260202571069,1,"1e-05 to 1",0.00214997732672194,-0.00365147629347162,174,"success","pgls5_castespolymorphic"
"OG0001146_00",-0.00685738194690167,0.52413589709406,1e-05,"1e-05 to 1",0.00294651836553229,-0.00285030420210997,174,"success","pgls5_castespolymorphic"
"OG0001147_00",-0.0113845263754114,0.648828307274802,0.793416332509987,"1e-05 to 1",0.00162517858969314,-0.00417932618594818,174,"success","pgls5_castespolymorphic"
"OG0001148_00",-0.0243366931242785,0.283429183004757,0.862177537084956,"1e-05 to 1",0.00737182570407891,0.00160073166747476,174,"success","pgls5_castespolymorphic"
"OG0001149_00",-0.0118866486593995,0.393004254611505,0.968660779548672,"1e-05 to 1",0.00462180713203505,-0.00116527538463918,174,"success","pgls5_castespolymorphic"
"OG0001150_00",0.00329572452593843,0.532489534864544,1,"1e-05 to 1",0.00289272515101836,-0.00290441016787124,174,"success","pgls5_castespolymorphic"
"OG0001152_00",0.0133970632127674,0.333634847176518,0.728160368983139,"1e-05 to 1",0.00599310364079138,0.000213993778237831,174,"success","pgls5_castespolymorphic"
"OG0001154_00",-0.000935017962195773,0.793817990254837,1,"1e-05 to 1",0.000469350594927495,-0.00534187411091613,174,"success","pgls5_castespolymorphic"
"OG0001155_00",-0.0141172411394091,0.332206314751687,0.339925900863782,"1e-05 to 1",0.00587778072999695,9.80003854037514e-05,174,"success","pgls5_castespolymorphic"
"OG0001156_00",-0.00174151075768113,0.882812390648705,1e-05,"1e-05 to 1",0.000148303642327239,-0.00566478761556621,174,"success","pgls5_castespolymorphic"
"OG0001157_00",-0.020078164487773,0.446487192795449,0.893899121587232,"1e-05 to 1",0.00436440346532791,-0.00142417558429231,174,"success","pgls5_castespolymorphic"
"OG0001159_00",-0.0164282592651949,0.43073799670533,1,"1e-05 to 1",0.00460518191436428,-0.00118199726055224,174,"success","pgls5_castespolymorphic"
"OG0001160_00",-0.0130995560237994,0.0799369435965063,1,"1e-05 to 1",0.0261972766736912,0.020535632933422,174,"success","pgls5_castespolymorphic"
"OG0001161_00",0.00679758121283054,0.583425680195041,0.751096887767907,"1e-05 to 1",0.00186035746587063,-0.00394277999072323,174,"success","pgls5_castespolymorphic"
"OG0001162_00",-0.0343721294034672,0.0902648459063125,0.563423790305626,"1e-05 to 1",0.0261011009591468,0.0204388980577466,174,"success","pgls5_castespolymorphic"
"OG0001163_00",-0.0407151392682696,0.063597896351884,0.525482061574372,"1e-05 to 1",0.0210807955538068,0.0153894048302824,174,"success","pgls5_castespolymorphic"
"OG0001164_00",0.0216543266741745,0.0161770044122953,1,"1e-05 to 1",0.0360542818087736,0.0304499462378945,174,"success","pgls5_castespolymorphic"
"OG0001165_00",-0.00447782636375788,0.635986686512579,0.802219022284784,"1e-05 to 1",0.00159323422849598,-0.00421145627017561,174,"success","pgls5_castespolymorphic"
"OG0001166_00",0.00260286910715841,0.838007331353409,1,"1e-05 to 1",0.000263666993859434,-0.00554875354687412,174,"success","pgls5_castespolymorphic"
"OG0001167_00",0.00125367719458966,0.929606736545348,1e-05,"1e-05 to 1",4.92344503050608e-05,-0.00576443279126293,174,"success","pgls5_castespolymorphic"
"OG0001168_00",-0.000736255077052443,0.961926975936949,1,"1e-05 to 1",1.43763916726336e-05,-0.00579949351302678,174,"success","pgls5_castespolymorphic"
"OG0001169_00",0.0198675335799029,0.310515002216732,1e-05,"1e-05 to 1",0.00650873865847774,0.000732626673934145,174,"success","pgls5_castespolymorphic"
"OG0001170_00",0.00662285006208942,0.616070525240062,1,"1e-05 to 1",0.00155561785021491,-0.0042492913483303,174,"success","pgls5_castespolymorphic"
"OG0001171_00",-0.00345445071558215,0.7787955653637,1e-05,"1e-05 to 1",0.000488414569893871,-0.00532269929888596,174,"success","pgls5_castespolymorphic"
"OG0001172_00",0.00652901558359932,0.584415894058615,1e-05,"1e-05 to 1",0.00208248248969496,-0.00371936354234159,174,"success","pgls5_castespolymorphic"
"OG0001173_00",-0.017384431488782,0.525578151324046,0.748686576217306,"1e-05 to 1",0.00258784276583589,-0.00321106512506053,174,"success","pgls5_castespolymorphic"
"OG0001174_00",0.0199370382366398,0.393384591997925,1e-05,"1e-05 to 1",0.00708157509910737,0.00130879355898583,174,"success","pgls5_castespolymorphic"
"OG0001175_00",0.00915886771391914,0.499607210949855,0.852374247426752,"1e-05 to 1",0.00283564880009518,-0.00296181835804377,174,"success","pgls5_castespolymorphic"
"OG0001176_00",-0.00911542949301768,0.277418001383275,1e-05,"1e-05 to 1",0.00785982683511969,0.00209157001439353,174,"success","pgls5_castespolymorphic"
"OG0001177_00",0.00228867102578042,0.821970988032756,1e-05,"1e-05 to 1",0.000315399120197067,-0.00549672065235995,174,"success","pgls5_castespolymorphic"
"OG0001178_00",-0.0101464352355415,0.519482280247645,0.910974653414881,"1e-05 to 1",0.00258182498278105,-0.00321711789522605,174,"success","pgls5_castespolymorphic"
"OG0001179_00",-0.00764211544125168,0.628986039864574,1,"1e-05 to 1",0.00147170473787291,-0.0043336923276045,174,"success","pgls5_castespolymorphic"
"OG0001180_00",-0.00595002522833312,0.71556029588441,1,"1e-05 to 1",0.00134715913756202,-0.00445896203024287,174,"success","pgls5_castespolymorphic"
"OG0001181_00",0.0218545858125269,0.109652108151381,1e-05,"1e-05 to 1",0.016016746461764,0.0102959135923556,174,"success","pgls5_castespolymorphic"
"OG0001182_00",0.00922550476892259,0.434631674641017,1,"1e-05 to 1",0.00381971564261809,-0.00197203019666903,174,"success","pgls5_castespolymorphic"
"OG0001183_00",-0.00320340136806023,0.89615566714631,0.859723724459938,"1e-05 to 1",0.000143745855382986,-0.0056693719012717,174,"success","pgls5_castespolymorphic"
"OG0001184_00",-0.00286784172172276,0.572546209361193,1,"1e-05 to 1",0.00196981623593946,-0.00383268483245613,174,"success","pgls5_castespolymorphic"
"OG0001185_00",-0.00503733253901013,0.312036034743287,1e-05,"1e-05 to 1",0.00630838716287195,0.0005311103440514,174,"success","pgls5_castespolymorphic"
"OG0001186_00",-0.0339974772925908,0.214076457789285,1,"1e-05 to 1",0.0121284128316749,0.00638497337139388,174,"success","pgls5_castespolymorphic"
"OG0001187_00",0.010605750124868,0.481825238712624,0.571406519822131,"1e-05 to 1",0.003196990330292,-0.00259837600499702,174,"success","pgls5_castespolymorphic"
"OG0001188_00",0.0318494255384429,0.140242834087704,0.445930753524529,"1e-05 to 1",0.0133788894181536,0.00764272017058476,174,"success","pgls5_castespolymorphic"
"OG0001190_00",-0.00440922137141274,0.792344109468181,0.881632238582593,"1e-05 to 1",0.000431742511538528,-0.00537970084595263,174,"success","pgls5_castespolymorphic"
"OG0001191_00",0.0196402499659032,0.236614207603676,1,"1e-05 to 1",0.00863521574240893,0.00287146699672525,174,"success","pgls5_castespolymorphic"
"OG0001192_00",-0.0299095639521703,0.159171563775291,0.676409680653346,"1e-05 to 1",0.0124272625186021,0.00668556055650094,174,"success","pgls5_castespolymorphic"
"OG0001193_00",-0.00666857079183009,0.772571220096084,0.928863481335962,"1e-05 to 1",0.000523550989425052,-0.0052873585978459,174,"success","pgls5_castespolymorphic"
"OG0001195_00",0.00120623821923136,0.941173179381495,0.872016503610399,"1e-05 to 1",3.69195299043061e-05,-0.00577681931003804,174,"success","pgls5_castespolymorphic"
"OG0001197_00",-0.0022970094761213,0.402528204772305,1e-05,"1e-05 to 1",0.00501073857346337,-0.000774082713900226,174,"success","pgls5_castespolymorphic"
"OG0001198_00",-0.00917962207574323,0.605705441966707,0.405671731374275,"1e-05 to 1",0.00166929323895691,-0.00413495505616535,174,"success","pgls5_castespolymorphic"
"OG0001200_00",-0.00813724248509814,0.692110175667757,0.810328161563508,"1e-05 to 1",0.00102773110886072,-0.004780247198646,174,"success","pgls5_castespolymorphic"
"OG0001201_00",-0.0136676712641564,0.31572930420878,0.675482519952661,"1e-05 to 1",0.00621312391180993,0.00043529323687852,174,"success","pgls5_castespolymorphic"
"OG0001202_00",-0.03168342514679,0.525599710134823,0.767568606646197,"1e-05 to 1",0.00449138522091195,-0.00129645556268732,174,"success","pgls5_castespolymorphic"
"OG0001203_00",0.00136021744962047,0.919639317236936,0.859612456969214,"1e-05 to 1",6.42146631689101e-05,-0.00574936548413829,174,"success","pgls5_castespolymorphic"
"OG0001204_00",0.0231847624684768,0.0995286084243947,0.617152163609636,"1e-05 to 1",0.0166587906212824,0.010941690566755,174,"success","pgls5_castespolymorphic"
"OG0001205_00",-0.0451125905583014,0.213526472509255,0.929481588117496,"1e-05 to 1",0.0095353181314886,0.00377680253922985,174,"success","pgls5_castespolymorphic"
"OG0001206_00",0.00454877799633362,0.693980042751088,0.973784697564843,"1e-05 to 1",0.00101462981519448,-0.00479342466262422,174,"success","pgls5_castespolymorphic"
"OG0001207_00",-0.0249128355177182,0.233517596064808,0.463914413587785,"1e-05 to 1",0.00897092146699338,0.0032091244987783,174,"success","pgls5_castespolymorphic"
"OG0001208_00",-0.00255136565367473,0.844935725301552,1,"1e-05 to 1",0.000239801589847067,-0.00557275770323518,174,"success","pgls5_castespolymorphic"
"OG0001209_00",0.00526092987844645,0.557691400078544,1,"1e-05 to 1",0.003252640856269,-0.00254240192945043,174,"success","pgls5_castespolymorphic"
"OG0001210_00",0.000124807452869965,0.97941538937803,1e-05,"1e-05 to 1",4.39425856285362e-06,-0.00580953368179427,174,"success","pgls5_castespolymorphic"
"OG0001211_00",-0.00314740210081951,0.856489913820592,1e-05,"1e-05 to 1",0.000258498959159213,-0.00555395162828765,174,"success","pgls5_castespolymorphic"
"OG0001214_00",-0.00113117579698126,0.529211143031274,1e-05,"1e-05 to 1",0.00287515412758932,-0.00292208334841315,174,"success","pgls5_castespolymorphic"
"OG0001215_00",-0.0139781987829156,0.435704945461846,0.731984309491781,"1e-05 to 1",0.0052015437181824,-0.000582168236944458,174,"success","pgls5_castespolymorphic"
"OG0001216_00",0.018021006999266,0.383672670711126,0.797886186766199,"1e-05 to 1",0.00471716545792739,-0.00106936264987523,174,"success","pgls5_castespolymorphic"
"OG0001217_00",0.0060333217003141,0.740479907622961,0.946246260417125,"1e-05 to 1",0.000687567480586815,-0.00512238852243296,174,"success","pgls5_castespolymorphic"
"OG0001218_00",-0.00604691334111505,0.586008866347945,1,"1e-05 to 1",0.00184638623139881,-0.00395683245330236,174,"success","pgls5_castespolymorphic"
"OG0001219_00",-0.00435814057446303,0.743392799503926,1e-05,"1e-05 to 1",0.00115787387068537,-0.00464934779285731,174,"success","pgls5_castespolymorphic"
"OG0001220_00",-0.018741647361539,0.319754226933457,1,"1e-05 to 1",0.00846133344727406,0.00269657375801413,174,"success","pgls5_castespolymorphic"
"OG0001222_00",-0.027778937351508,0.0779992791908979,0.97637122613145,"1e-05 to 1",0.0192854285311591,0.0135835996272705,174,"success","pgls5_castespolymorphic"
"OG0001223_00",0.00196846836222197,0.920439509490339,0.572495807795863,"1e-05 to 1",6.33375838461553e-05,-0.00575024766275956,174,"success","pgls5_castespolymorphic"
"OG0001224_00",-0.0194691849462731,0.275214158515743,0.505489908058348,"1e-05 to 1",0.00881269137769051,0.00304997446709576,174,"success","pgls5_castespolymorphic"
"OG0001225_00",-0.0106616601200354,0.417664668181972,0.816366288649471,"1e-05 to 1",0.00410985742685672,-0.00168020154159176,174,"success","pgls5_castespolymorphic"
"OG0001226_00",-0.00390464896602483,0.714178598286679,0.654111255269629,"1e-05 to 1",0.000830233056174595,-0.00497889349582437,174,"success","pgls5_castespolymorphic"
"OG0001227_00",0.0272645655663214,0.109746645407521,0.552891606343647,"1e-05 to 1",0.0182986316466058,0.012591065551528,174,"success","pgls5_castespolymorphic"
"OG0001228_00",0.0259147945691802,0.157081784065767,0.441112657159075,"1e-05 to 1",0.0123965439943804,0.00665466343620824,174,"success","pgls5_castespolymorphic"
"OG0001229_00",-0.0300663586413984,0.12536080408927,0.470962083814457,"1e-05 to 1",0.0144397004328232,0.00870969869115368,174,"success","pgls5_castespolymorphic"
"OG0001230_00",0.0276442070498745,0.0699367317351538,1,"1e-05 to 1",0.0201318777734566,0.014434970086093,174,"success","pgls5_castespolymorphic"
"OG0001231_00",-0.0102647099105534,0.51560582197945,0.927654556922796,"1e-05 to 1",0.00266314474692187,-0.00313532534175898,174,"success","pgls5_castespolymorphic"
"OG0001232_00",-0.026728639547986,0.170695384255008,0.72634123145443,"1e-05 to 1",0.01177124522387,0.00602572920772981,174,"success","pgls5_castespolymorphic"
"OG0001233_00",0.0106719081767689,0.46115657875174,0.433523017087869,"1e-05 to 1",0.00477341505233393,-0.00101278602294319,174,"success","pgls5_castespolymorphic"
"OG0001234_00",-0.036179918842859,0.0980920371278393,0.891249597027464,"1e-05 to 1",0.0171153576218774,0.0114009120266557,174,"success","pgls5_castespolymorphic"
"OG0001235_00",-0.0142305748691493,0.588427081842424,0.928234224699517,"1e-05 to 1",0.00183408909115491,-0.0039692010885477,174,"success","pgls5_castespolymorphic"
"OG0001236_00",0.0162295674510584,0.10925498552535,0.590178968586039,"1e-05 to 1",0.015853927807214,0.010132148317721,174,"success","pgls5_castespolymorphic"
"OG0001237_00",0.0105120167192088,0.594250017787743,0.848501819471517,"1e-05 to 1",0.00198927428172561,-0.0038131136584969,174,"success","pgls5_castespolymorphic"
"OG0001238_00",0.0370980416978154,0.0854263369833546,1,"1e-05 to 1",0.0183775408561347,0.012670433535531,174,"success","pgls5_castespolymorphic"
"OG0001239_00",-0.024361239918623,0.225750272523739,0.759136152945019,"1e-05 to 1",0.014077870452546,0.00834576504820028,174,"success","pgls5_castespolymorphic"
"OG0001241_00",-0.073944757635765,0.00063618364897966,1,"1e-05 to 1",0.0901412275191648,0.084851350934974,174,"success","pgls5_castespolymorphic"
"OG0001242_00",0.0130382536967665,0.505276957196726,0.205718589442219,"1e-05 to 1",0.00276149552062021,-0.00303640276123662,174,"success","pgls5_castespolymorphic"
"OG0001243_00",-0.005227977067123,0.735091876964499,0.619703520537393,"1e-05 to 1",0.000722054216522097,-0.00508770128221903,174,"success","pgls5_castespolymorphic"
"OG0001244_00",0.012104792195035,0.50397738754775,1e-05,"1e-05 to 1",0.00283121268629197,-0.00296628026320644,174,"success","pgls5_castespolymorphic"
"OG0001245_00",0.0149661278897391,0.233115198217631,0.90946469823509,"1e-05 to 1",0.00887413334583576,0.00311177365598603,174,"success","pgls5_castespolymorphic"
"OG0001246_00",-0.0276007976396327,0.160369859756069,0.791083393980767,"1e-05 to 1",0.012434543330896,0.00669288369909882,174,"success","pgls5_castespolymorphic"
"OG0001247_00",-0.0188452095944589,0.239632869568057,1e-05,"1e-05 to 1",0.00868598345522462,0.00292252987066199,174,"success","pgls5_castespolymorphic"
"OG0001248_00",-0.00968915240001086,0.64731130141362,1e-05,"1e-05 to 1",0.00132804201939785,-0.00447819029444285,174,"success","pgls5_castespolymorphic"
"OG0001249_00",0.0211134775114431,0.227125781910545,0.764744229847557,"1e-05 to 1",0.00904767108100584,0.0032863203314768,174,"success","pgls5_castespolymorphic"
"OG0001250_00",-0.0115861725642785,0.511149544310921,1,"1e-05 to 1",0.00270299040539075,-0.00309524802248484,174,"success","pgls5_castespolymorphic"
"OG0001251_00",-0.0119048310650193,0.624045010140332,0.379637366134669,"1e-05 to 1",0.00156373860214625,-0.00424112338272509,174,"success","pgls5_castespolymorphic"
"OG0001252_00",0.000767705379871468,0.957283875199016,0.554869678841305,"1e-05 to 1",1.86897746804366e-05,-0.00579515505221107,174,"success","pgls5_castespolymorphic"
"OG0001253_00",0.00511412101501747,0.780861727804846,0.850664037827535,"1e-05 to 1",0.000479097348346008,-0.00533207069032637,174,"success","pgls5_castespolymorphic"
"OG0001254_00",0.00726551924033963,0.600269885659825,1e-05,"1e-05 to 1",0.0018350190645422,-0.00396826570833841,174,"success","pgls5_castespolymorphic"
"OG0001255_00",0.00925729452845762,0.355984472936976,1,"1e-05 to 1",0.00775061268059471,0.00198172089385396,174,"success","pgls5_castespolymorphic"
"OG0001256_00",0.00864986323864184,0.396029220675974,1e-05,"1e-05 to 1",0.00445041067797569,-0.00133766832971061,174,"success","pgls5_castespolymorphic"
"OG0001257_00",-0.000697228171618756,0.957287939229128,1,"1e-05 to 1",1.79832988196745e-05,-0.00579586563548973,174,"success","pgls5_castespolymorphic"
"OG0001260_00",-0.0126421648052551,0.51498909108113,0.753323284310508,"1e-05 to 1",0.00297041323952685,-0.00282627040442951,174,"success","pgls5_castespolymorphic"
"OG0001261_00",0.0234469725733975,0.186767522909415,1,"1e-05 to 1",0.0110051535454831,0.00525518350795684,174,"success","pgls5_castespolymorphic"
"OG0001263_00",-0.0249839156489101,0.101786453135248,1e-05,"1e-05 to 1",0.0182324081194963,0.0125244570039121,174,"success","pgls5_castespolymorphic"
"OG0001264_00",-0.0162298209343213,0.21828225586113,1,"1e-05 to 1",0.0142632053849333,0.00853217750926427,174,"success","pgls5_castespolymorphic"
"OG0001265_00",0.0176359690586056,0.394011824209196,0.437629782689658,"1e-05 to 1",0.00460220690194988,-0.00118498956955038,174,"success","pgls5_castespolymorphic"
"OG0001266_00",-0.0255186346110528,0.217149444178983,1,"1e-05 to 1",0.0106314750272804,0.00487933244022976,174,"success","pgls5_castespolymorphic"
"OG0001267_00",-0.00426486946085739,0.535717833887647,1e-05,"1e-05 to 1",0.00237199431121411,-0.00342816851255789,174,"success","pgls5_castespolymorphic"
"OG0001268_00",-0.0345591859576434,0.0381812334476899,0.649059052658963,"1e-05 to 1",0.0269129759318449,0.0212554932337742,174,"success","pgls5_castespolymorphic"
"OG0001269_00",0.00648065040256049,0.64315558848238,0.717617525771205,"1e-05 to 1",0.00176499916742395,-0.00403869269788171,174,"success","pgls5_castespolymorphic"
"OG0001270_00",-0.0150250165276979,0.300152388775792,0.679235672179977,"1e-05 to 1",0.0124769718695597,0.00673555891531286,174,"success","pgls5_castespolymorphic"
"OG0001271_00",-0.00651422394021163,0.547710936064129,1,"1e-05 to 1",0.00283073749753162,-0.00296675821469217,174,"success","pgls5_castespolymorphic"
"OG0001272_00",0.0258342636118882,0.348952416048635,0.603460145830758,"1e-05 to 1",0.00622436164880953,0.000446596309558456,174,"success","pgls5_castespolymorphic"
"OG0001273_00",-0.00218037799880669,0.857514945368105,1,"1e-05 to 1",0.000199570742095532,-0.00561322245126439,174,"success","pgls5_castespolymorphic"
"OG0001275_00",-0.00594088322402005,0.712584902171126,0.960870211184733,"1e-05 to 1",0.00101602115397754,-0.00479202523466205,174,"success","pgls5_castespolymorphic"
"OG0001276_00",0.0120687757896517,0.579897639599943,0.734194803561146,"1e-05 to 1",0.00189540602253648,-0.0039075276633791,174,"success","pgls5_castespolymorphic"
"OG0001278_00",0.00999710216972007,0.277539597778846,1e-05,"1e-05 to 1",0.00731943996023935,0.00154804135535691,174,"success","pgls5_castespolymorphic"
"OG0001279_00",0.00322386936141527,0.894025622891723,0.900820176563543,"1e-05 to 1",0.00011055702402898,-0.00570275369094753,174,"success","pgls5_castespolymorphic"
"OG0001280_00",0.0149943885164281,0.394399317117345,0.881152380041887,"1e-05 to 1",0.00474497366160325,-0.00104139277059678,174,"success","pgls5_castespolymorphic"
"OG0001281_00",-0.00410968739922267,0.703669665942081,0.956645363601199,"1e-05 to 1",0.000906684225683732,-0.00490199784277157,174,"success","pgls5_castespolymorphic"
"OG0001282_00",-0.00704972216616737,0.636632832633515,0.51738034532325,"1e-05 to 1",0.00141596018605675,-0.00438976097565225,174,"success","pgls5_castespolymorphic"
"OG0001283_00",0.00813351601280958,0.763050169670417,0.393265497080182,"1e-05 to 1",0.000588101295571946,-0.0052224329992212,174,"success","pgls5_castespolymorphic"
"OG0001285_00",-0.00262615158698684,0.831618603364787,1e-05,"1e-05 to 1",0.000333594165891736,-0.00547841982151587,174,"success","pgls5_castespolymorphic"
"OG0001286_00",0.00494679620596819,0.697972153334328,1,"1e-05 to 1",0.00111899371465003,-0.00468845399631124,174,"success","pgls5_castespolymorphic"
"OG0001287_00",0.012886409009456,0.310826444996785,1e-05,"1e-05 to 1",0.00637927960619372,0.000602414952741381,174,"success","pgls5_castespolymorphic"
"OG0001288_00",-0.000511042021901689,0.554628826174695,1e-05,"1e-05 to 1",0.00221397622403108,-0.00358710530954998,174,"success","pgls5_castespolymorphic"
"OG0001289_00",-0.0285730779516327,0.0868626207680001,1e-05,"1e-05 to 1",0.0182117378549511,0.0125036665634102,174,"success","pgls5_castespolymorphic"
"OG0001291_00",-0.00487336434356566,0.737268331939877,1,"1e-05 to 1",0.00106616869602306,-0.0047415861371396,174,"success","pgls5_castespolymorphic"
"OG0001292_00",-0.00531873663463012,0.687845498979388,1,"1e-05 to 1",0.00100526900166156,-0.00480283989949171,174,"success","pgls5_castespolymorphic"
"OG0001293_00",0.0271670621942834,0.0538423533189472,0.482824667023177,"1e-05 to 1",0.0227559123430557,0.0170742606706316,174,"success","pgls5_castespolymorphic"
"OG0001294_00",-0.0080810167626854,0.540699486701279,0.894858529979364,"1e-05 to 1",0.00241935134894782,-0.00338053614320954,174,"success","pgls5_castespolymorphic"
"OG0001295_00",-0.00089113770441456,0.901544716078508,1e-05,"1e-05 to 1",9.59461429759484e-05,-0.00571744951898356,174,"success","pgls5_castespolymorphic"
"OG0001296_00",-0.0018005686021253,0.926003400220121,1e-05,"1e-05 to 1",0.000108490591015564,-0.00570483213810657,174,"success","pgls5_castespolymorphic"
"OG0001297_00",0.00212339471023159,0.884907305883886,0.873205319468405,"1e-05 to 1",0.000130538582865468,-0.00568265596025741,174,"success","pgls5_castespolymorphic"
"OG0001298_00",-0.0121770894360683,0.714548804825416,0.684015285755831,"1e-05 to 1",0.00084900529735353,-0.00496001211370833,174,"success","pgls5_castespolymorphic"
"OG0001299_00",0.0215072995939259,0.127433579386121,1e-05,"1e-05 to 1",0.0146439241124598,0.00891510971776477,174,"success","pgls5_castespolymorphic"
"OG0001300_00",0.0135685103564183,0.244587912287654,1,"1e-05 to 1",0.00834851900435768,0.00258310341717372,174,"success","pgls5_castespolymorphic"
"OG0001301_00",0.02464200475825,0.196352958470956,1,"1e-05 to 1",0.010346616482907,0.00459281774152853,174,"success","pgls5_castespolymorphic"
"OG0001302_00",-0.00954702240961386,0.579640314389192,0.3468703426679,"1e-05 to 1",0.00190979303588187,-0.00389305700460718,174,"success","pgls5_castespolymorphic"
"OG0001303_00",-0.00565516851063106,0.829670168710167,0.873325975388966,"1e-05 to 1",0.000288297181388419,-0.0055239801605802,174,"success","pgls5_castespolymorphic"
"OG0001305_00",0.00347203192929244,0.853548901565596,1e-05,"1e-05 to 1",0.000212277244025101,-0.00560044207432364,174,"success","pgls5_castespolymorphic"
"OG0001306_00",0.0245403121513266,0.3956453121521,0.893519710207517,"1e-05 to 1",0.00454181208980257,-0.0012457355143265,174,"success","pgls5_castespolymorphic"
"OG0001307_00",0.00784839983687131,0.719208413817352,1,"1e-05 to 1",0.000989942132100527,-0.00481825587875928,174,"success","pgls5_castespolymorphic"
"OG0001308_00",-0.00687430474508175,0.178545906343492,1,"1e-05 to 1",0.0111428530813799,0.00539368362255077,174,"success","pgls5_castespolymorphic"
"OG0001309_00",0.000566350422632231,0.970517204367685,1e-05,"1e-05 to 1",8.61830052118278e-06,-0.0058052850814525,174,"success","pgls5_castespolymorphic"
"OG0001310_00",0.0248098407835481,0.0918556976462428,0.847926067328284,"1e-05 to 1",0.0179928348069465,0.0122834908232659,174,"success","pgls5_castespolymorphic"
"OG0001311_00",0.00425145010565515,0.479030650835539,0.792342438171437,"1e-05 to 1",0.00317631856191597,-0.00261916795807293,174,"success","pgls5_castespolymorphic"
"OG0001312_00",-0.00130864787064937,0.951896372707328,0.43166047825772,"1e-05 to 1",2.28157340838518e-05,-0.00579100510467145,174,"success","pgls5_castespolymorphic"
"OG0001313_00",-0.0171312830078413,0.39284805548999,0.893922852769497,"1e-05 to 1",0.00462485210105593,-0.00116221271230987,174,"success","pgls5_castespolymorphic"
"OG0001314_00",0.0260141584005717,0.181590970485717,1e-05,"1e-05 to 1",0.0112664705557842,0.00551801980320166,174,"success","pgls5_castespolymorphic"
"OG0001315_00",-0.0120997729256724,0.510084900008758,0.32846346972295,"1e-05 to 1",0.00269971696009081,-0.00309854049944347,174,"success","pgls5_castespolymorphic"
"OG0001316_00",-0.0105144634220203,0.385831561521711,1e-05,"1e-05 to 1",0.00485570470099355,-0.000930017946093598,174,"success","pgls5_castespolymorphic"
"OG0001317_00",-0.00339329658319868,0.870777540112147,0.427014843316488,"1e-05 to 1",0.000164856817550977,-0.00564813820095167,174,"success","pgls5_castespolymorphic"
"OG0001318_00",0.00227136416940373,0.737955361503633,1e-05,"1e-05 to 1",0.000719556216816424,-0.00509021380517893,174,"success","pgls5_castespolymorphic"
"OG0001319_00",-0.00888371232022657,0.561923848537869,0.797585320871271,"1e-05 to 1",0.00212003510039913,-0.00368159260250556,174,"success","pgls5_castespolymorphic"
"OG0001320_00",-0.0372966120788001,0.0258326678025256,0.702751021760675,"1e-05 to 1",0.0308523336958104,0.0252177542405535,174,"success","pgls5_castespolymorphic"
"OG0001321_00",0.00561959310321499,0.275892734204785,1,"1e-05 to 1",0.00835501601865621,0.00258963820481106,174,"success","pgls5_castespolymorphic"
"OG0001322_00",0.00693340702112477,0.661442424187956,1e-05,"1e-05 to 1",0.00179907377328728,-0.00400441998384493,174,"success","pgls5_castespolymorphic"
"OG0001323_00",0.0158183836554389,0.0450755843523107,1,"1e-05 to 1",0.0261584368131531,0.0204965672597411,174,"success","pgls5_castespolymorphic"
"OG0001324_00",-0.0134399860147562,0.23660247776275,1,"1e-05 to 1",0.0096466722629806,0.00388880407846304,174,"success","pgls5_castespolymorphic"
"OG0001325_00",0.00314301772018227,0.732401502615131,1e-05,"1e-05 to 1",0.00072819216012728,-0.00508152765289505,174,"success","pgls5_castespolymorphic"
"OG0001326_00",0.00248350813594742,0.680544115018832,1,"1e-05 to 1",0.00110370984509811,-0.0047038267255699,174,"success","pgls5_castespolymorphic"
"OG0001327_00",-0.0145881427900571,0.340946055551112,0.79009645432674,"1e-05 to 1",0.00692504563287611,0.00115135403771838,174,"success","pgls5_castespolymorphic"
"OG0001328_00",-0.0251627915074428,0.0595784467672484,0.829083433815217,"1e-05 to 1",0.0234598184395204,0.0177822592444015,174,"success","pgls5_castespolymorphic"
"OG0001330_00",-0.0124394603279533,0.405355262033675,1,"1e-05 to 1",0.00435878844180663,-0.00142982325329921,174,"success","pgls5_castespolymorphic"
"OG0001331_00",-0.00854837387578104,0.513659276385949,1,"1e-05 to 1",0.00272218621213028,-0.00307594061221783,174,"success","pgls5_castespolymorphic"
"OG0001332_00",-0.00609443206835506,0.55076259509661,1e-05,"1e-05 to 1",0.00237810796528405,-0.00342201931398756,174,"success","pgls5_castespolymorphic"
"OG0001333_00",0.00569971917836746,0.674392889386096,0.97448871166637,"1e-05 to 1",0.00131144534993006,-0.00449488345617488,174,"success","pgls5_castespolymorphic"
"OG0001334_00",-0.00570928311384982,0.503388567653881,1e-05,"1e-05 to 1",0.00377160966914544,-0.00202041585603396,174,"success","pgls5_castespolymorphic"
"OG0001336_00",0.00834049567588766,0.502697946861347,1e-05,"1e-05 to 1",0.00369055348214854,-0.00210194329993207,174,"success","pgls5_castespolymorphic"
"OG0001337_00",0.00226901538267052,0.799419022237258,1,"1e-05 to 1",0.000472898365435679,-0.00533830571383498,174,"success","pgls5_castespolymorphic"
"OG0001338_00",0.0279569505350286,0.105725064810238,1e-05,"1e-05 to 1",0.0167956109724973,0.0110793063851282,174,"success","pgls5_castespolymorphic"
"OG0001339_00",0.00302048794989171,0.807271319329846,0.972070689341084,"1e-05 to 1",0.00043270695944759,-0.00537873079078821,174,"success","pgls5_castespolymorphic"
"OG0001340_00",0.0206515818210889,0.011336742481123,0.471434278920445,"1e-05 to 1",0.0394012202804832,0.0338163436542069,174,"success","pgls5_castespolymorphic"
"OG0001341_00",0.00628937348858732,0.506505850795458,1,"1e-05 to 1",0.00276279943156899,-0.00303509126941015,174,"success","pgls5_castespolymorphic"
"OG0001342_00",0.0168840256141067,0.552781305369421,0.768046173619995,"1e-05 to 1",0.00346544253317481,-0.00232836303349271,174,"success","pgls5_castespolymorphic"
"OG0001343_00",0.0481798787880907,0.0341213500553672,1,"1e-05 to 1",0.0279217497570502,0.0222701320230795,174,"success","pgls5_castespolymorphic"
"OG0001344_00",0.039818820082053,7.25797645118043e-06,0.330154024587774,"1e-05 to 1",0.119231537963607,0.114110791091303,174,"success","pgls5_castespolymorphic"
"OG0001345_00",0.00298517088085607,0.893869280900034,0.362732872352644,"1e-05 to 1",0.000112284487743812,-0.00570101618383911,174,"success","pgls5_castespolymorphic"
"OG0001346_00",-0.0115719816438407,0.203032478848379,1e-05,"1e-05 to 1",0.0120645200168421,0.00632070908670745,174,"success","pgls5_castespolymorphic"
"OG0001348_00",0.0108085655139521,0.568787980964571,0.69529884935332,"1e-05 to 1",0.00207269139902135,-0.00372921155796124,174,"success","pgls5_castespolymorphic"
"OG0001349_00",0.0285078437636137,0.063088899650644,1,"1e-05 to 1",0.0221093547173264,0.0164239439889386,174,"success","pgls5_castespolymorphic"
"OG0001350_00",-0.067366802453299,0.0522085285935838,0.736082820681625,"1e-05 to 1",0.0268461893888323,0.0211883183969069,174,"success","pgls5_castespolymorphic"
"OG0001351_00",0.00737430577101311,0.494340301596084,1e-05,"1e-05 to 1",0.00292401018751651,-0.0028729432416259,174,"success","pgls5_castespolymorphic"
"OG0001352_00",0.0231162028649486,0.377004127055267,0.570303328884181,"1e-05 to 1",0.00497444307950937,-0.000810589228167791,174,"success","pgls5_castespolymorphic"
"OG0001353_00",0.021092767434188,0.0941642303462782,1e-05,"1e-05 to 1",0.0239649008624747,0.0182902781930704,174,"success","pgls5_castespolymorphic"
"OG0001354_00",0.0370444259817097,0.122155945518165,0.723304104604027,"1e-05 to 1",0.0226057334619152,0.0169232086564611,174,"success","pgls5_castespolymorphic"
"OG0001356_00",0.011826296763871,0.550507571540358,0.549368045356057,"1e-05 to 1",0.00221813892568843,-0.00358291840613889,174,"success","pgls5_castespolymorphic"
"OG0001357_00",0.00596572535249432,0.50113250201854,1,"1e-05 to 1",0.00346168375581123,-0.00233214366421297,174,"success","pgls5_castespolymorphic"
"OG0001358_00",-0.0404542985063184,0.00118649041100061,1,"1e-05 to 1",0.0848791059749746,0.0795586356608755,174,"success","pgls5_castespolymorphic"
"OG0001359_00",0.0127697293338327,0.473352039379457,0.570383047563397,"1e-05 to 1",0.00347960533831868,-0.00231411788645852,174,"success","pgls5_castespolymorphic"
"OG0001360_00",-0.014746015781857,0.125835814693871,0.524589316284406,"1e-05 to 1",0.0144928196696716,0.0087631267607744,174,"success","pgls5_castespolymorphic"
"OG0001361_00",-0.00246047267645528,0.822087735332328,0.247761805029048,"1e-05 to 1",0.000316953073496644,-0.00549515766444819,174,"success","pgls5_castespolymorphic"
"OG0001362_00",-0.00495259968992937,0.627933562153311,1,"1e-05 to 1",0.00146230800010625,-0.00434314369756761,174,"success","pgls5_castespolymorphic"
"OG0001363_00",-0.024533381125534,0.269527842300722,0.792623185228595,"1e-05 to 1",0.00752043461334017,0.00175020458202235,174,"success","pgls5_castespolymorphic"
"OG0001364_00",0.0323134093917784,0.188711623656641,0.583712385099374,"1e-05 to 1",0.0108407095702643,0.00508978346311462,174,"success","pgls5_castespolymorphic"
"OG0001365_00",0.0154222255807148,0.522283739480957,0.779415965845969,"1e-05 to 1",0.00262919879301253,-0.0031694686558652,174,"success","pgls5_castespolymorphic"
"OG0001366_00",0.0128130450532945,0.479691818588741,0.874080581873745,"1e-05 to 1",0.00310769093144827,-0.00268819458639213,174,"success","pgls5_castespolymorphic"
"OG0001367_00",0.0178827222697537,0.578991683435121,0.912369533772734,"1e-05 to 1",0.00192833215334477,-0.00387441010157774,174,"success","pgls5_castespolymorphic"
"OG0001369_00",0.00744862516268375,0.453938512127145,0.858971452592118,"1e-05 to 1",0.00422346512515525,-0.00156593333341926,174,"success","pgls5_castespolymorphic"
"OG0001371_00",-0.0312156823812742,0.146211859400645,0.741733258815484,"1e-05 to 1",0.0129880830390353,0.00724964166135522,174,"success","pgls5_castespolymorphic"
"OG0001372_00",0.0397009697088541,0.0384456026239093,0.861482254551804,"1e-05 to 1",0.0263454783815845,0.0206846962791518,174,"success","pgls5_castespolymorphic"
"OG0001373_00",-0.00232005661965679,0.841208955214018,1,"1e-05 to 1",0.000251622566689513,-0.00556086799978317,174,"success","pgls5_castespolymorphic"
"OG0001374_00",0.00923147703518785,0.46245379716773,0.72441798110191,"1e-05 to 1",0.00358125066444849,-0.00221188159913033,174,"success","pgls5_castespolymorphic"
"OG0001375_00",-0.0672974940529677,0.0018229143770867,1,"1e-05 to 1",0.0602168556202805,0.0547530001297006,174,"success","pgls5_castespolymorphic"
"OG0001376_00",-0.00541166500862394,0.704777462338349,1,"1e-05 to 1",0.000888452385801159,-0.00492033568172334,174,"success","pgls5_castespolymorphic"
"OG0001377_00",0.0203405453084372,0.258133902783817,1,"1e-05 to 1",0.00835004293794025,0.00258463621083527,174,"success","pgls5_castespolymorphic"
"OG0001378_00",-0.00154365865820094,0.521126658280447,1e-05,"1e-05 to 1",0.00262696244730301,-0.00317171800358484,174,"success","pgls5_castespolymorphic"
"OG0001379_00",-0.0275281888103032,0.228056068389987,0.902486673133047,"1e-05 to 1",0.00906793951016199,0.00330670660033738,174,"success","pgls5_castespolymorphic"
"OG0001380_00",0.0987224158665027,8.19459363883279e-05,0.936287552156948,"1e-05 to 1",0.112888768537896,0.107731145099163,174,"success","pgls5_castespolymorphic"
"OG0001382_00",0.0368091396471155,0.0624633963365391,0.972810784983309,"1e-05 to 1",0.0213921868799641,0.0157026065711267,174,"success","pgls5_castespolymorphic"
"OG0001383_00",0.0215059281071352,0.165878527288845,1e-05,"1e-05 to 1",0.0121920676289418,0.00644899825469136,174,"success","pgls5_castespolymorphic"
"OG0001384_00",0.0476531144999882,0.0707480406941761,0.842143303895656,"1e-05 to 1",0.0201404959583892,0.014443638376752,174,"success","pgls5_castespolymorphic"
"OG0001385_00",0.0528709357000166,0.00504699548952603,0.645932799837968,"1e-05 to 1",0.0480987036766244,0.0425643938142792,174,"success","pgls5_castespolymorphic"
"OG0001386_00",-0.00978440534855237,0.292133599999578,0.598220104242595,"1e-05 to 1",0.00689051241087678,0.00111662004117263,174,"success","pgls5_castespolymorphic"
"OG0001387_00",0.030657349416951,0.293617256086216,0.787142834525028,"1e-05 to 1",0.00689121400949362,0.00111732571885126,174,"success","pgls5_castespolymorphic"
"OG0001388_00",-0.00172162245970297,0.823754453770204,1,"1e-05 to 1",0.000307094468147102,-0.00550507358727059,174,"success","pgls5_castespolymorphic"
"OG0001389_00",-0.0153247187520608,0.436502250394726,0.575254568496781,"1e-05 to 1",0.00378877094203693,-0.00200315480829993,174,"success","pgls5_castespolymorphic"
"OG0001390_00",0.00297228188177413,0.891046981982069,0.75493010064365,"1e-05 to 1",0.000116174668103681,-0.00569710338615148,174,"success","pgls5_castespolymorphic"
"OG0001391_00",0.00214856318265658,0.862102972873674,0.573913885089055,"1e-05 to 1",0.000187962239899234,-0.00562489844475245,174,"success","pgls5_castespolymorphic"
"OG0001393_00",-0.000281173032891758,0.983524527513226,1e-05,"1e-05 to 1",2.70753469406656e-06,-0.00581123021219709,174,"success","pgls5_castespolymorphic"
"OG0001394_00",-0.0250306321457285,0.196654160442695,1,"1e-05 to 1",0.0105285427508281,0.00477580172030967,174,"success","pgls5_castespolymorphic"
"OG0001395_00",-0.00876272451209635,0.719267157321512,1,"1e-05 to 1",0.00083586569917182,-0.00497322810490264,174,"success","pgls5_castespolymorphic"
"OG0001396_00",0.00137564326052162,0.866384554041033,1,"1e-05 to 1",0.000178588458658716,-0.00563432672472119,174,"success","pgls5_castespolymorphic"
"OG0001397_00",-0.00259847125097568,0.791529155868035,1e-05,"1e-05 to 1",0.00043521737373571,-0.00537620578106823,174,"success","pgls5_castespolymorphic"
"OG0001398_00",-0.0441252573353741,0.111704106174502,0.860627067839096,"1e-05 to 1",0.0156391744621985,0.0099161464067461,174,"success","pgls5_castespolymorphic"
"OG0001399_00",-0.00479490468615571,0.717010290336864,0.672229259593366,"1e-05 to 1",0.000818198827380689,-0.0049909976910647,174,"success","pgls5_castespolymorphic"
"OG0001400_00",-0.00363018990623605,0.780955843968815,0.742878369273531,"1e-05 to 1",0.000481656891026703,-0.00532949626658352,174,"success","pgls5_castespolymorphic"
"OG0001401_00",0.0177868696298943,0.164951552963096,1,"1e-05 to 1",0.0120163767301966,0.00627228589723261,174,"success","pgls5_castespolymorphic"
"OG0001402_00",-0.0215486871837402,0.508437327781445,0.872650632486627,"1e-05 to 1",0.00272077418469741,-0.00307736084911259,174,"success","pgls5_castespolymorphic"
"OG0001407_00",-0.00213689765818533,0.89704053682916,1,"1e-05 to 1",0.000104975537143571,-0.00570836762833804,174,"success","pgls5_castespolymorphic"
"OG0001408_00",-0.0032918151720521,0.541512174736165,1e-05,"1e-05 to 1",0.00240966237480902,-0.00339028144859332,174,"success","pgls5_castespolymorphic"
"OG0001409_00",-0.00294349327040244,0.790447104062476,1,"1e-05 to 1",0.00048518839395244,-0.00532594423166421,174,"success","pgls5_castespolymorphic"
"OG0001410_00",-0.00235428233198497,0.78219341130952,1e-05,"1e-05 to 1",0.000543842238233434,-0.00526694937666061,174,"success","pgls5_castespolymorphic"
"OG0001411_00",0.00543398871644375,0.751447132308837,0.971917341154382,"1e-05 to 1",0.000628758431364941,-0.00518153948473188,174,"success","pgls5_castespolymorphic"
"OG0001412_00",-0.00757588395964368,0.419303164960564,1e-05,"1e-05 to 1",0.00403063937292465,-0.00175988016560491,174,"success","pgls5_castespolymorphic"
"OG0001413_00",-0.00841675767923235,0.601944488376079,1e-05,"1e-05 to 1",0.00169371465870271,-0.00411039165142113,174,"success","pgls5_castespolymorphic"
"OG0001414_00",0.019509382687868,0.463459403920168,1,"1e-05 to 1",0.00381847780634218,-0.0019732752296675,174,"success","pgls5_castespolymorphic"
"OG0001415_00",-0.00596786521796941,0.608976499955602,0.792414661610951,"1e-05 to 1",0.00167059396253107,-0.00413364677024486,174,"success","pgls5_castespolymorphic"
"OG0001416_00",-0.00794639223532322,0.175576402248013,1e-05,"1e-05 to 1",0.0151099851340988,0.00938388039650628,174,"success","pgls5_castespolymorphic"
"OG0001417_00",0.00522185964520113,0.794860637500126,0.244498717494037,"1e-05 to 1",0.000560851121428593,-0.00524984160460962,174,"success","pgls5_castespolymorphic"
"OG0001418_00",0.00267489503146983,0.867526796914085,0.637856572829779,"1e-05 to 1",0.000205309640194412,-0.00560745018747899,174,"success","pgls5_castespolymorphic"
"OG0001419_00",-0.017517723353753,0.587207785079651,1e-05,"1e-05 to 1",0.00374734898565402,-0.00204481759001074,174,"success","pgls5_castespolymorphic"
"OG0001420_00",-0.00408498375211406,0.65962862288013,1,"1e-05 to 1",0.00123868252730863,-0.00456806931846288,174,"success","pgls5_castespolymorphic"
"OG0001421_00",0.0375995410618623,0.0932892369049945,0.919439265277691,"1e-05 to 1",0.017504250531166,0.0117920659412309,174,"success","pgls5_castespolymorphic"
"OG0001422_00",-0.044296920585868,0.00020901492138492,1,"1e-05 to 1",0.111308128530794,0.106141315324577,174,"success","pgls5_castespolymorphic"
"OG0001423_00",0.0206990259213578,0.0156324631514482,1e-05,"1e-05 to 1",0.0373539132280475,0.031757133653792,174,"success","pgls5_castespolymorphic"
"OG0001424_00",0.00668516194436468,0.463438778646253,0.453186357802895,"1e-05 to 1",0.00334376520786175,-0.00245074778511589,174,"success","pgls5_castespolymorphic"
"OG0001425_00",0.0442647556252679,0.0116290156263974,1,"1e-05 to 1",0.0408878820990468,0.0353116488554366,174,"success","pgls5_castespolymorphic"
"OG0001426_00",0.00875846663080654,0.677674244002909,1e-05,"1e-05 to 1",0.00110325536032363,-0.00470428385269783,174,"success","pgls5_castespolymorphic"
"OG0001427_00",0.00115475179357072,0.883053217352866,0.937736869258599,"1e-05 to 1",0.000137376294222462,-0.00567577849476453,174,"success","pgls5_castespolymorphic"
"OG0001428_00",-0.00246079105848687,0.869670953557802,0.961748649379057,"1e-05 to 1",0.000176515163240149,-0.00563641207418275,174,"success","pgls5_castespolymorphic"
"OG0001430_00",0.0410232704119406,0.0185904263804877,1e-05,"1e-05 to 1",0.042516883861995,0.036950121558867,174,"success","pgls5_castespolymorphic"
"OG0001431_00",0.000777678843003306,0.92278045904081,0.717783894545499,"1e-05 to 1",5.85387945276851e-05,-0.00575507435201583,174,"success","pgls5_castespolymorphic"
"OG0001432_00",0.0123909994886966,0.609521899953967,0.99249491857844,"1e-05 to 1",0.00162404024506851,-0.00418047114885556,174,"success","pgls5_castespolymorphic"
"OG0001433_00",-0.0407527230492714,0.0625351020638425,0.586180818058484,"1e-05 to 1",0.0222016277511268,0.0165167534938658,174,"success","pgls5_castespolymorphic"
"OG0001434_00",0.0103841865645564,0.417120678705066,0.816180967310209,"1e-05 to 1",0.00411944983211792,-0.00167055336653243,174,"success","pgls5_castespolymorphic"
"OG0001435_00",-0.00491505344747728,0.73381007472581,1e-05,"1e-05 to 1",0.000729332345103334,-0.0050803808389368,174,"success","pgls5_castespolymorphic"
"OG0001436_00",8.44093243326717e-05,0.995765094588312,1,"1e-05 to 1",1.76623515907939e-07,-0.00581377583797527,174,"success","pgls5_castespolymorphic"
"OG0001437_00",0.0147887692566389,0.386549112933234,0.446596135704772,"1e-05 to 1",0.00481003434933611,-0.000975953823051379,174,"success","pgls5_castespolymorphic"
"OG0001438_00",-0.00292513158627127,0.868691361883575,1,"1e-05 to 1",0.000200205852762349,-0.00561258364809358,174,"success","pgls5_castespolymorphic"
"OG0001439_00",0.0156375674221423,0.479974393069141,1e-05,"1e-05 to 1",0.00326624999205048,-0.00252871367078633,174,"success","pgls5_castespolymorphic"
"OG0001440_00",0.0443175297766455,0.0119427529860276,0.595132178287989,"1e-05 to 1",0.0388445575202112,0.0332564444825381,174,"success","pgls5_castespolymorphic"
"OG0001441_00",0.0655364348223298,0.0136686685721847,0.643478405069707,"1e-05 to 1",0.0371751929782515,0.0315773743327763,174,"success","pgls5_castespolymorphic"
"OG0001442_00",0.0209520464535227,0.0679435866784956,1,"1e-05 to 1",0.0350079817069588,0.0293975629959529,174,"success","pgls5_castespolymorphic"
"OG0001443_00",-0.00406266316595565,0.838863728283642,0.826485766710148,"1e-05 to 1",0.000257598266588061,-0.00555485755744334,174,"success","pgls5_castespolymorphic"
"OG0001444_00",-0.01365419104501,0.421939872019459,0.888967801987742,"1e-05 to 1",0.0040100197611949,-0.00178061965879817,174,"success","pgls5_castespolymorphic"
"OG0001445_00",-0.00516379478807394,0.759860864604676,0.770257352458052,"1e-05 to 1",0.000593028479598157,-0.0052174771687763,174,"success","pgls5_castespolymorphic"
"OG0001446_00",0.0323290002747398,0.192839316498837,0.894050225767383,"1e-05 to 1",0.0131099681973901,0.00737223545435173,174,"success","pgls5_castespolymorphic"
"OG0001447_00",-0.0397487411931857,0.0289709602737167,1,"1e-05 to 1",0.0296418745148421,0.0240002575062075,174,"success","pgls5_castespolymorphic"
"OG0001448_00",-0.00843773782935999,0.441277398179887,1e-05,"1e-05 to 1",0.0036876074108129,-0.0021049064995895,174,"success","pgls5_castespolymorphic"
"OG0001449_00",0.000201492749508023,0.988818525631341,1,"1e-05 to 1",1.25495924698809e-06,-0.00581269123285044,174,"success","pgls5_castespolymorphic"
"OG0001450_00",0.00633118465318915,0.734692251768573,0.932873676698338,"1e-05 to 1",0.000724318944258052,-0.00508542338746154,174,"success","pgls5_castespolymorphic"
"OG0001451_00",0.0225661418771462,0.00382541249842183,0.224363066040182,"1e-05 to 1",0.0520454285771798,0.0465340647898379,174,"success","pgls5_castespolymorphic"
"OG0001452_00",0.0212589245351702,0.425309370453617,0.866857283694188,"1e-05 to 1",0.00618168005295928,0.000403666564894989,174,"success","pgls5_castespolymorphic"
"OG0001453_00",-0.00483099019432325,0.788831739974435,1e-05,"1e-05 to 1",0.000449625914239149,-0.00536171346998038,174,"success","pgls5_castespolymorphic"
"OG0001454_00",-0.0217912006275933,0.345513364449264,0.16526463746741,"1e-05 to 1",0.00706542209222445,0.00129254663927225,174,"success","pgls5_castespolymorphic"
"OG0001455_00",0.0228298340046253,0.221957469192018,0.680505351097401,"1e-05 to 1",0.00919375948946472,0.00343325809114781,174,"success","pgls5_castespolymorphic"
"OG0001456_00",-0.00460621550001721,0.505848877474802,1,"1e-05 to 1",0.00287950546384028,-0.0029177067136954,174,"success","pgls5_castespolymorphic"
"OG0001457_00",0.00992491660282204,0.493907509989906,0.841245457089815,"1e-05 to 1",0.00296701736468662,-0.00282968602272793,174,"success","pgls5_castespolymorphic"
"OG0001458_00",0.0246185401833095,0.376310989044347,0.590424786792096,"1e-05 to 1",0.00612010512516971,0.000341733643339337,174,"success","pgls5_castespolymorphic"
"OG0001459_00",0.0156991709090356,0.434214110391462,0.725870883561707,"1e-05 to 1",0.00382665095960077,-0.00196505455807583,174,"success","pgls5_castespolymorphic"
"OG0001460_00",-0.000205966233283189,0.992958833764558,0.784250504645908,"1e-05 to 1",6.51701166183217e-07,-0.0058132979982457,174,"success","pgls5_castespolymorphic"
"OG0001461_00",0.00460880322278964,0.439617513535831,1e-05,"1e-05 to 1",0.00371443669516962,-0.00207792123102113,174,"success","pgls5_castespolymorphic"
"OG0001462_00",-0.00547078095753507,0.531149411672722,0.538252485201801,"1e-05 to 1",0.00242547436291607,-0.00337437753032277,174,"success","pgls5_castespolymorphic"
"OG0001463_00",0.0208903267095109,0.448499161597051,0.862579910670501,"1e-05 to 1",0.00380959032585154,-0.00198221438155621,174,"success","pgls5_castespolymorphic"
"OG0001464_00",0.00814764257716664,0.493925478090801,1e-05,"1e-05 to 1",0.0029856993519139,-0.0028108954192958,174,"success","pgls5_castespolymorphic"
"OG0001465_00",-0.00354754359862502,0.613277545180519,1,"1e-05 to 1",0.00164127712787516,-0.00416313405161395,174,"success","pgls5_castespolymorphic"
"OG0001466_00",0.0226249774762925,0.232489304294356,0.643662750135362,"1e-05 to 1",0.00895372082292901,0.00319182385096928,174,"success","pgls5_castespolymorphic"
"OG0001467_00",0.0258097258931999,0.293483241678549,1,"1e-05 to 1",0.00875476943670192,0.00299171577063628,174,"success","pgls5_castespolymorphic"
"OG0001468_00",-0.0110056840568079,0.319902048789105,0.792000591138968,"1e-05 to 1",0.00610722263052851,0.00032877625047345,174,"success","pgls5_castespolymorphic"
"OG0001469_00",0.00145490879719759,0.649966074757475,1,"1e-05 to 1",0.00127436900057411,-0.00453217536570172,174,"success","pgls5_castespolymorphic"
"OG0001472_00",0.0113891436945353,0.149794847938443,1e-05,"1e-05 to 1",0.0130019354834042,0.00726357464319138,174,"success","pgls5_castespolymorphic"
"OG0001473_00",0.014000753159745,0.571068013123522,1,"1e-05 to 1",0.00198500605255744,-0.00381740670295105,174,"success","pgls5_castespolymorphic"
"OG0001474_00",-0.00826705026168998,0.537680954168533,1,"1e-05 to 1",0.00237868805228403,-0.0034214358543887,174,"success","pgls5_castespolymorphic"
"OG0001476_00",-0.00129984414876736,0.926751875638727,1,"1e-05 to 1",8.08717521936177e-05,-0.00573261155157256,174,"success","pgls5_castespolymorphic"
"OG0001477_00",0.0138816150220795,0.413271312007585,0.375087001229486,"1e-05 to 1",0.00429535199649705,-0.00149362851515122,174,"success","pgls5_castespolymorphic"
"OG0001478_00",-0.00222740162231985,0.905054198486094,0.277328716786264,"1e-05 to 1",8.80917730019039e-05,-0.00572534955389914,174,"success","pgls5_castespolymorphic"
"OG0001479_00",0.000869282712486718,0.957081919074542,0.947518975261382,"1e-05 to 1",1.80442393673134e-05,-0.00579580434063631,174,"success","pgls5_castespolymorphic"
"OG0001480_00",-0.0151998006574225,0.212490328255713,0.894422407032153,"1e-05 to 1",0.00963778123922244,0.00387986136270624,174,"success","pgls5_castespolymorphic"
"OG0001481_00",0.0064831455023667,0.536160023447354,0.332605157394222,"1e-05 to 1",0.00245807399918282,-0.00334158836128706,174,"success","pgls5_castespolymorphic"
"OG0001482_00",0.0146545341432871,0.409276503702968,1,"1e-05 to 1",0.00425984953822698,-0.00152933738306249,174,"success","pgls5_castespolymorphic"
"OG0001483_00",0.0267073707182314,0.176268588456323,1,"1e-05 to 1",0.0128411371528923,0.0071018414386651,174,"success","pgls5_castespolymorphic"
"OG0001484_00",-0.0155013683241714,0.404924688266313,1e-05,"1e-05 to 1",0.00475599305671753,-0.00103030930923187,174,"success","pgls5_castespolymorphic"
"OG0001485_00",-0.0315679250787593,0.0803091690204352,0.533182321744834,"1e-05 to 1",0.0189935033311076,0.0132899771876839,174,"success","pgls5_castespolymorphic"
"OG0001486_00",0.0295260726626643,0.239898797657939,0.723150881446952,"1e-05 to 1",0.00856855404248213,0.00280441772877571,174,"success","pgls5_castespolymorphic"
"OG0001487_00",-0.0139640601141103,0.303756420828978,0.896720713973373,"1e-05 to 1",0.00777493093758001,0.00200618053605428,174,"success","pgls5_castespolymorphic"
"OG0001488_00",0.00431054779568528,0.571776208440419,1e-05,"1e-05 to 1",0.0020151141308331,-0.00378712357770872,174,"success","pgls5_castespolymorphic"
"OG0001490_00",-0.00147817618439405,0.907293721728429,0.697989768434606,"0.001 to 1",9.01033863724812e-05,-0.00572332624510197,174,"success","pgls5_castespolymorphic"
"OG0001493_00",-0.00932798922296245,0.479884340286556,0.614115757341738,"1e-05 to 1",0.0032675875581932,-0.00252736832809641,174,"success","pgls5_castespolymorphic"
"OG0001494_00",0.00183944625773282,0.921534990399647,1e-05,"1e-05 to 1",7.32218516430995e-05,-0.00574030592828922,174,"success","pgls5_castespolymorphic"
"OG0001495_00",-0.00566428513061916,0.761313782730794,0.338787590222801,"1e-05 to 1",0.00068576517694443,-0.00512420130458513,174,"success","pgls5_castespolymorphic"
"OG0001496_00",-0.0174847390799006,0.22002761994538,1,"1e-05 to 1",0.00938626691389936,0.00362688474479411,174,"success","pgls5_castespolymorphic"
"OG0001497_00",0.015672657040796,0.545801719352414,1,"1e-05 to 1",0.00335737287089302,-0.00243706100776464,174,"success","pgls5_castespolymorphic"
"OG0001498_00",0.00134171434037582,0.91190921292608,1,"1e-05 to 1",7.82019642361852e-05,-0.00573529686155316,174,"success","pgls5_castespolymorphic"
"OG0001499_00",0.0146754174085807,0.461920819376934,1,"1e-05 to 1",0.00338756051089905,-0.00240669785822356,174,"success","pgls5_castespolymorphic"
"OG0001500_00",0.00446836923637253,0.756479864643386,1e-05,"1e-05 to 1",0.000598983436584261,-0.00521148758994716,174,"success","pgls5_castespolymorphic"
"OG0001502_00",-0.0102351670203632,0.603917361257333,1e-05,"1e-05 to 1",0.00209217189515149,-0.00370961780313239,174,"success","pgls5_castespolymorphic"
"OG0001503_00",0.00952694036841994,0.257549209229099,1,"1e-05 to 1",0.00805491661925574,0.00228779404146073,174,"success","pgls5_castespolymorphic"
"OG0001504_00",-0.011346927434661,0.661416149738361,1e-05,"1e-05 to 1",0.00125695896297686,-0.00454968662444766,174,"success","pgls5_castespolymorphic"
"OG0001505_00",0.0118815040239453,0.565755035972926,0.608525938888107,"1e-05 to 1",0.00205293846473099,-0.00374907933489266,174,"success","pgls5_castespolymorphic"
"OG0001506_00",-0.0154927662693021,0.305107697237382,1e-05,"1e-05 to 1",0.00674070471304384,0.000965941368352374,174,"success","pgls5_castespolymorphic"
"OG0001507_00",-0.0107286528471282,0.536315764973225,0.966010051264483,"1e-05 to 1",0.00240976554482926,-0.00339017767874727,174,"success","pgls5_castespolymorphic"
"OG0001508_00",0.00287309083384646,0.749279495680359,0.133904451041936,"1e-05 to 1",0.000687553984639138,-0.00512240209684545,174,"success","pgls5_castespolymorphic"
"OG0001509_00",0.0267679926509299,0.0500212050860667,0.633220309024586,"1e-05 to 1",0.0242425465948843,0.0185695381448546,174,"success","pgls5_castespolymorphic"
"OG0001510_00",0.00226326726691922,0.717928163828229,1,"1e-05 to 1",0.00103918403612779,-0.00476872768459224,174,"success","pgls5_castespolymorphic"
"OG0001511_00",-0.026675432498731,0.0529606941469218,0.699097997863939,"1e-05 to 1",0.0233515306946498,0.0176733419196187,174,"success","pgls5_castespolymorphic"
"OG0001513_00",0.0063709654353954,0.545875822300854,1e-05,"1e-05 to 1",0.00228425559162689,-0.00351641734097985,174,"success","pgls5_castespolymorphic"
"OG0001514_00",0.0130323854444231,0.385165390130088,1e-05,"1e-05 to 1",0.00650809340281873,0.000731977666788564,174,"success","pgls5_castespolymorphic"
"OG0001515_00",-0.00671438890801231,0.56529204102426,0.484016766855526,"1e-05 to 1",0.00235041074853251,-0.00344987756106896,174,"success","pgls5_castespolymorphic"
"OG0001516_00",0.0917779590994625,1.03625638998572e-05,1,"1e-05 to 1",0.119700016380568,0.11458199321999,174,"success","pgls5_castespolymorphic"
"OG0001517_00",-0.0451432794503937,0.0485553999587176,0.716438031076687,"1e-05 to 1",0.0239491455311038,0.0182744312609359,174,"success","pgls5_castespolymorphic"
"OG0001518_00",-0.0807405787667969,0.0233661428560645,0.84347465280971,"1e-05 to 1",0.0317181148358848,0.0260885689919075,174,"success","pgls5_castespolymorphic"
"OG0001521_00",-0.00784390828601935,0.73305031418662,1e-05,"1e-05 to 1",0.000799189404067287,-0.00501011763428116,174,"success","pgls5_castespolymorphic"
"OG0001522_00",-0.0260193992298273,0.363990542194918,0.720384346080359,"1e-05 to 1",0.00521854359023286,-0.000565069528428497,174,"success","pgls5_castespolymorphic"
"OG0001523_00",-0.0195962011708854,0.265223576580518,0.966860564926131,"1e-05 to 1",0.00790010416981034,0.00213208151963473,174,"success","pgls5_castespolymorphic"
"OG0001524_00",0.0373953080928223,0.0296486829566356,0.671808362658554,"1e-05 to 1",0.029768284444778,0.0241274023775965,174,"success","pgls5_castespolymorphic"
"OG0001525_00",-0.00887473522415649,0.676074720992546,0.648288642587194,"1e-05 to 1",0.00110082715571513,-0.00470672617477486,174,"success","pgls5_castespolymorphic"
"OG0001526_00",0.00430673515027488,0.809640907852539,0.905575738340583,"1e-05 to 1",0.000361475913519949,-0.00545037597070364,174,"success","pgls5_castespolymorphic"
"OG0001527_00",0.0204239355764845,0.230218134852722,1,"1e-05 to 1",0.00887372511122379,0.00311136304791682,174,"success","pgls5_castespolymorphic"
"OG0001528_00",0.0308848087964812,0.0741607098764061,0.384851653756841,"1e-05 to 1",0.0309241802503804,0.02529001850765,174,"success","pgls5_castespolymorphic"
"OG0001529_00",-0.00593885597526751,0.713652420144815,0.963180831752653,"1e-05 to 1",0.000843878484183775,-0.00496516873393138,174,"success","pgls5_castespolymorphic"
"OG0001530_00",-0.00241099236901432,0.893658212654772,0.919831363882318,"1e-05 to 1",0.000118726286689245,-0.00569453693257405,174,"success","pgls5_castespolymorphic"
"OG0001531_00",0.0103821223756077,0.551560769031678,1e-05,"1e-05 to 1",0.00226278109627735,-0.00353801668804676,174,"success","pgls5_castespolymorphic"
"OG0001532_00",8.72323449691208e-06,0.999733870724612,1,"1e-05 to 1",1.41718541915816e-09,-0.00581395206294744,174,"success","pgls5_castespolymorphic"
"OG0001533_00",0.0084711043476224,0.247461466876179,1e-05,"1e-05 to 1",0.0103550700671646,0.00460132047453188,174,"success","pgls5_castespolymorphic"
"OG0001534_00",-0.0174635159076966,0.335252754860845,0.295158611841673,"1e-05 to 1",0.00587786261586948,9.80827473570089e-05,174,"success","pgls5_castespolymorphic"
"OG0001535_00",0.00229252261678385,0.893089429774229,0.794557431464365,"1e-05 to 1",0.000142773584584469,-0.00567034982480763,174,"success","pgls5_castespolymorphic"
"OG0001536_00",-0.0337255779870581,0.145384215073985,0.672204417302641,"1e-05 to 1",0.0132863818887146,0.00754967480667212,174,"success","pgls5_castespolymorphic"
"OG0001538_00",0.0367769480538913,0.095106114542622,0.665530794575772,"1e-05 to 1",0.0171011577031658,0.0113866295502772,174,"success","pgls5_castespolymorphic"
"OG0001539_00",-0.0123738812209927,0.590623514505414,0.771484161399013,"1e-05 to 1",0.00180130433762197,-0.00400217645111289,174,"success","pgls5_castespolymorphic"
"OG0001540_00",0.00241154455470874,0.799034125244994,1,"1e-05 to 1",0.000414096092102101,-0.00539744986085089,174,"success","pgls5_castespolymorphic"
"OG0001541_00",0.0387207915218023,0.028010082905096,1e-05,"1e-05 to 1",0.0298123141599974,0.0241716880795323,174,"success","pgls5_castespolymorphic"
"OG0001542_00",-0.00516487461052459,0.832736432855681,1,"1e-05 to 1",0.000317403897805379,-0.00549470421906784,174,"success","pgls5_castespolymorphic"
"OG0001543_00",0.0202785088930353,0.41911959118363,1,"1e-05 to 1",0.00506709194189551,-0.000717401709605214,174,"success","pgls5_castespolymorphic"
"OG0001544_00",0.00348310481613209,0.636221493064859,1e-05,"1e-05 to 1",0.00139290321237966,-0.00441295200150194,174,"success","pgls5_castespolymorphic"
"OG0001545_00",-0.0071074122271312,0.742617044325946,1,"1e-05 to 1",0.000667512390294676,-0.00514256021208737,174,"success","pgls5_castespolymorphic"
"OG0001546_00",-0.00526735022967493,0.792981988045454,0.693043962940692,"1e-05 to 1",0.000434445493326131,-0.0053769821491545,174,"success","pgls5_castespolymorphic"
"OG0001547_00",-0.00762570670541013,0.582105842331949,0.476080922243261,"1e-05 to 1",0.00197095940726279,-0.00383153501478817,174,"success","pgls5_castespolymorphic"
"OG0001548_00",-0.0290265513206139,0.109931163727413,1,"1e-05 to 1",0.0158923460369834,0.0101707899092914,174,"success","pgls5_castespolymorphic"
"OG0001549_00",-0.00487133648399102,0.828499763505055,0.814041408592927,"1e-05 to 1",0.000294167521036244,-0.00551807569105067,174,"success","pgls5_castespolymorphic"
"OG0001550_00",-0.00298605500814662,0.397584887952802,1,"1e-05 to 1",0.00447655934759942,-0.00131136763293771,174,"success","pgls5_castespolymorphic"
"OG0001551_00",0.0202604830552134,0.535436034152593,1,"1e-05 to 1",0.00240501711886794,-0.00339495371183629,174,"success","pgls5_castespolymorphic"
"OG0001552_00",0.0132307595768921,0.533861136060069,0.799945355711233,"1e-05 to 1",0.00242360757705199,-0.00337625516959306,174,"success","pgls5_castespolymorphic"
"OG0001553_00",0.03768330677818,0.33874405536052,0.894702975773704,"1e-05 to 1",0.00627010053104514,0.000492601115527957,174,"success","pgls5_castespolymorphic"
"OG0001554_00",0.0163429895370561,0.266570762283555,0.86818850694489,"1e-05 to 1",0.00766084821030247,0.0018914345371065,174,"success","pgls5_castespolymorphic"
"OG0001555_00",0.00829325600882003,0.130716887013671,1e-05,"1e-05 to 1",0.0140425803893968,0.00831026981026539,174,"success","pgls5_castespolymorphic"
"OG0001556_00",0.0111107409729112,0.466903799028661,0.935775063072379,"1e-05 to 1",0.00333380569472324,-0.00246076520240046,174,"success","pgls5_castespolymorphic"
"OG0001557_00",-0.00879553280625184,0.458273107875193,0.504929245224213,"1e-05 to 1",0.00348664303654811,-0.00230703927137887,174,"success","pgls5_castespolymorphic"
"OG0001558_00",-0.00813517476639,0.482604501779691,0.728737159018262,"1e-05 to 1",0.00308594519721031,-0.0027100667493174,174,"success","pgls5_castespolymorphic"
"OG0001559_00",-0.0188562568385043,0.335369497556543,1e-05,"1e-05 to 1",0.00580157890962758,2.13555311951996e-05,174,"success","pgls5_castespolymorphic"
"OG0001560_00",-0.00381378286679899,0.801598382194426,0.812675767803945,"1e-05 to 1",0.000395788972347474,-0.00541586341734823,174,"success","pgls5_castespolymorphic"
"OG0001561_00",-0.0201035264704821,0.469928421059896,0.50429173695503,"1e-05 to 1",0.0032888463325765,-0.00250598595618756,174,"success","pgls5_castespolymorphic"
"OG0001562_00",0.00536107224451295,0.740353584654792,1e-05,"1e-05 to 1",0.000881660875017356,-0.00492716667803483,174,"success","pgls5_castespolymorphic"
"OG0001563_00",-0.00582468991862003,0.346632897711179,1e-05,"1e-05 to 1",0.00697741243406113,0.00120402529704977,174,"success","pgls5_castespolymorphic"
"OG0001564_00",-0.0125001860217461,0.425725726541724,1e-05,"1e-05 to 1",0.00407176149596777,-0.00171851896045094,174,"success","pgls5_castespolymorphic"
"OG0001565_00",-0.0141673374550643,0.508616018862109,1,"1e-05 to 1",0.00273550497627482,-0.00306254441339804,174,"success","pgls5_castespolymorphic"
"OG0001566_00",0.0136156563563775,0.482946388195035,0.903569580430012,"1e-05 to 1",0.00310054495206676,-0.00269538211216536,174,"success","pgls5_castespolymorphic"
"OG0001567_00",-0.00218139990108477,0.861035304246909,0.890861047590017,"1e-05 to 1",0.000193322602918826,-0.00561950691683166,174,"success","pgls5_castespolymorphic"
"OG0001568_00",0.00547423001068338,0.738436912070893,1,"1e-05 to 1",0.000694491898827747,-0.00511542384594654,174,"success","pgls5_castespolymorphic"
"OG0001569_00",-0.010303803371935,0.462037659627024,0.381169518029098,"1e-05 to 1",0.00338579618172568,-0.00240847244512477,174,"success","pgls5_castespolymorphic"
"OG0001570_00",-0.0077716525247529,0.26988647616624,1e-05,"1e-05 to 1",0.00760302178996348,0.00183327191664928,174,"success","pgls5_castespolymorphic"
"OG0001571_00",0.0138916961982514,0.194570728034535,0.821762075402468,"1e-05 to 1",0.0106941730031791,0.00494239493924409,174,"success","pgls5_castespolymorphic"
"OG0001572_00",0.0418259719921982,0.0592542386440231,0.73732369399637,"1e-05 to 1",0.0223378236203157,0.0166537411995037,174,"success","pgls5_castespolymorphic"
"OG0001573_00",0.00699391506024536,0.419219896328558,1,"1e-05 to 1",0.00416063053825291,-0.00162913323768743,174,"success","pgls5_castespolymorphic"
"OG0001574_00",0.0286566290180516,0.021069985028398,1e-05,"1e-05 to 1",0.0324100583052654,0.0267845353884355,174,"success","pgls5_castespolymorphic"
"OG0001576_00",-0.00264004895919237,0.761929712670806,1,"1e-05 to 1",0.000578866104420396,-0.00523172188334464,174,"success","pgls5_castespolymorphic"
"OG0001577_00",0.0196072002274078,0.293127088962537,1,"1e-05 to 1",0.0069051748753169,0.00113136775249911,174,"success","pgls5_castespolymorphic"
"OG0001578_00",-0.0114905356858888,0.276819473857706,0.38252295504219,"1e-05 to 1",0.00734133501107446,0.00157006370299939,174,"success","pgls5_castespolymorphic"
"OG0001579_00",0.0136321638879009,0.478995261396485,0.458906550597608,"1e-05 to 1",0.00319709566357944,-0.0025982700593068,174,"success","pgls5_castespolymorphic"
"OG0001580_00",0.00488560028559614,0.481482315553321,1e-05,"1e-05 to 1",0.00310176990260391,-0.00269415003982276,174,"success","pgls5_castespolymorphic"
"OG0001581_00",-0.000208931879526486,0.986008592426942,1,"1e-05 to 1",2.01657600583937e-06,-0.00581192518808704,174,"success","pgls5_castespolymorphic"
"OG0001582_00",0.0146562209050035,0.542384031151898,0.896715213906308,"1e-05 to 1",0.00254751662084552,-0.0032516257243822,174,"success","pgls5_castespolymorphic"
"OG0001583_00",-0.0045913643459569,0.637612942239554,1e-05,"1e-05 to 1",0.0014167363587446,-0.0043889802903323,174,"success","pgls5_castespolymorphic"
"OG0001584_00",-0.0017144519264609,0.901721057995466,0.839962980433258,"1e-05 to 1",0.000110896146722999,-0.00570241259661008,174,"success","pgls5_castespolymorphic"
"OG0001585_00",-0.00017266200407996,0.989378466348788,0.614394202842361,"1e-05 to 1",1.12521885244429e-06,-0.00581282172754949,174,"success","pgls5_castespolymorphic"
"OG0001586_00",-0.0037929887551654,0.72603619441144,1,"1e-05 to 1",0.000774347999949603,-0.005035103465167,174,"success","pgls5_castespolymorphic"
"OG0001587_00",0.0055687219089887,0.68086334432295,0.981983321538586,"1e-05 to 1",0.00104684947165147,-0.00476101768258297,174,"success","pgls5_castespolymorphic"
"OG0001589_00",-0.0113680617193217,0.222840715404995,1,"1e-05 to 1",0.0103736756365864,0.00462003421586887,174,"success","pgls5_castespolymorphic"
"OG0001590_00",0.0188682343984414,0.25948258903568,0.786151760129852,"1e-05 to 1",0.00789086183709046,0.00212278545242228,174,"success","pgls5_castespolymorphic"
"OG0001591_00",-0.0135713009150235,0.274038933366688,0.991701466022939,"1e-05 to 1",0.00747293473091589,0.00170242853749114,174,"success","pgls5_castespolymorphic"
"OG0001592_00",0.00262438385839352,0.840880612242115,0.9520656709929,"1e-05 to 1",0.000259177063445624,-0.00555326958153435,174,"success","pgls5_castespolymorphic"
"OG0001593_00",0.017198711070402,0.322184362874039,1e-05,"1e-05 to 1",0.00608763898496458,0.000309078746505098,174,"success","pgls5_castespolymorphic"
"OG0001594_00",-0.00549893601351332,0.650555685835676,0.806253040237681,"1e-05 to 1",0.00131031742195095,-0.00449601794187493,174,"success","pgls5_castespolymorphic"
"OG0001595_00",-0.0231637724953477,0.17258535097634,1,"1e-05 to 1",0.0118922347016862,0.00614742211274255,174,"success","pgls5_castespolymorphic"
"OG0001596_00",-0.00193418816599816,0.919485887934494,0.923348706915923,"1e-05 to 1",6.61297506298737e-05,-0.0057474392624477,174,"success","pgls5_castespolymorphic"
"OG0001597_00",0.00207745511450096,0.876330208765988,1,"1e-05 to 1",0.000151827924512909,-0.00566124284336778,174,"success","pgls5_castespolymorphic"
"OG0001598_00",0.00340747467141701,0.702497165877161,1e-05,"1e-05 to 1",0.000908536468698541,-0.0049001348309019,174,"success","pgls5_castespolymorphic"
"OG0001599_00",0.0177632538666353,0.320019614006922,1,"1e-05 to 1",0.00737980379960554,0.00160875614727762,174,"success","pgls5_castespolymorphic"
"OG0001600_00",0.0198716381718552,0.0935506026637876,1,"1e-05 to 1",0.0181534699682801,0.0124450599099561,174,"success","pgls5_castespolymorphic"
"OG0001601_00",-0.00711325348879237,0.78301677626388,1,"1e-05 to 1",0.000487592614954634,-0.00532352603263297,174,"success","pgls5_castespolymorphic"
"OG0001602_00",-0.0244166541934983,0.163102511326852,1,"1e-05 to 1",0.0120465272686879,0.00630261172955227,174,"success","pgls5_castespolymorphic"
"OG0001603_00",-0.0116693031278462,0.5369434364658,1,"1e-05 to 1",0.00243302284788247,-0.00336678515881594,174,"success","pgls5_castespolymorphic"
"OG0001604_00",-0.0313778659962741,0.129123577695131,0.906595848211082,"1e-05 to 1",0.0142463933151754,0.00851526769491473,174,"success","pgls5_castespolymorphic"
"OG0001606_00",0.0183207143718361,0.0222945491401911,1e-05,"1e-05 to 1",0.0328204273920448,0.0271972903419985,174,"success","pgls5_castespolymorphic"
"OG0001607_00",0.00250452441269088,0.495441301280264,1e-05,"1e-05 to 1",0.00334949815095821,-0.00244498151095485,174,"success","pgls5_castespolymorphic"
"OG0001608_00",-0.00132257052989763,0.925927911774523,1,"1e-05 to 1",5.35171950948143e-05,-0.00576012514679403,174,"success","pgls5_castespolymorphic"
"OG0001609_00",-0.0109352679833251,0.613986780212926,0.450094021104246,"1e-05 to 1",0.00163473088842424,-0.00416971835059643,174,"success","pgls5_castespolymorphic"
"OG0001610_00",-0.0233717041754329,0.213545753282546,0.49232370282194,"1e-05 to 1",0.00971410098643977,0.00395662482938419,174,"success","pgls5_castespolymorphic"
"OG0001611_00",-0.0109145006142822,0.537161392252575,0.784463037311035,"1e-05 to 1",0.0023699233060408,-0.003430251558459,174,"success","pgls5_castespolymorphic"
"OG0001612_00",0.0162900112011572,0.442113020278046,1e-05,"1e-05 to 1",0.00365145099930121,-0.00214127312279588,174,"success","pgls5_castespolymorphic"
"OG0001613_00",0.0143038777246328,0.31861329109999,1e-05,"1e-05 to 1",0.00667541702330835,0.000900274099025156,174,"success","pgls5_castespolymorphic"
"OG0001614_00",-0.00914248758956869,0.483694028622899,1,"1e-05 to 1",0.00307063863334437,-0.00272546230483384,174,"success","pgls5_castespolymorphic"
"OG0001615_00",-0.00370010638138851,0.835823702709729,1,"1e-05 to 1",0.000267550062876834,-0.00554484790187382,174,"success","pgls5_castespolymorphic"
"OG0001616_00",0.0359861620057335,0.0844726254923711,0.604123904087663,"1e-05 to 1",0.0199783530449031,0.0142805527719083,174,"success","pgls5_castespolymorphic"
"OG0001617_00",0.001253271121761,0.891247659448967,1,"1e-05 to 1",0.000119442102893508,-0.00569381695464788,174,"success","pgls5_castespolymorphic"
"OG0001618_00",0.0151888363109627,0.161660358587613,1e-05,"1e-05 to 1",0.0123586133008563,0.00661651221539616,174,"success","pgls5_castespolymorphic"
"OG0001619_00",-0.0147480200190472,0.543980625078394,0.620055548750161,"1e-05 to 1",0.00232039337316189,-0.00348006945606372,174,"success","pgls5_castespolymorphic"
"OG0001620_00",0.00567168511147162,0.701456409080538,0.722150206766775,"1e-05 to 1",0.000909558098530863,-0.00489910726136134,174,"success","pgls5_castespolymorphic"
"OG0001621_00",-0.0326248906320677,0.105931914285674,0.807063084565525,"1e-05 to 1",0.0162542970958169,0.0105348453347461,174,"success","pgls5_castespolymorphic"
"OG0001622_00",-0.0208787357388304,0.318582867025498,0.878750963417233,"1e-05 to 1",0.00633606374379285,0.000558947835326395,174,"success","pgls5_castespolymorphic"
"OG0001623_00",-0.0138303982865344,0.448892759808805,0.983765063019797,"1e-05 to 1",0.003828387426627,-0.00196330799531119,174,"success","pgls5_castespolymorphic"
"OG0001624_00",-0.00250588870176213,0.8757766760419,1,"1e-05 to 1",0.000151304076394201,-0.00566176973711507,174,"success","pgls5_castespolymorphic"
"OG0001625_00",0.0291732187061299,0.277070392155254,0.916852632335472,"1e-05 to 1",0.00742589094260847,0.00165511123878648,174,"success","pgls5_castespolymorphic"
"OG0001626_00",0.00497808245313719,0.866224235559676,1e-05,"1e-05 to 1",0.000186064046312539,-0.00562680767434842,174,"success","pgls5_castespolymorphic"
"OG0001627_00",-0.0193926796827312,0.226155599771848,0.914345646721929,"1e-05 to 1",0.00902937436822696,0.00326791724246078,174,"success","pgls5_castespolymorphic"
"OG0001628_00",-0.00324656557301623,0.879742263760871,0.843872090321891,"1e-05 to 1",0.000170173661464738,-0.00564279044515459,174,"success","pgls5_castespolymorphic"
"OG0001629_00",-0.0106458801023073,0.521061416586154,1e-05,"1e-05 to 1",0.00362150871111328,-0.00217138949405471,174,"success","pgls5_castespolymorphic"
"OG0001630_00",0.0109543547759404,0.696696713726322,1e-05,"1e-05 to 1",0.00131454310563535,-0.00449176769026205,174,"success","pgls5_castespolymorphic"
"OG0001631_00",0.00554626793771772,0.680036111128095,1,"1e-05 to 1",0.00107251146341804,-0.00473520649319004,174,"success","pgls5_castespolymorphic"
"OG0001632_00",0.00723166605820751,0.529262139253069,0.968756659405774,"1e-05 to 1",0.00247846483231892,-0.00332107897679546,174,"success","pgls5_castespolymorphic"
"OG0001633_00",-0.0144418976642678,0.499349384871034,0.813744698910283,"1e-05 to 1",0.0028748268287724,-0.00292241255013015,174,"success","pgls5_castespolymorphic"
"OG0001634_00",-0.00806422896361668,0.439368396876878,1,"1e-05 to 1",0.00378916954443536,-0.00200275388844595,174,"success","pgls5_castespolymorphic"
"OG0001635_00",-0.00939174829635647,0.436768628953162,1e-05,"1e-05 to 1",0.00380821107532454,-0.00198360165098177,174,"success","pgls5_castespolymorphic"
"OG0001636_00",0.0148761602115973,0.368836942257486,0.298227173505258,"1e-05 to 1",0.00581388183038446,3.37299805610591e-05,174,"success","pgls5_castespolymorphic"
"OG0001637_00",-0.00277257850681134,0.774111053394499,0.923443068179255,"1e-05 to 1",0.000516290086191094,-0.00529466171563331,174,"success","pgls5_castespolymorphic"
"OG0001638_00",-0.0241519471665586,0.148062425051818,0.872282812395338,"1e-05 to 1",0.0131952302364844,0.00745799320297558,174,"success","pgls5_castespolymorphic"
"OG0001639_00",0.0438402913421798,0.00165410412458233,1e-05,"1e-05 to 1",0.0601720653819472,0.0547079494830051,174,"success","pgls5_castespolymorphic"
"OG0001640_00",0.0256562674026688,0.135051433293917,1,"1e-05 to 1",0.0138191255280515,0.00808551579274941,174,"success","pgls5_castespolymorphic"
"OG0001641_00",0.00328782627661461,0.809619102160088,1,"1e-05 to 1",0.000361560338402028,-0.00545029105497941,174,"success","pgls5_castespolymorphic"
"OG0001642_00",-0.00376639985651151,0.891299366511129,0.813152303139789,"1e-05 to 1",0.000195538585346613,-0.00561727805078505,174,"success","pgls5_castespolymorphic"
"OG0001643_00",0.00757183479981799,0.540601946168147,0.452540506060796,"1e-05 to 1",0.00234472766491617,-0.00345559368586934,174,"success","pgls5_castespolymorphic"
"OG0001644_00",-0.0267251865423476,0.116224413738495,0.798117853050947,"1e-05 to 1",0.0158437138092829,0.0101218749360811,174,"success","pgls5_castespolymorphic"
"OG0001645_00",-0.00160294689758684,0.911256039521253,0.854759613488207,"1e-05 to 1",7.93707489620211e-05,-0.00573412128156714,174,"success","pgls5_castespolymorphic"
"OG0001647_00",-0.0119425090129703,0.211492451664235,1e-05,"1e-05 to 1",0.0183054005609966,0.0125978738200722,174,"success","pgls5_castespolymorphic"
"OG0001648_00",0.0221572367734012,0.191790990970548,0.98338906948623,"1e-05 to 1",0.0127764486578208,0.00703677684769177,174,"success","pgls5_castespolymorphic"
"OG0001649_00",-0.00459846683726337,0.612870429747383,1,"1e-05 to 1",0.00159383619994002,-0.0042108507988976,174,"success","pgls5_castespolymorphic"
"OG0001650_00",0.0245475331166236,0.383552400253662,1e-05,"1e-05 to 1",0.00835463253793905,0.00258925249455488,174,"success","pgls5_castespolymorphic"
"OG0001651_00",0.0248303763179193,0.0424744740902283,1e-05,"1e-05 to 1",0.0256350821758731,0.0199701698629422,174,"success","pgls5_castespolymorphic"
"OG0001652_00",0.0457681836936928,0.0164193459049269,0.675089151562327,"1e-05 to 1",0.0354523437190315,0.0298445085080957,174,"success","pgls5_castespolymorphic"
"OG0001653_00",0.0164229039541481,0.0371434395807668,0.481489626573584,"1e-05 to 1",0.0268661775945878,0.0212084228131609,174,"success","pgls5_castespolymorphic"
"OG0001654_00",-0.0114878039221946,0.238136474619665,0.464007609954557,"1e-05 to 1",0.00863281342447421,0.00286905071182575,174,"success","pgls5_castespolymorphic"
"OG0001655_00",0.0210382736251839,0.378107443003832,0.82504001109312,"1e-05 to 1",0.00492018117509813,-0.000865166608767787,174,"success","pgls5_castespolymorphic"
"OG0001656_00",-0.0125653684733183,0.277014424374268,1e-05,"1e-05 to 1",0.00738121980373109,0.0016101803839853,174,"success","pgls5_castespolymorphic"
"OG0001657_00",0.000253366439931388,0.964060544873396,1e-05,"1e-05 to 1",1.57996286551928e-05,-0.00579806200141086,174,"success","pgls5_castespolymorphic"
"OG0001658_00",0.0254305645974591,0.0287846721710072,0.52833309355195,"1e-05 to 1",0.0297098714095633,0.024068649731712,174,"success","pgls5_castespolymorphic"
"OG0001659_00",0.0138515271394795,0.393062678877376,0.785426195692553,"1e-05 to 1",0.00456286232441545,-0.00122456289462858,174,"success","pgls5_castespolymorphic"
"OG0001660_00",-0.0169271682222703,0.603142907432616,0.783129650841368,"1e-05 to 1",0.00179426887302635,-0.00400925281957232,174,"success","pgls5_castespolymorphic"
"OG0001661_00",-0.0147380338104523,0.254826242117662,0.809824572417518,"1e-05 to 1",0.00804620800931474,0.00227903480006664,174,"success","pgls5_castespolymorphic"
"OG0001662_00",0.0229255935967091,0.383759464635699,0.836307738903032,"1e-05 to 1",0.00474494141262062,-0.0010414252070734,174,"success","pgls5_castespolymorphic"
"OG0001664_00",0.015410413816194,0.386784062401444,0.867605728775594,"1e-05 to 1",0.00539350481792413,-0.000389091084297188,174,"success","pgls5_castespolymorphic"
"OG0001665_00",0.0156994280964171,0.0933208080129133,1,"1e-05 to 1",0.0175009057537565,0.0117887017174412,174,"success","pgls5_castespolymorphic"
"OG0001666_00",-0.00056995075904176,0.965182893225594,1e-05,"1e-05 to 1",1.19458103520492e-05,-0.00580193822563424,174,"success","pgls5_castespolymorphic"
"OG0001667_00",-0.00045519652825112,0.922593618348567,1e-05,"1e-05 to 1",5.95655249679478e-05,-0.00575404165221238,174,"success","pgls5_castespolymorphic"
"OG0001668_00",-0.00181136792774515,0.788839077466298,1e-05,"1e-05 to 1",0.000473328973062151,-0.00533787260267582,174,"success","pgls5_castespolymorphic"
"OG0001669_00",-0.00225126150469088,0.80792737620394,1e-05,"1e-05 to 1",0.000456247309838983,-0.00535505357789456,174,"success","pgls5_castespolymorphic"
"OG0001670_00",-0.0132541032953395,0.420169750722362,0.957673280858999,"1e-05 to 1",0.00422451208557529,-0.0015648802860202,174,"success","pgls5_castespolymorphic"
"OG0001671_00",-0.00536870191564336,0.470515553431152,1e-05,"1e-05 to 1",0.00330096444571715,-0.00249379738890076,174,"success","pgls5_castespolymorphic"
"OG0001672_00",0.00438301683362973,0.541145825839415,1e-05,"1e-05 to 1",0.00247810656859437,-0.00332143932344864,174,"success","pgls5_castespolymorphic"
"OG0001673_00",0.00416309049963211,0.783127634452173,0.648050345451282,"1e-05 to 1",0.000471911710911714,-0.00533929810472245,174,"success","pgls5_castespolymorphic"
"OG0001674_00",-0.0616822650677737,0.00555930308613184,0.771995754037844,"1e-05 to 1",0.056785376945245,0.0513015709972522,174,"success","pgls5_castespolymorphic"
"OG0001675_00",0.00152450828449234,0.816010281507638,0.166022374320369,"1e-05 to 1",0.000350355863974198,-0.00546156067170034,174,"success","pgls5_castespolymorphic"
"OG0001676_00",-0.0509125944619377,0.0469814288618693,1,"1e-05 to 1",0.0341688082709486,0.028553510644617,174,"success","pgls5_castespolymorphic"
"OG0001677_00",-0.0205573553636522,0.20644639155262,0.838653001386273,"1e-05 to 1",0.00989564212080438,0.00413922143546019,174,"success","pgls5_castespolymorphic"
"OG0001678_00",0.0196218906107826,0.223744116869093,1e-05,"1e-05 to 1",0.0120103617411346,0.00626623593730391,174,"success","pgls5_castespolymorphic"
"OG0001679_00",-0.00186223658601371,0.927076171045953,0.931477272626245,"1e-05 to 1",5.25165927632978e-05,-0.00576113156658109,174,"success","pgls5_castespolymorphic"
"OG0001683_00",-0.00272341616738288,0.769908444437668,1,"1e-05 to 1",0.000613091976533006,-0.00519729702360339,174,"success","pgls5_castespolymorphic"
"OG0001686_00",-0.00879410233161313,0.560040538952955,0.539018027550559,"1e-05 to 1",0.00214049549118033,-0.00366101325596402,174,"success","pgls5_castespolymorphic"
"OG0001687_00",-0.0139172382053,0.324677358270359,0.881222128840718,"1e-05 to 1",0.00598822258437441,0.000209084343585908,174,"success","pgls5_castespolymorphic"
"OG0001688_00",-0.00711119015501148,0.647741211332929,0.567399258104912,"1e-05 to 1",0.00153946522411598,-0.00426553788504602,174,"success","pgls5_castespolymorphic"
"OG0001689_00",-0.0229725736656775,0.27663470826239,1e-05,"1e-05 to 1",0.00895989926336927,0.00319803821257492,174,"success","pgls5_castespolymorphic"
"OG0001690_00",-0.0109704224714518,0.5625264816961,0.608719782849312,"1e-05 to 1",0.00215424652805641,-0.0036471822711992,174,"success","pgls5_castespolymorphic"
"OG0001691_00",0.00858355353897547,0.619947946068625,0.937055843642944,"1e-05 to 1",0.00154075180847723,-0.00426424382054313,174,"success","pgls5_castespolymorphic"
"OG0001692_00",-0.00493980517782298,0.691914568459353,1e-05,"1e-05 to 1",0.000983965371262249,-0.00482426738820707,174,"success","pgls5_castespolymorphic"
"OG0001693_00",-0.0156951151722852,0.560477122648336,0.300155808048464,"1e-05 to 1",0.00263369252543912,-0.00316494879708751,174,"success","pgls5_castespolymorphic"
"OG0001694_00",0.00260296373036707,0.894143419116553,1,"1e-05 to 1",0.000131632117693116,-0.00568155606766929,174,"success","pgls5_castespolymorphic"
"OG0001695_00",-0.0103199378402012,0.60927549654354,0.959601862890322,"1e-05 to 1",0.002239794189807,-0.00356113723932205,174,"success","pgls5_castespolymorphic"
"OG0001696_00",-0.00904200675342722,0.468701910429683,1,"1e-05 to 1",0.00328632245464459,-0.00250852450782846,174,"success","pgls5_castespolymorphic"
"OG0001697_00",0.01202308480664,0.331203254653639,1,"1e-05 to 1",0.00994147148061379,0.00418531724503601,174,"success","pgls5_castespolymorphic"
"OG0001698_00",0.00869455915821772,0.662897014554615,1e-05,"1e-05 to 1",0.00198776820352878,-0.00381462849296232,174,"success","pgls5_castespolymorphic"
"OG0001699_00",1.95111193020975e-05,0.998858043822779,0.880574192747667,"1e-05 to 1",1.53438637846685e-08,-0.00581393805529995,174,"success","pgls5_castespolymorphic"
"OG0001700_00",-0.0183715911106014,0.372516843760307,0.81989535947054,"1e-05 to 1",0.00510107035370188,-0.000683225748892902,174,"success","pgls5_castespolymorphic"
"OG0001701_00",-0.00170915724003625,0.837106913818062,1,"1e-05 to 1",0.000266647631477663,-0.00554575557996717,174,"success","pgls5_castespolymorphic"
"OG0001702_00",0.0312200468066199,0.0712700935244337,1,"1e-05 to 1",0.0200668950750095,0.0143696095812594,174,"success","pgls5_castespolymorphic"
"OG0001703_00",0.0227504762592856,0.272395395693308,0.910453325006819,"1e-05 to 1",0.00766780413231878,0.0018984309005301,174,"success","pgls5_castespolymorphic"
"OG0001704_00",-0.00666960043057836,0.688943170051898,1,"1e-05 to 1",0.00103655588005558,-0.00477137112064185,174,"success","pgls5_castespolymorphic"
"OG0001705_00",-0.00312270092287112,0.916064431005472,0.71475280799789,"1e-05 to 1",8.13702224218214e-05,-0.0057321101832617,174,"success","pgls5_castespolymorphic"
"OG0001706_00",-0.0236181586466195,0.00768701777449676,1,"1e-05 to 1",0.0435670367985482,0.0380063800357492,174,"success","pgls5_castespolymorphic"
"OG0001707_00",0.0045522660464122,0.736212758868627,0.706786753617952,"1e-05 to 1",0.000715723089804496,-0.00509406921781297,174,"success","pgls5_castespolymorphic"
"OG0001708_00",-0.061557263618977,6.14496381832197e-05,0.945217725483075,"1e-05 to 1",0.0969241670922028,0.0916737262032039,174,"success","pgls5_castespolymorphic"
"OG0001709_00",0.020336621542416,0.0325770056808219,1e-05,"1e-05 to 1",0.0284077135109773,0.0227589211476691,174,"success","pgls5_castespolymorphic"
"OG0001710_00",0.00350126036144715,0.761809856301163,0.619602456720048,"1e-05 to 1",0.000586870202743502,-0.00522367124956613,174,"success","pgls5_castespolymorphic"
"OG0001711_00",-0.00815702333677648,0.27886990797069,1,"1e-05 to 1",0.0103687403068061,0.00461507019231089,174,"success","pgls5_castespolymorphic"
"OG0001712_00",0.0228011814792808,0.168280176738856,0.51846010945118,"1e-05 to 1",0.0123699451132766,0.00662790991044682,174,"success","pgls5_castespolymorphic"
"OG0001713_00",0.0240659097032328,0.0305855923988876,0.610983634081587,"1e-05 to 1",0.0300032927532766,0.02436377701347,174,"success","pgls5_castespolymorphic"
"OG0001715_00",0.0217148722599447,0.154998492765629,0.456924597380001,"1e-05 to 1",0.0159850373259005,0.0102640201010511,174,"success","pgls5_castespolymorphic"
"OG0001717_00",0.00462570296001075,0.752257520311532,0.865940705819788,"1e-05 to 1",0.000632455601012767,-0.00517782081991158,174,"success","pgls5_castespolymorphic"
"OG0001718_00",0.0209702490528869,0.179251780496648,1,"1e-05 to 1",0.0113159427596616,0.00556777963617117,174,"success","pgls5_castespolymorphic"
"OG0001719_00",-0.00352119142183672,0.846321494658989,1,"1e-05 to 1",0.000406007564631631,-0.00540558541464375,174,"success","pgls5_castespolymorphic"
"OG0001721_00",0.000760254617398417,0.923435886496819,1e-05,"1e-05 to 1",5.75462518290064e-05,-0.00575607266531142,174,"success","pgls5_castespolymorphic"
"OG0001722_00",0.0460494799204507,0.0179633201764076,0.887999783585511,"1e-05 to 1",0.0342871570046496,0.0286725474523511,174,"success","pgls5_castespolymorphic"
"OG0001723_00",-0.0181897775835304,0.551835200879278,1,"1e-05 to 1",0.00288592097538705,-0.002911253902663,174,"success","pgls5_castespolymorphic"
"OG0001724_00",0.00214006920032994,0.902941554565799,0.699269329455092,"1e-05 to 1",9.32296624116744e-05,-0.00572018179303946,174,"success","pgls5_castespolymorphic"
"OG0001725_00",-0.0256585477556061,0.135762047067932,0.95136204922894,"1e-05 to 1",0.0137693044793273,0.00803540508676537,174,"success","pgls5_castespolymorphic"
"OG0001726_00",0.0205016626104515,0.273290319827319,1,"1e-05 to 1",0.00740371869934295,0.0016328100871299,174,"success","pgls5_castespolymorphic"
"OG0001727_00",-0.00361656986637222,0.770067354831567,1,"1e-05 to 1",0.000702887230547008,-0.00510697970415919,174,"success","pgls5_castespolymorphic"
"OG0001728_00",-0.0156395016469197,0.454689827790991,1,"1e-05 to 1",0.00345489374288045,-0.00233897315396314,174,"success","pgls5_castespolymorphic"
"OG0001729_00",-0.000657862367542703,0.95841724506665,1,"1e-05 to 1",1.69378800091189e-05,-0.00579691713231645,174,"success","pgls5_castespolymorphic"
"OG0001730_00",0.00361054916176707,0.629834638827402,1e-05,"1e-05 to 1",0.00143725635022594,-0.00436834099657513,174,"success","pgls5_castespolymorphic"
"OG0001731_00",-0.00189183096231703,0.857901765164342,0.839626175268303,"1e-05 to 1",0.000198477090418225,-0.00561432246138183,174,"success","pgls5_castespolymorphic"
"OG0001732_00",0.00211453268069096,0.819257194919522,1e-05,"1e-05 to 1",0.000327295651874982,-0.00548475495480027,174,"success","pgls5_castespolymorphic"
"OG0001734_00",0.0128941961082138,0.371094871340453,0.465446166953522,"1e-05 to 1",0.0069624205752249,0.00118894627624366,174,"success","pgls5_castespolymorphic"
"OG0001735_00",0.0149315287912571,0.217835833014974,1,"1e-05 to 1",0.00941681546136725,0.0036576109000962,174,"success","pgls5_castespolymorphic"
"OG0001736_00",0.0552397647783861,0.0362862991058452,0.639280155893104,"1e-05 to 1",0.0277963591869913,0.0221440124380784,174,"success","pgls5_castespolymorphic"
"OG0001737_00",-0.0304999819208278,0.0534037169884685,0.937413694800145,"1e-05 to 1",0.0228385679153545,0.0171573967985834,174,"success","pgls5_castespolymorphic"
"OG0001738_00",0.0294922669228945,0.140737528823029,0.335686672169139,"1e-05 to 1",0.022008832470943,0.0163228373108903,174,"success","pgls5_castespolymorphic"
"OG0001739_00",0.00671502822783509,0.498234693564225,1e-05,"1e-05 to 1",0.0029080929310515,-0.00288895304027958,174,"success","pgls5_castespolymorphic"
"OG0001740_00",0.00681922329031817,0.374390353047088,1e-05,"1e-05 to 1",0.00509400711528609,-0.000690330052648402,174,"success","pgls5_castespolymorphic"
"OG0001742_00",0.0129309031620125,0.133786598726183,1e-05,"1e-05 to 1",0.0141715600299698,0.00843999933246964,174,"success","pgls5_castespolymorphic"
"OG0001743_00",0.000347339223763503,0.983902032375959,1e-05,"1e-05 to 1",2.63505437076849e-06,-0.00581130311391775,174,"success","pgls5_castespolymorphic"
"OG0001744_00",0.0264608130997924,0.111596979407502,1,"1e-05 to 1",0.0156484601690519,0.00992548610026733,174,"success","pgls5_castespolymorphic"
"OG0001745_00",-0.0265382115209445,0.0806702378730761,0.824400090509864,"1e-05 to 1",0.0190670829657586,0.0133639846109085,174,"success","pgls5_castespolymorphic"
"OG0001746_00",0.00419631588885092,0.822981000527991,0.436104387042107,"1e-05 to 1",0.000309840839845038,-0.00550231124829526,174,"success","pgls5_castespolymorphic"
"OG0001747_00",-0.00787665249125602,0.344137306219515,1e-05,"1e-05 to 1",0.00733876598220085,0.00156747973791138,174,"success","pgls5_castespolymorphic"
"OG0001748_00",0.00343830929520526,0.879887547279063,1,"1e-05 to 1",0.000143153729085115,-0.00566996747016435,174,"success","pgls5_castespolymorphic"
"OG0001749_00",-0.0077779022220541,0.669767569318582,0.659808206187487,"1e-05 to 1",0.00113962084486455,-0.00466770694092111,174,"success","pgls5_castespolymorphic"
"OG0001750_00",-0.00562124876773007,0.567684476607705,1e-05,"1e-05 to 1",0.0020845361649745,-0.00371729792708941,174,"success","pgls5_castespolymorphic"
"OG0001751_00",0.0304616074092911,0.0705817209060371,1,"1e-05 to 1",0.0210738232809606,0.0153823920209661,174,"success","pgls5_castespolymorphic"
"OG0001752_00",-0.00899364222856422,0.328870607451453,1,"1e-05 to 1",0.00611200672210524,0.000333588156536169,174,"success","pgls5_castespolymorphic"
"OG0001753_00",-0.00132661504701116,0.856836116420693,1,"1e-05 to 1",0.000202752781642636,-0.00561002191148741,174,"success","pgls5_castespolymorphic"
"OG0001754_00",-0.00978771249062752,0.104466477354601,1,"1e-05 to 1",0.0163906602189991,0.0106720012667839,174,"success","pgls5_castespolymorphic"
"OG0001756_00",-0.0061309325360737,0.616091505398976,1e-05,"1e-05 to 1",0.00156511647485897,-0.00423973749912432,174,"success","pgls5_castespolymorphic"
"OG0001757_00",-0.000105641282233747,0.988076402854023,1e-05,"1e-05 to 1",1.3915196733374e-06,-0.00581255387846791,174,"success","pgls5_castespolymorphic"
"OG0001758_00",0.00898252266197623,0.56822938771727,1e-05,"1e-05 to 1",0.00205247943869067,-0.00374954102968905,174,"success","pgls5_castespolymorphic"
"OG0001759_00",0.0105310595342356,0.382368807504827,1e-05,"1e-05 to 1",0.00515997459267696,-0.000623979043412159,174,"success","pgls5_castespolymorphic"
"OG0001760_00",0.0229923049281042,0.132960066452485,1,"1e-05 to 1",0.0150875604107938,0.00936132529690314,174,"success","pgls5_castespolymorphic"
"OG0001761_00",-0.000692150770213305,0.970106945323021,1e-05,"1e-05 to 1",8.74952952530013e-06,-0.00580515308948915,174,"success","pgls5_castespolymorphic"
"OG0001762_00",0.00208284967287503,0.916141071640654,0.787525276311079,"1e-05 to 1",6.99480675808018e-05,-0.00574359874597974,174,"success","pgls5_castespolymorphic"
"OG0001763_00",-0.00268539246481906,0.806792203323825,0.253623284762863,"1e-05 to 1",0.000374929141157104,-0.00543684452662685,174,"success","pgls5_castespolymorphic"
"OG0001764_00",0.0402623263061771,0.105997627314411,0.743861101125174,"1e-05 to 1",0.0162482303924822,0.0105287433598803,174,"success","pgls5_castespolymorphic"
"OG0001765_00",-0.0322056945849309,0.140734485978473,0.785825347935014,"1e-05 to 1",0.0150074139244116,0.00928071284257681,174,"success","pgls5_castespolymorphic"
"OG0001766_00",-0.0295916223382197,0.19395356704892,0.421028964938138,"1e-05 to 1",0.0103933850047004,0.00463985817333246,174,"success","pgls5_castespolymorphic"
"OG0001767_00",-0.0254460394214887,0.0228415556258053,0.682308088269063,"1e-05 to 1",0.0321558361192084,0.026528835166413,174,"success","pgls5_castespolymorphic"
"OG0001768_00",-0.026960078851282,0.032570795871548,1,"1e-05 to 1",0.028409715283935,0.0227609345588415,174,"success","pgls5_castespolymorphic"
"OG0001769_00",0.00615938709996798,0.723433258605349,1,"1e-05 to 1",0.000784809231165355,-0.00502458141283957,174,"success","pgls5_castespolymorphic"
"OG0001770_00",-0.00244587914656683,0.894668131072081,0.394607756215837,"1e-05 to 1",0.000108536543234864,-0.00570478591872314,174,"success","pgls5_castespolymorphic"
"OG0001771_00",-0.0295548329480735,0.183042261789152,0.889679238807123,"1e-05 to 1",0.0113354836508453,0.00558743413718732,174,"success","pgls5_castespolymorphic"
"OG0001772_00",0.0266860415343802,0.166517177303458,0.888975490753331,"1e-05 to 1",0.0119283277016313,0.00618372495571051,174,"success","pgls5_castespolymorphic"
"OG0001773_00",0.0149590934754615,0.261241886596366,0.753345946227212,"1e-05 to 1",0.00788197126802444,0.00211384319400143,174,"success","pgls5_castespolymorphic"
"OG0001774_00",0.025470245587114,0.260561202389357,1,"1e-05 to 1",0.0157951498955515,0.0100730286740141,174,"success","pgls5_castespolymorphic"
"OG0001775_00",0.0113871976014848,0.285281290171235,0.88730599604831,"1e-05 to 1",0.00731554894257659,0.0015441277154985,174,"success","pgls5_castespolymorphic"
"OG0001776_00",0.00280331245632174,0.798752577761342,1e-05,"1e-05 to 1",0.000407473136862912,-0.00540411132164365,174,"success","pgls5_castespolymorphic"
"OG0001777_00",0.00498997376590705,0.154389148135359,1,"1e-05 to 1",0.013657208284678,0.00792265717005414,174,"success","pgls5_castespolymorphic"
"OG0001778_00",0.0198433050388699,0.028628859222493,0.78441347069451,"1e-05 to 1",0.0297670937012894,0.0241262047111807,174,"success","pgls5_castespolymorphic"
"OG0001779_00",0.0253839894277551,2.25221722778279e-05,1e-05,"1e-05 to 1",0.108434605107553,0.103251085369807,174,"success","pgls5_castespolymorphic"
"OG0001780_00",0.000214221356458579,0.992124740304048,1,"1e-05 to 1",7.2975869492632e-07,-0.00581321948689406,174,"success","pgls5_castespolymorphic"
"OG0001781_00",-0.00496512882051256,0.767940912219415,0.627111270713392,"1e-05 to 1",0.000545716083524488,-0.00526506463692011,174,"success","pgls5_castespolymorphic"
"OG0001782_00",-0.0153731865021133,0.0470214718785487,1,"1e-05 to 1",0.0255343787436136,0.0198688809456113,174,"success","pgls5_castespolymorphic"
"OG0001783_00",0.0204355549152337,0.429196782256003,0.859113472294398,"1e-05 to 1",0.00530493545554394,-0.000478175384830859,174,"success","pgls5_castespolymorphic"
"OG0001784_00",0.0386122875975519,0.16133988046702,0.882028393183523,"1e-05 to 1",0.0121474667043892,0.00640413802243811,174,"success","pgls5_castespolymorphic"
"OG0001786_00",-0.0232280224554241,0.118745539113712,0.103451063527962,"1e-05 to 1",0.0154309300820989,0.00970669130350643,174,"success","pgls5_castespolymorphic"
"OG0001787_00",-0.00437476544601059,0.697169063164374,0.904323072756769,"1e-05 to 1",0.000943062036404315,-0.00486540853315143,174,"success","pgls5_castespolymorphic"
"OG0001788_00",0.0261895571248392,0.0681141160625334,0.262250936839738,"1e-05 to 1",0.0206481575692833,0.0149542515086396,174,"success","pgls5_castespolymorphic"
"OG0001789_00",0.0137094421145351,0.106894529452788,1,"1e-05 to 1",0.0170121566002439,0.0112971109990826,174,"success","pgls5_castespolymorphic"
"OG0001790_00",-0.0063037739318253,0.548463233405389,1,"1e-05 to 1",0.00224094624314135,-0.00355997848800338,174,"success","pgls5_castespolymorphic"
"OG0001791_00",0.00365032923447945,0.713370514332242,0.776743328427926,"1e-05 to 1",0.000872970971000354,-0.00493590710474967,174,"success","pgls5_castespolymorphic"
"OG0001792_00",0.00316391607084654,0.860457696478349,1,"1e-05 to 1",0.000213835178841443,-0.00559887508174661,174,"success","pgls5_castespolymorphic"
"OG0001794_00",-0.00587086012986551,0.467768899505003,1,"1e-05 to 1",0.00359242527013593,-0.00220064202480508,174,"success","pgls5_castespolymorphic"
"OG0001795_00",-0.00307817587488575,0.777798119900746,1e-05,"1e-05 to 1",0.000583202993094216,-0.00522735978020172,174,"success","pgls5_castespolymorphic"
"OG0001796_00",-0.00441459592261283,0.781960954838536,1,"1e-05 to 1",0.000502156871943338,-0.00530887709973138,174,"success","pgls5_castespolymorphic"
"OG0001797_00",0.0148207183490822,0.168224535556548,1e-05,"1e-05 to 1",0.0148971727082281,0.00916983068908983,174,"success","pgls5_castespolymorphic"
"OG0001798_00",0.0494464049307154,0.00352638134023531,0.248833680392707,"1e-05 to 1",0.0516568518889402,0.0461432289348062,174,"success","pgls5_castespolymorphic"
"OG0001799_00",0.0101074720550219,0.304836866415278,1e-05,"1e-05 to 1",0.00711292869209644,0.00134032944030638,174,"success","pgls5_castespolymorphic"
"OG0001800_00",0.00346217763431234,0.760529356649547,0.836395771575853,"1e-05 to 1",0.000617044153438634,-0.00519332186892507,174,"success","pgls5_castespolymorphic"
"OG0001801_00",0.00724017456018647,0.415608062989336,1,"1e-05 to 1",0.00657224623020185,0.00079650347572624,174,"success","pgls5_castespolymorphic"
"OG0001803_00",0.00551222944189375,0.646549779411967,0.599253483113649,"1e-05 to 1",0.00155065063777615,-0.00425428743991119,174,"success","pgls5_castespolymorphic"
"OG0001804_00",-0.0102659933228959,0.460298920898476,0.983441670563937,"1e-05 to 1",0.00347741837623477,-0.00231631756343842,174,"success","pgls5_castespolymorphic"
"OG0001805_00",0.00668973110852294,0.44847622407113,1e-05,"1e-05 to 1",0.004495705646961,-0.00129211001788221,174,"success","pgls5_castespolymorphic"
"OG0001806_00",-0.0358146847477442,0.0933158830777634,0.8352696521337,"1e-05 to 1",0.0227269477880822,0.0170451277170827,174,"success","pgls5_castespolymorphic"
"OG0001807_00",-0.034157971467733,0.177498238888803,1,"1e-05 to 1",0.0120897408851579,0.00634607658797859,174,"success","pgls5_castespolymorphic"
"OG0001808_00",-0.005637664582375,0.761033020131248,1,"1e-05 to 1",0.000614370684260593,-0.00519601088152855,174,"success","pgls5_castespolymorphic"
"OG0001809_00",-0.0109927585536464,0.150056757579017,1e-05,"1e-05 to 1",0.01282457420659,0.00708518219616328,174,"success","pgls5_castespolymorphic"
"OG0001810_00",-0.0150081354994362,0.283504621008568,0.274094422171105,"1e-05 to 1",0.00736952447085207,0.00159841705498487,174,"success","pgls5_castespolymorphic"
"OG0001811_00",0.0123215648179074,0.639685450745604,0.859442173709297,"1e-05 to 1",0.00135606210806262,-0.00445000729828582,174,"success","pgls5_castespolymorphic"
"OG0001812_00",0.00167165943394366,0.907018118138531,1,"1e-05 to 1",8.82957372930714e-05,-0.00572514440376914,174,"success","pgls5_castespolymorphic"
"OG0001813_00",0.00658999983503698,0.413562674704679,1e-05,"1e-05 to 1",0.00415664247283058,-0.00163314448953678,174,"success","pgls5_castespolymorphic"
"OG0001814_00",0.0145312186414542,0.270405933705046,0.962583454202525,"1e-05 to 1",0.00768257829195196,0.00191329095643999,174,"success","pgls5_castespolymorphic"
"OG0001815_00",0.00892221474838608,0.513516433106283,1,"1e-05 to 1",0.00263980825833026,-0.00315879750760972,174,"success","pgls5_castespolymorphic"
"OG0001816_00",0.00314877557189763,0.450062809118371,1,"1e-05 to 1",0.00361560824167094,-0.00217732426855188,174,"success","pgls5_castespolymorphic"
"OG0001817_00",0.00360160290869232,0.773266021032571,0.606827498583027,"1e-05 to 1",0.000537100393159329,-0.00527373041850843,174,"success","pgls5_castespolymorphic"
"OG0001818_00",-0.0110786237554906,0.361402610207306,1e-05,"1e-05 to 1",0.00517663742164723,-0.000607219337529274,174,"success","pgls5_castespolymorphic"
"OG0001819_00",0.040917207907651,0.00456382177166592,0.476370361301213,"1e-05 to 1",0.0510575494338678,0.0455404421631345,174,"success","pgls5_castespolymorphic"
"OG0001820_00",-0.0156189340852343,0.169785386910225,1e-05,"1e-05 to 1",0.0122038846921661,0.00646088402177158,174,"success","pgls5_castespolymorphic"
"OG0001821_00",0.0352394580429971,0.0246048828819356,0.603585000338342,"1e-05 to 1",0.0315636017786927,0.0259331576029874,174,"success","pgls5_castespolymorphic"
"OG0001822_00",-0.0346058861633654,0.0264535561723722,0.761878922497252,"1e-05 to 1",0.0364950088314949,0.0308932356270268,174,"success","pgls5_castespolymorphic"
"OG0001823_00",0.00986499552675756,0.525455867818349,0.929467678709441,"1e-05 to 1",0.00250880608760199,-0.0032905613188654,174,"success","pgls5_castespolymorphic"
"OG0001824_00",0.00475591452486274,0.634293849260428,1,"1e-05 to 1",0.00166857821525151,-0.00413567423698535,174,"success","pgls5_castespolymorphic"
"OG0001825_00",0.0143584373941835,0.193169351815294,1e-05,"1e-05 to 1",0.0105599328982607,0.00480737436859946,174,"success","pgls5_castespolymorphic"
"OG0001826_00",-0.0120302504748919,0.463049128558873,0.967614150269926,"1e-05 to 1",0.00339178108492167,-0.00240245274598005,174,"success","pgls5_castespolymorphic"
"OG0001827_00",0.00163997578381181,0.863023610061538,1e-05,"1e-05 to 1",0.000187775757598747,-0.00562508601125233,174,"success","pgls5_castespolymorphic"
"OG0001828_00",-0.0136917726057756,0.343885080196095,0.988007149057177,"1e-05 to 1",0.00567203139545876,-0.000108945166195529,174,"success","pgls5_castespolymorphic"
"OG0001829_00",0.0686624439942138,0.000638124985409494,1e-05,"1e-05 to 1",0.0705014845165802,0.0650974233800488,174,"success","pgls5_castespolymorphic"
"OG0001830_00",-0.00913092497445033,0.410868893333871,1,"1e-05 to 1",0.00433962898846883,-0.00144909409880745,174,"success","pgls5_castespolymorphic"
"OG0001831_00",0.0259040257353719,0.0317042628174899,0.84142101704528,"1e-05 to 1",0.0285156855377362,0.0228675209187696,174,"success","pgls5_castespolymorphic"
"OG0001832_00",-0.0171003955047364,0.0448730849428927,1,"1e-05 to 1",0.0246046788208807,0.0189337757907697,174,"success","pgls5_castespolymorphic"
"OG0001833_00",-0.00782761733428194,0.528559550302153,1e-05,"1e-05 to 1",0.002486920665256,-0.00331257398203899,174,"success","pgls5_castespolymorphic"
"OG0001834_00",-0.0120767257708164,0.389506042625114,0.645982924844394,"1e-05 to 1",0.0046317415336615,-0.00115528322486358,174,"success","pgls5_castespolymorphic"
"OG0001835_00",-0.00045557852845438,0.951824642629623,1,"1e-05 to 1",2.27413347827687e-05,-0.00579107993652661,174,"success","pgls5_castespolymorphic"
"OG0001836_00",0.00342685902648022,0.527212338865193,1,"1e-05 to 1",0.0031802559625865,-0.00261520766553791,174,"success","pgls5_castespolymorphic"
"OG0001837_00",-0.0533596840348029,0.0541680962894406,1,"1e-05 to 1",0.0229762619358978,0.0172958913657576,174,"success","pgls5_castespolymorphic"
"OG0001838_00",0.0197300193329162,0.325824804151399,0.657658376473988,"1e-05 to 1",0.00599699198793894,0.000217904732054852,174,"success","pgls5_castespolymorphic"
"OG0001839_00",0.0165948337490685,0.556904685064183,0.761586123014181,"1e-05 to 1",0.00247070260222871,-0.00332888633613049,174,"success","pgls5_castespolymorphic"
"OG0001840_00",0.000914834800730563,0.945620775115214,1,"1e-05 to 1",2.89851617786252e-05,-0.00578479980821101,174,"success","pgls5_castespolymorphic"
"OG0001841_00",0.00816341847415402,0.438987036527483,0.690927117180991,"1e-05 to 1",0.00372466792924437,-0.00206763051302739,174,"success","pgls5_castespolymorphic"
"OG0001842_00",0.0124268039317011,0.520370902114849,1,"1e-05 to 1",0.0034804602630679,-0.00231325799121662,174,"success","pgls5_castespolymorphic"
"OG0001843_00",-0.0221318836188457,0.232448242715229,1e-05,"1e-05 to 1",0.0089552882367892,0.00319340037770077,174,"success","pgls5_castespolymorphic"
"OG0001844_00",0.00922263278612078,0.287607543035491,1e-05,"1e-05 to 1",0.00889909767357007,0.00313688312516069,174,"success","pgls5_castespolymorphic"
"OG0001845_00",-0.00219309691470514,0.649613967495427,0.994015621463977,"0.001 to 1",0.00128506824701921,-0.00452141391433525,174,"success","pgls5_castespolymorphic"
"OG0001846_00",-0.0195812862451297,0.214811992277769,0.496230939444493,"1e-05 to 1",0.00954101414589703,0.00378253167000109,174,"success","pgls5_castespolymorphic"
"OG0001847_00",0.00573249940235306,0.567943121883178,1,"1e-05 to 1",0.00205551501220835,-0.00374648780748821,174,"success","pgls5_castespolymorphic"
"OG0001848_00",0.0323849447556036,0.0300414843810926,1,"1e-05 to 1",0.033177910311074,0.0275568516500918,174,"success","pgls5_castespolymorphic"
"OG0001849_00",0.0277477671188239,0.0892824163531631,1e-05,"1e-05 to 1",0.0179389421328906,0.0122292848197098,174,"success","pgls5_castespolymorphic"
"OG0001850_00",-0.00516111689293336,0.445468564041533,0.320790017925884,"1e-05 to 1",0.00362054772981053,-0.00217235606245803,174,"success","pgls5_castespolymorphic"
"OG0001853_00",-0.0113283157523989,0.501281456144737,0.868560928404629,"1e-05 to 1",0.00553325581572608,-0.000248527580694269,174,"success","pgls5_castespolymorphic"
"OG0001855_00",-0.0306704286663482,0.0301503215121157,0.583231284804486,"1e-05 to 1",0.0292215848062644,0.0235775242528125,174,"success","pgls5_castespolymorphic"
"OG0001856_00",-0.015630807357286,0.247434200057236,0.830982407091734,"1e-05 to 1",0.00835190694855138,0.00258651105871732,174,"success","pgls5_castespolymorphic"
"OG0001857_00",0.0106630737258493,0.475566801648957,0.916580511049879,"1e-05 to 1",0.00324717088773607,-0.00254790370012592,174,"success","pgls5_castespolymorphic"
"OG0001858_00",-0.00707820999439624,0.44169143459367,1e-05,"1e-05 to 1",0.00372729922609611,-0.0020649839179383,174,"success","pgls5_castespolymorphic"
"OG0001859_00",-0.000728678060353623,0.949143686199217,1,"1e-05 to 1",2.51894288294436e-05,-0.0057886176093751,174,"success","pgls5_castespolymorphic"
"OG0001860_00",-0.00948248821303527,0.485871683223334,0.835820565955149,"1e-05 to 1",0.00302130098535043,-0.00277508679961835,174,"success","pgls5_castespolymorphic"
"OG0001861_00",-0.0349673482800669,0.0972317593979706,1,"1e-05 to 1",0.017420571016995,0.0117078999182566,174,"success","pgls5_castespolymorphic"
"OG0001862_00",-0.00781185464816025,0.761432298466401,1,"1e-05 to 1",0.000695400097125525,-0.00511451036742616,174,"success","pgls5_castespolymorphic"
"OG0001863_00",-0.0231026640014102,0.452886554169446,1,"1e-05 to 1",0.00352614589914752,-0.00226730674097375,174,"success","pgls5_castespolymorphic"
"OG0001864_00",-0.00873411028617304,0.461188157556568,1e-05,"1e-05 to 1",0.00680687631881174,0.00103249769275826,174,"success","pgls5_castespolymorphic"
"OG0001866_00",-0.00472680025270958,0.810225409816654,1,"1e-05 to 1",0.000359216786993675,-0.00545264823168656,174,"success","pgls5_castespolymorphic"
"OG0001867_00",0.00850364776501114,0.527017739453105,1e-05,"1e-05 to 1",0.00250554720957084,-0.00329383914386194,174,"success","pgls5_castespolymorphic"
"OG0001868_00",0.00531929343102781,0.728473016605765,1e-05,"1e-05 to 1",0.000916062334446501,-0.0048925652101206,174,"success","pgls5_castespolymorphic"
"OG0001869_00",0.0218449228229999,0.157060226472892,0.716756218010344,"1e-05 to 1",0.0164791081350159,0.0107609634148707,174,"success","pgls5_castespolymorphic"
"OG0001870_00",-0.00832380429861265,0.571673566297412,1,"1e-05 to 1",0.00200356122255535,-0.00379874365405786,174,"success","pgls5_castespolymorphic"
"OG0001871_00",0.0241856033152435,0.34355366990427,0.957251964349499,"1e-05 to 1",0.00560878641327131,-0.00017255785176773,174,"success","pgls5_castespolymorphic"
"OG0001872_00",0.0224141923656244,0.0886817679780272,0.922640363161624,"1e-05 to 1",0.0182324539374346,0.0125245030882335,174,"success","pgls5_castespolymorphic"
"OG0001873_00",0.00168567985726187,0.908962400598601,0.598524157507288,"1e-05 to 1",8.19732282283775e-05,-0.00573150367160769,174,"success","pgls5_castespolymorphic"
"OG0001874_00",-0.0195020103716437,0.443369704015298,1,"1e-05 to 1",0.00384532250441397,-0.00194627445776963,174,"success","pgls5_castespolymorphic"
"OG0001875_00",0.0126577496769956,0.152264189703203,1e-05,"1e-05 to 1",0.0129277887965446,0.00718899687094321,174,"success","pgls5_castespolymorphic"
"OG0001876_00",0.00470215521889735,0.754628695350004,1e-05,"1e-05 to 1",0.000690092759027245,-0.00511984856214132,174,"success","pgls5_castespolymorphic"
"OG0001877_00",-0.0141491139266021,0.18718674501339,0.889259704541165,"1e-05 to 1",0.0108473738415906,0.00509648648020444,174,"success","pgls5_castespolymorphic"
"OG0001878_00",-0.00523618366629147,0.77888268008296,1,"1e-05 to 1",0.000494137575704776,-0.00531694301978525,174,"success","pgls5_castespolymorphic"
"OG0001879_00",0.00943430068400345,0.682686972534975,0.428759285089923,"1e-05 to 1",0.00104067924243384,-0.00476722378522632,174,"success","pgls5_castespolymorphic"
"OG0001880_00",0.0200384480721179,0.280313598140481,0.936683150403192,"1e-05 to 1",0.00737306989373929,0.00160198309079596,174,"success","pgls5_castespolymorphic"
"OG0001881_00",0.0163829365970962,0.109074179677101,1e-05,"1e-05 to 1",0.0160686204651866,0.0103480891888215,174,"success","pgls5_castespolymorphic"
"OG0001882_00",0.00250121123675499,0.897854837736726,0.823451745163949,"1e-05 to 1",0.000103312582181982,-0.00571004025164257,174,"success","pgls5_castespolymorphic"
"OG0001883_00",0.0368919232348032,0.131782942015171,1,"1e-05 to 1",0.014052082775065,0.00831982744236204,174,"success","pgls5_castespolymorphic"
"OG0001884_00",-0.00119051570329209,0.902788819837688,0.487161095089947,"1e-05 to 1",9.35247632807334e-05,-0.00571988497646747,174,"success","pgls5_castespolymorphic"
"OG0001885_00",-0.00812630657246011,0.437390396929825,1e-05,"1e-05 to 1",0.00379791502109466,-0.00199395756599197,174,"success","pgls5_castespolymorphic"
"OG0001886_00",-0.00370220667667596,0.794433924252939,0.80169803610735,"1e-05 to 1",0.000422899762866727,-0.00538859500595379,174,"success","pgls5_castespolymorphic"
"OG0001887_00",0.000837385504278914,0.947482814573788,0.930748167505811,"1e-05 to 1",2.79004982372759e-05,-0.00578589077793579,174,"success","pgls5_castespolymorphic"
"OG0001888_00",-0.00309164504024709,0.854151709598795,0.810942899890322,"1e-05 to 1",0.000258900785307838,-0.00555354746594028,174,"success","pgls5_castespolymorphic"
"OG0001889_00",0.0065432132464715,0.624883967198409,1,"1e-05 to 1",0.0027598643211767,-0.00303804344439795,174,"success","pgls5_castespolymorphic"
"OG0001890_00",0.00749345419828517,0.57358329740953,0.491866631442823,"1e-05 to 1",0.00195920499494667,-0.00384335776671074,174,"success","pgls5_castespolymorphic"
"OG0001891_00",0.00206103893353569,0.881564403878664,1,"1e-05 to 1",0.000163800459625699,-0.00564920070049268,174,"success","pgls5_castespolymorphic"
"OG0001892_00",0.0155125242515212,0.393617935645569,1,"1e-05 to 1",0.00455218924870108,-0.00123529802310873,174,"success","pgls5_castespolymorphic"
"OG0001893_00",-0.000656867288047072,0.964587626006052,0.798692569163726,"1e-05 to 1",1.23580448799105e-05,-0.00580152359439423,174,"success","pgls5_castespolymorphic"
"OG0001894_00",0.0201784249765302,0.474624782651286,0.650891122246858,"1e-05 to 1",0.00317989086945951,-0.00261557488129949,174,"success","pgls5_castespolymorphic"
"OG0001895_00",-0.0215544768301144,0.360853425021202,1,"1e-05 to 1",0.00518846080751953,-0.000595327211041274,174,"success","pgls5_castespolymorphic"
"OG0001896_00",-0.00478701791956651,0.723415540451952,1e-05,"1e-05 to 1",0.000820927710464157,-0.00498825294238192,174,"success","pgls5_castespolymorphic"
"OG0001897_00",0.00984978742679709,0.475402927277262,1,"1e-05 to 1",0.00333467058957438,-0.00245989527909085,174,"success","pgls5_castespolymorphic"
"OG0001899_00",-0.0078178393155333,0.48477651922909,1,"1e-05 to 1",0.00301770560939536,-0.00277870307892192,174,"success","pgls5_castespolymorphic"
"OG0001900_00",0.000241184759183149,0.970397198336017,1e-05,"1e-05 to 1",8.63416128632929e-06,-0.00580526912847357,174,"success","pgls5_castespolymorphic"
"OG0001901_00",0.00679472788826217,0.65343654444677,1,"1e-05 to 1",0.00128731011378221,-0.00451915901346323,174,"success","pgls5_castespolymorphic"
"OG0001902_00",-0.00328320086813834,0.832860213077914,1e-05,"1e-05 to 1",0.000282724513137513,-0.00552958522806524,174,"success","pgls5_castespolymorphic"
"OG0001903_00",0.0107776131396281,0.0804037545950407,0.781294845914296,"1e-05 to 1",0.0192204430870788,0.0135182363608409,174,"success","pgls5_castespolymorphic"
"OG0001904_00",-0.00036276431575024,0.966679063378207,1e-05,"1e-05 to 1",1.10096382823029e-05,-0.00580287984056493,174,"success","pgls5_castespolymorphic"
"OG0001905_00",-0.0115150024828592,0.258653521251951,0.778054475622078,"1e-05 to 1",0.00811982718468259,0.00235308199389583,174,"success","pgls5_castespolymorphic"
"OG0001906_00",-0.0012198901854807,0.496686040150232,0.89211698998641,"1e-05 to 1",0.00291062943978036,-0.00288640178440702,174,"success","pgls5_castespolymorphic"
"OG0001907_00",0.0139100876334253,0.568226155718805,0.842484194181995,"1e-05 to 1",0.00206553191428212,-0.0037364126676116,174,"success","pgls5_castespolymorphic"
"OG0001908_00",0.00707200525388512,0.557430969974114,1e-05,"1e-05 to 1",0.00253677161292278,-0.00326243320328112,174,"success","pgls5_castespolymorphic"
"OG0001909_00",0.00763962619516023,0.639511629921241,1e-05,"1e-05 to 1",0.002001455526521,-0.00380086159251092,174,"success","pgls5_castespolymorphic"
"OG0001910_00",-0.0178802049267016,0.249323035560594,0.793328057624285,"1e-05 to 1",0.00828575563648046,0.00251997514599478,174,"success","pgls5_castespolymorphic"
"OG0001911_00",-0.0211714869557998,0.110269555046894,0.687633728883626,"1e-05 to 1",0.0162670712474537,0.0105476937547062,174,"success","pgls5_castespolymorphic"
"OG0001912_00",-0.00263288046695028,0.857482402649807,0.818289183116769,"1e-05 to 1",0.000199662891200338,-0.00561312976640904,174,"success","pgls5_castespolymorphic"
"OG0001913_00",-0.0182826903552305,0.357580180354452,0.770477908970308,"1e-05 to 1",0.00532563243913136,-0.000457358069943403,174,"success","pgls5_castespolymorphic"
"OG0001914_00",-0.00578652034601227,0.685708055681382,0.878403557192661,"1e-05 to 1",0.00106633756650144,-0.00474141628485603,174,"success","pgls5_castespolymorphic"
"OG0001915_00",-0.00112279659890028,0.971554319652303,0.890055796892892,"1e-05 to 1",8.07331854982853e-06,-0.00580583323192374,174,"success","pgls5_castespolymorphic"
"OG0001916_00",0.00726689983016003,0.582582094342027,1e-05,"1e-05 to 1",0.00186869921060092,-0.00393438974747706,174,"success","pgls5_castespolymorphic"
"OG0001917_00",-0.0126113498358045,0.428796547130642,1,"1e-05 to 1",0.00396720193169017,-0.00182368642917208,174,"success","pgls5_castespolymorphic"
"OG0001918_00",-0.00249606581856209,0.88427894728423,1,"1e-05 to 1",0.000135350861708835,-0.00567781570304859,174,"success","pgls5_castespolymorphic"
"OG0001919_00",-0.024466573089191,0.0514500487012444,1e-05,"1e-05 to 1",0.0232155671232471,0.0175365878623357,174,"success","pgls5_castespolymorphic"
"OG0001920_00",0.0125550771358894,0.507156478600086,0.862289821801839,"1e-05 to 1",0.00272030004070246,-0.00307783774975845,174,"success","pgls5_castespolymorphic"
"OG0001921_00",-0.0151402605799,0.448275025268574,0.940659779265971,"1e-05 to 1",0.00364417726788876,-0.00214858914334437,174,"success","pgls5_castespolymorphic"
"OG0001922_00",0.00304033984397736,0.773279825878531,1e-05,"1e-05 to 1",0.000513762405456956,-0.0052972040921857,174,"success","pgls5_castespolymorphic"
"OG0001923_00",-0.00403154340656648,0.681243246662096,1e-05,"1e-05 to 1",0.0010507175622134,-0.00475712710312259,174,"success","pgls5_castespolymorphic"
"OG0001924_00",-0.0051899850597676,0.359687622818176,1e-05,"1e-05 to 1",0.00555909324724115,-0.000222539931554078,174,"success","pgls5_castespolymorphic"
"OG0001925_00",0.0127362468854127,0.40349488977527,1e-05,"1e-05 to 1",0.00431192780153952,-0.00147695633914902,174,"success","pgls5_castespolymorphic"
"OG0001926_00",-0.0189028572224731,0.462846562367487,0.951317954648617,"1e-05 to 1",0.00333189262838447,-0.00246268939121785,174,"success","pgls5_castespolymorphic"
"OG0001927_00",0.0439064495658915,0.0225498960013835,0.287617092916465,"1e-05 to 1",0.0326980515199041,0.0270742029822291,174,"success","pgls5_castespolymorphic"
"OG0001928_00",0.0329746086648671,0.215072731762749,0.877093730095771,"1e-05 to 1",0.00989848595374689,0.00414208180231512,174,"success","pgls5_castespolymorphic"
"OG0001929_00",-0.00453098169985033,0.314226676616134,1e-05,"1e-05 to 1",0.00636965645364675,0.000592735851633108,174,"success","pgls5_castespolymorphic"
"OG0001930_00",0.0152414393933076,0.397993680504041,0.979476249366006,"1e-05 to 1",0.00563130019396893,-0.000149913176996419,174,"success","pgls5_castespolymorphic"
"OG0001931_00",-0.0200704865651217,0.198185535593522,0.213615829393457,"1e-05 to 1",0.01019953553595,0.00444488167278689,174,"success","pgls5_castespolymorphic"
"OG0001932_00",-0.0250491748820772,0.0548970064279382,0.987458275503558,"1e-05 to 1",0.0231262974529861,0.017446799182364,174,"success","pgls5_castespolymorphic"
"OG0001933_00",-0.003120448242322,0.862578535248737,0.758203194117026,"1e-05 to 1",0.000187825282087884,-0.00562503619883015,174,"success","pgls5_castespolymorphic"
"OG0001935_00",-0.0179937513113082,0.297907181023064,0.350013888502631,"1e-05 to 1",0.0101223442007174,0.00436724155072155,174,"success","pgls5_castespolymorphic"
"OG0001938_00",-0.0100326344898301,0.298379857437296,0.724789363785909,"1e-05 to 1",0.00697500061097913,0.00120159945174059,174,"success","pgls5_castespolymorphic"
"OG0001939_00",0.00886481733051798,0.62482671079652,0.891453428663405,"1e-05 to 1",0.00300348797939447,-0.00279300336956267,174,"success","pgls5_castespolymorphic"
"OG0001940_00",0.0110704110285646,0.646211444565352,0.726649319341274,"1e-05 to 1",0.00132018696639974,-0.00448609101635378,174,"success","pgls5_castespolymorphic"
"OG0001941_00",-0.0362159582875997,0.0789405377374066,1,"1e-05 to 1",0.0204341240119018,0.0147389735701107,174,"success","pgls5_castespolymorphic"
"OG0001942_00",-0.00389964800409304,0.621507444125328,0.557269730509609,"1e-05 to 1",0.00153669332079459,-0.00426832590408455,174,"success","pgls5_castespolymorphic"
"OG0001943_00",-0.00117955922933505,0.872861774748779,1e-05,"1e-05 to 1",0.000161549801680123,-0.00565146444365894,174,"success","pgls5_castespolymorphic"
"OG0001944_00",-0.00850499406949365,0.12219056950483,1,"1e-05 to 1",0.0148664079424898,0.00913888705843457,174,"success","pgls5_castespolymorphic"
"OG0001945_00",0.01325607686197,0.444528939341791,0.588749828335614,"1e-05 to 1",0.0041226416376077,-0.00166734300403415,174,"success","pgls5_castespolymorphic"
"OG0001946_00",-0.0203717305682485,0.441596778608955,0.673421033077382,"1e-05 to 1",0.00380064330484825,-0.00199121342012365,174,"success","pgls5_castespolymorphic"
"OG0001947_00",-0.0272074032885139,0.0421067477415149,0.939193045147634,"1e-05 to 1",0.0255663108650489,0.0199009987189155,174,"success","pgls5_castespolymorphic"
"OG0001948_00",-0.0371173584754484,0.00566335957848119,1,"1e-05 to 1",0.0573930361742093,0.0519127631287105,174,"success","pgls5_castespolymorphic"
"OG0001949_00",-0.0366652091910271,0.319335481730778,1,"1e-05 to 1",0.0115311717019613,0.00578425990953091,174,"success","pgls5_castespolymorphic"
"OG0001950_00",-0.01038806392258,0.636327438354862,0.709658116629941,"1e-05 to 1",0.00140958183205647,-0.00439617641310619,174,"success","pgls5_castespolymorphic"
"OG0001952_00",-0.00497556673495223,0.780884039770801,0.772353729380374,"1e-05 to 1",0.000566699721746327,-0.00524395900080155,174,"success","pgls5_castespolymorphic"
"OG0001953_00",0.0343963424070989,0.0014075460330667,1e-05,"1e-05 to 1",0.0757106439652196,0.070336868639436,174,"success","pgls5_castespolymorphic"
"OG0001954_00",0.00170670478183064,0.937489268938885,1,"1e-05 to 1",5.37152698234168e-05,-0.00575992592046837,174,"success","pgls5_castespolymorphic"
"OG0001955_00",0.0113853557940991,0.57746802684361,1e-05,"1e-05 to 1",0.00191979089489292,-0.00388300101850891,174,"success","pgls5_castespolymorphic"
"OG0001956_00",-0.0169089057045384,0.386880854274041,0.786952309913009,"1e-05 to 1",0.00465404840030324,-0.00113284666713676,174,"success","pgls5_castespolymorphic"
"OG0001957_00",-0.00753300846820016,0.658407814792332,1e-05,"1e-05 to 1",0.00132429013411013,-0.00448196399301692,174,"success","pgls5_castespolymorphic"
"OG0001958_00",-0.0411680032142481,0.0562806671425482,0.894504211131185,"1e-05 to 1",0.0223089556485649,0.0166247053907077,174,"success","pgls5_castespolymorphic"
"OG0001959_00",-0.0251115366541673,0.103675502128361,0.596456398338361,"1e-05 to 1",0.0169934172707844,0.0112782627200332,174,"success","pgls5_castespolymorphic"
"OG0001960_00",0.0420117489252366,0.163622739069331,1,"1e-05 to 1",0.0121676765585553,0.00642446537575603,174,"success","pgls5_castespolymorphic"
"OG0001961_00",0.0117069676577125,0.285712788639452,1,"1e-05 to 1",0.00707582133453771,0.00130300634229663,174,"success","pgls5_castespolymorphic"
"OG0001962_00",0.0427610688147463,0.00478200832846554,0.348742586828987,"1e-05 to 1",0.0521909089204058,0.0466803909490128,174,"success","pgls5_castespolymorphic"
"OG0001963_00",-0.0190070066176935,0.682555359786787,1,"1e-05 to 1",0.00144710645398435,-0.00435843362477151,174,"success","pgls5_castespolymorphic"
"OG0001964_00",-0.00382711978002869,0.541520015907538,1,"1e-05 to 1",0.00319425217289438,-0.00260113008191443,174,"success","pgls5_castespolymorphic"
"OG0001965_00",-0.00553998836625624,0.781036087049092,0.633518713004772,"1e-05 to 1",0.000484311681822758,-0.00532682604095736,174,"success","pgls5_castespolymorphic"
"OG0001966_00",-0.00360251187921094,0.596170865377337,1,"1e-05 to 1",0.00174805552382019,-0.00405573485104127,174,"success","pgls5_castespolymorphic"
"OG0001967_00",0.00466746446858132,0.823706832436323,0.879662476271692,"1e-05 to 1",0.000317078249624817,-0.00549503176055177,174,"success","pgls5_castespolymorphic"
"OG0001968_00",-0.00586925401323215,0.825375041072242,0.929243863244108,"1e-05 to 1",0.000301381670816076,-0.00551081959853961,174,"success","pgls5_castespolymorphic"
"OG0001969_00",-0.0212556540983628,0.531820837608381,0.655441833658241,"1e-05 to 1",0.00417207324610997,-0.00161762400245924,174,"success","pgls5_castespolymorphic"
"OG0001970_00",0.0139214144815765,0.321512875511477,1e-05,"1e-05 to 1",0.00638199320608994,0.00060514432938108,174,"success","pgls5_castespolymorphic"
"OG0001972_00",-0.0419578570669504,0.0184628741234578,0.503122946543496,"1e-05 to 1",0.0352948021933612,0.0296860510433226,174,"success","pgls5_castespolymorphic"
"OG0001973_00",0.0121130774250081,0.624635463587189,0.899179071111464,"1e-05 to 1",0.00149984419020479,-0.00430538927380564,174,"success","pgls5_castespolymorphic"
"OG0001974_00",-0.010755257188716,0.278106277150917,1,"1e-05 to 1",0.00730226019718777,0.00153076170996214,174,"success","pgls5_castespolymorphic"
"OG0001975_00",-0.0163987646476067,0.357196811964441,1e-05,"1e-05 to 1",0.0052678169825228,-0.000515509662927682,174,"success","pgls5_castespolymorphic"
"OG0001976_00",-0.0240514576741185,0.277093616932925,0.887545550839077,"1e-05 to 1",0.00728775237258952,0.00151616953754641,174,"success","pgls5_castespolymorphic"
"OG0001977_00",0.0131259161618784,0.304692644546715,0.67902952573111,"1e-05 to 1",0.00666679035210486,0.000891597272756672,174,"success","pgls5_castespolymorphic"
"OG0001978_00",0.0201285889637865,0.182430110263931,1,"1e-05 to 1",0.0110149096334169,0.00526499631733213,174,"success","pgls5_castespolymorphic"
"OG0001979_00",0.00367997900224638,0.761543100586054,1,"1e-05 to 1",0.000584492528953939,-0.00522606274704041,174,"success","pgls5_castespolymorphic"
"OG0001980_00",-0.0038355614017378,0.836609741435659,0.539849036181512,"1e-05 to 1",0.000270004143796182,-0.00554237955304226,174,"success","pgls5_castespolymorphic"
"OG0001981_00",-0.0165067268623941,0.0975648966352032,1e-05,"1e-05 to 1",0.0174970623119276,0.0117848359300202,174,"success","pgls5_castespolymorphic"
"OG0001982_00",-0.000409026152512864,0.961244994398898,1,"1e-05 to 1",1.4710820541578e-05,-0.00579915713980395,174,"success","pgls5_castespolymorphic"
"OG0001984_00",0.0200660904523377,0.432112585805321,0.717846637895907,"1e-05 to 1",0.00396084741300678,-0.0018300778927316,174,"success","pgls5_castespolymorphic"
"OG0001985_00",0.0158877671944735,0.450131122915089,0.975870993019833,"1e-05 to 1",0.00385909561069481,-0.00193242127528959,174,"success","pgls5_castespolymorphic"
"OG0001986_00",0.000506135436808727,0.961532605556409,1,"1e-05 to 1",1.45839821675172e-05,-0.00579928471561075,174,"success","pgls5_castespolymorphic"
"OG0001987_00",0.0299753803591342,0.00144890422128441,1,"1e-05 to 1",0.0612365349337758,0.0557786078112978,174,"success","pgls5_castespolymorphic"
"OG0001988_00",-0.0115333545037276,0.5455464263413,0.733543210715151,"1e-05 to 1",0.00230241957265813,-0.00349814775540791,174,"success","pgls5_castespolymorphic"
"OG0001989_00",-0.0172790701999962,0.459041346615404,0.925632974476331,"1e-05 to 1",0.00343126563683432,-0.00236273863271896,174,"success","pgls5_castespolymorphic"
"OG0001990_00",-0.0262459549033607,0.24752506479936,1,"1e-05 to 1",0.0134838383107821,0.0077482792311937,174,"success","pgls5_castespolymorphic"
"OG0001991_00",-0.00655292040172457,0.487503487433907,1,"1e-05 to 1",0.00305582214618299,-0.00274036493436247,174,"success","pgls5_castespolymorphic"
"OG0001992_00",-0.0013268561269658,0.491691430051527,1,"1e-05 to 1",0.00294158462274274,-0.00285526662945057,174,"success","pgls5_castespolymorphic"
"OG0001993_00",-0.00844941328339508,0.630611773820433,1e-05,"1e-05 to 1",0.00143965338247677,-0.00436593002809027,174,"success","pgls5_castespolymorphic"
"OG0001994_00",0.00693181677326623,0.536724534973025,0.907738616273908,"1e-05 to 1",0.00236032001618895,-0.00343991068139138,174,"success","pgls5_castespolymorphic"
"OG0001995_00",0.0261683166956358,0.145936188642099,0.408104295404354,"1e-05 to 1",0.0142313323964384,0.00850011921269678,174,"success","pgls5_castespolymorphic"
"OG0001996_00",-0.0162032290928755,0.149033495813137,1,"1e-05 to 1",0.0128887948575439,0.00714977622299484,174,"success","pgls5_castespolymorphic"
"OG0001997_00",0.0100813035796529,0.736033532207026,0.765869070861473,"1e-05 to 1",0.000707805335604253,-0.00510203300546785,174,"success","pgls5_castespolymorphic"
"OG0001998_00",-0.0201801692084549,0.178900167219065,0.141601324996311,"1e-05 to 1",0.0113341589405341,0.00558610172507201,174,"success","pgls5_castespolymorphic"
"OG0001999_00",-0.0538238314679107,0.0467641537762855,0.824993847497988,"1e-05 to 1",0.0243333776860737,0.0186608973237834,174,"success","pgls5_castespolymorphic"
"OG0002000_00",0.0105598748192135,0.55232114304237,0.640925086116085,"1e-05 to 1",0.00219803807148091,-0.00360313612577778,174,"success","pgls5_castespolymorphic"
"OG0002001_00",-0.0338865412854323,0.157239846794355,0.704675161297984,"1e-05 to 1",0.0127017429149653,0.00696163676912209,174,"success","pgls5_castespolymorphic"
"OG0002003_00",-0.000212784626217089,0.984126873718779,1e-05,"1e-05 to 1",2.48163987770324e-06,-0.0058114574203556,174,"success","pgls5_castespolymorphic"
"OG0002004_00",0.0107189536017963,0.270010108089639,1,"1e-05 to 1",0.00769523592988953,0.00192602218529592,174,"success","pgls5_castespolymorphic"
"OG0002005_00",-0.0109923433680113,0.603652070360756,0.746710039884245,"1e-05 to 1",0.00166747125362457,-0.00413678763443581,174,"success","pgls5_castespolymorphic"
"OG0002006_00",0.0474255870292125,0.0786310955062279,0.671834253057827,"1e-05 to 1",0.0257628782497241,0.0200987089372225,174,"success","pgls5_castespolymorphic"
"OG0002007_00",0.0159286842949552,0.0125082065888398,0.678016622797233,"1e-05 to 1",0.037884639460504,0.032290945503879,174,"success","pgls5_castespolymorphic"
"OG0002008_00",-0.0378875019938007,0.315639584738901,1,"1e-05 to 1",0.00949880993266663,0.0037400820834379,174,"success","pgls5_castespolymorphic"
"OG0002009_00",-0.0153639436371714,0.31487401165966,0.861856234351668,"1e-05 to 1",0.00631299008673736,0.000535740029102061,174,"success","pgls5_castespolymorphic"
"OG0002010_00",0.0713963096550198,0.000190398896078303,0.611062683165071,"1e-05 to 1",0.0835909978985398,0.0782630385839965,174,"success","pgls5_castespolymorphic"
"OG0002011_00",0.0179073848513425,0.393758354866204,0.759100677379872,"1e-05 to 1",0.00449328050223084,-0.00129454926229111,174,"success","pgls5_castespolymorphic"
"OG0002012_00",0.00764561533860642,0.0728896756183119,1,"1e-05 to 1",0.0200899880503888,0.0143928368181235,174,"success","pgls5_castespolymorphic"
"OG0002013_00",0.00830150349592603,0.476066443178428,0.842713844193452,"1e-05 to 1",0.00323983683545864,-0.00255528039224218,174,"success","pgls5_castespolymorphic"
"OG0002014_00",-0.00859217049095147,0.432710228332007,0.688115239875229,"1e-05 to 1",0.0039005273845211,-0.00189074861905714,174,"success","pgls5_castespolymorphic"
"OG0002015_00",-0.00278035988172766,0.811533076618143,1e-05,"1e-05 to 1",0.000351996974777869,-0.0054599100195547,174,"success","pgls5_castespolymorphic"
"OG0002016_00",0.0208234832713124,0.0953296674057542,1e-05,"1e-05 to 1",0.0173986815688292,0.0116858832058573,174,"success","pgls5_castespolymorphic"
"OG0002017_00",0.0174178955455476,0.0293895672138742,1e-05,"1e-05 to 1",0.0289509153344451,0.0233052811212734,174,"success","pgls5_castespolymorphic"
"OG0002018_00",0.0094659684486446,0.555562142965337,1e-05,"1e-05 to 1",0.00313933876386763,-0.00265636275494696,174,"success","pgls5_castespolymorphic"
"OG0002019_00",-0.0177757741206627,0.355242592557348,0.851234899319358,"1e-05 to 1",0.00534389032196663,-0.000438994036626505,174,"success","pgls5_castespolymorphic"
"OG0002020_00",-0.00204935958778035,0.835451458200366,1,"1e-05 to 1",0.000275650964001549,-0.00553669990248684,174,"success","pgls5_castespolymorphic"
"OG0002021_00",0.00552320254408944,0.74767881505851,1e-05,"1e-05 to 1",0.000652729117850395,-0.00515742943378994,174,"success","pgls5_castespolymorphic"
"OG0002022_00",0.00950563573364156,0.619830174842454,1,"1e-05 to 1",0.00155150811751709,-0.00425342497482295,174,"success","pgls5_castespolymorphic"
"OG0002023_00",-0.0049431339110145,0.461162005299679,1e-05,"1e-05 to 1",0.00339903608015605,-0.00239515557054082,174,"success","pgls5_castespolymorphic"
"OG0002024_00",0.0222071464075636,0.320701394371096,0.923609017002899,"1e-05 to 1",0.00612495076348567,0.000346607453970971,174,"success","pgls5_castespolymorphic"
"OG0002025_00",0.00289263740271582,0.908807906648898,0.812390794038472,"1e-05 to 1",8.49146620366985e-05,-0.00572854513643994,174,"success","pgls5_castespolymorphic"
"OG0002026_00",-0.00298129830073276,0.825786012525168,0.118897599136115,"1e-05 to 1",0.000303702293843394,-0.00550848548351812,174,"success","pgls5_castespolymorphic"
"OG0002027_00",-0.00521091000049322,0.670704553834201,0.967076863571303,"1e-05 to 1",0.00116940043602665,-0.00463775421260104,174,"success","pgls5_castespolymorphic"
"OG0002028_00",-0.00720479338720998,0.701667874593868,0.385174357390447,"1e-05 to 1",0.000925387632284322,-0.004883185695435,174,"success","pgls5_castespolymorphic"
"OG0002029_00",0.00572269210179328,0.65523068474012,1e-05,"1e-05 to 1",0.00128128689157758,-0.00452521725440169,174,"success","pgls5_castespolymorphic"
"OG0002031_00",-0.00901138022876936,0.232943734466503,1,"1e-05 to 1",0.00882553380009146,0.00306289155474315,174,"success","pgls5_castespolymorphic"
"OG0002032_00",0.00202084121253437,0.774338242133273,1,"1e-05 to 1",0.00051522344701626,-0.00529573455619881,174,"success","pgls5_castespolymorphic"
"OG0002033_00",-0.0481594326184673,0.00969076378619049,1,"1e-05 to 1",0.0421148713084156,0.0365457717229994,174,"success","pgls5_castespolymorphic"
"OG0002034_00",-0.0262602737751676,0.229554575334129,0.874504464471096,"1e-05 to 1",0.00918192031496153,0.00342135008423461,174,"success","pgls5_castespolymorphic"
"OG0002035_00",-0.036488655302504,0.0943244597420265,0.868400028243581,"1e-05 to 1",0.0172877684065003,0.0115743251995614,174,"success","pgls5_castespolymorphic"
"OG0002036_00",0.0173962669856681,0.0134242519155796,1e-05,"1e-05 to 1",0.0375962396413635,0.032000868941604,174,"success","pgls5_castespolymorphic"
"OG0002038_00",0.0133352863508501,0.216445342525308,1e-05,"1e-05 to 1",0.00947367258148258,0.00371479858486323,174,"success","pgls5_castespolymorphic"
"OG0002039_00",0.0442347388488012,0.0191577415424282,1,"1e-05 to 1",0.0334044640092601,0.0277847225209418,174,"success","pgls5_castespolymorphic"
"OG0002040_00",0.000690025977405464,0.957082768571309,1,"1e-05 to 1",1.80435243758134e-05,-0.00579580505978483,174,"success","pgls5_castespolymorphic"
"OG0002041_00",-0.0260275505628431,0.129578486694191,1e-05,"1e-05 to 1",0.0146664716963352,0.00893778839224413,174,"success","pgls5_castespolymorphic"
"OG0002042_00",0.0277329705173092,0.0730688114155984,1,"1e-05 to 1",0.0263086708961739,0.020647674796733,174,"success","pgls5_castespolymorphic"
"OG0002043_00",-0.0206061970262654,0.352375264120445,0.955001052358168,"1e-05 to 1",0.00534097790976926,-0.000441923381452991,174,"success","pgls5_castespolymorphic"
"OG0002044_00",-0.0169334461036924,0.149067123330813,1,"1e-05 to 1",0.0129669433054896,0.00722837902238205,174,"success","pgls5_castespolymorphic"
"OG0002045_00",-0.00905534002596186,0.457916292965852,1e-05,"1e-05 to 1",0.00340582744972144,-0.0023883247162686,174,"success","pgls5_castespolymorphic"
"OG0002046_00",-0.0162534128152824,0.354583312844584,1,"1e-05 to 1",0.00532521829355324,-0.000457774623344731,174,"success","pgls5_castespolymorphic"
"OG0002047_00",-0.0131250768900117,0.469563320971079,0.90406417617776,"1e-05 to 1",0.00325326622438589,-0.0025417729254722,174,"success","pgls5_castespolymorphic"
"OG0002048_00",0.0146436084459069,0.254775750806617,0.825677586262527,"1e-05 to 1",0.00814904613542576,0.00238247082225962,174,"success","pgls5_castespolymorphic"
"OG0002049_00",-0.0244285182915896,0.182834799127562,0.560477212370926,"1e-05 to 1",0.0114191875719799,0.00567162470902627,174,"success","pgls5_castespolymorphic"
"OG0002050_00",-0.00883895084591629,0.630332369668337,0.861867949744589,"1e-05 to 1",0.00146945296778904,-0.00433595718937507,174,"success","pgls5_castespolymorphic"
"OG0002051_00",-0.00583139113641916,0.497808311926179,1e-05,"1e-05 to 1",0.00285947472440333,-0.00293785391091994,174,"success","pgls5_castespolymorphic"
"OG0002052_00",0.0213006678061581,0.463415703075069,0.621054242765767,"1e-05 to 1",0.00332343789934069,-0.00247119327566314,174,"success","pgls5_castespolymorphic"
"OG0002053_00",-0.00415918752819533,0.754560300896781,1,"1e-05 to 1",0.000612591228131115,-0.00519780068333331,174,"success","pgls5_castespolymorphic"
"OG0002054_00",0.00181901359350181,0.131005081415766,1e-05,"1e-05 to 1",0.0149402863093448,0.00921319495067818,174,"success","pgls5_castespolymorphic"
"OG0002055_00",-0.0122557428972209,0.451807809313582,0.774016377320205,"1e-05 to 1",0.0036574317334799,-0.00213525761690669,174,"success","pgls5_castespolymorphic"
"OG0002056_00",-0.00867045894628119,0.419872420481485,1,"1e-05 to 1",0.00513039989562454,-0.000653725686377449,174,"success","pgls5_castespolymorphic"
"OG0002057_00",0.0106756208983427,0.293346709096641,1,"1e-05 to 1",0.00689891602369914,0.00112507251220917,174,"success","pgls5_castespolymorphic"
"OG0002058_00",-0.0203392559534953,0.174811482131605,0.95081676355446,"1e-05 to 1",0.0114059550282777,0.00565831523193039,174,"success","pgls5_castespolymorphic"
"OG0002059_00",-0.00231055081024682,0.856315130780496,1,"1e-05 to 1",0.000206824205553747,-0.00560592681650696,174,"success","pgls5_castespolymorphic"
"OG0002060_00",0.00250858772088725,0.917957064512866,0.989102494140336,"1e-05 to 1",6.65211779015081e-05,-0.00574704555943617,174,"success","pgls5_castespolymorphic"
"OG0002061_00",0.028370947837749,0.199565538107891,1,"1e-05 to 1",0.0104595348160707,0.00470639257662919,174,"success","pgls5_castespolymorphic"
"OG0002062_00",-0.0075182897597318,0.36214119124614,1,"1e-05 to 1",0.00516077535048001,-0.000623173630040386,174,"success","pgls5_castespolymorphic"
"OG0002063_00",-0.0130562317493997,0.145229024386856,1e-05,"1e-05 to 1",0.0132137560127572,0.00747662668725002,174,"success","pgls5_castespolymorphic"
"OG0002064_00",0.0385272759719901,0.0159188954842437,0.427520754653108,"1e-05 to 1",0.0452523068939747,0.0397014482131257,174,"success","pgls5_castespolymorphic"
"OG0002065_00",0.0141473156757358,0.500431095807883,1,"1e-05 to 1",0.00280731880222159,-0.00299031306520736,174,"success","pgls5_castespolymorphic"
"OG0002066_00",0.0162390703125888,0.376227669942373,0.692450682109049,"1e-05 to 1",0.00492779934511732,-0.000857504147062205,174,"success","pgls5_castespolymorphic"
"OG0002067_00",0.00916671765310669,0.668871550607588,0.723873405847364,"1e-05 to 1",0.00113906415594169,-0.00466826686640753,174,"success","pgls5_castespolymorphic"
"OG0002068_00",-0.0412339818584468,0.0169818327391287,0.699345140628724,"1e-05 to 1",0.0350945859016966,0.0294846707034506,174,"success","pgls5_castespolymorphic"
"OG0002069_00",0.00669438774944121,0.693952701188561,1,"1e-05 to 1",0.000970305186640299,-0.00483800699250714,174,"success","pgls5_castespolymorphic"
"OG0002070_00",-0.00287863583752756,0.866452539643258,0.935014102105028,"1e-05 to 1",0.000175091358266996,-0.0056378441570919,174,"success","pgls5_castespolymorphic"
"OG0002071_00",0.00857527255773466,0.419597098745389,0.914139627028051,"1e-05 to 1",0.00407593096580921,-0.00171432524950599,174,"success","pgls5_castespolymorphic"
"OG0002072_00",0.0249024343861625,0.0796185084446677,0.521783546508319,"1e-05 to 1",0.0189620996436745,0.0132583909206725,174,"success","pgls5_castespolymorphic"
"OG0002073_00",0.00437824327432659,0.819277580390458,1,"1e-05 to 1",0.000429537586239662,-0.00538191859058457,174,"success","pgls5_castespolymorphic"
"OG0002074_00",0.0342039315828757,0.10676796698267,0.645170895467612,"1e-05 to 1",0.0160774376483394,0.0103569576346669,174,"success","pgls5_castespolymorphic"
"OG0002075_00",0.013478669430386,0.48882316415366,0.995084213694849,"0.001 to 1",0.00299933573615433,-0.00279717975375182,174,"success","pgls5_castespolymorphic"
"OG0002076_00",-0.0259669997630729,0.14691365545311,1e-05,"1e-05 to 1",0.0129433085025089,0.00720460680775603,174,"success","pgls5_castespolymorphic"
"OG0002077_00",0.0144237659194742,0.132322745032597,1e-05,"1e-05 to 1",0.0142781690811162,0.00854722820368081,174,"success","pgls5_castespolymorphic"
"OG0002078_00",0.00485504512421505,0.706820656653785,0.968316856358797,"1e-05 to 1",0.000971846990623286,-0.00483645622454754,174,"success","pgls5_castespolymorphic"
"OG0002081_00",-0.00205022118356487,0.717519673772673,1,"1e-05 to 1",0.000830644970754058,-0.00497847918639271,174,"success","pgls5_castespolymorphic"
"OG0002082_00",0.0146093173160469,0.381272981259029,0.694086421100125,"1e-05 to 1",0.00476486555654678,-0.00102138522510109,174,"success","pgls5_castespolymorphic"
"OG0002083_00",-0.00543714185341735,0.584309194518972,0.391997190844001,"1e-05 to 1",0.00186317270830616,-0.00393994838059886,174,"success","pgls5_castespolymorphic"
"OG0002084_00",-0.00238527066541271,0.630269729930828,1,"1e-05 to 1",0.00144253456635126,-0.0043630320931467,174,"success","pgls5_castespolymorphic"
"OG0002085_00",0.0128904881008856,0.431963330010306,1,"1e-05 to 1",0.00388854088601941,-0.00190280480650373,174,"success","pgls5_castespolymorphic"
"OG0002086_00",-0.00646472879540244,0.784378654794693,1e-05,"1e-05 to 1",0.000759767041404175,-0.00504976919672728,174,"success","pgls5_castespolymorphic"
"OG0002087_00",-0.00363172621041133,0.590570372456708,1,"1e-05 to 1",0.00181310571921482,-0.00399030645683629,174,"success","pgls5_castespolymorphic"
"OG0002088_00",0.0084056426298383,0.452725508551299,1,"1e-05 to 1",0.00350670905035319,-0.00228685659470296,174,"success","pgls5_castespolymorphic"
"OG0002090_00",0.0185526187801253,0.036175319185864,1e-05,"1e-05 to 1",0.0301207131447549,0.024481880081643,174,"success","pgls5_castespolymorphic"
"OG0002091_00",0.00511447048184348,0.60452841903042,1e-05,"1e-05 to 1",0.00180455295807432,-0.0039989089433321,174,"success","pgls5_castespolymorphic"
"OG0002092_00",-0.00137942445436867,0.61318354708,1,"1e-05 to 1",0.00166352394839705,-0.00414075788911217,174,"success","pgls5_castespolymorphic"
"OG0002095_00",0.00838286943369142,0.449735488480572,1,"1e-05 to 1",0.00355326788159023,-0.00224002707258664,174,"success","pgls5_castespolymorphic"
"OG0002097_00",0.000332134729217746,0.976040374625231,1,"1e-05 to 1",8.01773948319063e-06,-0.00580588913412439,174,"success","pgls5_castespolymorphic"
"OG0002098_00",0.011727579858461,0.595832272646466,1,"1e-05 to 1",0.00181922443198323,-0.00398415217015624,174,"success","pgls5_castespolymorphic"
"OG0002099_00",-0.00279466265528495,0.905737859705569,0.96103384030839,"1e-05 to 1",8.79104702072002e-05,-0.00572553191078007,174,"success","pgls5_castespolymorphic"
"OG0002100_00",0.00383702938676647,0.854431992172214,0.402645141250478,"1e-05 to 1",0.000209696365382381,-0.00560303795807471,174,"success","pgls5_castespolymorphic"
"OG0002101_00",0.0329797512254313,0.00386488309075528,1,"1e-05 to 1",0.0506715910405926,0.0451522398257123,174,"success","pgls5_castespolymorphic"
"OG0002102_00",0.00177203071096371,0.808921676680437,1,"1e-05 to 1",0.000375976465136365,-0.00543579111355474,174,"success","pgls5_castespolymorphic"
"OG0002103_00",-0.0238108263299809,0.455948724251571,1,"1e-05 to 1",0.00605603271312842,0.000277288717274504,174,"success","pgls5_castespolymorphic"
"OG0002104_00",-0.00699990364192805,0.555533371264648,1e-05,"1e-05 to 1",0.00217628194553597,-0.0036250187408271,174,"success","pgls5_castespolymorphic"
"OG0002105_00",-0.0337753607186669,0.0766826044297817,0.700764307768563,"1e-05 to 1",0.0194559853314046,0.0137551480368197,174,"success","pgls5_castespolymorphic"
"OG0002106_00",-0.022613929467058,0.19222464070034,1,"1e-05 to 1",0.010604632281313,0.00485233363178583,174,"success","pgls5_castespolymorphic"
"OG0002107_00",0.0151668311885835,0.377257500885734,1,"1e-05 to 1",0.00481570401365115,-0.000970251195571814,174,"success","pgls5_castespolymorphic"
"OG0002108_00",-0.0166367501727441,0.366057318983334,0.749509259508346,"1e-05 to 1",0.00507740797932894,-0.000707025695209751,174,"success","pgls5_castespolymorphic"
"OG0002109_00",-0.00346542872803583,0.854672110739624,1e-05,"1e-05 to 1",0.000210307604797288,-0.00560242316494231,174,"success","pgls5_castespolymorphic"
"OG0002110_00",0.00552614075927918,0.336495693270667,1,"1e-05 to 1",0.00664733176288982,0.000872025552208999,174,"success","pgls5_castespolymorphic"
"OG0002113_00",-0.000887418868357245,0.796813728669731,1,"1e-05 to 1",0.000415537240292958,-0.00539600033389132,174,"success","pgls5_castespolymorphic"
"OG0002114_00",0.0199519056635436,0.350739348942782,1e-05,"1e-05 to 1",0.00757613086566776,0.00180622464977054,174,"success","pgls5_castespolymorphic"
"OG0002115_00",-0.0137327313108852,0.597879185075498,0.7949581435887,"1e-05 to 1",0.00173186296440845,-0.00407202155324038,174,"success","pgls5_castespolymorphic"
"OG0002117_00",0.022247953261481,0.0803808375297217,0.957170464873445,"1e-05 to 1",0.0191032125419929,0.0134003242428185,174,"success","pgls5_castespolymorphic"
"OG0002118_00",-0.00700762861925122,0.797543396342441,1,"1e-05 to 1",0.000431422307881683,-0.00538002291125839,174,"success","pgls5_castespolymorphic"
"OG0002119_00",0.0264370046517288,0.0158205186404099,0.615881879897198,"1e-05 to 1",0.0354112615643886,0.0298031875037165,174,"success","pgls5_castespolymorphic"
"OG0002120_00",-0.0197629627094081,0.245168884156239,0.266531098358257,"1e-05 to 1",0.0100659341845991,0.00431050356939333,174,"success","pgls5_castespolymorphic"
"OG0002121_00",0.0233303384844792,0.156815912141575,0.844443840141442,"1e-05 to 1",0.0124896792684587,0.00674834019443804,174,"success","pgls5_castespolymorphic"
"OG0002122_00",-0.00147292725310765,0.935299391893169,0.274390353995419,"1e-05 to 1",4.10585992661703e-05,-0.00577265617631939,174,"success","pgls5_castespolymorphic"
"OG0002124_00",0.0267675386772202,0.272837770580128,0.945843214352475,"1e-05 to 1",0.00976757452316272,0.0040104092587625,174,"success","pgls5_castespolymorphic"
"OG0002125_00",0.00650926507420475,0.609978294544968,0.981732728703627,"1e-05 to 1",0.00160988036543052,-0.00419471335337507,174,"success","pgls5_castespolymorphic"
"OG0002126_00",0.00503505565876574,0.352170438642796,1e-05,"1e-05 to 1",0.00544641094137321,-0.000335877367107162,174,"success","pgls5_castespolymorphic"
"OG0002127_00",-0.0142533196894868,0.619706543066742,1,"1e-05 to 1",0.00237666039915448,-0.00342347529619924,174,"success","pgls5_castespolymorphic"
"OG0002128_00",-0.0164426446408157,0.151976372549033,1,"1e-05 to 1",0.0127054121845039,0.00696532737162303,174,"success","pgls5_castespolymorphic"
"OG0002129_00",0.0278484264453012,0.410726309880113,1,"1e-05 to 1",0.00426025703418095,-0.00152892751794576,174,"success","pgls5_castespolymorphic"
"OG0002130_00",0.0210635132867305,0.0608849135120111,1,"1e-05 to 1",0.0235360290878392,0.0178589129778849,174,"success","pgls5_castespolymorphic"
"OG0002131_00",-0.0161890972896443,0.397738969400877,0.759896540178859,"1e-05 to 1",0.00447364365103087,-0.00131430028123058,174,"success","pgls5_castespolymorphic"
"OG0002132_00",0.02033903018097,0.282502566903021,0.899056833554042,"1e-05 to 1",0.00712621237519219,0.00135369035411781,174,"success","pgls5_castespolymorphic"
"OG0002133_00",0.00594279844311825,0.752833492288864,0.782444830398897,"1e-05 to 1",0.000613835742454751,-0.00519654893346111,174,"success","pgls5_castespolymorphic"
"OG0002134_00",0.0206552998079368,0.0836230968629628,0.235071923884598,"1e-05 to 1",0.0189429390458533,0.013239118924027,174,"success","pgls5_castespolymorphic"
"OG0002135_00",-0.00678864113148695,0.72521408784279,0.759881884524506,"1e-05 to 1",0.000794223478188718,-0.00501511243182184,174,"success","pgls5_castespolymorphic"
"OG0002136_00",0.0313547328778838,0.0897672851545093,1e-05,"1e-05 to 1",0.020279142287481,0.0145830907891523,174,"success","pgls5_castespolymorphic"
"OG0002137_00",0.0141031036127053,0.562860484925267,1,"1e-05 to 1",0.00222193673888561,-0.00357909851263249,174,"success","pgls5_castespolymorphic"
"OG0002138_00",0.00756828963580637,0.568333922969709,1,"1e-05 to 1",0.00205137168260747,-0.00375065522621454,174,"success","pgls5_castespolymorphic"
"OG0002139_00",-0.00584490783722483,0.829058419342867,0.907595247963261,"1e-05 to 1",0.000288606114091903,-0.00552366943175642,174,"success","pgls5_castespolymorphic"
"OG0002140_01",-0.00168180601905761,0.968595847971572,1,"1e-05 to 1",1.90172825887569e-05,-0.00579482564018696,174,"success","pgls5_castespolymorphic"
"OG0002141_00",0.00714938398741606,0.446493162396715,1e-05,"1e-05 to 1",0.00358202407046116,-0.00221110369657107,174,"success","pgls5_castespolymorphic"
"OG0002142_00",0.0139629205620248,0.259540822853199,1e-05,"1e-05 to 1",0.00803859856351182,0.00227138111329972,174,"success","pgls5_castespolymorphic"
"OG0002143_00",0.0110932817874083,0.302049791865333,1e-05,"1e-05 to 1",0.006697441139948,0.000922426262854659,174,"success","pgls5_castespolymorphic"
"OG0002144_00",0.0408914756663772,0.133958826422235,0.869064130754098,"1e-05 to 1",0.0138108512010407,0.00807719335918622,174,"success","pgls5_castespolymorphic"
"OG0002145_00",-0.00841975856546791,0.297926377008524,1,"1e-05 to 1",0.0066861908772419,0.000911110591644504,174,"success","pgls5_castespolymorphic"
"OG0002146_00",-0.0486437453626459,0.103390198309046,0.763465060802617,"1e-05 to 1",0.0162895796808184,0.0105703330510557,174,"success","pgls5_castespolymorphic"
"OG0002147_00",-0.0139594287170779,0.387464027382913,0.593919944420343,"1e-05 to 1",0.00470109849663658,-0.00108552302373188,174,"success","pgls5_castespolymorphic"
"OG0002148_00",0.00303538852315006,0.866452762207442,1,"1e-05 to 1",0.000242713106549579,-0.00556982925910998,174,"success","pgls5_castespolymorphic"
"OG0002149_00",-0.0222527060713947,0.236018349348183,0.795696385634218,"1e-05 to 1",0.00865710654158347,0.00289348506798803,174,"success","pgls5_castespolymorphic"
"OG0002150_00",0.00672300581696255,0.631698521677698,0.79367319305422,"1e-05 to 1",0.00154602974347028,-0.00425893519988163,174,"success","pgls5_castespolymorphic"
"OG0002151_00",0.0178472283623119,0.0840602043921088,1,"1e-05 to 1",0.0188900183047157,0.0131858905041617,174,"success","pgls5_castespolymorphic"
"OG0002152_00",-0.0088698528101958,0.734536983920828,1,"1e-05 to 1",0.00102156942603024,-0.00478644470521372,174,"success","pgls5_castespolymorphic"
"OG0002153_00",-0.00990398189361049,0.621715053380659,1e-05,"1e-05 to 1",0.00152525017306933,-0.00427983558173839,174,"success","pgls5_castespolymorphic"
"OG0002154_00",-0.00926091581967659,0.443124015284364,1e-05,"1e-05 to 1",0.0051237078286502,-0.000660456660718012,174,"success","pgls5_castespolymorphic"
"OG0002155_00",0.0267180536142478,0.276074360682908,0.862412460491571,"1e-05 to 1",0.00741006245587893,0.00163919072597118,174,"success","pgls5_castespolymorphic"
"OG0002156_00",0.0180535039042197,0.0981684720850389,1e-05,"1e-05 to 1",0.0171076410159734,0.0113931505567639,174,"success","pgls5_castespolymorphic"
"OG0002157_00",-0.0272444799909242,0.189610278142609,0.822714478446708,"1e-05 to 1",0.0106631771512677,0.00491121887889134,174,"success","pgls5_castespolymorphic"
"OG0002158_00",-0.0152167904230407,0.42137379929783,1,"1e-05 to 1",0.00399495096943573,-0.00179577605981174,174,"success","pgls5_castespolymorphic"
"OG0002159_00",-0.00992372110987726,0.553695040084597,0.167627171629604,"1e-05 to 1",0.00219656318625462,-0.00360461958591829,174,"success","pgls5_castespolymorphic"
"OG0002160_00",0.044981293101814,0.0310620872729519,0.468324267696225,"1e-05 to 1",0.033248869488516,0.0276282233808911,174,"success","pgls5_castespolymorphic"
"OG0002161_00",-0.0139267596973645,0.559020036019331,0.622666708901339,"1e-05 to 1",0.00217910387878789,-0.00362218040098683,174,"success","pgls5_castespolymorphic"
"OG0002162_00",-0.000770703985169638,0.953619890114226,1e-05,"1e-05 to 1",2.13420904217861e-05,-0.0057924873160291,174,"success","pgls5_castespolymorphic"
"OG0002163_00",-0.0139434298865007,0.305615577318112,1e-05,"1e-05 to 1",0.00651774568420414,0.000741686066089042,174,"success","pgls5_castespolymorphic"
"OG0002164_00",0.0107706545938451,0.171267870989225,1,"1e-05 to 1",0.0127821585850101,0.00704251997213212,174,"success","pgls5_castespolymorphic"
"OG0002165_00",-0.00767787286223859,0.457173064007406,0.480680896883773,"1e-05 to 1",0.00350371168461958,-0.00228987138698145,174,"success","pgls5_castespolymorphic"
"OG0002167_00",-0.0172739871949055,0.386559201728413,0.856079774888744,"1e-05 to 1",0.00468949254026474,-0.00109719645659423,174,"success","pgls5_castespolymorphic"
"OG0002168_00",0.00500987957442112,0.370687910405895,1,"1e-05 to 1",0.00498040525437015,-0.000804592389499703,174,"success","pgls5_castespolymorphic"
"OG0002169_00",0.0376519722665246,0.0287800276034327,0.136616923223236,"1e-05 to 1",0.0297115725077047,0.0240703607199588,174,"success","pgls5_castespolymorphic"
"OG0002170_00",-0.0226534349249449,0.121014088145641,0.825127442688657,"1e-05 to 1",0.0150535280988138,0.00932709512264407,174,"success","pgls5_castespolymorphic"
"OG0002171_00",0.0117877519176428,0.549217302129397,0.936796471660247,"1e-05 to 1",0.00226065355432593,-0.00354015659942797,174,"success","pgls5_castespolymorphic"
"OG0002172_00",-0.00261400094766616,0.879736646472372,0.728368604446548,"1e-05 to 1",0.000141739235139904,-0.00567139018791152,174,"success","pgls5_castespolymorphic"
"OG0002173_00",-0.0180760088329804,0.228179089116588,0.911815618575848,"1e-05 to 1",0.0110659820411866,0.00531636565770521,174,"success","pgls5_castespolymorphic"
"OG0002174_00",-0.0028440119702268,0.863759926158777,0.510549102643392,"1e-05 to 1",0.000184578307332405,-0.0056283020513459,174,"success","pgls5_castespolymorphic"
"OG0002175_00",-0.0426536671406955,0.0433336454021565,0.53837427818558,"1e-05 to 1",0.0254269259074231,0.0197608033836291,174,"success","pgls5_castespolymorphic"
"OG0002176_00",0.000551703591691575,0.967629377592996,1,"1e-05 to 1",1.0260794427873e-05,-0.00580363303816256,174,"success","pgls5_castespolymorphic"
"OG0002177_00",-0.00248398794149553,0.55459558230024,1,"1e-05 to 1",0.0021866122041012,-0.00361462842261906,174,"success","pgls5_castespolymorphic"
"OG0002178_00",0.00224874316068144,0.853697560703763,0.526727317401709,"1e-05 to 1",0.000213169643738666,-0.00559954448623978,174,"success","pgls5_castespolymorphic"
"OG0002179_00",-0.0100186389958179,0.333604730914256,1e-05,"1e-05 to 1",0.00584397429413914,6.39974005004484e-05,174,"success","pgls5_castespolymorphic"
"OG0002180_00",-0.00169033993455083,0.872958271005643,1e-05,"1e-05 to 1",0.000160291375939164,-0.00565273018582868,174,"success","pgls5_castespolymorphic"
"OG0002181_00",-0.00797661124383392,0.448711845504561,1e-05,"1e-05 to 1",0.00359165579257759,-0.00220141597607015,174,"success","pgls5_castespolymorphic"
"OG0002182_00",-0.011341466836641,0.458191363971266,0.241179240900366,"1e-05 to 1",0.00408312637903249,-0.00170708800248476,174,"success","pgls5_castespolymorphic"
"OG0002183_00",0.00304603556016607,0.836387510739069,1,"1e-05 to 1",0.000267355066853239,-0.00554504403159517,174,"success","pgls5_castespolymorphic"
"OG0002184_00",0.00717520447890491,0.621470448571363,1,"1e-05 to 1",0.00152739012110884,-0.00427768319214072,174,"success","pgls5_castespolymorphic"
"OG0002186_00",-0.0226550469054455,0.241940988561936,0.884356093105679,"1e-05 to 1",0.00844242259238875,0.0026775529562979,174,"success","pgls5_castespolymorphic"
"OG0002187_00",0.0103682396503348,0.434823886757101,1,"1e-05 to 1",0.00379279303724367,-0.00199910932881897,174,"success","pgls5_castespolymorphic"
"OG0002188_00",0.0438606084666833,0.0197044745007642,0.940101625420101,"1e-05 to 1",0.0337261201092967,0.0281082487145833,174,"success","pgls5_castespolymorphic"
"OG0002189_00",0.0606019044514562,0.00427100540823933,0.574253231416921,"1e-05 to 1",0.0502080159385373,0.0446859695195753,174,"success","pgls5_castespolymorphic"
"OG0002190_00",0.00896627340480119,0.660619659067142,0.736088779651186,"1e-05 to 1",0.00120786392313921,-0.00459906710056357,174,"success","pgls5_castespolymorphic"
"OG0002191_00",-0.0177601050345976,0.358638464711504,0.930924349734758,"1e-05 to 1",0.00520405938541978,-0.000579637943734834,174,"success","pgls5_castespolymorphic"
"OG0002193_00",0.00856627021001304,0.591531717084702,0.467307675289511,"1e-05 to 1",0.00179251626637797,-0.0040110156157942,174,"success","pgls5_castespolymorphic"
"OG0002194_00",0.0107147879287627,0.801502969529585,0.147089161526014,"1e-05 to 1",0.00063499810051973,-0.00517526353843079,174,"success","pgls5_castespolymorphic"
"OG0002195_00",0.00529606560599741,0.395823578333081,1e-05,"1e-05 to 1",0.00445427831065299,-0.00133377821079672,174,"success","pgls5_castespolymorphic"
"OG0002196_00",-0.00674624072380314,0.442861058426404,1,"1e-05 to 1",0.00370827768471565,-0.00208411604967562,174,"success","pgls5_castespolymorphic"
"OG0002197_00",-0.0102703189469645,0.443755209609545,0.466155150560192,"1e-05 to 1",0.00399574162605349,-0.0017949808063531,174,"success","pgls5_castespolymorphic"
"OG0002198_00",-0.014201397466964,0.371495935619628,0.602317027944514,"1e-05 to 1",0.00515591338170909,-0.000628063866071837,174,"success","pgls5_castespolymorphic"
"OG0002199_00",-0.00383425084500776,0.472061818858978,1,"1e-05 to 1",0.00319700084149825,-0.00259836543267911,174,"success","pgls5_castespolymorphic"
"OG0002200_00",0.00205609561659441,0.919332131160009,0.693241893757669,"1e-05 to 1",6.55351098566328e-05,-0.00574803736043483,174,"success","pgls5_castespolymorphic"
"OG0002201_00",0.0364487054797082,0.0699719445695002,0.598258533737245,"1e-05 to 1",0.0202509846523958,0.0145547694468865,174,"success","pgls5_castespolymorphic"
"OG0002202_00",-0.0319233663666736,0.0391708843102256,0.900308437878686,"1e-05 to 1",0.0275056900510131,0.0218516533652632,174,"success","pgls5_castespolymorphic"
"OG0002203_00",0.00347008401275981,0.895595085845773,1,"1e-05 to 1",0.000107960671616307,-0.00570536513843245,174,"success","pgls5_castespolymorphic"
"OG0002204_00",0.0126482005405218,0.466775017074762,0.754110807940467,"1e-05 to 1",0.00339997492417597,-0.00239421126812522,174,"success","pgls5_castespolymorphic"
"OG0002205_00",-0.048097035287193,0.0304688417875054,1,"1e-05 to 1",0.0285780331068461,0.0229302309737465,174,"success","pgls5_castespolymorphic"
"OG0002206_00",0.000300368927582022,0.983755493050292,1,"1e-05 to 1",2.59913939869997e-06,-0.00581133923769772,174,"success","pgls5_castespolymorphic"
"OG0002207_00",0.0315547423087949,0.042543797474917,0.146730250626518,"1e-05 to 1",0.025459575706447,0.019793643007066,174,"success","pgls5_castespolymorphic"
"OG0002208_00",0.000899144992787516,0.960575571895619,0.538292922687803,"1e-05 to 1",1.52238290427267e-05,-0.00579864114869522,174,"success","pgls5_castespolymorphic"
"OG0002209_00",0.0329521341628127,0.103286994901156,0.6556931459483,"1e-05 to 1",0.0163999652551866,0.0106813604020192,174,"success","pgls5_castespolymorphic"
"OG0002210_00",0.000330886813344988,0.988290861527617,0.831266581038961,"1e-05 to 1",1.34191035448208e-06,-0.00581260377621318,174,"success","pgls5_castespolymorphic"
"OG0002211_00",0.0043809154832896,0.790601378141603,1,"1e-05 to 1",0.00043919143715716,-0.00537220861262688,174,"success","pgls5_castespolymorphic"
"OG0002212_00",-0.00219372899807249,0.519630548795328,1,"1e-05 to 1",0.00259614904825611,-0.00320271055030052,174,"success","pgls5_castespolymorphic"
"OG0002213_00",-0.00824937986336127,0.579721772061171,1,"1e-05 to 1",0.00194529882389978,-0.00385734478758915,174,"success","pgls5_castespolymorphic"
"OG0002214_00",-0.019836571699136,0.246587734304027,0.776756968778312,"1e-05 to 1",0.00888074598298951,0.00311842473870449,174,"success","pgls5_castespolymorphic"
"OG0002215_00",0.00421461245721258,0.557035062500387,1,"1e-05 to 1",0.00224413510033862,-0.00355677109093855,174,"success","pgls5_castespolymorphic"
"OG0002216_00",0.0113535051345075,0.355772966655374,0.440829781678305,"1e-05 to 1",0.00533215175763883,-0.000450800848421418,174,"success","pgls5_castespolymorphic"
"OG0002217_00",-0.00398358151812483,0.840539221223509,1,"1e-05 to 1",0.000255379148659515,-0.00555708957722056,174,"success","pgls5_castespolymorphic"
"OG0002218_00",-0.0381380623659779,0.0339875368653386,0.761109133907553,"1e-05 to 1",0.0279629481697962,0.0223115699614812,174,"success","pgls5_castespolymorphic"
"OG0002219_00",-0.0119092874097844,0.228286706900248,0.834803864005716,"1e-05 to 1",0.00917349662444293,0.00341287741877094,174,"success","pgls5_castespolymorphic"
"OG0002220_00",0.00902132465015577,0.572678558864544,1e-05,"1e-05 to 1",0.0019807122312007,-0.00382172548838544,174,"success","pgls5_castespolymorphic"
"OG0002221_00",0.00150812141079847,0.892216395978412,1,"1e-05 to 1",0.000115104452843595,-0.00569817982359333,174,"success","pgls5_castespolymorphic"
"OG0002222_00",-0.00978481786383516,0.613478818015595,0.988918449860165,"0.001 to 1",0.00158838664020089,-0.00421633204212357,174,"success","pgls5_castespolymorphic"
"OG0002223_00",0.00810131737153261,0.508879392755433,1,"1e-05 to 1",0.0033639582050173,-0.00243043738681403,174,"success","pgls5_castespolymorphic"
"OG0002225_00",0.0027482793174439,0.738237898560581,1e-05,"1e-05 to 1",0.00069558899454748,-0.0051143203717634,174,"success","pgls5_castespolymorphic"
"OG0002226_00",-0.00234611351033138,0.780080292382948,1e-05,"1e-05 to 1",0.000485615967729889,-0.00532551417199278,174,"success","pgls5_castespolymorphic"
"OG0002227_00",-0.0152386936776593,0.54071582735777,0.726260907422607,"1e-05 to 1",0.00235817774215402,-0.00344206541050784,174,"success","pgls5_castespolymorphic"
"OG0002228_00",0.0164802976699895,0.208082313056678,0.389029200306979,"1e-05 to 1",0.0098249798131,0.00406814830038549,174,"success","pgls5_castespolymorphic"
"OG0002229_00",-0.000552111506522005,0.969811580605439,0.367070928336486,"1e-05 to 1",9.03596521823601e-06,-0.00580486498847232,174,"success","pgls5_castespolymorphic"
"OG0002230_00",0.0032354645514325,0.689674040075944,1,"1e-05 to 1",0.00101179010416947,-0.00479628088359707,174,"success","pgls5_castespolymorphic"
"OG0002231_00",0.00482043400691407,0.720136199961504,0.676653296359738,"1e-05 to 1",0.000814662078535252,-0.00499455500240353,174,"success","pgls5_castespolymorphic"
"OG0002232_00",0.00389415378787027,0.313982806009499,1e-05,"1e-05 to 1",0.00637605911054045,0.000599175733276169,174,"success","pgls5_castespolymorphic"
"OG0002233_00",-0.0124813346177023,0.400929674507625,1,"1e-05 to 1",0.00438619037880301,-0.00140226200271565,174,"success","pgls5_castespolymorphic"
"OG0002234_00",0.0158005333507153,0.234221457595809,0.991042796294563,"1e-05 to 1",0.0111236312586012,0.00537435004498832,174,"success","pgls5_castespolymorphic"
"OG0002235_00",-0.024765186206897,0.181781205708369,1,"1e-05 to 1",0.0136738388301097,0.00793938440470343,174,"success","pgls5_castespolymorphic"
"OG0002236_00",0.0143832738866719,0.312420929356688,1,"1e-05 to 1",0.00633750834426844,0.00056040083464215,174,"success","pgls5_castespolymorphic"
"OG0002237_00",-0.00894133155120258,0.40200214341452,0.842447644915979,"1e-05 to 1",0.00433931992463006,-0.00144940495952905,174,"success","pgls5_castespolymorphic"
"OG0002238_00",-0.0154932494648675,0.470352588892906,0.871670636174064,"1e-05 to 1",0.00324174078521672,-0.00255336537300876,174,"success","pgls5_castespolymorphic"
"OG0002239_00",-0.0100393954327116,0.210131138408812,1e-05,"1e-05 to 1",0.00979814515739528,0.00404115762924062,174,"success","pgls5_castespolymorphic"
"OG0002240_00",-0.0115032928939367,0.228132232755998,1e-05,"1e-05 to 1",0.0090649838016816,0.00330373370750536,174,"success","pgls5_castespolymorphic"
"OG0002241_00",-0.00624576382685848,0.381758879262842,1e-05,"1e-05 to 1",0.00478491416499836,-0.0010012200549725,174,"success","pgls5_castespolymorphic"
"OG0002242_00",-0.0126305843644312,0.552760080998855,1,"1e-05 to 1",0.00222083491904995,-0.00358020673839743,174,"success","pgls5_castespolymorphic"
"OG0002243_00",0.0118477920490065,0.570571683492302,0.900870582792996,"1e-05 to 1",0.00200251051201335,-0.00379980047338191,174,"success","pgls5_castespolymorphic"
"OG0002244_00",0.00943933927158236,0.284666303377598,0.854003280516581,"1e-05 to 1",0.00706267511189738,0.00128978368812938,174,"success","pgls5_castespolymorphic"
"OG0002245_00",0.0163372861373461,0.300030296066051,0.536848668090307,"1e-05 to 1",0.00671124877954793,0.000936314179429076,174,"success","pgls5_castespolymorphic"
"OG0002246_00",-0.00271027507971075,0.863615106138727,0.85532182582193,"1e-05 to 1",0.000183822394950111,-0.00562906235856753,174,"success","pgls5_castespolymorphic"
"OG0002247_00",0.015292837698188,0.491603344360632,1,"1e-05 to 1",0.00343417314263389,-0.00235981422281584,174,"success","pgls5_castespolymorphic"
"OG0002248_00",-0.0251399774323717,0.376701361553411,0.941417657081812,"1e-05 to 1",0.00550727367461286,-0.000274660780767322,174,"success","pgls5_castespolymorphic"
"OG0002249_00",-0.000795361506054766,0.872857856696382,1e-05,"1e-05 to 1",0.000164676464823737,-0.00564831960224121,174,"success","pgls5_castespolymorphic"
"OG0002250_00",0.0282726397887827,0.153073854496343,1,"1e-05 to 1",0.0132105359726653,0.00747338792599472,174,"success","pgls5_castespolymorphic"
"OG0002251_00",0.036277923509572,0.027141227012879,0.660826729431271,"1e-05 to 1",0.0297752298182267,0.0241343881311233,174,"success","pgls5_castespolymorphic"
"OG0002252_00",-0.00697163585986907,0.555249776379435,1e-05,"1e-05 to 1",0.00217940242788648,-0.0036218801161374,174,"success","pgls5_castespolymorphic"
"OG0002253_00",0.00130843859193169,0.934240919141066,1e-05,"1e-05 to 1",4.58434796499949e-05,-0.00576784347686377,174,"success","pgls5_castespolymorphic"
"OG0002254_00",-4.50105209885894e-05,0.997546424051112,0.670614092448906,"1e-05 to 1",5.89173362618233e-08,-0.00581389422849332,174,"success","pgls5_castespolymorphic"
"OG0002255_00",0.0157673787930345,0.585420950137089,0.739707912089242,"1e-05 to 1",0.00187553073303938,-0.00392751850688478,174,"success","pgls5_castespolymorphic"
"OG0002256_00",-0.0368739905932124,0.170161396608013,1e-05,"1e-05 to 1",0.0124238657918338,0.00668214408132117,174,"success","pgls5_castespolymorphic"
"OG0002257_00",-0.0109172243451072,0.196827235998134,1e-05,"1e-05 to 1",0.0105204482284671,0.00476766013677221,174,"success","pgls5_castespolymorphic"
"OG0002258_00",-0.0536835121266523,0.00627590052711735,1,"1e-05 to 1",0.0451957465691332,0.0396445590491864,174,"success","pgls5_castespolymorphic"
"OG0002259_00",0.00413472016213292,0.68031422282389,1e-05,"1e-05 to 1",0.0010572068776958,-0.0047506000590618,174,"success","pgls5_castespolymorphic"
"OG0002261_00",-0.00445998385793833,0.847024527233045,0.88348307916982,"1e-05 to 1",0.000231851698020322,-0.00558075381536338,174,"success","pgls5_castespolymorphic"
"OG0002262_00",0.0113317784802196,0.453990340577269,0.898161109890109,"1e-05 to 1",0.00395446453909145,-0.00183649787637896,174,"success","pgls5_castespolymorphic"
"OG0002263_00",0.00433258363526164,0.770692487504849,1,"1e-05 to 1",0.000532484338209408,-0.00527837331098713,174,"success","pgls5_castespolymorphic"
"OG0002264_00",-0.0101516610139311,0.519001591271128,1e-05,"1e-05 to 1",0.00265381736073722,-0.00314470695693281,174,"success","pgls5_castespolymorphic"
"OG0002265_00",0.00540497444475732,0.444969573784539,1,"1e-05 to 1",0.0043607173284526,-0.00142788315219611,174,"success","pgls5_castespolymorphic"
"OG0002266_00",-0.00235468314228531,0.843577843293015,1,"1e-05 to 1",0.000247173406761112,-0.00556534302692047,174,"success","pgls5_castespolymorphic"
"OG0002267_00",0.0145879314634829,0.530389464255322,0.715130320828204,"1e-05 to 1",0.00244960016786134,-0.00335011145906972,174,"success","pgls5_castespolymorphic"
"OG0002268_00",-0.000565725580326725,0.951829875064347,0.561588646358971,"1e-05 to 1",2.28789339741873e-05,-0.00579094153733983,174,"success","pgls5_castespolymorphic"
"OG0002269_00",0.00763231220376645,0.506763789114425,1,"1e-05 to 1",0.00272532682250681,-0.00307278174247871,174,"success","pgls5_castespolymorphic"
"OG0002270_00",-0.0664750176641246,0.000202854901533822,1,"1e-05 to 1",0.0829065568108432,0.0775746181876504,174,"success","pgls5_castespolymorphic"
"OG0002271_00",0.0114400497573488,0.432675027858954,0.518290994661618,"1e-05 to 1",0.00380468594260988,-0.0019871472786539,174,"success","pgls5_castespolymorphic"
"OG0002274_00",0.0117985740174645,0.126974281089245,0.295809836978198,"1e-05 to 1",0.0143181307096694,0.00858742216728381,174,"success","pgls5_castespolymorphic"
"OG0002275_00",-0.00300851498898022,0.739910505835809,1,"1e-05 to 1",0.000690700266180079,-0.00511923752296983,174,"success","pgls5_castespolymorphic"
"OG0002276_00",-0.015845271914784,0.41779836914441,1,"1e-05 to 1",0.00413336354567369,-0.00165655875929338,174,"success","pgls5_castespolymorphic"
"OG0002277_00",-0.0055195577008846,0.498599053506008,0.983249990018886,"1e-05 to 1",0.00288488072201254,-0.00291230020402233,174,"success","pgls5_castespolymorphic"
"OG0002278_00",0.00694112077387837,0.758457245636849,0.934642504638671,"1e-05 to 1",0.000592678703577684,-0.00521782897837819,174,"success","pgls5_castespolymorphic"
"OG0002279_00",0.00798269563202889,0.226723811692308,1e-05,"1e-05 to 1",0.00911983168265556,0.00335890047150811,174,"success","pgls5_castespolymorphic"
"OG0002282_00",0.0287825711230776,0.116359412066676,0.697404348336666,"1e-05 to 1",0.0158320938606262,0.0101101874295833,174,"success","pgls5_castespolymorphic"
"OG0002283_00",0.0203752500102613,0.0568974690550701,0.490235944846935,"1e-05 to 1",0.0224743152164471,0.0167910263514265,174,"success","pgls5_castespolymorphic"
"OG0002284_00",0.00485089138735751,0.843381416164884,0.524860797901668,"1e-05 to 1",0.000254259148371416,-0.00555821608913809,174,"success","pgls5_castespolymorphic"
"OG0002285_00",-0.0179777185281498,0.33636485653872,0.481863186482301,"1e-05 to 1",0.00739602803172031,0.00162507470632334,174,"success","pgls5_castespolymorphic"
"OG0002286_00",0.0254445979182396,0.153368758546941,1e-05,"1e-05 to 1",0.0146099056699383,0.00888089349360066,174,"success","pgls5_castespolymorphic"
"OG0002287_00",0.0125447742526726,0.585797365498976,0.943633268725801,"1e-05 to 1",0.00188364510054733,-0.00391935696282175,174,"success","pgls5_castespolymorphic"
"OG0002288_00",-0.00655485808557276,0.436649637150426,1,"1e-05 to 1",0.00401230928128049,-0.00177831682754936,174,"success","pgls5_castespolymorphic"
"OG0002289_00",-0.00589193604276224,0.333095533819728,1e-05,"1e-05 to 1",0.00737830638133691,0.00160725002308892,174,"success","pgls5_castespolymorphic"
"OG0002291_00",-0.0151546461262202,0.414647289115942,1,"1e-05 to 1",0.00447099613618296,-0.00131696318860675,174,"success","pgls5_castespolymorphic"
"OG0002292_00",0.00780375195615316,0.689301710399403,0.678555375286851,"1e-05 to 1",0.000995401609336422,-0.00481276466037661,174,"success","pgls5_castespolymorphic"
"OG0002293_00",-0.0162149007695098,0.201266233550347,1,"1e-05 to 1",0.0112384275472796,0.00548981375394975,174,"success","pgls5_castespolymorphic"
"OG0002294_00",0.00699879394131826,0.45181636795935,1,"1e-05 to 1",0.00380477960835568,-0.00198705306833991,174,"success","pgls5_castespolymorphic"
"OG0002295_00",0.00240901089552934,0.8730219259231,1,"1e-05 to 1",0.000168584301078033,-0.00564438904600872,174,"success","pgls5_castespolymorphic"
"OG0002296_00",-0.023401076645679,0.192393008890039,0.776738451688518,"1e-05 to 1",0.0176349104685926,0.0119234855294564,174,"success","pgls5_castespolymorphic"
"OG0002297_00",0.0494816285628641,0.00667013393928739,1e-05,"1e-05 to 1",0.0448187422687759,0.0392653628633618,174,"success","pgls5_castespolymorphic"
"OG0002298_00",-0.00533060180041702,0.716709437848195,0.8659628276512,"1e-05 to 1",0.000825156136376441,-0.00498399993259802,174,"success","pgls5_castespolymorphic"
"OG0002299_00",-0.00313874436348196,0.773735887363723,1,"1e-05 to 1",0.000674472415091978,-0.0051355597220295,174,"success","pgls5_castespolymorphic"
"OG0002300_00",-0.00412916779269433,0.79352343402929,0.908298578721417,"1e-05 to 1",0.000437644961201628,-0.00537376407972179,174,"success","pgls5_castespolymorphic"
"OG0002301_00",-0.00487681297348532,0.874898986447554,0.993316675752854,"1e-05 to 1",0.000168032336981583,-0.00564494421919881,174,"success","pgls5_castespolymorphic"
"OG0002303_00",-0.0211236175567234,0.156382363289425,0.670306085707759,"1e-05 to 1",0.0126735906699224,0.00693332084823606,174,"success","pgls5_castespolymorphic"
"OG0002304_00",-0.00191743912065028,0.892112116543622,1e-05,"1e-05 to 1",0.000115328643646913,-0.00569795432935516,174,"success","pgls5_castespolymorphic"
"OG0002305_00",0.0143018446746617,0.000401006599985765,1,"1e-05 to 1",0.0746356415483981,0.0692556162085634,174,"success","pgls5_castespolymorphic"
"OG0002306_00",0.00427706252274884,0.666325204407036,1,"1e-05 to 1",0.00115060580689598,-0.00465665811283134,174,"success","pgls5_castespolymorphic"
"OG0002307_00",0.00623382476638903,0.765917229003154,0.769910294666385,"1e-05 to 1",0.000552099757195335,-0.00525864384886732,174,"success","pgls5_castespolymorphic"
"OG0002308_00",-0.00776021154179505,0.520537269119312,1,"1e-05 to 1",0.00328403742020309,-0.00251082282735382,174,"success","pgls5_castespolymorphic"
"OG0002309_00",0.0067573901207718,0.700853831016196,1e-05,"1e-05 to 1",0.000919106383664862,-0.0048895034629417,174,"success","pgls5_castespolymorphic"
"OG0002310_00",-0.0227510407775297,0.126629384400497,0.879019831860652,"1e-05 to 1",0.0144326947869022,0.00870265231473299,174,"success","pgls5_castespolymorphic"
"OG0002311_00",-0.00073641334752971,0.950232009256966,1,"1e-05 to 1",2.41214857982804e-05,-0.00578969176137734,174,"success","pgls5_castespolymorphic"
"OG0002312_00",-0.0521688725175741,0.23584278215982,0.932139266713406,"1e-05 to 1",0.00911302046445615,0.00335204965320302,174,"success","pgls5_castespolymorphic"
"OG0002313_00",0.0120824855156862,0.355990098783828,1e-05,"1e-05 to 1",0.00789405159041315,0.00212599375082256,174,"success","pgls5_castespolymorphic"
"OG0002314_00",-0.0032685733702093,0.847198457148512,0.653211411924936,"1e-05 to 1",0.000231318267946999,-0.00558129034677424,174,"success","pgls5_castespolymorphic"
"OG0002315_00",0.00278321043386068,0.813401181133695,1,"1e-05 to 1",0.000347072966203553,-0.00546486265608603,174,"success","pgls5_castespolymorphic"
"OG0002316_00",-0.0307791199348794,0.12046754769069,0.868281066668283,"1e-05 to 1",0.0148191968795521,0.00909140151257282,174,"success","pgls5_castespolymorphic"
"OG0002317_00",-0.00580368471964812,0.748067860743266,0.838407710376631,"1e-05 to 1",0.000638565533329133,-0.00517167536473306,174,"success","pgls5_castespolymorphic"
"OG0002318_00",0.00366132767920313,0.836719904296243,0.483199584796645,"1e-05 to 1",0.000313405986643906,-0.00549872537389873,174,"success","pgls5_castespolymorphic"
"OG0002319_00",-0.018766073629817,0.385633787328291,0.763412260819641,"1e-05 to 1",0.00464959343900961,-0.00113732752936824,174,"success","pgls5_castespolymorphic"
"OG0002320_00",-0.00458283220318939,0.561798621747112,1,"1e-05 to 1",0.00210810541817128,-0.00369359164335092,174,"success","pgls5_castespolymorphic"
"OG0002321_00",0.00829618864806731,0.292543938139746,1e-05,"1e-05 to 1",0.00687884538140091,0.00110488518012997,174,"success","pgls5_castespolymorphic"
"OG0002322_00",-0.018986739231969,0.425932916718696,0.914126614521562,"1e-05 to 1",0.00396630620156534,-0.00182458736703017,174,"success","pgls5_castespolymorphic"
"OG0002323_00",-0.0224665574861614,0.331833048602307,0.380488290844377,"1e-05 to 1",0.00588683627427084,0.000107108578191184,174,"success","pgls5_castespolymorphic"
"OG0002324_00",0.0116497208653246,0.131095518764443,1,"1e-05 to 1",0.0144596991716206,0.00872981370168813,174,"success","pgls5_castespolymorphic"
"OG0002325_00",-0.0310815655065723,0.0771957943534616,1e-05,"1e-05 to 1",0.0196329138293381,0.0139331051888111,174,"success","pgls5_castespolymorphic"
"OG0002326_00",-0.0090234210035361,0.715135982283821,0.756530970487601,"1e-05 to 1",0.000840027264335746,-0.0049690423445925,174,"success","pgls5_castespolymorphic"
"OG0002327_00",-0.00272760012692158,0.774343745934804,1e-05,"1e-05 to 1",0.000508819152103927,-0.00530217608538375,174,"success","pgls5_castespolymorphic"
"OG0002328_00",-0.00170093302202599,0.858722711562776,1,"1e-05 to 1",0.000197388394154018,-0.00561541748727512,174,"success","pgls5_castespolymorphic"
"OG0002329_00",-0.00536392861935622,0.278744202048128,1e-05,"1e-05 to 1",0.00756473026443444,0.00179475776597182,174,"success","pgls5_castespolymorphic"
"OG0002330_00",-0.000968778805326648,0.963642764412687,0.893184060170399,"1e-05 to 1",1.8146328343795e-05,-0.00579570165811916,174,"success","pgls5_castespolymorphic"
"OG0002331_00",-0.000191583063291024,0.989198256467086,1e-05,"1e-05 to 1",1.14197538053019e-06,-0.0058128048735997,174,"success","pgls5_castespolymorphic"
"OG0002332_00",-0.00330289852422007,0.449900920026926,1,"1e-05 to 1",0.00493061910265098,-0.00085466799558942,174,"success","pgls5_castespolymorphic"
"OG0002333_00",-0.01230039083612,0.528183049273495,1,"1e-05 to 1",0.00262284820563187,-0.00317585616526572,174,"success","pgls5_castespolymorphic"
"OG0002334_00",-0.0105570700997532,0.477844387629484,0.97517735689121,"0.001 to 1",0.00321383995933357,-0.00258142841299591,174,"success","pgls5_castespolymorphic"
"OG0002335_00",0.000302736702462048,0.979587696589395,1e-05,"1e-05 to 1",4.05343471338288e-06,-0.00580987648717768,174,"success","pgls5_castespolymorphic"
"OG0002336_00",0.00674187232616909,0.268150016606676,1e-05,"1e-05 to 1",0.0102083829273913,0.00445378050255063,174,"success","pgls5_castespolymorphic"
"OG0002337_00",-0.0196929357312582,0.199066188990942,0.927735341042693,"1e-05 to 1",0.0102865375948256,0.00453238955758628,174,"success","pgls5_castespolymorphic"
"OG0002338_00",-0.0218448319837672,0.394819820376187,0.974958819047506,"1e-05 to 1",0.00483137718133084,-0.000954486904824137,174,"success","pgls5_castespolymorphic"
"OG0002339_00",-0.00246648812561765,0.909512567409815,1,"1e-05 to 1",8.09812216909013e-05,-0.00573250144562487,174,"success","pgls5_castespolymorphic"
"OG0002340_00",0.00223955377620625,0.790599166800715,0.505694662080224,"1e-05 to 1",0.00044756470654654,-0.00536378666143866,174,"success","pgls5_castespolymorphic"
"OG0002341_00",0.000157964923696051,0.992232649094944,1,"1e-05 to 1",6.01722942083508e-07,-0.00581334826704083,174,"success","pgls5_castespolymorphic"
"OG0002342_00",0.0224775945574726,0.114066917403195,0.896824099368585,"1e-05 to 1",0.0155328281283382,0.00980918178024726,174,"success","pgls5_castespolymorphic"
"OG0002343_00",0.00572873936745521,0.766232843213047,1e-05,"1e-05 to 1",0.000557512986935682,-0.00525319914686118,174,"success","pgls5_castespolymorphic"
"OG0002344_00",0.00867829115260881,0.585620445542491,0.946419833418062,"1e-05 to 1",0.00185021372274347,-0.00395298270910094,174,"success","pgls5_castespolymorphic"
"OG0002345_00",0.00740157267563192,0.528341514886313,1,"1e-05 to 1",0.00295160008219682,-0.00284519294058105,174,"success","pgls5_castespolymorphic"
"OG0002346_00",-0.00214216708765412,0.672086310661818,1e-05,"1e-05 to 1",0.0011226950068765,-0.00468473118494406,174,"success","pgls5_castespolymorphic"
"OG0002347_00",0.0177312310937491,0.389298187827296,1,"1e-05 to 1",0.00608122947406098,0.00030263197100322,174,"success","pgls5_castespolymorphic"
"OG0002348_00",0.047339397915307,0.0278931925563177,0.120216317195092,"1e-05 to 1",0.030041672815011,0.0244023802150982,174,"success","pgls5_castespolymorphic"
"OG0002349_00",-0.00179803480025166,0.892119852949975,1,"1e-05 to 1",0.00011388408623274,-0.00569940728535911,174,"success","pgls5_castespolymorphic"
"OG0002350_00",0.0195604389876098,0.339908322463637,0.770365739779486,"1e-05 to 1",0.00569389250760231,-8.69569545627336e-05,174,"success","pgls5_castespolymorphic"
"OG0002351_00",-0.0119855682603231,0.242037715947992,1,"1e-05 to 1",0.00905296128909526,0.00329164129658999,174,"success","pgls5_castespolymorphic"
"OG0002352_00",0.0222814714810346,0.0751820454563144,1e-05,"1e-05 to 1",0.0194131937746955,0.0137121076919903,174,"success","pgls5_castespolymorphic"
"OG0002353_00",0.0149584798184229,0.174702880695075,1,"1e-05 to 1",0.0114116695082722,0.00566406293564581,174,"success","pgls5_castespolymorphic"
"OG0002354_00",0.00455483415976061,0.676435479874269,1,"1e-05 to 1",0.00107784122256539,-0.0047298457470708,174,"success","pgls5_castespolymorphic"
"OG0002355_00",-0.00801707951325063,0.607342714158933,0.808057418700818,"1e-05 to 1",0.00163371819789293,-0.00417073692886349,174,"success","pgls5_castespolymorphic"
"OG0002356_00",-0.0108390891760073,0.519492366080121,0.88960213848088,"1e-05 to 1",0.00261423412954245,-0.00318452032319283,174,"success","pgls5_castespolymorphic"
"OG0002357_00",0.0229303932323365,0.0901924567652654,0.272706400296068,"1e-05 to 1",0.0233517312476463,0.0176735436386211,174,"success","pgls5_castespolymorphic"
"OG0002358_00",-0.0289632601806301,0.181432356090185,0.92686047351165,"1e-05 to 1",0.0115667027909109,0.00581999757457896,174,"success","pgls5_castespolymorphic"
"OG0002359_00",0.0124466264699951,0.609177321950812,0.844983305533298,"1e-05 to 1",0.00220324118585607,-0.00359790276073801,174,"success","pgls5_castespolymorphic"
"OG0002360_00",0.00101434531147247,0.939938321866636,0.44251499865575,"1e-05 to 1",3.53713409582467e-05,-0.00577837650008273,174,"success","pgls5_castespolymorphic"
"OG0002361_00",-0.00208472062297414,0.915648269215044,0.868731099452251,"1e-05 to 1",7.21410361223044e-05,-0.00574139302762111,174,"success","pgls5_castespolymorphic"
"OG0002362_00",-0.01824726795193,0.337026788587508,0.809118151548513,"1e-05 to 1",0.00572623759324369,-5.44238160979926e-05,174,"success","pgls5_castespolymorphic"
"OG0002363_00",-0.00983338435848096,0.524337039598015,1,"1e-05 to 1",0.0025867557368932,-0.00321215847393885,174,"success","pgls5_castespolymorphic"
"OG0002364_00",-0.00433825918096113,0.60607082711712,1,"1e-05 to 1",0.00164530107620444,-0.00415908670823639,174,"success","pgls5_castespolymorphic"
"OG0002365_00",0.00285572778798287,0.911173387160897,1,"1e-05 to 1",7.75375798179368e-05,-0.00573596510867147,174,"success","pgls5_castespolymorphic"
"OG0002366_00",-0.0166813305880766,0.308728512473408,0.614227530074843,"1e-05 to 1",0.00643466415969728,0.000658121509462983,174,"success","pgls5_castespolymorphic"
"OG0002367_00",0.00352220178112746,0.815364632798039,1,"1e-05 to 1",0.000441416148624551,-0.00536997096679048,174,"success","pgls5_castespolymorphic"
"OG0002368_00",0.0182661774682418,0.202585858655475,1e-05,"1e-05 to 1",0.0100030190478014,0.00424722264691657,174,"success","pgls5_castespolymorphic"
"OG0002369_00",0.0231629608233912,0.315237754475249,0.736306835356933,"1e-05 to 1",0.00638332479360895,0.000606483658687984,174,"success","pgls5_castespolymorphic"
"OG0002370_00",-0.00754682195708809,0.669092901388195,0.485444049651269,"1e-05 to 1",0.00115909940142213,-0.00464811513694174,174,"success","pgls5_castespolymorphic"
"OG0002371_00",0.00346000040521052,0.770387641711724,0.361040943562553,"1e-05 to 1",0.000527331130823004,-0.00528355647888157,174,"success","pgls5_castespolymorphic"
"OG0002373_00",0.00390065080639766,0.814550973377319,1,"1e-05 to 1",0.000340608810804264,-0.00547136439378426,174,"success","pgls5_castespolymorphic"
"OG0002374_00",0.00405561009423265,0.797257044167064,0.796636774480706,"1e-05 to 1",0.000424325040630465,-0.00538716144169138,174,"success","pgls5_castespolymorphic"
"OG0002375_00",-0.020840856518534,0.597802241956141,0.670756629486601,"1e-05 to 1",0.00172187145444296,-0.00408207115338,174,"success","pgls5_castespolymorphic"
"OG0002376_00",-0.0139307949363083,0.272806597504431,1,"1e-05 to 1",0.0103577974440216,0.00460406370823097,174,"success","pgls5_castespolymorphic"
"OG0002377_00",0.0393674534029166,0.02741421249682,1,"1e-05 to 1",0.0298535438527969,0.0242131574798481,174,"success","pgls5_castespolymorphic"
"OG0002378_00",0.00699984962333532,0.578056515403327,0.898572496621585,"1e-05 to 1",0.00192577860660292,-0.00387697849452162,174,"success","pgls5_castespolymorphic"
"OG0002379_00",-0.0364040053481827,0.0180446164007066,1,"1e-05 to 1",0.0344504825658482,0.0288368225807659,174,"success","pgls5_castespolymorphic"
"OG0002380_00",-0.0116041330217434,0.24353767845073,1e-05,"1e-05 to 1",0.00838562975266807,0.0026204299256487,174,"success","pgls5_castespolymorphic"
"OG0002381_00",0.00172021157765701,0.947101739428025,1,"1e-05 to 1",2.72558156527105e-05,-0.00578653920867489,174,"success","pgls5_castespolymorphic"
"OG0002382_00",-0.00670623957123431,0.725116724091103,0.410809695463634,"1e-05 to 1",0.000794809956778785,-0.00501452254347257,174,"success","pgls5_castespolymorphic"
"OG0002383_00",-0.00716130012849775,0.252490877106419,0.8036249676168,"1e-05 to 1",0.00812543520077936,0.00235872261473735,174,"success","pgls5_castespolymorphic"
"OG0002384_00",-0.0155850951201056,0.381279277859127,1e-05,"1e-05 to 1",0.00476473984225461,-0.0010215116702903,174,"success","pgls5_castespolymorphic"
"OG0002385_00",-0.0045701040257603,0.548547182177934,1,"1e-05 to 1",0.00224000656679834,-0.00356092362758087,174,"success","pgls5_castespolymorphic"
"OG0002386_00",-0.0107181972461364,0.522959335190651,0.764411482415979,"1e-05 to 1",0.00274404280766338,-0.00305395694345467,174,"success","pgls5_castespolymorphic"
"OG0002387_00",0.0225725621282581,0.255297873094551,0.540588934893218,"1e-05 to 1",0.00808045779095571,0.00231348370834494,174,"success","pgls5_castespolymorphic"
"OG0002388_00",0.0222077913830828,0.0606096079917311,1e-05,"1e-05 to 1",0.0223860463340053,0.0167022442778076,174,"success","pgls5_castespolymorphic"
"OG0002390_00",-0.00455555559855527,0.876064137261122,0.814668364798285,"1e-05 to 1",0.000167158126694793,-0.00564582351210352,174,"success","pgls5_castespolymorphic"
"OG0002391_00",0.00175205826948407,0.879113880155331,0.859459628251992,"1e-05 to 1",0.000147797689719819,-0.00566529650975856,174,"success","pgls5_castespolymorphic"
"OG0002392_00",-0.0154171623701546,0.389931688880324,1,"1e-05 to 1",0.0058260283160435,4.5947085322795e-05,174,"success","pgls5_castespolymorphic"
"OG0002393_00",0.0146473427384362,0.507328087582803,0.852356182030249,"1e-05 to 1",0.00276948028572723,-0.00302837157307678,174,"success","pgls5_castespolymorphic"
"OG0002394_00",0.02962263669811,0.148150114470248,0.893491863301324,"1e-05 to 1",0.013025260551473,0.00728703532212116,174,"success","pgls5_castespolymorphic"
"OG0002395_00",-0.0198943352105124,0.407612950137485,0.899233813280871,"1e-05 to 1",0.00423711724644239,-0.00155220183933413,174,"success","pgls5_castespolymorphic"
"OG0002396_00",-0.00901351649822373,0.464163317417031,0.85621076525814,"1e-05 to 1",0.00350749464116432,-0.00228606643650342,174,"success","pgls5_castespolymorphic"
"OG0002397_00",-0.00548316595519548,0.254886288523549,1e-05,"1e-05 to 1",0.00814527059353411,0.00237867332954311,174,"success","pgls5_castespolymorphic"
"OG0002398_00",-0.00984291731407467,0.296515029659417,0.763131530444917,"1e-05 to 1",0.00680928123874657,0.00103491659478572,174,"success","pgls5_castespolymorphic"
"OG0002399_00",0.00159671205447825,0.806430352548331,1,"1e-05 to 1",0.000376363037719543,-0.00543540229345663,174,"success","pgls5_castespolymorphic"
"OG0002400_00",0.0231122490117153,0.0668391017640573,1e-05,"1e-05 to 1",0.0208390731268118,0.0151462770403398,174,"success","pgls5_castespolymorphic"
"OG0002401_00",0.0155469335879304,0.200187756346162,1e-05,"1e-05 to 1",0.010364902789838,0.00461121036419765,174,"success","pgls5_castespolymorphic"
"OG0002402_00",-0.0110062462122329,0.502302513494116,1,"1e-05 to 1",0.0029277290830052,-0.00286920272465174,174,"success","pgls5_castespolymorphic"
"OG0002403_00",0.0035368336607786,0.866186162614181,0.930520859637421,"1e-05 to 1",0.000176892332579305,-0.00563603271199864,174,"success","pgls5_castespolymorphic"
"OG0002404_00",0.00226360259804527,0.826376783022653,0.94805804380581,"1e-05 to 1",0.000297878502044891,-0.00551434313457122,174,"success","pgls5_castespolymorphic"
"OG0002405_00",-0.0167488902357883,0.461206796091989,0.752151378972463,"1e-05 to 1",0.00341976166855123,-0.00237430948453876,174,"success","pgls5_castespolymorphic"
"OG0002406_00",0.00627949647162853,0.516666346129412,1,"1e-05 to 1",0.00260057827758349,-0.00319825556963993,174,"success","pgls5_castespolymorphic"
"OG0002407_00",-0.0135825899332303,0.528298959972839,0.787178501799781,"1e-05 to 1",0.00250575233374333,-0.00329363282710693,174,"success","pgls5_castespolymorphic"
"OG0002408_00",0.00173819442944976,0.877542830753463,0.724237415630181,"1e-05 to 1",0.000149780725186826,-0.00566330194501563,174,"success","pgls5_castespolymorphic"
"OG0002409_00",0.00644568604125394,0.760316425497324,0.334318341457981,"1e-05 to 1",0.000579672213877289,-0.00523091108720464,174,"success","pgls5_castespolymorphic"
"OG0002410_00",0.000613913481963902,0.970851138558303,0.954151769498932,"1e-05 to 1",8.42409175070641e-06,-0.0058054804193437,174,"success","pgls5_castespolymorphic"
"OG0002411_00",-0.0561597831982273,0.0342807391591404,0.832260942802742,"1e-05 to 1",0.0282240144027706,0.0225741540213913,174,"success","pgls5_castespolymorphic"
"OG0002413_00",0.0180967667845128,0.283730155507979,0.501875806048247,"1e-05 to 1",0.00726949714791728,0.00149780817784695,174,"success","pgls5_castespolymorphic"
"OG0002414_00",0.0610805831534898,9.86413992549728e-05,0.878363189242423,"1e-05 to 1",0.0906816915331091,0.0853949571815573,174,"success","pgls5_castespolymorphic"
"OG0002415_00",0.00161864135374061,0.948283052164027,0.408163424223506,"1e-05 to 1",2.63770354738146e-05,-0.00578742309804081,174,"success","pgls5_castespolymorphic"
"OG0002416_00",-0.00393949653506427,0.850114021737234,1,"1e-05 to 1",0.000223865824021232,-0.00558878611886238,174,"success","pgls5_castespolymorphic"
"OG0002417_00",0.00774338757379465,0.531863110851547,1,"1e-05 to 1",0.00241706496843495,-0.00338283581663235,174,"success","pgls5_castespolymorphic"
"OG0002418_00",-0.0254729802620178,0.0534818205854684,1e-05,"1e-05 to 1",0.0232507238908023,0.0175719490297023,174,"success","pgls5_castespolymorphic"
"OG0002419_00",-0.00211517044756319,0.905893156455672,0.837455746406458,"1e-05 to 1",8.76197046745187e-05,-0.00572582436680991,174,"success","pgls5_castespolymorphic"
"OG0002420_00",0.0214549657088146,0.0237250732137895,0.7035195633623,"1e-05 to 1",0.0313639855591733,0.0257323808240522,174,"success","pgls5_castespolymorphic"
"OG0002421_00",0.00558117202723772,0.741256492884792,1,"1e-05 to 1",0.000674848444250699,-0.00513518150665471,174,"success","pgls5_castespolymorphic"
"OG0002422_00",-0.00728628139739317,0.509645779303294,0.78485416981111,"1e-05 to 1",0.00270531781065271,-0.00309290708579701,174,"success","pgls5_castespolymorphic"
"OG0002423_00",0.0018960888712994,0.921268468779983,1,"1e-05 to 1",6.04843122697313e-05,-0.00575311752312402,174,"success","pgls5_castespolymorphic"
"OG0002424_00",0.0221771837966153,0.0628935733781599,0.134905085918662,"1e-05 to 1",0.0215891064633978,0.0159006710358593,174,"success","pgls5_castespolymorphic"
"OG0002425_00",0.013818048661734,0.418927609547009,1,"1e-05 to 1",0.00408765852061522,-0.00170252951124161,174,"success","pgls5_castespolymorphic"
"OG0002426_00",0.00444274220445564,0.584362819088857,1e-05,"1e-05 to 1",0.00185111901003861,-0.00395207215850779,174,"success","pgls5_castespolymorphic"
"OG0002427_00",0.0350111043712222,0.109727910315163,0.955424541491138,"1e-05 to 1",0.0167434575950696,0.0110268497903899,174,"success","pgls5_castespolymorphic"
"OG0002428_00",9.22219025553434e-05,0.994528787889854,1,"1e-05 to 1",2.92965566781414e-07,-0.00581365881951701,174,"success","pgls5_castespolymorphic"
"OG0002429_00",-0.00539628765632723,0.577284938639722,0.370267900527953,"1e-05 to 1",0.00193359782555016,-0.0038691138149991,174,"success","pgls5_castespolymorphic"
"OG0002430_00",-0.00456390860524232,0.554401298049204,1,"1e-05 to 1",0.00216168073538838,-0.00363970484173159,174,"success","pgls5_castespolymorphic"
"OG0002431_00",0.00979194302720875,0.651277542926379,1,"1e-05 to 1",0.00127203886516025,-0.00453451904841429,174,"success","pgls5_castespolymorphic"
"OG0002432_00",0.0364143615034439,0.000126210968859342,1,"1e-05 to 1",0.0875033308645514,0.0821981176719033,174,"success","pgls5_castespolymorphic"
"OG0002433_00",0.0199592666597656,0.259974583631525,0.841799278499202,"1e-05 to 1",0.00787464776234669,0.00210647710980227,174,"success","pgls5_castespolymorphic"
"OG0002434_00",0.000789185598201667,0.955915369752951,1e-05,"1e-05 to 1",1.90394893269094e-05,-0.00579480330433979,174,"success","pgls5_castespolymorphic"
"OG0002435_00",0.0121722857624671,0.0436290799082883,1e-05,"1e-05 to 1",0.025839144070369,0.0201754181638015,174,"success","pgls5_castespolymorphic"
"OG0002436_00",-0.013198992466282,0.249059742119545,1,"1e-05 to 1",0.00839982758546652,0.00263471030398676,174,"success","pgls5_castespolymorphic"
"OG0002437_00",-0.0151289773981899,0.191830117458206,0.864342731877486,"1e-05 to 1",0.0108259081824696,0.00507489602073985,174,"success","pgls5_castespolymorphic"
"OG0002438_00",0.0245808707365809,0.360669459112254,0.56247773164905,"1e-05 to 1",0.00739960107500961,0.00162866852312005,174,"success","pgls5_castespolymorphic"
"OG0002439_00",0.0075639700568561,0.283483757380409,1,"1e-05 to 1",0.00714138575389241,0.00136895195013609,174,"success","pgls5_castespolymorphic"
"OG0002440_00",-0.0301734442889981,0.108355656666344,0.9423875371481,"1e-05 to 1",0.0206581470790335,0.0149642990969349,174,"success","pgls5_castespolymorphic"
"OG0002441_00",-0.0020129131090495,0.847251679876223,1,"1e-05 to 1",0.00023115516508713,-0.00558145439790647,174,"success","pgls5_castespolymorphic"
"OG0002442_00",-0.00661189822291591,0.775121309752442,0.624515593181368,"1e-05 to 1",0.000511556123543117,-0.00529942320131993,174,"success","pgls5_castespolymorphic"
"OG0002443_00",0.00815762149482406,0.644927283743948,1,"1e-05 to 1",0.00132220654577731,-0.00448405969523558,174,"success","pgls5_castespolymorphic"
"OG0002444_00",-0.00471095853836737,0.753182025174975,0.795843923767668,"1e-05 to 1",0.000615860363972047,-0.00519451254088854,174,"success","pgls5_castespolymorphic"
"OG0002445_00",0.00908651809227636,0.461103719944341,1,"1e-05 to 1",0.00342133237043067,-0.00237272965067148,174,"success","pgls5_castespolymorphic"
"OG0002446_00",-0.00493129454286293,0.528451344427258,1e-05,"1e-05 to 1",0.00245744903427642,-0.00334221695971038,174,"success","pgls5_castespolymorphic"
"OG0002447_00",-0.0045867379913285,0.414850951099853,1e-05,"1e-05 to 1",0.00410826669942171,-0.00168180151744224,174,"success","pgls5_castespolymorphic"
"OG0002448_00",0.00489002251596396,0.65390532931321,1,"1e-05 to 1",0.0012516199990275,-0.00455505662888522,174,"success","pgls5_castespolymorphic"
"OG0002449_00",0.0206283729276313,0.108990225378591,0.904946883693594,"1e-05 to 1",0.0158774572035909,0.010155814512914,174,"success","pgls5_castespolymorphic"
"OG0002450_00",0.00747813923936261,0.659298448048545,1,"1e-05 to 1",0.00121033179222422,-0.00459658488340242,174,"success","pgls5_castespolymorphic"
"OG0002451_00",0.00123082470417543,0.942119715627961,0.795074452881126,"1e-05 to 1",3.47953739594613e-05,-0.00577895581572685,174,"success","pgls5_castespolymorphic"
"OG0002452_00",-0.0117656866360999,0.282088978141934,1,"1e-05 to 1",0.00746063678307224,0.00169005908995068,174,"success","pgls5_castespolymorphic"
"OG0002453_00",-0.0193299501003719,0.206638037949989,0.433581896201726,"1e-05 to 1",0.00982641104280171,0.00406958785119005,174,"success","pgls5_castespolymorphic"
"OG0002454_00",-0.0157251525128739,0.138890688477292,1e-05,"1e-05 to 1",0.013469994702147,0.00773435513646181,174,"success","pgls5_castespolymorphic"
"OG0002455_00",-0.00896362716103377,0.527977836670625,1,"1e-05 to 1",0.00249393693118128,-0.00330551692387004,174,"success","pgls5_castespolymorphic"
"OG0002456_00",0.00168286323580139,0.943234679730002,0.7924470693992,"1e-05 to 1",3.15889932059989e-05,-0.00578218083822879,174,"success","pgls5_castespolymorphic"
"OG0002457_00",-0.0131766361183007,0.140763141275032,1e-05,"1e-05 to 1",0.0134266709225982,0.00769077947447372,174,"success","pgls5_castespolymorphic"
"OG0002458_00",-0.00289571642309884,0.828973301982559,0.831859523477988,"1e-05 to 1",0.000290697778498233,-0.0055215656065104,174,"success","pgls5_castespolymorphic"
"OG0002459_00",0.0266652693121866,0.208198654459895,0.422142171851622,"1e-05 to 1",0.00981997937853145,0.00406311879352295,174,"success","pgls5_castespolymorphic"
"OG0002460_00",0.0117143872365901,0.527706607575295,0.741143951280251,"1e-05 to 1",0.00249721304089103,-0.00330222176701089,174,"success","pgls5_castespolymorphic"
"OG0002461_00",0.00576165703817569,0.692447334046669,0.279203504387218,"1e-05 to 1",0.0010820976287113,-0.00472556459437778,174,"success","pgls5_castespolymorphic"
"OG0002462_00",-0.00361815801064133,0.81811607791146,1,"1e-05 to 1",0.000340040777094215,-0.0054719357300157,174,"success","pgls5_castespolymorphic"
"OG0002463_00",-0.0152031116689009,0.0618954126517743,0.833035353530209,"1e-05 to 1",0.0213527445343213,0.0156629349095208,174,"success","pgls5_castespolymorphic"
"OG0002464_00",-0.00980796126404175,0.216425652107621,1e-05,"1e-05 to 1",0.00953359702588908,0.00377507142720235,174,"success","pgls5_castespolymorphic"
"OG0002465_00",-0.0110685255678824,0.575208476239995,0.786745982943298,"1e-05 to 1",0.00204379321638514,-0.00375827775328696,174,"success","pgls5_castespolymorphic"
"OG0002466_00",-0.00219071739595744,0.3946861121112,1e-05,"1e-05 to 1",0.00450354635117395,-0.0012842237281796,174,"success","pgls5_castespolymorphic"
"OG0002467_00",0.00908152177796136,0.426349421040245,1,"1e-05 to 1",0.00398411393078367,-0.00180667610450236,174,"success","pgls5_castespolymorphic"
"OG0002468_00",0.0113397607326629,0.326275502899904,0.657932698654083,"1e-05 to 1",0.00606116322146473,0.00028244905414776,174,"success","pgls5_castespolymorphic"
"OG0002470_00",0.0873144910963958,0.000434376021646088,0.505336900212719,"1e-05 to 1",0.0742220008474419,0.0688395706198107,174,"success","pgls5_castespolymorphic"
"OG0002471_00",0.0019480076152467,0.894037875946405,1e-05,"1e-05 to 1",0.000109846949200383,-0.00570346789411835,174,"success","pgls5_castespolymorphic"
"OG0002472_00",-0.0140601197673808,0.597023234511483,0.916836273060955,"1e-05 to 1",0.0017399641892225,-0.00406387322828206,174,"success","pgls5_castespolymorphic"
"OG0002473_00",-0.00585247488523575,0.666168476360691,1,"1e-05 to 1",0.00116618942570353,-0.00464098389158885,174,"success","pgls5_castespolymorphic"
"OG0002474_00",0.0132059858066986,0.00790944693383588,1,"1e-05 to 1",0.0429968455484966,0.0374328737202901,174,"success","pgls5_castespolymorphic"
"OG0002475_00",0.00399465797699634,0.512734271026942,1e-05,"1e-05 to 1",0.00264961436643794,-0.00314893438724551,174,"success","pgls5_castespolymorphic"
"OG0002476_00",0.0108910777444334,0.255962944992203,1,"1e-05 to 1",0.00800796593868198,0.00224057039181391,174,"success","pgls5_castespolymorphic"
"OG0002477_00",-0.00278947151295925,0.747977866035372,0.982506519731805,"1e-05 to 1",0.000643017932508295,-0.00516719707951196,174,"success","pgls5_castespolymorphic"
"OG0002478_00",0.00545018476978758,0.757878352363499,0.456356752148867,"1e-05 to 1",0.000599370599135144,-0.00521109817645127,174,"success","pgls5_castespolymorphic"
"OG0002479_00",-0.00453155580169367,0.579499660837456,1e-05,"1e-05 to 1",0.00192318000440252,-0.00387959220487422,174,"success","pgls5_castespolymorphic"
"OG0002480_00",-0.0142241732523189,0.515771245557326,0.380396167278326,"1e-05 to 1",0.00264438842519172,-0.00315419071187106,174,"success","pgls5_castespolymorphic"
"OG0002481_00",-0.012653132852027,0.318584994159574,1,"1e-05 to 1",0.00625631027466438,0.000478730683237893,174,"success","pgls5_castespolymorphic"
"OG0002482_00",0.00284583286445018,0.886493483214525,1,"1e-05 to 1",0.00012615518245342,-0.00568706484555559,174,"success","pgls5_castespolymorphic"
"OG0002483_00",-0.00869307825137713,0.353402336021695,0.747751387885144,"1e-05 to 1",0.00535134582270148,-0.00043149518995711,174,"success","pgls5_castespolymorphic"
"OG0002484_00",-0.00698395990864776,0.515185378699749,1,"1e-05 to 1",0.00265176656286913,-0.0031467696780445,174,"success","pgls5_castespolymorphic"
"OG0002485_00",-0.0119148905232815,0.350500685071174,1,"1e-05 to 1",0.00830627479353371,0.00254061360047286,174,"success","pgls5_castespolymorphic"
"OG0002486_00",-0.0258702988148566,0.0555137426935639,0.461106959276088,"1e-05 to 1",0.0224473092501477,0.0167638633736951,174,"success","pgls5_castespolymorphic"
"OG0002487_00",-0.0312181733399272,0.0665280647836619,0.982897757651706,"1e-05 to 1",0.0207574619921057,0.0150641914222923,174,"success","pgls5_castespolymorphic"
"OG0002488_00",0.00409497954704099,0.520061715796715,1,"1e-05 to 1",0.00345649615797542,-0.00233736142250152,174,"success","pgls5_castespolymorphic"
"OG0002489_00",-0.00787931063037247,0.399367988512052,1e-05,"1e-05 to 1",0.00449920687375948,-0.00128858843511415,174,"success","pgls5_castespolymorphic"
"OG0002490_00",-0.0153346629587312,0.306243564336542,1e-05,"1e-05 to 1",0.00650089770253895,0.000724740131041957,174,"success","pgls5_castespolymorphic"
"OG0002491_00",-0.0468302229489129,0.034778840225473,0.768272941104116,"1e-05 to 1",0.0280709632167843,0.0224202130029284,174,"success","pgls5_castespolymorphic"
"OG0002492_00",0.00691344857592112,0.605830280454386,1e-05,"1e-05 to 1",0.00217142873780417,-0.00362990016488296,174,"success","pgls5_castespolymorphic"
"OG0002493_00",0.0169860560090304,0.432873860767229,1,"1e-05 to 1",0.00380140544382108,-0.00199044685011018,174,"success","pgls5_castespolymorphic"
"OG0002494_00",0.0069250613303761,0.598089568403181,0.741081652554143,"1e-05 to 1",0.00230343673886199,-0.00349712467544694,174,"success","pgls5_castespolymorphic"
"OG0002495_00",-0.000134182257329003,0.993915990653233,1,"1e-05 to 1",3.62268703184978e-07,-0.00581358911345542,174,"success","pgls5_castespolymorphic"
"OG0002496_00",0.0220948315652001,0.0741875786550572,0.875525141294917,"1e-05 to 1",0.0209587264937906,0.0152666260664289,174,"success","pgls5_castespolymorphic"
"OG0002497_00",-0.00325177761502074,0.382884115941701,1e-05,"1e-05 to 1",0.00476239511153455,-0.00102387003316573,174,"success","pgls5_castespolymorphic"
"OG0002498_00",0.00244469628272379,0.81101437541263,1,"1e-05 to 1",0.000353974236158753,-0.00545792126246814,174,"success","pgls5_castespolymorphic"
"OG0002499_00",-0.00112483626262182,0.882918335742829,1,"1e-05 to 1",0.000135122094454194,-0.00567804580034537,174,"success","pgls5_castespolymorphic"
"OG0002500_00",-0.00297660819590299,0.688201412317041,1,"1e-05 to 1",0.00103508110524598,-0.00477285446972364,174,"success","pgls5_castespolymorphic"
"OG0002501_00",-0.00619303038420734,0.66463180138108,0.46972142177362,"1e-05 to 1",0.00117031075371663,-0.0046368386023663,174,"success","pgls5_castespolymorphic"
"OG0002502_00",0.0191675850154667,0.449170058355863,1,"1e-05 to 1",0.00356212654524791,-0.00223111690507038,174,"success","pgls5_castespolymorphic"
"OG0002503_00",-0.0171864363896459,0.289159562000225,0.674846833606512,"1e-05 to 1",0.0069756980291313,0.00120230092464957,174,"success","pgls5_castespolymorphic"
"OG0002504_00",-0.012189419605548,0.504253663971228,0.640038376999888,"1e-05 to 1",0.00277477407939795,-0.00302304700153577,174,"success","pgls5_castespolymorphic"
"OG0002505_00",0.0384049006507695,0.169614631708569,0.720685406482549,"1e-05 to 1",0.0116840468908113,0.00593802390761833,174,"success","pgls5_castespolymorphic"
"OG0002506_00",0.0318802725331364,0.0265185822985234,0.97663762813532,"1e-05 to 1",0.0309599288324712,0.0253259749303345,174,"success","pgls5_castespolymorphic"
"OG0002507_00",-0.000644203832234999,0.969671564823972,0.886885183244536,"1e-05 to 1",8.95060874292713e-06,-0.00580495084120614,174,"success","pgls5_castespolymorphic"
"OG0002508_00",0.0022606799677213,0.839594275082263,1,"1e-05 to 1",0.000258456210780816,-0.00555399462520301,174,"success","pgls5_castespolymorphic"
"OG0002509_00",-0.00173755407905602,0.555699432886178,1e-05,"1e-05 to 1",0.00216092289584467,-0.00364046708731891,174,"success","pgls5_castespolymorphic"
"OG0002510_00",-0.00533095013710074,0.611007339241996,0.555146244845126,"1e-05 to 1",0.00170619377722453,-0.00409783997988455,174,"success","pgls5_castespolymorphic"
"OG0002511_00",-0.00404635057346537,0.635489186081474,1e-05,"1e-05 to 1",0.00151191236513088,-0.00429325093507171,174,"success","pgls5_castespolymorphic"
"OG0002512_00",-0.0413824721596448,0.197055926857318,0.551602733652237,"1e-05 to 1",0.0105765629349651,0.00482410109156384,174,"success","pgls5_castespolymorphic"
"OG0002513_00",-0.0200443750310559,0.133591462640915,0.851819951588402,"1e-05 to 1",0.0138367961198895,0.00810328912058667,174,"success","pgls5_castespolymorphic"
"OG0002514_00",-0.0187842744717188,0.211458666549868,1,"1e-05 to 1",0.00992738789525504,0.00417115177836702,174,"success","pgls5_castespolymorphic"
"OG0002515_00",0.0161003124071517,0.410942807286329,1,"1e-05 to 1",0.0043946605477859,-0.00139374258856417,174,"success","pgls5_castespolymorphic"
"OG0002516_00",-0.00456797540724768,0.598791774513681,1,"1e-05 to 1",0.00173404682271488,-0.00406982499808328,174,"success","pgls5_castespolymorphic"
"OG0002517_00",-0.00626167097809097,0.662401684857113,1,"1e-05 to 1",0.00119438519064336,-0.00461262419778308,174,"success","pgls5_castespolymorphic"
"OG0002518_00",0.0207609087166932,0.0140992228452026,1e-05,"1e-05 to 1",0.0366227076930137,0.0310216769237871,174,"success","pgls5_castespolymorphic"
"OG0002519_00",0.0360716539724024,0.0400238708954768,1e-05,"1e-05 to 1",0.0381186671291331,0.0325263337984886,174,"success","pgls5_castespolymorphic"
"OG0002520_00",0.0308745999728918,0.16580244530024,1,"1e-05 to 1",0.0118942833515887,0.00614948267340021,174,"success","pgls5_castespolymorphic"
"OG0002521_00",-0.0198741843738882,0.272903297661987,0.877770349383855,"1e-05 to 1",0.00746166196445813,0.00169109023169345,174,"success","pgls5_castespolymorphic"
"OG0002522_00",-0.0181251548953023,0.126328742222882,0.324145776740229,"1e-05 to 1",0.0144554239786,0.00872551365289409,174,"success","pgls5_castespolymorphic"
"OG0002523_00",0.00210346077111121,0.60875903540125,1,"1e-05 to 1",0.00163097127029869,-0.00417349982696713,174,"success","pgls5_castespolymorphic"
"OG0002524_00",-0.0150017875633367,0.239202116362161,0.780159743239799,"1e-05 to 1",0.00864753459417448,0.00288385746972197,174,"success","pgls5_castespolymorphic"
"OG0002525_00",0.00177911824251424,0.902805446258714,1,"1e-05 to 1",9.23348775724389e-05,-0.0057210817801161,174,"success","pgls5_castespolymorphic"
"OG0002526_00",0.00536473749575833,0.594656515424755,1,"1e-05 to 1",0.00178470966857084,-0.00401886760079795,174,"success","pgls5_castespolymorphic"
"OG0002527_00",0.0013393793440527,0.852861308931781,1,"1e-05 to 1",0.000225538549559928,-0.00558710366817516,174,"success","pgls5_castespolymorphic"
"OG0002528_00",-0.0042789938235465,0.785666136501927,0.720289946418087,"1e-05 to 1",0.000460656625991487,-0.00535061862618291,174,"success","pgls5_castespolymorphic"
"OG0002529_00",-0.0235951587601781,0.298898884470399,1,"1e-05 to 1",0.00914167878147216,0.00338087458834113,174,"success","pgls5_castespolymorphic"
"OG0002530_00",-0.00305587044487267,0.887269094414651,0.805424107765813,"1e-05 to 1",0.000125200721405449,-0.00568802485579578,174,"success","pgls5_castespolymorphic"
"OG0002531_00",0.0196032896053291,0.260264222771411,0.793365236594602,"1e-05 to 1",0.00791423486708213,0.00214629437212333,174,"success","pgls5_castespolymorphic"
"OG0002532_00",0.0206570592236045,0.239818601305197,1,"1e-05 to 1",0.00878957604041353,0.00302672473832299,174,"success","pgls5_castespolymorphic"
"OG0002533_00",0.00732491862739103,0.580791984867653,0.763937709766408,"1e-05 to 1",0.00265979995780074,-0.00313868957732821,174,"success","pgls5_castespolymorphic"
"OG0002534_00",0.0482834798160445,0.008830334151402,0.407128385885003,"1e-05 to 1",0.042866922680284,0.0373021954865647,174,"success","pgls5_castespolymorphic"
"OG0002535_00",0.00632368709695875,0.629387935205209,1e-05,"1e-05 to 1",0.00144997865112476,-0.00435554472881061,174,"success","pgls5_castespolymorphic"
"OG0002536_00",0.00787316443638389,0.354978356637166,0.636687673135331,"1e-05 to 1",0.00528367287416283,-0.000499561585871167,174,"success","pgls5_castespolymorphic"
"OG0002537_00",-0.00921953301576529,0.222896649991096,1e-05,"1e-05 to 1",0.00915666492658198,0.00339594786220165,174,"success","pgls5_castespolymorphic"
"OG0002538_00",0.0273729201216863,0.191456670621217,0.553317917237221,"1e-05 to 1",0.0108440276573539,0.00509312084140834,174,"success","pgls5_castespolymorphic"
"OG0002539_00",-0.000511150460875326,0.976872952659374,1,"1e-05 to 1",5.20362713447111e-06,-0.00580871960759155,174,"success","pgls5_castespolymorphic"
"OG0002540_00",0.00094824550268504,0.864921174239218,1e-05,"1e-05 to 1",0.000180284883345434,-0.00563262043710022,174,"success","pgls5_castespolymorphic"
"OG0002541_00",0.0241663825724692,0.281546536109862,0.828404944629286,"1e-05 to 1",0.00973789029586995,0.00398055244875295,174,"success","pgls5_castespolymorphic"
"OG0002542_00",-0.006612821772494,0.691427760648075,0.913118054440228,"1e-05 to 1",0.000981096457084323,-0.00482715298211867,174,"success","pgls5_castespolymorphic"
"OG0002543_00",-0.00459052253151965,0.634002459067557,1e-05,"1e-05 to 1",0.00142907822897032,-0.00437656666504727,174,"success","pgls5_castespolymorphic"
"OG0002544_00",0.00300498647982216,0.694371237612278,0.952738043141308,"1e-05 to 1",0.000955537913422736,-0.0048528601219644,174,"success","pgls5_castespolymorphic"
"OG0002545_00",0.0177722300572534,0.0192020878220149,1,"1e-05 to 1",0.039945408730208,0.0343636959902673,174,"success","pgls5_castespolymorphic"
"OG0002546_00",0.00328551371478656,0.737557223792662,1e-05,"1e-05 to 1",0.000740878213418488,-0.0050687678434802,174,"success","pgls5_castespolymorphic"
"OG0002547_00",-0.004413186247362,0.641430191218537,1e-05,"1e-05 to 1",0.00136736343788315,-0.0044386402630594,174,"success","pgls5_castespolymorphic"
"OG0002548_00",0.0409553407507766,0.0770440266671997,0.647902168546859,"1e-05 to 1",0.0211128029866353,0.0154215983528367,174,"success","pgls5_castespolymorphic"
"OG0002549_00",-0.00142938081736546,0.876992054336259,1,"1e-05 to 1",0.000176794303210136,-0.00563613131130603,174,"success","pgls5_castespolymorphic"
"OG0002550_00",-0.00882931861717831,0.304052285188461,1e-05,"1e-05 to 1",0.00699421911626502,0.00122092969252241,174,"success","pgls5_castespolymorphic"
"OG0002553_00",-0.0139684758802007,0.129853534036496,1e-05,"1e-05 to 1",0.0161964360906888,0.0104766479284253,174,"success","pgls5_castespolymorphic"
"OG0002554_00",-0.0103085970181157,0.489992303841835,0.629955923598427,"1e-05 to 1",0.00543130151072595,-0.000351074643281546,174,"success","pgls5_castespolymorphic"
"OG0002555_00",-0.0119904616094991,0.208277318128209,1,"1e-05 to 1",0.0125370131402146,0.00679594926312277,174,"success","pgls5_castespolymorphic"
"OG0002556_00",0.00183429556824515,0.920128438237866,0.407289225629356,"1e-05 to 1",7.41994032438927e-05,-0.00573932269324895,174,"success","pgls5_castespolymorphic"
"OG0002557_00",0.00872536940394405,0.451055296134807,0.396570894511089,"1e-05 to 1",0.00359982408256964,-0.0021932001960201,174,"success","pgls5_castespolymorphic"
"OG0002558_00",0.0698401670255618,0.000250226634332051,1,"1e-05 to 1",0.0863459205531471,0.0810339782307816,174,"success","pgls5_castespolymorphic"
"OG0002559_00",-0.0104217667101916,0.170607686287,1e-05,"1e-05 to 1",0.0117760457554763,0.00603055764940352,174,"success","pgls5_castespolymorphic"
"OG0002560_00",-0.0249696603251335,0.337233836772246,1,"1e-05 to 1",0.00662711983943297,0.00085169611756919,174,"success","pgls5_castespolymorphic"
"OG0002561_00",0.0296698700206444,0.0930191629480237,1,"1e-05 to 1",0.0266366130288032,0.0209775235696683,174,"success","pgls5_castespolymorphic"
"OG0002562_00",0.0120830817751838,0.0879877442072725,1e-05,"1e-05 to 1",0.0184273313484312,0.0127205135074338,174,"success","pgls5_castespolymorphic"
"OG0002563_00",-0.0339884660572464,0.269756703980548,0.760608852950172,"1e-05 to 1",0.00765493692741162,0.00188548888629192,174,"success","pgls5_castespolymorphic"
"OG0002564_00",-0.0295646248148312,0.114721407094106,1e-05,"1e-05 to 1",0.016077313388404,0.0103568326522901,174,"success","pgls5_castespolymorphic"
"OG0002565_00",-0.00359394601258089,0.764097160324894,0.866683630739261,"1e-05 to 1",0.00056805610161814,-0.00524259473500033,174,"success","pgls5_castespolymorphic"
"OG0002566_00",0.00393900251759661,0.871396044282153,0.885609880803951,"1e-05 to 1",0.00023930131877322,-0.00557326088286181,174,"success","pgls5_castespolymorphic"
"OG0002567_00",-0.00974055758852288,0.603050994255073,0.856697522354971,"1e-05 to 1",0.00168342470303058,-0.00412074143241692,174,"success","pgls5_castespolymorphic"
"OG0002568_00",-0.0100156094372624,0.344193217392171,1,"1e-05 to 1",0.00577448890268882,-5.89197578393374e-06,174,"success","pgls5_castespolymorphic"
"OG0002569_00",-0.00498666405674167,0.651411230881899,1e-05,"1e-05 to 1",0.00127099526632642,-0.0045355687146833,174,"success","pgls5_castespolymorphic"
"OG0002570_00",0.0105277478144713,0.559099404188857,0.820041269064128,"1e-05 to 1",0.00226496495975981,-0.00353582012768361,174,"success","pgls5_castespolymorphic"
"OG0002571_00",-0.0442134701574753,0.132461615865524,0.916290643703165,"1e-05 to 1",0.0140031886126243,0.00827064901153496,174,"success","pgls5_castespolymorphic"
"OG0002572_00",-0.00135225065015526,0.918246493478936,0.546982450490059,"1e-05 to 1",6.60510290526692e-05,-0.00574751844170862,174,"success","pgls5_castespolymorphic"
"OG0002573_00",-0.0517216309059269,0.103027516318072,0.865134487488709,"1e-05 to 1",0.0214642504070879,0.0157750890722453,174,"success","pgls5_castespolymorphic"
"OG0002574_00",-0.0073023531868965,0.595309476405369,0.854880690358379,"1e-05 to 1",0.00174539183021824,-0.00405841403123386,174,"success","pgls5_castespolymorphic"
"OG0002575_00",-0.00596115499383327,0.494465766898645,1e-05,"1e-05 to 1",0.00294072348123322,-0.00285613277759689,174,"success","pgls5_castespolymorphic"
"OG0002576_00",0.0321338161718706,0.00365089980104205,1,"1e-05 to 1",0.051283779959509,0.0457679879825293,174,"success","pgls5_castespolymorphic"
"OG0002577_00",-0.0219711664590039,0.335878413299636,0.921400359106004,"1e-05 to 1",0.00593788685414222,0.000158455963759407,174,"success","pgls5_castespolymorphic"
"OG0002578_00",-0.0145379889827402,0.170235941068693,0.980636448610851,"1e-05 to 1",0.0121783188627436,0.00643516955380596,174,"success","pgls5_castespolymorphic"
"OG0002579_00",-0.0226522405355967,0.0673792780977962,1,"1e-05 to 1",0.0242126053683496,0.0185394228414214,174,"success","pgls5_castespolymorphic"
"OG0002580_00",0.0368368763360742,0.00971560931039894,1e-05,"1e-05 to 1",0.0553143985694787,0.0498220404216267,174,"success","pgls5_castespolymorphic"
"OG0002581_00",0.0156264281895976,0.162132292332381,1,"1e-05 to 1",0.012253698454068,0.00651098739856837,174,"success","pgls5_castespolymorphic"
"OG0002582_00",-0.0554112685625902,0.0588862235835728,1,"1e-05 to 1",0.0314968966704777,0.0258660646743757,174,"success","pgls5_castespolymorphic"
"OG0002583_00",0.00695795758054211,0.273338806357448,0.331167445803672,"1e-05 to 1",0.00862614165578404,0.00286234015378284,174,"success","pgls5_castespolymorphic"
"OG0002584_00",0.0139652486793677,0.318334095218943,0.575327513371483,"1e-05 to 1",0.00771922515215874,0.00195015087978756,174,"success","pgls5_castespolymorphic"
"OG0002585_00",0.00685372515176918,0.544150832471566,1,"1e-05 to 1",0.0023039162220131,-0.00349664240460323,174,"success","pgls5_castespolymorphic"
"OG0002586_00",-0.00957796378709672,0.42860661037029,0.400556003882516,"1e-05 to 1",0.00407371350202648,-0.00171655560551986,174,"success","pgls5_castespolymorphic"
"OG0002587_00",-0.0252266865252535,0.177195198783219,0.704966267298178,"1e-05 to 1",0.0126095434635254,0.0068689012743598,174,"success","pgls5_castespolymorphic"
"OG0002589_00",0.00539646743092002,0.682065199424282,1,"1e-05 to 1",0.00147739767523735,-0.00432796629176702,174,"success","pgls5_castespolymorphic"
"OG0002590_00",-0.0107849633328655,0.444352828946291,0.759311186913447,"1e-05 to 1",0.00361581757926076,-0.00217711371388307,174,"success","pgls5_castespolymorphic"
"OG0002591_00",0.0254921520137053,0.240432237960835,0.495965542454209,"1e-05 to 1",0.00865662215937625,0.00289299786960506,174,"success","pgls5_castespolymorphic"
"OG0002593_00",0.00456739573578931,0.729552003749432,0.883716143740062,"1e-05 to 1",0.000783448399388396,-0.00502595015642915,174,"success","pgls5_castespolymorphic"
"OG0002594_00",-0.00791850344998501,0.688695384596036,0.738228518217008,"1e-05 to 1",0.000993317524880662,-0.00481486086160254,174,"success","pgls5_castespolymorphic"
"OG0002595_00",-0.0157378499370731,0.384110339327774,0.954142779475642,"1e-05 to 1",0.00512242807447823,-0.000661743855321362,174,"success","pgls5_castespolymorphic"
"OG0002596_00",0.0136116638881767,0.431946993969678,1,"1e-05 to 1",0.00393841501332711,-0.00185264071333946,174,"success","pgls5_castespolymorphic"
"OG0002597_00",0.0147265581030781,0.254087997831461,0.476637771761833,"1e-05 to 1",0.00807115669757488,0.00230412853883977,174,"success","pgls5_castespolymorphic"
"OG0002598_00",-0.00501035579828897,0.728762776997694,1e-05,"1e-05 to 1",0.000758387656210548,-0.00505115660160227,174,"success","pgls5_castespolymorphic"
"OG0002599_00",-0.040003843978912,0.105009289204583,0.743618747492422,"1e-05 to 1",0.0170834805875535,0.0113688496607369,174,"success","pgls5_castespolymorphic"
"OG0002600_00",-0.0123286801728366,0.39083342595817,0.785743563059494,"1e-05 to 1",0.00501361592068998,-0.000771188637910702,174,"success","pgls5_castespolymorphic"
"OG0002601_00",0.00429505744261922,0.752032661270965,0.395662132854876,"1e-05 to 1",0.0006675384210947,-0.00514253402994536,174,"success","pgls5_castespolymorphic"
"OG0002602_00",-0.0209379794509173,0.241403128026499,0.884969368576617,"1e-05 to 1",0.00901764686968157,0.00325612156078436,174,"success","pgls5_castespolymorphic"
"OG0002603_00",0.00542624589409642,0.705452736762493,1e-05,"1e-05 to 1",0.00161292471223059,-0.00419165130688426,174,"success","pgls5_castespolymorphic"
"OG0002604_00",0.00607564519640974,0.845129249613493,0.89589941647142,"1e-05 to 1",0.000250173801264308,-0.00556232518826327,174,"success","pgls5_castespolymorphic"
"OG0002605_00",-0.0369560652931811,0.0959547849812403,0.881311613897597,"1e-05 to 1",0.0172260647560749,0.0115122628069823,174,"success","pgls5_castespolymorphic"
"OG0002606_00",0.0360137213660675,0.0854156211406178,0.951527382566199,"1e-05 to 1",0.025508853889078,0.0198432076907588,174,"success","pgls5_castespolymorphic"
"OG0002607_00",0.00437725226213468,0.79319510444261,0.858214800287787,"1e-05 to 1",0.000430813449353817,-0.00538063530966171,174,"success","pgls5_castespolymorphic"
"OG0002608_00",0.00161337923499107,0.885851824013517,0.90226630110328,"1e-05 to 1",0.00012839024143294,-0.00568481679204713,174,"success","pgls5_castespolymorphic"
"OG0002609_00",-0.00397716601791727,0.642306625782128,1e-05,"1e-05 to 1",0.00134325275495332,-0.00446289112437848,174,"success","pgls5_castespolymorphic"
"OG0002610_00",-0.0218082506335351,0.231365614594027,0.578763945546345,"1e-05 to 1",0.00888512699676001,0.00312283122348544,174,"success","pgls5_castespolymorphic"
"OG0002611_00",0.0204382498485441,0.240805204879422,0.960971326862287,"1e-05 to 1",0.00853572515594741,0.00277139797662151,174,"success","pgls5_castespolymorphic"
"OG0002612_00",0.00689131362381525,0.642172897157995,0.683557645508316,"1e-05 to 1",0.0013527547452642,-0.00445333388993774,174,"success","pgls5_castespolymorphic"
"OG0002613_00",-0.0320952817752094,0.18233040134204,0.531964145641099,"1e-05 to 1",0.0111581772834033,0.00540909691877201,174,"success","pgls5_castespolymorphic"
"OG0002614_00",0.00681860279608835,0.703989247784378,1e-05,"1e-05 to 1",0.00166742447640085,-0.00413683468361992,174,"success","pgls5_castespolymorphic"
"OG0002615_00",-0.00804881635763871,0.472922573914011,1e-05,"1e-05 to 1",0.00430146585714538,-0.00148747910880154,174,"success","pgls5_castespolymorphic"
"OG0002616_00",-0.0162222865716301,0.075450280988971,1e-05,"1e-05 to 1",0.0198650931934424,0.0141666344329393,174,"success","pgls5_castespolymorphic"
"OG0002617_00",0.000941789255970732,0.950347007791868,1,"1e-05 to 1",2.57648393885358e-05,-0.00578803885340573,174,"success","pgls5_castespolymorphic"
"OG0002618_00",0.0277597390632759,0.235526195426703,1,"1e-05 to 1",0.0137678738751565,0.00803396616512841,174,"success","pgls5_castespolymorphic"
"OG0002619_00",0.0180450068881975,0.312552477230087,1,"1e-05 to 1",0.00856937349575238,0.00280524194630916,174,"success","pgls5_castespolymorphic"
"OG0002620_00",-0.00911238390310784,0.646121936257537,1,"1e-05 to 1",0.00132090358056881,-0.00448537023582318,174,"success","pgls5_castespolymorphic"
"OG0002621_00",0.0358376270124424,0.0174323777406835,1,"1e-05 to 1",0.0618683504700027,0.0564140966936655,174,"success","pgls5_castespolymorphic"
"OG0002622_00",0.000566086272740192,0.97342298713258,1e-05,"1e-05 to 1",7.00260980438605e-06,-0.0058069101657201,174,"success","pgls5_castespolymorphic"
"OG0002623_00",-0.00886836366198071,0.673571343106809,0.714571032336811,"1e-05 to 1",0.00115537076101811,-0.00465186545548746,174,"success","pgls5_castespolymorphic"
"OG0002624_00",-0.0212323237199311,0.0376212812210759,0.971589285333715,"1e-05 to 1",0.0267334131611107,0.0210748864934427,174,"success","pgls5_castespolymorphic"
"OG0002625_00",0.00135475485872031,0.80897561675518,1e-05,"1e-05 to 1",0.000361802619256073,-0.00545004736551569,174,"success","pgls5_castespolymorphic"
"OG0002626_00",0.00809493120344217,0.606191273926925,1e-05,"1e-05 to 1",0.00167529609587617,-0.0041289172989154,174,"success","pgls5_castespolymorphic"
"OG0002627_00",0.000521669900057793,0.912829242179116,1,"1e-05 to 1",7.5130421341695e-05,-0.00573838626225509,174,"success","pgls5_castespolymorphic"
"OG0002628_00",0.0336002971239012,0.13619933122978,1,"1e-05 to 1",0.0138243271512924,0.00809074765798601,174,"success","pgls5_castespolymorphic"
"OG0002629_00",-0.00683215159073001,0.508366814693179,1,"1e-05 to 1",0.00270484851473393,-0.00309337911018037,174,"success","pgls5_castespolymorphic"
"OG0002630_00",-0.0136222309895093,0.423673032607309,0.748181158025682,"1e-05 to 1",0.00403034479902732,-0.0017601764521411,174,"success","pgls5_castespolymorphic"
"OG0002631_00",-0.0501978228313261,0.0423241717857561,1,"1e-05 to 1",0.0366167877909604,0.0310157226036984,174,"success","pgls5_castespolymorphic"
"OG0002632_00",0.00170820315625747,0.68418213892879,1,"1e-05 to 1",0.00104995746122521,-0.00475789162330265,174,"success","pgls5_castespolymorphic"
"OG0002633_00",-0.00898935189781161,0.185418379443171,1e-05,"1e-05 to 1",0.0108666189423502,0.00511584347108474,174,"success","pgls5_castespolymorphic"
"OG0002634_00",-0.0029679483348187,0.796115195290603,0.461097394197164,"1e-05 to 1",0.000423775870360749,-0.00538771380481151,174,"success","pgls5_castespolymorphic"
"OG0002635_00",-0.00165411584106143,0.885563165652771,0.961192306953561,"1e-05 to 1",0.000169071146298936,-0.0056438993702923,174,"success","pgls5_castespolymorphic"
"OG0002636_00",-0.00633705107572108,0.661232928647011,1e-05,"1e-05 to 1",0.00143737751212227,-0.00436821913024921,174,"success","pgls5_castespolymorphic"
"OG0002637_00",-0.0340615033619032,0.0281288419566605,0.754059732970755,"1e-05 to 1",0.0299529155450592,0.0243131069145072,174,"success","pgls5_castespolymorphic"
"OG0002638_00",-0.001756025658784,0.927555226919207,1e-05,"1e-05 to 1",5.31601091098051e-05,-0.00576048430886056,174,"success","pgls5_castespolymorphic"
"OG0002639_00",0.00821893095562952,0.591175992408757,0.273635049397176,"1e-05 to 1",0.00184181528499115,-0.00396142997497972,174,"success","pgls5_castespolymorphic"
"OG0002640_00",0.00643519457623323,0.771340375417196,1e-05,"1e-05 to 1",0.000678167449905701,-0.00513184320445537,174,"success","pgls5_castespolymorphic"
"OG0002641_00",0.00579406338273522,0.603943405181125,1e-05,"1e-05 to 1",0.00168564823844125,-0.00411850496947475,174,"success","pgls5_castespolymorphic"
"OG0002642_00",0.0128095416577601,0.637049363789016,0.529830226017686,"1e-05 to 1",0.00139476778813171,-0.00441107658519302,174,"success","pgls5_castespolymorphic"
"OG0002643_00",0.00100074635927139,0.907810957108156,1e-05,"1e-05 to 1",0.000166562617626545,-0.00564642248343361,174,"success","pgls5_castespolymorphic"
"OG0002644_00",-0.0332737986543467,0.0669258210858228,1,"1e-05 to 1",0.0229627754089076,0.0172823264287267,174,"success","pgls5_castespolymorphic"
"OG0002645_00",0.000331747009108855,0.988592936409777,1,"1e-05 to 1",1.30611179226562e-06,-0.00581263978290658,174,"success","pgls5_castespolymorphic"
"OG0002646_00",0.00479752246489815,0.749439217195792,0.677182194821897,"1e-05 to 1",0.000635326836515852,-0.00517493289117876,174,"success","pgls5_castespolymorphic"
"OG0002647_00",-0.00153676238023521,0.935840723378506,0.69994442050268,"1e-05 to 1",4.08823788917628e-05,-0.00577283342123103,174,"success","pgls5_castespolymorphic"
"OG0002649_00",0.00584835542590397,0.56068330006007,1,"1e-05 to 1",0.00212013591901553,-0.00368149119773453,174,"success","pgls5_castespolymorphic"
"OG0002650_00",-0.0161346508800722,0.273952352321162,1,"1e-05 to 1",0.00742921902540424,0.00165845867090086,174,"success","pgls5_castespolymorphic"
"OG0002651_00",-0.00351692532333382,0.752038676165598,0.844286680619313,"1e-05 to 1",0.000617922895507801,-0.00519243801789049,174,"success","pgls5_castespolymorphic"
"OG0002652_00",-0.00703907988000279,0.667693562268189,0.931077102441862,"1e-05 to 1",0.00121583336347985,-0.00459105132626725,174,"success","pgls5_castespolymorphic"
"OG0002653_00",-0.0309751275694045,0.0608114157863895,0.509694132955694,"1e-05 to 1",0.0302326325534441,0.0245944501845687,174,"success","pgls5_castespolymorphic"
"OG0002654_00",0.0262995607076408,0.107865949967131,1e-05,"1e-05 to 1",0.0164875663695114,0.0107694708251481,174,"success","pgls5_castespolymorphic"
"OG0002655_00",-0.00850262620688575,0.578022130029668,0.758430192021011,"1e-05 to 1",0.00193819081814043,-0.00386449411896361,174,"success","pgls5_castespolymorphic"
"OG0002656_00",0.00240391868201858,0.824652711955958,0.399864722271216,"1e-05 to 1",0.000305814314992852,-0.0055063611831756,174,"success","pgls5_castespolymorphic"
"OG0002657_00",0.00949142473736816,0.535641248729192,0.60797986121024,"1e-05 to 1",0.00237288406470118,-0.00342727358608541,174,"success","pgls5_castespolymorphic"
"OG0002658_00",0.000920922386003066,0.94042724141589,0.439356318061228,"1e-05 to 1",3.52358236265198e-05,-0.00577851280530606,174,"success","pgls5_castespolymorphic"
"OG0002659_00",0.00256188579524623,0.858082664928443,0.423172361598196,"1e-05 to 1",0.000205604421081322,-0.00560715369274956,174,"success","pgls5_castespolymorphic"
"OG0002660_00",-0.0354910484011488,0.0504174223444136,1,"1e-05 to 1",0.0340443919892881,0.0284283710124815,174,"success","pgls5_castespolymorphic"
"OG0002661_00",0.0112651660385831,0.183465867712118,1e-05,"1e-05 to 1",0.0110315496385654,0.00528173306669655,174,"success","pgls5_castespolymorphic"
"OG0002663_00",-0.00959113865555852,0.231154064922175,1e-05,"1e-05 to 1",0.00923691259792972,0.00347666208977815,174,"success","pgls5_castespolymorphic"
"OG0002664_00",-0.00247207648758128,0.888353683661636,1e-05,"1e-05 to 1",0.000122787521316113,-0.00569045208611807,174,"success","pgls5_castespolymorphic"
"OG0002665_00",0.00606235409525435,0.549733278873986,1,"1e-05 to 1",0.00222675859689603,-0.00357424862056388,174,"success","pgls5_castespolymorphic"
"OG0002666_00",-0.000706817156792417,0.941093564432138,1,"1e-05 to 1",3.44505896638573e-05,-0.00577930260458226,174,"success","pgls5_castespolymorphic"
"OG0002667_00",0.00242199579767064,0.910236886886555,0.919931167961058,"0.001 to 1",7.86977691789878e-05,-0.00573479817402345,174,"success","pgls5_castespolymorphic"
"OG0002668_00",0.0422190929200078,0.0840293957548675,0.579909979980568,"1e-05 to 1",0.0183141943799211,0.012606718765851,174,"success","pgls5_castespolymorphic"
"OG0002669_00",0.0169976312218328,0.078902075928498,1,"1e-05 to 1",0.0191702481761226,0.013467749619007,174,"success","pgls5_castespolymorphic"
"OG0002670_00",0.00278100722943154,0.881966646062544,0.458900807765575,"1e-05 to 1",0.000137343808175339,-0.00567581116968419,174,"success","pgls5_castespolymorphic"
"OG0002671_00",-0.00118342875181393,0.545676833928436,1e-05,"1e-05 to 1",0.00227228784921676,-0.00352845466328788,174,"success","pgls5_castespolymorphic"
"OG0002672_00",0.0191434235732773,0.146551915326045,0.898944319709682,"1e-05 to 1",0.0131278705323896,0.0073902418726941,174,"success","pgls5_castespolymorphic"
"OG0002673_00",0.00299822663948747,0.0589781113487504,1,"1e-05 to 1",0.0219721649533983,0.0162859566101041,174,"success","pgls5_castespolymorphic"
"OG0002674_00",0.00225158198264357,0.897518022433604,0.716623607122013,"1e-05 to 1",0.000105319322185475,-0.005708021844546,174,"success","pgls5_castespolymorphic"
"OG0002675_00",0.0164756544914657,0.0772970820585588,1e-05,"1e-05 to 1",0.0193760031302956,0.0136747008229136,174,"success","pgls5_castespolymorphic"
"OG0002676_00",-0.0272014418070919,0.0463985620254186,0.531775132298775,"1e-05 to 1",0.0251887044580834,0.019521196925863,174,"success","pgls5_castespolymorphic"
"OG0002677_00",-0.00293379962279292,0.819249248726588,1,"1e-05 to 1",0.000327324932414391,-0.00548472550402512,174,"success","pgls5_castespolymorphic"
"OG0002678_00",0.046577015094004,0.000898186502770848,1,"1e-05 to 1",0.0676135124735145,0.0621926608018488,174,"success","pgls5_castespolymorphic"
"OG0002679_00",0.0244199645867053,0.303954735887848,0.825029800352713,"1e-05 to 1",0.00656251912127238,0.000786719813837822,174,"success","pgls5_castespolymorphic"
"OG0002680_00",0.030117403976597,0.00380041133202313,1,"1e-05 to 1",0.0505456077175456,0.0450255240414847,174,"success","pgls5_castespolymorphic"
"OG0002683_00",-0.0140738296454107,0.307833614144073,0.804449930200112,"1e-05 to 1",0.00770206779950447,0.00193289377508288,174,"success","pgls5_castespolymorphic"
"OG0002684_00",-0.00649792893328101,0.595551322821342,1e-05,"1e-05 to 1",0.00233548646738104,-0.00346488861129712,174,"success","pgls5_castespolymorphic"
"OG0002685_00",-0.00571700553571014,0.741543765454612,0.785926450373567,"1e-05 to 1",0.000677489306254724,-0.00513252529080188,174,"success","pgls5_castespolymorphic"
"OG0002686_00",-0.00571503116409469,0.749818647195524,0.7241771976118,"1e-05 to 1",0.000637307693630129,-0.00517294051745343,174,"success","pgls5_castespolymorphic"
"OG0002687_00",-0.00404931563131767,0.810087341592427,0.698934580751986,"1e-05 to 1",0.000359749751528247,-0.00545211216852115,174,"success","pgls5_castespolymorphic"
"OG0002688_00",-0.00507534373178565,0.650294533000314,0.562942253291693,"1e-05 to 1",0.00127972829308598,-0.00452678491451231,174,"success","pgls5_castespolymorphic"
"OG0002689_00",0.00373317864226134,0.754277821403885,1e-05,"1e-05 to 1",0.000621843596638942,-0.00518849452198533,174,"success","pgls5_castespolymorphic"
"OG0002690_00",0.0229566073312191,0.104318125327719,1,"1e-05 to 1",0.0163032108241353,0.0105840434452059,174,"success","pgls5_castespolymorphic"
"OG0002691_00",-0.00183294778551246,0.902110586233859,1e-05,"1e-05 to 1",9.42500291643494e-05,-0.00571915549392177,174,"success","pgls5_castespolymorphic"
"OG0002692_00",0.0220395283166561,0.263910581621118,0.932024678852334,"1e-05 to 1",0.00774627824998348,0.0019773612630648,174,"success","pgls5_castespolymorphic"
"OG0002693_00",0.00574674203051258,0.544935295912503,1e-05,"1e-05 to 1",0.0023094233889786,-0.00349110321922508,174,"success","pgls5_castespolymorphic"
"OG0002694_00",0.00482088573587024,0.792740889046925,0.208092450507968,"1e-05 to 1",0.000430056079047167,-0.00538139708328389,174,"success","pgls5_castespolymorphic"
"OG0002695_00",0.00522284147187999,0.710386090495168,1,"1e-05 to 1",0.000875114590156115,-0.00493375102269189,174,"success","pgls5_castespolymorphic"
"OG0002696_00",0.000963648161923479,0.967695035192381,0.548439292732596,"1e-05 to 1",1.01559142158343e-05,-0.00580373852814353,174,"success","pgls5_castespolymorphic"
"OG0002697_00",-0.00366647157118097,0.787921797395708,1,"1e-05 to 1",0.000453603352752528,-0.00535771290682452,174,"success","pgls5_castespolymorphic"
"OG0002698_00",-0.0305459189013112,0.161906369608418,0.981275964575382,"1e-05 to 1",0.0121903797821809,0.00644730059486798,174,"success","pgls5_castespolymorphic"
"OG0002699_00",-0.0259877646360271,0.144758467404516,0.864543496435401,"1e-05 to 1",0.0134115654062075,0.00767558613531338,174,"success","pgls5_castespolymorphic"
"OG0002700_00",-0.0371828778189671,0.0634436588531111,0.451237601585597,"1e-05 to 1",0.0211051145062987,0.0154138651720329,174,"success","pgls5_castespolymorphic"
"OG0002701_00",-0.0164065376456305,0.52371646777011,0.787891697231769,"1e-05 to 1",0.00259449382619615,-0.00320437539574447,174,"success","pgls5_castespolymorphic"
"OG0002702_00",-0.0682484229358171,0.000975206026968767,0.990497658001961,"1e-05 to 1",0.0663040858169287,0.0608756211995853,174,"success","pgls5_castespolymorphic"
"OG0002703_00",-0.00517664820150886,0.52651539009245,1,"1e-05 to 1",0.002697430782623,-0.00310083996864075,174,"success","pgls5_castespolymorphic"
"OG0002704_00",0.0138914563675844,0.347521013361742,1,"1e-05 to 1",0.00551753007392978,-0.000264344751221834,174,"success","pgls5_castespolymorphic"
"OG0002705_00",0.00036231984314683,0.980821276811134,1e-05,"1e-05 to 1",3.94459029904435e-06,-0.00580998596440852,174,"success","pgls5_castespolymorphic"
"OG0002706_00",0.000296176406016412,0.952030188301346,1,"1e-05 to 1",2.77306434197573e-05,-0.00578606162028139,174,"success","pgls5_castespolymorphic"
"OG0002707_00",0.0349194239376198,0.0241021890579169,1e-05,"1e-05 to 1",0.0427267662001273,0.0371612241431513,174,"success","pgls5_castespolymorphic"
"OG0002708_00",0.00277841060289524,0.903147375754836,0.934304652811297,"1e-05 to 1",9.97088217429687e-05,-0.00571366496417713,174,"success","pgls5_castespolymorphic"
"OG0002709_00",0.00330324944465534,0.766519646848284,1e-05,"1e-05 to 1",0.000545778112115463,-0.00526500224769788,174,"success","pgls5_castespolymorphic"
"OG0002710_00",0.0296499573667614,0.15820575005193,0.941335160160412,"1e-05 to 1",0.0123300639114884,0.00658779684120625,174,"success","pgls5_castespolymorphic"
"OG0002711_00",-0.0165744034545976,0.276563670165215,0.878140909126676,"1e-05 to 1",0.00739503438112306,0.00162407527868769,174,"success","pgls5_castespolymorphic"
"OG0002712_00",-0.0106726289396615,0.335048290227479,1,"1e-05 to 1",0.00580927324798011,2.90946040730766e-05,174,"success","pgls5_castespolymorphic"
"OG0002713_00",-0.00585385640301798,0.755694553509688,1e-05,"1e-05 to 1",0.000606758255237348,-0.00520366756886004,174,"success","pgls5_castespolymorphic"
"OG0002714_00",0.00729139056989474,0.469068451642224,1e-05,"1e-05 to 1",0.00367159964255586,-0.00212100733626652,174,"success","pgls5_castespolymorphic"
"OG0002715_00",-0.00650927618536547,0.507968935868285,1,"1e-05 to 1",0.00281433537271101,-0.00298325570070346,174,"success","pgls5_castespolymorphic"
"OG0002716_00",-0.0060654110530402,0.595965499165419,1,"1e-05 to 1",0.00184172669242271,-0.00396151908262143,174,"success","pgls5_castespolymorphic"
"OG0002717_00",-0.075617366829742,0.00664294485857209,1,"1e-05 to 1",0.0574549148068311,0.0519750015208242,174,"success","pgls5_castespolymorphic"
"OG0002718_00",0.00681506732588369,0.356324116207888,1,"1e-05 to 1",0.00525427072405406,-0.000529134678713072,174,"success","pgls5_castespolymorphic"
"OG0002719_00",0.00737865037789459,0.594484690571654,0.516828654652535,"1e-05 to 1",0.00176413276048074,-0.00403956414207474,174,"success","pgls5_castespolymorphic"
"OG0002720_00",-9.63838260783579e-07,0.999957211647002,0.82214019003454,"1e-05 to 1",1.79181925157995e-11,-0.00581395347034985,174,"success","pgls5_castespolymorphic"
"OG0002721_00",-0.00581987625731859,0.731549578659239,0.081323550635172,"1e-05 to 1",0.000728483702966933,-0.00508123441503905,174,"success","pgls5_castespolymorphic"
"OG0002722_00",-0.00941454616381478,0.567020448767784,1,"1e-05 to 1",0.00202699354920128,-0.00377517509295444,174,"success","pgls5_castespolymorphic"
"OG0002723_00",-0.00917426214864515,0.585598385242244,0.903187266955686,"1e-05 to 1",0.0018389841426019,-0.00396427757749929,174,"success","pgls5_castespolymorphic"
"OG0002724_00",-0.00761212026764027,0.638480884897715,0.881557844125154,"1e-05 to 1",0.00137433999241606,-0.00443162314716283,174,"success","pgls5_castespolymorphic"
"OG0002725_00",0.0536717814825766,0.00230489376852105,0.99209655590863,"1e-05 to 1",0.0558951916256655,0.0504062101816287,174,"success","pgls5_castespolymorphic"
"OG0002726_00",0.00581509051432959,0.755718220149725,0.728490330570484,"1e-05 to 1",0.000660449731195314,-0.0051496639331583,174,"success","pgls5_castespolymorphic"
"OG0002727_00",-0.00876269550900583,0.582866568000118,1,"1e-05 to 1",0.00187749790066717,-0.00392553990223599,174,"success","pgls5_castespolymorphic"
"OG0002728_00",-0.0159383080910847,0.424203178492393,0.961261732182137,"1e-05 to 1",0.00399599242065745,-0.00179472855364105,174,"success","pgls5_castespolymorphic"
"OG0002729_00",0.0130936640291856,0.468980040600798,1,"1e-05 to 1",0.00324163973743703,-0.00255346700827541,174,"success","pgls5_castespolymorphic"
"OG0002730_00",-0.0329774114862995,0.231097199714998,0.708345313942181,"1e-05 to 1",0.0106846864518037,0.00493285323350023,174,"success","pgls5_castespolymorphic"
"OG0002731_00",-0.0239611961788329,0.245638980302075,0.214077886789447,"1e-05 to 1",0.00841535070242135,0.00265032367162144,174,"success","pgls5_castespolymorphic"
"OG0002732_00",-0.0314571257032575,0.220867629692636,0.643270674912432,"1e-05 to 1",0.0094705125757016,0.00371162020695581,174,"success","pgls5_castespolymorphic"
"OG0002733_00",0.0316323024100398,0.317657183144628,0.907180023222224,"1e-05 to 1",0.00624101879422839,0.000463350298846033,174,"success","pgls5_castespolymorphic"
"OG0002734_00",-0.0125065609305192,0.586316790920047,0.882888741888092,"1e-05 to 1",0.00184335559206168,-0.00395988071263553,174,"success","pgls5_castespolymorphic"
"OG0002735_00",-0.00692225484133195,0.77995201218886,0.73485410448202,"1e-05 to 1",0.000489244976057787,-0.00532186406477919,174,"success","pgls5_castespolymorphic"
"OG0002736_00",-0.013956834325402,0.265559300259509,0.117641502936796,"1e-05 to 1",0.0078391654121194,0.00207078846684094,174,"success","pgls5_castespolymorphic"
"OG0002737_00",-0.0329000871471841,0.332336814102762,1,"1e-05 to 1",0.00594899297215978,0.000169626652230526,174,"success","pgls5_castespolymorphic"
"OG0002738_00",0.012770183511364,0.503065331538017,0.711167493352214,"1e-05 to 1",0.00293640895820261,-0.00286047238506359,174,"success","pgls5_castespolymorphic"
"OG0002739_00",-0.0260988380934103,0.182314864405696,1,"1e-05 to 1",0.0109528210673197,0.00520254677119936,174,"success","pgls5_castespolymorphic"
"OG0002740_00",0.0228081099395013,0.304516065833217,0.828177987269809,"1e-05 to 1",0.00658826468113729,0.000812615057190436,174,"success","pgls5_castespolymorphic"
"OG0002741_00",0.0116482238377126,0.565505224533065,1,"1e-05 to 1",0.00206845070770317,-0.00373347690446124,174,"success","pgls5_castespolymorphic"
"OG0002742_00",-0.00486732683480964,0.798277197987516,1,"1e-05 to 1",0.000412025236445745,-0.00539953275636562,174,"success","pgls5_castespolymorphic"
"OG0002743_00",-0.0235544681340635,0.113658445252387,0.696098211106633,"1e-05 to 1",0.0154714588697738,0.00974745572366775,174,"success","pgls5_castespolymorphic"
"OG0002744_00",0.0205861646998538,0.262953409964598,0.71454578882572,"1e-05 to 1",0.00823737922004319,0.00247131747132256,174,"success","pgls5_castespolymorphic"
"OG0002745_00",-0.0243355341028279,0.0558816656030476,1,"1e-05 to 1",0.022380686855418,0.0166968536394612,174,"success","pgls5_castespolymorphic"
"OG0002746_00",-0.0128244441535098,0.540536565977486,0.734056024862319,"1e-05 to 1",0.00234548413068625,-0.00345483282204229,174,"success","pgls5_castespolymorphic"
"OG0002747_00",-0.0177899125774187,0.303226094657486,0.605988897695314,"1e-05 to 1",0.00658226136739873,0.000806576840464923,174,"success","pgls5_castespolymorphic"
"OG0002748_00",-0.0183686339071156,0.131705230007784,0.808155979594628,"1e-05 to 1",0.0140576992087482,0.00832547652972926,174,"success","pgls5_castespolymorphic"
"OG0002749_00",0.0140730507561677,0.325009435570902,0.53828702416032,"1e-05 to 1",0.00605478902643614,0.000276037799845752,174,"success","pgls5_castespolymorphic"
"OG0002750_00",-0.0062771139479424,0.693071148074459,0.611987321503104,"1e-05 to 1",0.00096411688234893,-0.00484423127531186,174,"success","pgls5_castespolymorphic"
"OG0002751_00",0.014111170941961,0.207671000878822,1e-05,"1e-05 to 1",0.009842684636066,0.0040859560583687,174,"success","pgls5_castespolymorphic"
"OG0002752_00",0.0194106413114316,0.0607191407106717,1e-05,"1e-05 to 1",0.0256259362959754,0.0199609708093241,174,"success","pgls5_castespolymorphic"
"OG0002753_00",-0.00497458470780136,0.712974532938102,1,"1e-05 to 1",0.000848062372621307,-0.00496096052056094,174,"success","pgls5_castespolymorphic"
"OG0002754_00",-0.00141100192635619,0.918144800334189,0.429391927160297,"1e-05 to 1",6.74852886788313e-05,-0.00574607584336362,174,"success","pgls5_castespolymorphic"
"OG0002755_00",-0.00272405233579568,0.88170896288188,1e-05,"1e-05 to 1",0.000137948552787124,-0.00567520290911516,174,"success","pgls5_castespolymorphic"
"OG0002756_00",-0.0191292545606918,0.328753501465894,0.819945073253967,"1e-05 to 1",0.00592502884293291,0.000145523196670938,174,"success","pgls5_castespolymorphic"
"OG0002757_00",-0.00413452844381903,0.583994022628123,1e-05,"1e-05 to 1",0.00196410299997211,-0.00383843128491179,174,"success","pgls5_castespolymorphic"
"OG0002758_00",0.012336976581329,0.18920260596841,1,"1e-05 to 1",0.010616939765897,0.00486471267151256,174,"success","pgls5_castespolymorphic"
"OG0002759_00",-0.00587173734005524,0.602123583903727,1,"1e-05 to 1",0.00290273796547952,-0.00289433913937232,174,"success","pgls5_castespolymorphic"
"OG0002760_00",0.0206498314959338,0.376421630700445,0.61013545573763,"1e-05 to 1",0.00483256426484542,-0.000953292919661175,174,"success","pgls5_castespolymorphic"
"OG0002761_00",0.022046614616924,0.286921162678154,0.514558561899204,"1e-05 to 1",0.00708453123821268,0.0013117668849465,174,"success","pgls5_castespolymorphic"
"OG0002762_00",0.00454050180243456,0.622747297256756,1e-05,"1e-05 to 1",0.00149747728115107,-0.00430776994395865,174,"success","pgls5_castespolymorphic"
"OG0002763_00",-0.00979324688234155,0.323941679965468,1e-05,"1e-05 to 1",0.0060814905049035,0.000302894519466967,174,"success","pgls5_castespolymorphic"
"OG0002764_00",0.00604579018756447,0.470834868001432,1e-05,"1e-05 to 1",0.00325496053552987,-0.00254006876368207,174,"success","pgls5_castespolymorphic"
"OG0002765_00",-0.0137731891839727,0.220115791825712,0.823297200597865,"1e-05 to 1",0.00944161194158427,0.00368255154589592,174,"success","pgls5_castespolymorphic"
"OG0002766_00",0.0324423776090685,0.00763943111066978,1,"1e-05 to 1",0.0436337831020921,0.0380735143991973,174,"success","pgls5_castespolymorphic"
"OG0002767_00",-0.0252782397725758,0.199512278964999,0.804460245378646,"1e-05 to 1",0.0103959226818584,0.00464241060442738,174,"success","pgls5_castespolymorphic"
"OG0002768_00",-0.00395989103181579,0.861784167577668,0.638278560954582,"1e-05 to 1",0.000190024942028661,-0.00562282375016876,174,"success","pgls5_castespolymorphic"
"OG0002769_00",-0.00912683552670657,0.633753485831568,0.472390392994433,"1e-05 to 1",0.00141335457449724,-0.00439238173611622,174,"success","pgls5_castespolymorphic"
"OG0002770_00",0.0196566686243437,0.358966040370366,0.48391102328285,"1e-05 to 1",0.00539697037220073,-0.000385605381449272,174,"success","pgls5_castespolymorphic"
"OG0002771_00",0.0036253455858205,0.442149424211677,1e-05,"1e-05 to 1",0.00369656330825964,-0.00209589853297154,174,"success","pgls5_castespolymorphic"
"OG0002772_00",-0.00130051202996129,0.813941672837623,1,"1e-05 to 1",0.000345028124833445,-0.0054669193860688,174,"success","pgls5_castespolymorphic"
"OG0002773_00",0.0113678501953901,0.387457294449864,1,"1e-05 to 1",0.0046718260662946,-0.00111496564262215,174,"success","pgls5_castespolymorphic"
"OG0002774_00",0.0146596232850165,0.276233002600453,1e-05,"1e-05 to 1",0.00731381879076193,0.00154238750466162,174,"success","pgls5_castespolymorphic"
"OG0002775_00",-0.0241956007628073,0.0916338112444031,1,"1e-05 to 1",0.0209331580130117,0.0152409089316921,174,"success","pgls5_castespolymorphic"
"OG0002776_00",0.0332118856644152,0.239234957405055,0.973300789079988,"1e-05 to 1",0.00864633089909001,0.00288264677641037,174,"success","pgls5_castespolymorphic"
"OG0002777_00",0.00181562468237247,0.905949519357355,1,"1e-05 to 1",8.69690645790081e-05,-0.00572647878969668,174,"success","pgls5_castespolymorphic"
"OG0002778_00",0.00123512225881278,0.864091124228729,0.680604318914861,"1e-05 to 1",0.000183673260416875,-0.00562921236016201,174,"success","pgls5_castespolymorphic"
"OG0002779_00",0.00857288615329875,0.539022392636848,1,"1e-05 to 1",0.00264458139275241,-0.0031539966224059,174,"success","pgls5_castespolymorphic"
"OG0002780_00",0.0219339897115259,0.199290402724485,0.780512563328571,"1e-05 to 1",0.0102763288620191,0.00452212147168207,174,"success","pgls5_castespolymorphic"
"OG0002781_00",-0.00800070074860227,0.543388542014803,0.747415378437073,"1e-05 to 1",0.0022982488569483,-0.0035023427194647,174,"success","pgls5_castespolymorphic"
"OG0002782_00",0.000828117447657593,0.956602445820406,0.785350826164148,"1e-05 to 1",1.85657344479028e-05,-0.00579527981360761,174,"success","pgls5_castespolymorphic"
"OG0002783_00",0.00853499272223314,0.523569397440643,1e-05,"1e-05 to 1",0.00261300469377199,-0.00318575690684564,174,"success","pgls5_castespolymorphic"
"OG0002784_00",-0.00360579527490726,0.870165058904933,0.968168439343523,"0.001 to 1",0.000169607102386811,-0.00564336029818069,174,"success","pgls5_castespolymorphic"
"OG0002785_00",0.0622895941600456,0.00920620327246202,1,"1e-05 to 1",0.0418877624566024,0.0363173424708849,174,"success","pgls5_castespolymorphic"
"OG0002786_00",-0.0252808785005331,0.239183128643681,0.594671611155518,"1e-05 to 1",0.00870255469927556,0.00293919745915516,174,"success","pgls5_castespolymorphic"
"OG0002787_00",-0.00773330742272774,0.565605614045677,0.900619071039688,"1e-05 to 1",0.00213421706517921,-0.00366732818444171,174,"success","pgls5_castespolymorphic"
"OG0002788_00",-0.023624805145048,0.0021911954800764,1,"1e-05 to 1",0.0571239817290406,0.0516421444135117,174,"success","pgls5_castespolymorphic"
"OG0002789_00",-0.00236662898549559,0.72123057634032,1,"1e-05 to 1",0.000792931834865797,-0.0050164115846989,174,"success","pgls5_castespolymorphic"
"OG0002790_00",-0.0149774679292216,0.389940695670528,0.832902069076259,"1e-05 to 1",0.00459453706272084,-0.00119270400086791,174,"success","pgls5_castespolymorphic"
"OG0002791_00",-0.0214171067890563,0.311376754490612,1,"1e-05 to 1",0.00636483165882778,0.000587883005681356,174,"success","pgls5_castespolymorphic"
"OG0002792_00",0.0113521835351859,0.576732750616442,0.797955274617393,"1e-05 to 1",0.00197610680834806,-0.00382635768695239,174,"success","pgls5_castespolymorphic"
"OG0002793_00",-0.0175669805471331,0.173919160432255,1e-05,"1e-05 to 1",0.0152256995707016,0.0095002675914615,174,"success","pgls5_castespolymorphic"
"OG0002794_00",0.00073761689051964,0.984982710949493,1,"1e-05 to 1",2.2212167532429e-06,-0.00581171935756797,174,"success","pgls5_castespolymorphic"
"OG0002795_00",-0.0136489027382465,0.509678533102201,1e-05,"1e-05 to 1",0.00273898381571531,-0.00305904534814672,174,"success","pgls5_castespolymorphic"
"OG0002797_00",0.00277389979631021,0.833463752299846,0.830290684241433,"1e-05 to 1",0.000273706137506296,-0.00553865603611281,174,"success","pgls5_castespolymorphic"
"OG0002798_00",0.0284007531729306,0.134959154340432,1,"1e-05 to 1",0.0139116902848028,0.00817861871669123,174,"success","pgls5_castespolymorphic"
"OG0002799_00",0.0128442091281222,0.271580548536435,0.640207687997925,"1e-05 to 1",0.00745650840245182,0.00168590670711732,174,"success","pgls5_castespolymorphic"
"OG0002800_00",0.00423210711989056,0.842605620612984,0.860128150514048,"1e-05 to 1",0.000244097478342058,-0.00556843683864416,174,"success","pgls5_castespolymorphic"
"OG0002801_00",0.0233253108797975,0.0922593596752699,1,"1e-05 to 1",0.0173978160007894,0.0116850126054452,174,"success","pgls5_castespolymorphic"
"OG0002802_00",0.000924498897081487,0.951079237466832,0.92904790054269,"1e-05 to 1",2.3598430755023e-05,-0.00579021785743827,174,"success","pgls5_castespolymorphic"
"OG0002803_00",-0.000294008513114137,0.967003977954325,0.558507816836626,"1e-05 to 1",1.0595313828856e-05,-0.00580329657388146,174,"success","pgls5_castespolymorphic"
"OG0002804_00",-0.0020190551488573,0.932485963705748,0.763586078759416,"1e-05 to 1",4.49960006249834e-05,-0.00576869588309226,174,"success","pgls5_castespolymorphic"
"OG0002805_00",0.0541360924326341,0.0342008297245042,1e-05,"1e-05 to 1",0.0273863160659911,0.0217315853454446,174,"success","pgls5_castespolymorphic"
"OG0002806_00",-0.00737306830529494,0.788858132417858,0.947908890466049,"1e-05 to 1",0.000446710793556576,-0.00536464553903904,174,"success","pgls5_castespolymorphic"
"OG0002807_00",0.00488120758701328,0.436674000736176,1e-05,"1e-05 to 1",0.00385837265477471,-0.00193314843444159,174,"success","pgls5_castespolymorphic"
"OG0002808_00",-0.00189244009578045,0.932045262747469,1,"1e-05 to 1",4.53027413155361e-05,-0.00576838735902552,174,"success","pgls5_castespolymorphic"
"OG0002809_00",0.00499210846466122,0.667403034899891,1e-05,"1e-05 to 1",0.00115703508492315,-0.00465019145528078,174,"success","pgls5_castespolymorphic"
"OG0002810_00",9.65524340418716e-05,0.992865498048996,1,"1e-05 to 1",5.0129785201513e-07,-0.00581344927599781,174,"success","pgls5_castespolymorphic"
"OG0002811_00",-0.0137374552288908,0.410420501026459,1e-05,"1e-05 to 1",0.00426581646580441,-0.00152333576404562,174,"success","pgls5_castespolymorphic"
"OG0002812_00",0.00337355502082202,0.771313953704449,0.984718635642358,"1e-05 to 1",0.000539667912693187,-0.00527114797153527,174,"success","pgls5_castespolymorphic"
"OG0002813_00",-0.0173396261837457,0.0593432558296203,0.752243676408879,"1e-05 to 1",0.0219097312122888,0.0162231598821276,174,"success","pgls5_castespolymorphic"
"OG0002814_00",-0.0230498667815686,0.133747842741318,0.646836850001354,"1e-05 to 1",0.0139978837558543,0.00826531331257441,174,"success","pgls5_castespolymorphic"
"OG0002815_00",-0.00401253318666153,0.832078360115181,0.398015166942293,"1e-05 to 1",0.000280081417247897,-0.00553224369079142,174,"success","pgls5_castespolymorphic"
"OG0002816_00",0.00314905620031596,0.590717491529699,1e-05,"1e-05 to 1",0.00230190946345626,-0.00349866083036088,174,"success","pgls5_castespolymorphic"
"OG0002817_00",0.000143805628766959,0.994662422880758,0.779519417184803,"1e-05 to 1",2.84139670834092e-07,-0.00581366769672642,174,"success","pgls5_castespolymorphic"
"OG0002818_00",0.020790136654472,0.223280229847264,1,"1e-05 to 1",0.00925566220060066,0.00349552070176706,174,"success","pgls5_castespolymorphic"
"OG0002819_00",-0.0329217355204572,0.0680503390532636,0.953414145173987,"1e-05 to 1",0.0206576170633024,0.0149637659997169,174,"success","pgls5_castespolymorphic"
"OG0002820_00",0.00210306132530784,0.912697515801403,0.529338718896606,"1e-05 to 1",7.58339862519429e-05,-0.00573767860685104,174,"success","pgls5_castespolymorphic"
"OG0002821_00",-0.00916760243983599,0.558931336829138,0.976913386386782,"1e-05 to 1",0.00215260744368543,-0.00364883088513035,174,"success","pgls5_castespolymorphic"
"OG0002822_00",-0.0487612618538304,0.0279962260483742,1,"1e-05 to 1",0.0296345093125646,0.0239928494829865,174,"success","pgls5_castespolymorphic"
"OG0002823_00",0.00873683837977561,0.473404574716661,1,"1e-05 to 1",0.00319746441634933,-0.00259789916262543,174,"success","pgls5_castespolymorphic"
"OG0002824_00",-0.0163352951772123,0.61438334130218,0.898462780269467,"1e-05 to 1",0.00158030608998177,-0.00422445957228579,174,"success","pgls5_castespolymorphic"
"OG0002825_00",-0.002090488729686,0.863434967963337,0.810833118214798,"1e-05 to 1",0.000185468527956141,-0.00562740665502082,174,"success","pgls5_castespolymorphic"
"OG0002826_00",-0.0256802826802944,0.14189650833968,1,"1e-05 to 1",0.0133509039164489,0.00761457196247484,174,"success","pgls5_castespolymorphic"
"OG0002827_00",-0.00776568291946778,0.560393834941363,0.764821693898013,"1e-05 to 1",0.00211005077017401,-0.00369163498116221,174,"success","pgls5_castespolymorphic"
"OG0002828_00",0.0115474911626295,0.285215123587041,1e-05,"1e-05 to 1",0.00935561342255091,0.00359605303547272,174,"success","pgls5_castespolymorphic"
"OG0002829_00",0.0246904656287769,0.196987845881409,0.950351510357583,"1e-05 to 1",0.0106474342783379,0.0048953844776306,174,"success","pgls5_castespolymorphic"
"OG0002830_00",0.00238793209406044,0.856715577216613,1e-05,"1e-05 to 1",0.000218039925168063,-0.00559464588922043,174,"success","pgls5_castespolymorphic"
"OG0002831_00",-0.00315718442889862,0.837289729054112,1e-05,"1e-05 to 1",0.000264373317404072,-0.00554804311679713,174,"success","pgls5_castespolymorphic"
"OG0002832_00",-0.0318979585974679,0.269444796100412,0.873198491851485,"1e-05 to 1",0.0077133533481711,0.00194424493740475,174,"success","pgls5_castespolymorphic"
"OG0002833_00",-0.00407468189864,0.751826644967846,1e-05,"1e-05 to 1",0.000642892655603605,-0.00516732308477064,174,"success","pgls5_castespolymorphic"
"OG0002834_00",-0.00406860175159808,0.744248799853772,0.712317030584083,"1e-05 to 1",0.000671237063231278,-0.00513881388407555,174,"success","pgls5_castespolymorphic"
"OG0002835_00",0.0211693870844768,0.0860280468983277,0.78502104845946,"1e-05 to 1",0.0235808645817412,0.017904009143263,174,"success","pgls5_castespolymorphic"
"OG0002836_00",0.035196012478606,0.000420215909818999,1,"1e-05 to 1",0.0745789011252439,0.0691985458992278,174,"success","pgls5_castespolymorphic"
"OG0002837_00",0.00337507140587082,0.59808156885248,1,"1e-05 to 1",0.00171924856416841,-0.00408470929301674,174,"success","pgls5_castespolymorphic"
"OG0002838_00",0.0589313569995662,0.00147424913961913,1,"1e-05 to 1",0.0606832808795405,0.0552221371637238,174,"success","pgls5_castespolymorphic"
"OG0002839_00",0.00881139582930248,0.334083645951459,1e-05,"1e-05 to 1",0.0060993365973356,0.000320844368250417,174,"success","pgls5_castespolymorphic"
"OG0002840_00",0.0179624240566351,0.341679315590723,0.712308101845967,"1e-05 to 1",0.00561727622878117,-0.000164018676865441,174,"success","pgls5_castespolymorphic"
"OG0002841_00",0.0480602254672024,0.0219104992289851,1e-05,"1e-05 to 1",0.0321980180523349,0.026571262343337,174,"success","pgls5_castespolymorphic"
"OG0002842_00",-0.0170803803185417,0.447086593546749,0.365907734931987,"1e-05 to 1",0.00359491816248801,-0.00219813463889285,174,"success","pgls5_castespolymorphic"
"OG0002843_00",0.0168118710430909,0.370386218056881,1,"1e-05 to 1",0.00511380083090773,-0.000670421257284559,174,"success","pgls5_castespolymorphic"
"OG0002844_00",0.00518878812606166,0.682447717143211,0.908763275586019,"1e-05 to 1",0.00104887046112069,-0.00475898494317528,174,"success","pgls5_castespolymorphic"
"OG0002845_00",0.0292636978840511,0.0394143236697486,0.923660251642897,"1e-05 to 1",0.0262503716666485,0.0205890366181987,174,"success","pgls5_castespolymorphic"
"OG0002847_00",-0.00977076108047129,0.380451327911456,1e-05,"1e-05 to 1",0.00481119948498495,-0.000974781913358092,174,"success","pgls5_castespolymorphic"
"OG0002848_00",-0.00160200032598191,0.93411405462425,1e-05,"1e-05 to 1",4.25802259676471e-05,-0.00577112570295113,174,"success","pgls5_castespolymorphic"
"OG0002849_00",0.00882864728015897,0.407890397494596,1,"1e-05 to 1",0.00442343584737224,-0.00136479999072447,174,"success","pgls5_castespolymorphic"
"OG0002850_00",0.013568905135719,0.188352879833013,1,"1e-05 to 1",0.0106576077453108,0.00490561709266724,174,"success","pgls5_castespolymorphic"
"OG0002851_00",0.00077921959186535,0.929260939791417,0.501452288716228,"1e-05 to 1",4.94088991832841e-05,-0.00576425732814712,174,"success","pgls5_castespolymorphic"
"OG0002852_00",0.00520494497334456,0.717567928636608,0.827405108911363,"1e-05 to 1",0.000825112045693472,-0.00498404427962229,174,"success","pgls5_castespolymorphic"
"OG0002853_00",-0.00150453505956469,0.90603482517973,0.425348973521379,"1e-05 to 1",8.62731440656057e-05,-0.00572717875625961,174,"success","pgls5_castespolymorphic"
"OG0002854_00",-0.00679722144456608,0.348511053762503,1e-05,"1e-05 to 1",0.00546083338703623,-0.000321371070015841,174,"success","pgls5_castespolymorphic"
"OG0002855_00",-0.00244179287998628,0.889779905186719,1,"1e-05 to 1",0.000124296914586692,-0.00568893391730518,174,"success","pgls5_castespolymorphic"
"OG0002856_00",-0.0202015218628765,0.302572674094763,0.896526490975938,"1e-05 to 1",0.006641258559821,0.000865917039819974,174,"success","pgls5_castespolymorphic"
"OG0002857_00",0.0100982442859144,0.499845014323839,0.249804777909623,"1e-05 to 1",0.00283250999123762,-0.00296497541579011,174,"success","pgls5_castespolymorphic"
"OG0002858_00",-0.0165804977475222,0.404921101597259,0.844593217464297,"1e-05 to 1",0.00450875537043814,-0.0012789844239196,174,"success","pgls5_castespolymorphic"
"OG0002859_00",-0.00103859021061798,0.909809600833012,1e-05,"1e-05 to 1",7.94519696429841e-05,-0.00573403958867313,174,"success","pgls5_castespolymorphic"
"OG0002860_00",-0.0256152412966539,0.17131252662521,1,"1e-05 to 1",0.011520771900084,0.00577379964368918,174,"success","pgls5_castespolymorphic"
"OG0002861_00",-0.00459936662706436,0.523447687611476,1e-05,"1e-05 to 1",0.00251752376928703,-0.00328179295298447,174,"success","pgls5_castespolymorphic"
"OG0002862_00",-0.000318126123736943,0.980608306852548,1e-05,"1e-05 to 1",3.68094151200674e-06,-0.00581025114603739,174,"success","pgls5_castespolymorphic"
"OG0002863_00",-0.0202543266053026,0.18481891215574,1,"1e-05 to 1",0.0108961454876154,0.00514554168231074,174,"success","pgls5_castespolymorphic"
"OG0002864_00",0.00294549424437433,0.83166604476185,1,"1e-05 to 1",0.0002814792640247,-0.00553083771699847,174,"success","pgls5_castespolymorphic"
"OG0002865_00",-0.00688808548752394,0.780488570663072,0.871289728863998,"1e-05 to 1",0.000480772924396187,-0.00533038537255504,174,"success","pgls5_castespolymorphic"
"OG0002866_00",-0.019064995776137,0.361654692201857,1,"1e-05 to 1",0.00513928149184588,-0.00064479245296889,174,"success","pgls5_castespolymorphic"
"OG0002867_00",-0.0012544519533874,0.940500923158339,1,"1e-05 to 1",3.47105788948996e-05,-0.00577904110378591,174,"success","pgls5_castespolymorphic"
"OG0002868_00",0.00176721456259229,0.877281280152477,1e-05,"1e-05 to 1",0.000152348509111379,-0.00566071923211475,174,"success","pgls5_castespolymorphic"
"OG0002869_00",-0.00741187419864608,0.463957480032752,0.355363555219978,"1e-05 to 1",0.00335690710109377,-0.00243752948552767,174,"success","pgls5_castespolymorphic"
"OG0002870_00",0.0150094784126742,0.29772057637209,1,"1e-05 to 1",0.00677549498793945,0.00100093391228806,174,"success","pgls5_castespolymorphic"
"OG0002871_00",0.0200847117172096,0.497408531020529,0.624197534637431,"1e-05 to 1",0.0028827243739702,-0.00291446908897175,174,"success","pgls5_castespolymorphic"
"OG0002872_00",-0.00853137738455759,0.604177093276191,0.68370185059991,"1e-05 to 1",0.00176067860535024,-0.00404303837950248,174,"success","pgls5_castespolymorphic"
"OG0002873_00",-0.0243168940835833,0.108756042422785,0.839654839642936,"1e-05 to 1",0.0196663558705695,0.0139667416605147,174,"success","pgls5_castespolymorphic"
"OG0002874_00",0.0199656677219572,0.210955984852581,0.252007173954376,"1e-05 to 1",0.00964263357000852,0.00388474190471777,174,"success","pgls5_castespolymorphic"
"OG0002875_00",0.0283089899911182,0.162038833478145,0.495779474751674,"1e-05 to 1",0.0125745013530966,0.00683365543073089,174,"success","pgls5_castespolymorphic"
"OG0002876_00",-0.00291436489686137,0.711125056343967,1,"1e-05 to 1",0.000859536995537385,-0.00494941918472103,174,"success","pgls5_castespolymorphic"
"OG0002877_00",-0.00869441148100697,0.535940361958319,1e-05,"1e-05 to 1",0.00236941032408121,-0.00343076752287175,174,"success","pgls5_castespolymorphic"
"OG0002878_00",-0.0155415919231751,0.283312589245942,1,"1e-05 to 1",0.00714644728028463,0.00137404290400711,174,"success","pgls5_castespolymorphic"
"OG0002879_00",-0.000228777814147239,0.993319717895619,0.956827025618383,"1e-05 to 1",4.42270637412013e-07,-0.00581350864639374,174,"success","pgls5_castespolymorphic"
"OG0002880_00",0.0448099067972905,0.00959532476070279,0.957586006770637,"0.001 to 1",0.0409355352195118,0.0353595790289276,174,"success","pgls5_castespolymorphic"
"OG0002881_00",-0.0306782906976542,0.266726803932587,0.686226747919679,"1e-05 to 1",0.00765586977248439,0.00188642715488241,174,"success","pgls5_castespolymorphic"
"OG0002882_00",-0.00698770788771224,0.649428894819688,0.888779960034415,"1e-05 to 1",0.00130274568272743,-0.00450363370283813,174,"success","pgls5_castespolymorphic"
"OG0002883_00",0.0121563251682257,0.428889784739836,0.718132110785774,"1e-05 to 1",0.00399089123745858,-0.00179985939488181,174,"success","pgls5_castespolymorphic"
"OG0002884_00",-0.0738735267856496,0.00612711121730891,0.909502236389628,"1e-05 to 1",0.0454511487167202,0.0399014460929801,174,"success","pgls5_castespolymorphic"
"OG0002885_00",-0.00167414359787136,0.409136058410907,1,"1e-05 to 1",0.00426239922138998,-0.0015267728761601,174,"success","pgls5_castespolymorphic"
"OG0002886_00",0.0217617328056286,0.0614898185634476,1,"1e-05 to 1",0.0223781638467651,0.0166943159621532,174,"success","pgls5_castespolymorphic"
"OG0002887_00",0.0394777740450492,0.0600231629733194,0.597706355067146,"1e-05 to 1",0.0219296794219485,0.0162432240697504,174,"success","pgls5_castespolymorphic"
"OG0002888_00",0.0654600890603,0.000813255155019288,1,"1e-05 to 1",0.0678719697700415,0.0624526207570767,174,"success","pgls5_castespolymorphic"
"OG0002889_00",-0.0161374741455302,0.647784562058151,0.746658569356127,"1e-05 to 1",0.00130763072202392,-0.00449872026215048,174,"success","pgls5_castespolymorphic"
"OG0002890_00",-0.00397551405448638,0.612279011159727,1e-05,"1e-05 to 1",0.00159914497681295,-0.00420551115704271,174,"success","pgls5_castespolymorphic"
"OG0002891_00",-0.00408668366074234,0.544579413824895,1,"1e-05 to 1",0.00231350863331262,-0.00348699422347054,174,"success","pgls5_castespolymorphic"
"OG0002892_00",-0.0178862459627549,0.46776101626402,0.669476283537202,"1e-05 to 1",0.00332101642670464,-0.00247362882662849,174,"success","pgls5_castespolymorphic"
"OG0002893_00",-0.000226396864977036,0.944524074755377,1,"1e-05 to 1",3.03571014403061e-05,-0.00578341989215603,174,"success","pgls5_castespolymorphic"
"OG0002894_00",-0.00387781235218693,0.590762313742935,1e-05,"1e-05 to 1",0.00179995948002226,-0.00400352912765212,174,"success","pgls5_castespolymorphic"
"OG0002895_00",0.052957629258584,0.0296745658762374,0.962504518437163,"1e-05 to 1",0.0290282134772186,0.0233830286718536,174,"success","pgls5_castespolymorphic"
"OG0002896_00",-0.0221693117671343,0.299089252582876,0.932280351404277,"1e-05 to 1",0.00682260786999349,0.00104832070644678,174,"success","pgls5_castespolymorphic"
"OG0002897_00",-0.0053738921573477,0.7889719146768,1,"1e-05 to 1",0.000466561653667595,-0.0053446792669507,174,"success","pgls5_castespolymorphic"
"OG0002898_00",0.0120777625140504,0.501932553943504,1,"1e-05 to 1",0.00285841696379837,-0.00293891782129574,174,"success","pgls5_castespolymorphic"
"OG0002899_00",-0.0184631636056811,0.203560608723022,1,"1e-05 to 1",0.00996016090170363,0.00420411532555065,174,"success","pgls5_castespolymorphic"
"OG0002900_00",-0.00784564891694498,0.412074673012861,1e-05,"1e-05 to 1",0.00426265301876595,-0.00152651760321798,174,"success","pgls5_castespolymorphic"
"OG0002901_00",0.0347719424209372,0.00206071810525255,1,"1e-05 to 1",0.0574398167278895,0.051959815662354,174,"success","pgls5_castespolymorphic"
"OG0002903_00",-0.0158405673168661,0.28672583597749,1,"1e-05 to 1",0.00776981218906204,0.00200103202737056,174,"success","pgls5_castespolymorphic"
"OG0002906_00",0.0162758638491632,0.0964987264248149,1e-05,"1e-05 to 1",0.0249120378581078,0.0192429217991433,174,"success","pgls5_castespolymorphic"
"OG0002907_00",0.0496892833349247,0.0905276177315422,0.842238589246714,"1e-05 to 1",0.017691717580357,0.0119806229151266,174,"success","pgls5_castespolymorphic"
"OG0002908_00",0.0260577917108585,0.0283177883204202,1,"1e-05 to 1",0.0298823002988071,0.0242420811144979,174,"success","pgls5_castespolymorphic"
"OG0002909_00",0.0041698907746069,0.459012569609201,1,"1e-05 to 1",0.00341036001067839,-0.00238376580321287,174,"success","pgls5_castespolymorphic"
"OG0002910_00",0.00573869432666078,0.600578194831124,1e-05,"1e-05 to 1",0.00175005281737006,-0.00405372594531972,174,"success","pgls5_castespolymorphic"
"OG0002911_00",-0.00985994050185323,0.167856484638104,1e-05,"1e-05 to 1",0.011780331813432,0.00603486862630087,174,"success","pgls5_castespolymorphic"
"OG0002913_00",0.0225803826983594,0.111531377424097,1e-05,"1e-05 to 1",0.0156541513256175,0.00993121034495237,174,"success","pgls5_castespolymorphic"
"OG0002914_00",0.0117827030944229,0.508897078467543,0.982494476974323,"1e-05 to 1",0.00273188420240891,-0.00306618623827482,174,"success","pgls5_castespolymorphic"
"OG0002915_00",-0.0616049835637836,0.00228025612538008,0.981766862938912,"1e-05 to 1",0.0607613676274659,0.0553006779043698,174,"success","pgls5_castespolymorphic"
"OG0002916_00",0.0132911093904972,0.144331831303474,1,"1e-05 to 1",0.0131903575282184,0.00745309216501033,174,"success","pgls5_castespolymorphic"
"OG0002917_00",0.015221892201424,0.309655460611342,0.902599984173598,"1e-05 to 1",0.00688014898236739,0.00110619636017184,174,"success","pgls5_castespolymorphic"
"OG0002918_00",0.0256622058424179,0.163506387877535,0.841098775596489,"1e-05 to 1",0.0126503004791585,0.00690989524938612,174,"success","pgls5_castespolymorphic"
"OG0002919_00",-0.00578214753753252,0.777714558573016,0.967901105420903,"1e-05 to 1",0.000502662851793785,-0.00530836817813762,174,"success","pgls5_castespolymorphic"
"OG0002920_00",0.00275957976523433,0.870085423082479,0.742969789153011,"1e-05 to 1",0.000167687907184067,-0.00564529065149499,174,"success","pgls5_castespolymorphic"
"OG0002921_00",-0.00903050698034149,0.401854079938866,1,"1e-05 to 1",0.00509798283770346,-0.000686331215565827,174,"success","pgls5_castespolymorphic"
"OG0002922_00",0.00620056474121213,0.761932965920986,0.937314908774013,"1e-05 to 1",0.000634913660398951,-0.00517534846948253,174,"success","pgls5_castespolymorphic"
"OG0002923_00",-0.00415565575466874,0.740771091152945,1,"1e-05 to 1",0.000685968471736244,-0.0051239968278467,174,"success","pgls5_castespolymorphic"
"OG0002924_00",-0.00868226666599688,0.447217707193099,1e-05,"1e-05 to 1",0.0036153322584528,-0.00217760185632354,174,"success","pgls5_castespolymorphic"
"OG0002925_00",-0.00197898750013411,0.903455597114815,0.668648214219888,"1e-05 to 1",9.16652777520416e-05,-0.00572175527295871,174,"success","pgls5_castespolymorphic"
"OG0002926_00",0.0385528196627567,0.0684905601687598,1,"1e-05 to 1",0.0211165808177064,0.0154253981480419,174,"success","pgls5_castespolymorphic"
"OG0002927_00",0.00780940463364452,0.531335432469487,1,"1e-05 to 1",0.00242328055800292,-0.00337658408991581,174,"success","pgls5_castespolymorphic"
"OG0002928_00",0.0423209296120673,0.0259092050837619,0.760112058703996,"1e-05 to 1",0.0590650113147027,0.0535944590549045,174,"success","pgls5_castespolymorphic"
"OG0002929_00",-0.0371572216205969,0.0265093356355437,0.678512052883555,"1e-05 to 1",0.0305789972073811,0.0249428285864938,174,"success","pgls5_castespolymorphic"
"OG0002930_00",0.000226701164857973,0.985930989909337,0.740017155763424,"1e-05 to 1",1.99967262073959e-06,-0.00581194218974779,174,"success","pgls5_castespolymorphic"
"OG0002931_00",-0.00534864369102076,0.334332506726831,1,"1e-05 to 1",0.00582645475687265,4.63760054589812e-05,174,"success","pgls5_castespolymorphic"
"OG0002932_00",-0.0261571706633972,0.0498899301258713,0.616732226510625,"1e-05 to 1",0.0236723897037554,0.0179960663880795,174,"success","pgls5_castespolymorphic"
"OG0002933_00",-0.0264226832370292,0.0492066570056862,0.971258257096243,"1e-05 to 1",0.0236674194672428,0.017991067254843,174,"success","pgls5_castespolymorphic"
"OG0002934_00",-0.0102115435125649,0.184677113673021,1e-05,"1e-05 to 1",0.0109711267192793,0.00522095885136808,174,"success","pgls5_castespolymorphic"
"OG0002935_00",-0.00339297413409193,0.406603002388613,1e-05,"1e-05 to 1",0.0042553623774238,-0.00153385063200973,174,"success","pgls5_castespolymorphic"
"OG0002936_00",4.95964341039627e-07,0.999973268688644,0.855468365972958,"1e-05 to 1",6.9932586940219e-12,-0.00581395348133817,174,"success","pgls5_castespolymorphic"
"OG0002937_00",0.00599131386919828,0.759977031764921,1,"1e-05 to 1",0.00084431264474401,-0.00496473204918169,174,"success","pgls5_castespolymorphic"
"OG0002938_00",-0.00372967878249604,0.840218886032017,0.618164811321519,"1e-05 to 1",0.00025165754400669,-0.00556083281910946,174,"success","pgls5_castespolymorphic"
"OG0002939_00",-0.00193918546570877,0.894404950749958,1,"1e-05 to 1",0.000110450486331223,-0.00570286084805072,174,"success","pgls5_castespolymorphic"
"OG0002940_00",-0.0148591067513947,0.312509021845316,0.729109492046907,"1e-05 to 1",0.00649660159296674,0.000720419044088594,174,"success","pgls5_castespolymorphic"
"OG0002941_00",-0.00375375261180396,0.874546324813561,1,"1e-05 to 1",0.000155302514750135,-0.00565774805202457,174,"success","pgls5_castespolymorphic"
"OG0002942_00",0.0169079574906595,0.0447733640306125,1e-05,"1e-05 to 1",0.0476397574766088,0.0421027793224029,174,"success","pgls5_castespolymorphic"
"OG0002943_00",-0.0106543824138235,0.586161412242594,1,"1e-05 to 1",0.00226850824284042,-0.00353225624411979,174,"success","pgls5_castespolymorphic"
"OG0002944_00",0.00891231122013782,0.658762385543841,0.509089251891694,"1e-05 to 1",0.00122200778039427,-0.0045848410115803,174,"success","pgls5_castespolymorphic"
"OG0002945_00",-0.0032678056390418,0.670528241187249,0.471110036533232,"1e-05 to 1",0.00112699011298822,-0.00468041110728512,174,"success","pgls5_castespolymorphic"
"OG0002946_00",-0.0157752618044244,0.484015125202111,0.804256526650856,"1e-05 to 1",0.00304706408165398,-0.00274917391787133,174,"success","pgls5_castespolymorphic"
"OG0002947_00",0.0193246329916385,0.0355024181280801,1e-05,"1e-05 to 1",0.027002083904639,0.0213451192761777,174,"success","pgls5_castespolymorphic"
"OG0002948_00",0.024433213386879,0.0976899057246614,0.844380530562044,"1e-05 to 1",0.0168400787946148,0.0111240327410951,174,"success","pgls5_castespolymorphic"
"OG0002949_00",-0.00177243400694824,0.899682875156981,0.859837659906224,"1e-05 to 1",0.000100257052189012,-0.00571311354634485,174,"success","pgls5_castespolymorphic"
"OG0002950_00",-0.00722231006979931,0.713674315282715,0.214628702076821,"1e-05 to 1",0.00084374354391823,-0.00496530445873344,174,"success","pgls5_castespolymorphic"
"OG0002952_00",-0.00021950487855127,0.992685829240516,0.397219098528051,"1e-05 to 1",5.26864937279795e-07,-0.00581342356026648,174,"success","pgls5_castespolymorphic"
"OG0002953_00",0.02448824202316,0.0419323463619299,1e-05,"1e-05 to 1",0.0259301608183574,0.0202669640789293,174,"success","pgls5_castespolymorphic"
"OG0002954_00",-0.0133574872615892,0.533271700127639,0.816881888736499,"1e-05 to 1",0.00240052718518958,-0.00339946974978034,174,"success","pgls5_castespolymorphic"
"OG0002955_00",0.0184418549805407,0.483434179100933,0.882434988610451,"1e-05 to 1",0.00315323958559561,-0.002642381114488,174,"success","pgls5_castespolymorphic"
"OG0002956_00",-0.0182046525991769,0.128064687784997,0.596394020581238,"1e-05 to 1",0.0143249968169383,0.00859432819378092,174,"success","pgls5_castespolymorphic"
"OG0002957_00",-0.0121614464977153,0.325863918202788,1e-05,"1e-05 to 1",0.00603350379562171,0.00025462881768934,174,"success","pgls5_castespolymorphic"
"OG0002958_00",-0.00317254239867051,0.852696911068381,1e-05,"1e-05 to 1",0.000216129141466642,-0.00559656778212947,174,"success","pgls5_castespolymorphic"
"OG0002959_00",-0.0100461374746118,0.649550306698,0.649318551651025,"1e-05 to 1",0.00156885134618344,-0.0042359809134318,174,"success","pgls5_castespolymorphic"
"OG0002960_00",-0.00599260248277508,0.823054321156496,0.178055349865773,"1e-05 to 1",0.000317440963188395,-0.00549466693818834,174,"success","pgls5_castespolymorphic"
"OG0002961_00",0.00118358520993393,0.851870656585094,1e-05,"1e-05 to 1",0.000217226996579105,-0.00559546354413842,174,"success","pgls5_castespolymorphic"
"OG0002962_00",0.0156433329193331,0.20148741330261,1e-05,"1e-05 to 1",0.0128147350397625,0.00707528582487738,174,"success","pgls5_castespolymorphic"
"OG0002964_00",0.0274509945620816,0.244097089510942,0.732831213321492,"1e-05 to 1",0.00847029229340325,0.0027055846904579,174,"success","pgls5_castespolymorphic"
"OG0002965_00",-0.0181879568076625,0.494103551702941,0.753954431497421,"1e-05 to 1",0.0029090023880705,-0.00288803829571971,174,"success","pgls5_castespolymorphic"
"OG0002966_00",-0.00653343200475245,0.621072733980603,0.635719756952001,"1e-05 to 1",0.00154052450336211,-0.00426447244719985,174,"success","pgls5_castespolymorphic"
"OG0002967_00",-0.00690312185111185,0.638120751029018,1,"1e-05 to 1",0.00140350405798701,-0.00440228952307109,174,"success","pgls5_castespolymorphic"
"OG0002969_00",0.0165310357207518,0.250933443400857,0.891876797743416,"1e-05 to 1",0.00817877000612774,0.00241236750616336,174,"success","pgls5_castespolymorphic"
"OG0002970_00",-0.0121753284905264,0.197625430885048,1e-05,"1e-05 to 1",0.01035245818665,0.00459869340866537,174,"success","pgls5_castespolymorphic"
"OG0002971_00",-0.00270680523821151,0.855119596631788,0.849175406533846,"1e-05 to 1",0.000206412187645204,-0.00560634122986858,174,"success","pgls5_castespolymorphic"
"OG0002972_00",0.010314217158243,0.452061918113708,1,"1e-05 to 1",0.00584263520107946,6.26505220159279e-05,174,"success","pgls5_castespolymorphic"
"OG0002973_00",0.00674417207692386,0.510791716026889,1e-05,"1e-05 to 1",0.00270756582544703,-0.00309064600114906,174,"success","pgls5_castespolymorphic"
"OG0002974_00",0.0135362166278686,0.357109248527073,0.0909617755471992,"1e-05 to 1",0.00523718697661009,-0.000546317750270031,174,"success","pgls5_castespolymorphic"
"OG0002975_00",-0.00673381236002624,0.702049313526583,1,"1e-05 to 1",0.0009229051269655,-0.0048856826339243,174,"success","pgls5_castespolymorphic"
"OG0002976_00",-0.00159494912745619,0.524429138417601,1e-05,"1e-05 to 1",0.00253703886253489,-0.00326216439989224,174,"success","pgls5_castespolymorphic"
"OG0002977_00",0.0104926223949283,0.484556686573905,0.886570588692713,"1e-05 to 1",0.00303953216426016,-0.00275674962548256,174,"success","pgls5_castespolymorphic"
"OG0002978_00",-0.0277357726622955,0.117922496923758,0.85694609671722,"1e-05 to 1",0.0152102676818203,0.00948474598229598,174,"success","pgls5_castespolymorphic"
"OG0002979_00",0.00188840139466287,0.912217891479294,0.87892258540775,"1e-05 to 1",7.5717493063337e-05,-0.00573779577732592,174,"success","pgls5_castespolymorphic"
"OG0002980_00",-0.0142152490705628,0.482513964462207,1e-05,"1e-05 to 1",0.00314630572811391,-0.00264935528509458,174,"success","pgls5_castespolymorphic"
"OG0002981_00",-0.0200121190997513,0.363817066230583,0.92706597783124,"1e-05 to 1",0.00620457160173959,0.000426691204075236,174,"success","pgls5_castespolymorphic"
"OG0002982_00",-0.0108751305309569,0.640896437934485,0.895412526808037,"1e-05 to 1",0.0013546613550029,-0.00445141619525868,174,"success","pgls5_castespolymorphic"
"OG0002983_00",-0.00370697728844948,0.764027827666059,1e-05,"1e-05 to 1",0.000561319366227354,-0.00524937063745745,174,"success","pgls5_castespolymorphic"
"OG0002984_00",0.00464495171972167,0.665711795135981,1,"1e-05 to 1",0.00116958657741965,-0.00463756698899065,174,"success","pgls5_castespolymorphic"
"OG0002985_00",-0.0198282391901544,0.266427045330996,0.869055880712405,"1e-05 to 1",0.00771330930134605,0.00194420063449341,174,"success","pgls5_castespolymorphic"
"OG0002986_00",-0.00185917824545422,0.905382036123521,0.80295796355337,"1e-05 to 1",9.38752770968691e-05,-0.00571953242478052,174,"success","pgls5_castespolymorphic"
"OG0002987_00",-0.00724628421538976,0.70266630367183,1e-05,"1e-05 to 1",0.000930635182235488,-0.00487790763647244,174,"success","pgls5_castespolymorphic"
"OG0002989_00",0.0177001826379054,0.319992779652485,1e-05,"1e-05 to 1",0.00650658696413062,0.000730462469736071,174,"success","pgls5_castespolymorphic"
"OG0002990_00",-0.0227555869960563,0.423135729202392,1,"1e-05 to 1",0.00722324674727273,0.00145128887952417,174,"success","pgls5_castespolymorphic"
"OG0002991_00",0.00147192633492802,0.909878996942927,1e-05,"1e-05 to 1",7.98234697708586e-05,-0.00573366592866065,174,"success","pgls5_castespolymorphic"
"OG0002992_00",-0.00890462100735477,0.535579755285897,0.878020825828032,"1e-05 to 1",0.00241846994068694,-0.003381422675937,174,"success","pgls5_castespolymorphic"
"OG0002993_00",0.0162231648805223,0.315988733434551,1,"1e-05 to 1",0.00628406496358544,0.00050664673662959,174,"success","pgls5_castespolymorphic"
"OG0002994_00",-0.0219235149951954,0.0709794845035272,0.157183638073062,"1e-05 to 1",0.0202325764354393,0.0145362542054128,174,"success","pgls5_castespolymorphic"
"OG0002995_00",0.0296295915445235,0.000943823744594674,1e-05,"1e-05 to 1",0.0658582797870596,0.0604272232741936,174,"success","pgls5_castespolymorphic"
"OG0002996_00",0.026123914955103,0.159237127467457,0.164673856868023,"1e-05 to 1",0.0122695273399445,0.00652690831285119,174,"success","pgls5_castespolymorphic"
"OG0002997_00",-0.0226116286286821,0.0956575244959503,0.859072281935323,"1e-05 to 1",0.0173645943832081,0.0116515978389243,174,"success","pgls5_castespolymorphic"
"OG0002998_00",0.0145320479621784,0.390357362000428,0.896572413319841,"1e-05 to 1",0.0046151731769581,-0.00117194790922226,174,"success","pgls5_castespolymorphic"
"OG0002999_00",0.0515619701109911,0.00202429637757495,1e-05,"1e-05 to 1",0.0583375123417795,0.0528627304367899,174,"success","pgls5_castespolymorphic"
"OG0003000_00",-0.000514941850428925,0.965234789739499,1,"1e-05 to 1",1.19102029928361e-05,-0.00580197404001304,174,"success","pgls5_castespolymorphic"
"OG0003001_00",-0.0258442602213842,0.275156780356282,0.892057793776716,"1e-05 to 1",0.00734655861964519,0.0015753176813873,174,"success","pgls5_castespolymorphic"
"OG0003002_00",0.0196747633105679,0.226289839782788,0.758698998359178,"1e-05 to 1",0.0090801465922476,0.00331898465383051,174,"success","pgls5_castespolymorphic"
"OG0003003_00",0.0132045354301547,0.324683658464571,1,"1e-05 to 1",0.00602526283291067,0.000246339942404306,174,"success","pgls5_castespolymorphic"
"OG0003004_00",-0.000924730442552208,0.958350715802686,1,"1e-05 to 1",1.83652480097981e-05,-0.00579548146566466,174,"success","pgls5_castespolymorphic"
"OG0003005_00",0.00452281881661284,0.837107197458218,1,"1e-05 to 1",0.00032888773213608,-0.00548315361825846,174,"success","pgls5_castespolymorphic"
"OG0003006_00",-0.0209085297747606,0.242103205675921,1e-05,"1e-05 to 1",0.00843663201488601,0.00267172871264698,174,"success","pgls5_castespolymorphic"
"OG0003007_00",0.00620960403658197,0.592951810375611,1,"1e-05 to 1",0.0018720574917486,-0.00393101194143886,174,"success","pgls5_castespolymorphic"
"OG0003008_00",0.0340176219373751,0.0124708661127397,1,"1e-05 to 1",0.0381478491558178,0.0325556854881192,174,"success","pgls5_castespolymorphic"
"OG0003009_00",0.0087816167718231,0.416124486185445,1e-05,"1e-05 to 1",0.0041894874408045,-0.00160010856244663,174,"success","pgls5_castespolymorphic"
"OG0003010_00",0.00741210657069832,0.448254529772927,0.810887392476457,"1e-05 to 1",0.00357650696770125,-0.00221665287550987,174,"success","pgls5_castespolymorphic"
"OG0003011_00",-0.0168337985403691,0.31428218537436,0.937074585880966,"1e-05 to 1",0.00625027726687857,0.000472662599825591,174,"success","pgls5_castespolymorphic"
"OG0003012_00",-0.00666832472349045,0.558837475107233,0.606482941873894,"1e-05 to 1",0.00218112660544016,-0.00362014591429571,174,"success","pgls5_castespolymorphic"
"OG0003013_00",-0.00208959763586011,0.907636066766775,0.795984951592021,"1e-05 to 1",8.43898983327813e-05,-0.00572907295109548,174,"success","pgls5_castespolymorphic"
"OG0003014_00",0.0141240336591866,0.456401168691848,0.74838937546948,"1e-05 to 1",0.00345012696324599,-0.00234376764743272,174,"success","pgls5_castespolymorphic"
"OG0003015_00",-0.0149778470204124,0.573012647519359,1,"1e-05 to 1",0.00197727007854387,-0.00382518765355755,174,"success","pgls5_castespolymorphic"
"OG0003016_00",-0.00431465398884499,0.776821505629326,1e-05,"1e-05 to 1",0.000500505196677094,-0.00531053837776074,174,"success","pgls5_castespolymorphic"
"OG0003017_00",-0.0215048047711832,0.103879222402706,1e-05,"1e-05 to 1",0.0166529741518332,0.010935840280623,174,"success","pgls5_castespolymorphic"
"OG0003019_00",0.014163045668397,0.210407057772687,1,"1e-05 to 1",0.00972567831384212,0.00396826946682949,174,"success","pgls5_castespolymorphic"
"OG0003020_00",-0.00283293468151038,0.897171053510662,0.909153174460972,"1e-05 to 1",0.000105368666856652,-0.00570797221298736,174,"success","pgls5_castespolymorphic"
"OG0003021_00",-0.00660127532526316,0.687960360373432,0.685952902088029,"1e-05 to 1",0.00136026189587797,-0.00444578309309951,174,"success","pgls5_castespolymorphic"
"OG0003022_00",-0.0156362087587063,0.363822135443454,0.110235319539292,"1e-05 to 1",0.00518933764317371,-0.000594445277505518,174,"success","pgls5_castespolymorphic"
"OG0003023_00",0.00830233552575893,0.528531078188001,1,"1e-05 to 1",0.00245649992924329,-0.00334317158279607,174,"success","pgls5_castespolymorphic"
"OG0003024_00",0.00206414438030913,0.879440206936612,0.965004888770374,"1e-05 to 1",0.000147939963717637,-0.00566515340858631,174,"success","pgls5_castespolymorphic"
"OG0003025_00",-0.01972644105086,0.173045443677973,1e-05,"1e-05 to 1",0.0114993886767607,0.00575229209929995,174,"success","pgls5_castespolymorphic"
"OG0003026_00",0.0086662466357517,0.585030988066751,0.69472409457124,"1e-05 to 1",0.00184455030104153,-0.00395867905767333,174,"success","pgls5_castespolymorphic"
"OG0003027_00",-0.0140801582715168,0.201985601085039,0.791633708046829,"1e-05 to 1",0.0102183887734171,0.00446384452209969,174,"success","pgls5_castespolymorphic"
"OG0003028_00",-0.00924259662408221,0.448991968790361,1,"1e-05 to 1",0.00360982168358384,-0.00218314446941847,174,"success","pgls5_castespolymorphic"
"OG0003029_00",0.0255326595022294,0.0488118943483522,1,"1e-05 to 1",0.0238953410407495,0.0182203139537772,174,"success","pgls5_castespolymorphic"
"OG0003030_00",0.0214267859250552,0.430519810609655,0.952474014208942,"1e-05 to 1",0.00510146501811938,-0.000682828789914769,174,"success","pgls5_castespolymorphic"
"OG0003031_00",0.00319260369938526,0.554804492831731,0.701831240843012,"1e-05 to 1",0.00218430809060592,-0.00361694593212314,174,"success","pgls5_castespolymorphic"
"OG0003032_00",0.0232489647991967,0.145450473860146,0.757729059463543,"1e-05 to 1",0.0134506266309798,0.00771487446022956,174,"success","pgls5_castespolymorphic"
"OG0003033_00",0.0365998013494593,0.0655453798276837,1e-05,"1e-05 to 1",0.021168076504477,0.0154771932283403,174,"success","pgls5_castespolymorphic"
"OG0003034_00",-0.00704453084197301,0.573121460822385,0.832775268908061,"1e-05 to 1",0.00202660665703546,-0.00377556423449343,174,"success","pgls5_castespolymorphic"
"OG0003035_00",0.0132332715215059,0.0267229997879821,1e-05,"1e-05 to 1",0.0312711760587007,0.0256390317334606,174,"success","pgls5_castespolymorphic"
"OG0003036_00",0.00681693791239868,0.746810412214402,0.745170708295236,"1e-05 to 1",0.00064518044370109,-0.00516502199557967,174,"success","pgls5_castespolymorphic"
"OG0003037_00",0.00908122556814698,0.609235620074002,1e-05,"1e-05 to 1",0.00162663906993107,-0.00417785721454611,174,"success","pgls5_castespolymorphic"
"OG0003038_00",-0.0250538292550483,0.0893406886505346,0.633390039852511,"1e-05 to 1",0.0181581005717184,0.0124497174355075,174,"success","pgls5_castespolymorphic"
"OG0003039_00",-0.0013940323214968,0.86767592008115,0.199923513619585,"1e-05 to 1",0.000174023601734826,-0.00563891812151085,174,"success","pgls5_castespolymorphic"
"OG0003040_00",0.00609388829428027,0.502702140438818,1e-05,"1e-05 to 1",0.00277771266919432,-0.00302009132691494,174,"success","pgls5_castespolymorphic"
"OG0003041_00",-0.000649256369486873,0.952125643383161,0.74171368246207,"1e-05 to 1",2.23186542060909e-05,-0.00579150507454851,174,"success","pgls5_castespolymorphic"
"OG0003042_00",0.0131320701879501,0.23565072664003,1e-05,"1e-05 to 1",0.00877888818524938,0.00301597474446591,174,"success","pgls5_castespolymorphic"
"OG0003043_00",-0.00905294513622418,0.642574045389469,1,"1e-05 to 1",0.00134949826221762,-0.00445660930602521,174,"success","pgls5_castespolymorphic"
"OG0003044_00",0.0188573879692502,0.163064377026881,1e-05,"1e-05 to 1",0.0121237774319724,0.00638031102169312,174,"success","pgls5_castespolymorphic"
"OG0003045_00",0.0143726092333176,0.42910736003548,0.363574461533014,"1e-05 to 1",0.00396187337791387,-0.00182904596291222,174,"success","pgls5_castespolymorphic"
"OG0003046_00",-0.0148892755415041,0.146023523042907,0.747337362279763,"1e-05 to 1",0.0138522494523314,0.0081188322979846,174,"success","pgls5_castespolymorphic"
"OG0003047_00",0.00546931992934723,0.732925203233899,0.828882235312236,"1e-05 to 1",0.000720743738937998,-0.00508901937885886,174,"success","pgls5_castespolymorphic"
"OG0003048_00",0.0252246460797222,0.0959622016721728,1e-05,"1e-05 to 1",0.0172253024017314,0.0115114960203461,174,"success","pgls5_castespolymorphic"
"OG0003049_00",-0.0346448447470796,0.424512376098029,0.816777930025171,"1e-05 to 1",0.00394135062754572,-0.00184968803159635,174,"success","pgls5_castespolymorphic"
"OG0003050_00",0.00678244207197706,0.638791585331992,0.862208783359585,"1e-05 to 1",0.00142503433113477,-0.00438063407391676,174,"success","pgls5_castespolymorphic"
"OG0003051_00",0.0108832512404341,0.505541993211633,0.831949538434717,"1e-05 to 1",0.00275806381168702,-0.00303985442196586,174,"success","pgls5_castespolymorphic"
"OG0003052_01",-0.0272402829835557,0.320126716449259,1e-05,"1e-05 to 1",0.0123557713888994,0.00661365378069545,174,"success","pgls5_castespolymorphic"
"OG0003053_00",-0.00953905396052644,0.204412283398253,1,"1e-05 to 1",0.0102383027594458,0.00448387428711705,174,"success","pgls5_castespolymorphic"
"OG0003054_00",-0.00667760550575483,0.539478333544361,0.400304794153258,"1e-05 to 1",0.00232858763092928,-0.00347182755726316,174,"success","pgls5_castespolymorphic"
"OG0003055_00",-0.0022724119777238,0.776986126886281,0.64291923406957,"1e-05 to 1",0.000522530810135094,-0.00528838470841064,174,"success","pgls5_castespolymorphic"
"OG0003056_00",0.00691946197295272,0.739320544912214,0.804725550340183,"1e-05 to 1",0.000689632330189053,-0.00512031166789129,174,"success","pgls5_castespolymorphic"
"OG0003057_00",-0.00168950740024991,0.690225994025928,1,"1e-05 to 1",0.00106905692822467,-0.00473868111289022,174,"success","pgls5_castespolymorphic"
"OG0003058_00",-0.0179642540442666,0.227847734089665,1e-05,"1e-05 to 1",0.00896414059014296,0.0032023041982252,174,"success","pgls5_castespolymorphic"
"OG0003059_00",0.0328761571612281,0.322065731309661,0.770532470617474,"1e-05 to 1",0.00612868342556304,0.000350361817572198,174,"success","pgls5_castespolymorphic"
"OG0003060_00",-0.0164315790702103,0.304817120742423,0.563224891693801,"1e-05 to 1",0.00658009414922147,0.000804397022181935,174,"success","pgls5_castespolymorphic"
"OG0003061_00",0.0380466899455053,0.0595203738763208,0.85244320553068,"1e-05 to 1",0.0220152445119937,0.0163292866312494,174,"success","pgls5_castespolymorphic"
"OG0003062_00",0.0204923847676979,0.0667188185382612,0.926364945721453,"1e-05 to 1",0.0207286895258129,0.0150352516742188,174,"success","pgls5_castespolymorphic"
"OG0003063_00",-0.00295524113320378,0.774237864648534,1,"1e-05 to 1",0.000512482372258204,-0.00529849156743811,174,"success","pgls5_castespolymorphic"
"OG0003064_00",-0.0206041708695434,0.239327492128085,0.170128206100934,"1e-05 to 1",0.00869723136171996,0.00293384317196255,174,"success","pgls5_castespolymorphic"
"OG0003065_00",-0.0346343094521969,0.239478290715175,0.958125128858847,"1e-05 to 1",0.008637418410986,0.00287368247151498,174,"success","pgls5_castespolymorphic"
"OG0003066_00",0.0891618806787594,0.00210872353940816,1,"1e-05 to 1",0.0571917020523986,0.0517102584596799,174,"success","pgls5_castespolymorphic"
"OG0003067_00",0.00056253510505839,0.975181780023937,0.615337355152642,"1e-05 to 1",6.18419725619437e-06,-0.00580773333648077,174,"success","pgls5_castespolymorphic"
"OG0003068_00",0.0192899759937206,0.388914708613534,0.756375411846662,"1e-05 to 1",0.00461441751199161,-0.00117270796758984,174,"success","pgls5_castespolymorphic"
"OG0003069_00",-0.00750027033834108,0.281916256257706,1e-05,"1e-05 to 1",0.00746597412188238,0.00169542745980023,174,"success","pgls5_castespolymorphic"
"OG0003070_00",0.0126155848386035,0.175530474436866,1e-05,"1e-05 to 1",0.0115108411285244,0.00576381113508562,174,"success","pgls5_castespolymorphic"
"OG0003071_00",0.0172126739313306,0.236972387139384,1,"1e-05 to 1",0.00862208873390014,0.00285826366839959,174,"success","pgls5_castespolymorphic"
"OG0003072_00",0.0180448155571956,0.429000209807942,1,"1e-05 to 1",0.00388976682332854,-0.00190157174165217,174,"success","pgls5_castespolymorphic"
"OG0003073_00",0.0139079601605392,0.405396652741582,1e-05,"1e-05 to 1",0.00433075843014341,-0.00145801623014652,174,"success","pgls5_castespolymorphic"
"OG0003074_00",0.00391110894769938,0.6821940567264,0.732765034930312,"1e-05 to 1",0.00105726786189244,-0.00475053872030595,174,"success","pgls5_castespolymorphic"
"OG0003075_00",0.00277092269494626,0.833585533175344,0.695033157942478,"1e-05 to 1",0.000276726551910405,-0.00553561806115987,174,"success","pgls5_castespolymorphic"
"OG0003076_00",0.00833445593103102,0.628427943069244,1e-05,"1e-05 to 1",0.00145810970432224,-0.00434736640204814,174,"success","pgls5_castespolymorphic"
"OG0003077_00",-0.0211611050746746,0.316601122649835,0.80053070611226,"1e-05 to 1",0.00619084757664311,0.000412887388135275,174,"success","pgls5_castespolymorphic"
"OG0003078_00",-0.00257498640039441,0.871334182489404,1,"1e-05 to 1",0.000162415410176652,-0.00565059380255484,174,"success","pgls5_castespolymorphic"
"OG0003079_00",0.0237936814788125,0.228091526692833,0.834971180482037,"1e-05 to 1",0.00901032992022218,0.00324876207092128,174,"success","pgls5_castespolymorphic"
"OG0003080_00",0.00928118015136331,0.478249693988882,1,"1e-05 to 1",0.00416430801578786,-0.00162543437946927,174,"success","pgls5_castespolymorphic"
"OG0003081_00",0.0145756163672118,0.362341450533538,1,"1e-05 to 1",0.00515648215096073,-0.000627491790021972,174,"success","pgls5_castespolymorphic"
"OG0003082_00",0.00224085901842447,0.748313901284641,1,"1e-05 to 1",0.000637275611916685,-0.0051729727856884,174,"success","pgls5_castespolymorphic"
"OG0003083_00",0.00414746100512436,0.747310414363601,0.895429292625211,"1e-05 to 1",0.000642545639761574,-0.00516767211814684,174,"success","pgls5_castespolymorphic"
"OG0003084_00",0.0198319337886309,0.290487961872257,1e-05,"1e-05 to 1",0.00720595320506761,0.00143389479346911,174,"success","pgls5_castespolymorphic"
"OG0003085_00",-0.00878901792551133,0.237279120101099,1e-05,"1e-05 to 1",0.00866428257394475,0.0029007028214677,174,"success","pgls5_castespolymorphic"
"OG0003086_00",0.018714388150834,0.19865955536841,1,"1e-05 to 1",0.0101781227596476,0.00442334440359915,174,"success","pgls5_castespolymorphic"
"OG0003087_00",0.020572132584046,0.156140159005707,1e-05,"1e-05 to 1",0.012530233731775,0.00678913043951779,174,"success","pgls5_castespolymorphic"
"OG0003088_00",-0.0341966120364264,0.0888486660013723,0.849722350068451,"1e-05 to 1",0.0180997014433645,0.0123909787773376,174,"success","pgls5_castespolymorphic"
"OG0003089_00",-0.00047002861440444,0.970674466219738,1,"1e-05 to 1",8.52656440803414e-06,-0.00580537735091502,174,"success","pgls5_castespolymorphic"
"OG0003090_00",0.00112871838755692,0.929915399435627,1,"1e-05 to 1",4.91123715015768e-05,-0.00576455557982669,174,"success","pgls5_castespolymorphic"
"OG0003091_00",-0.0116753994515118,0.508373870535506,1,"1e-05 to 1",0.0027733547817877,-0.00302447455087629,174,"success","pgls5_castespolymorphic"
"OG0003092_00",0.0424599314246663,0.036747252148134,0.627791992311161,"1e-05 to 1",0.026648016308138,0.0209889931471389,174,"success","pgls5_castespolymorphic"
"OG0003093_00",0.0065902765130494,0.69336429523906,0.786095752934773,"1e-05 to 1",0.000992903553303118,-0.00481527723999164,174,"success","pgls5_castespolymorphic"
"OG0003094_00",-0.0600596523690414,0.00979458976190495,0.302517221280463,"1e-05 to 1",0.0425332299626974,0.0369665626950387,174,"success","pgls5_castespolymorphic"
"OG0003095_00",0.0152604106334891,0.601102562455799,0.413488222752983,"1e-05 to 1",0.00169104381918895,-0.00411307801907168,174,"success","pgls5_castespolymorphic"
"OG0003096_00",0.00144305479953639,0.913968872826518,1,"1e-05 to 1",7.2265177626053e-05,-0.00574126816436449,174,"success","pgls5_castespolymorphic"
"OG0003097_00",0.00806165298316465,0.421832661152817,0.828398357178353,"1e-05 to 1",0.00398707750954914,-0.00180369529562774,174,"success","pgls5_castespolymorphic"
"OG0003098_00",0.0111301028885493,0.587791057617631,1,"1e-05 to 1",0.00181757621776051,-0.00398580996702003,174,"success","pgls5_castespolymorphic"
"OG0003099_00",0.0567303191112337,0.00059643006054122,0.780805545281507,"1e-05 to 1",0.0783310038334692,0.0729724631580823,174,"success","pgls5_castespolymorphic"
"OG0003100_00",-0.00645561585989277,0.663147018581746,0.893731008880401,"1e-05 to 1",0.00118877436055494,-0.00461826764897677,174,"success","pgls5_castespolymorphic"
"OG0003101_00",-0.00850416128576075,0.143362779267775,1,"1e-05 to 1",0.0132538767088547,0.0075169806432086,174,"success","pgls5_castespolymorphic"
"OG0003102_00",0.00421980155481967,0.747183910954734,0.945251682386968,"1e-05 to 1",0.000841036784178031,-0.00496802695544885,174,"success","pgls5_castespolymorphic"
"OG0003103_00",0.0122580431729252,0.23728474630879,0.312245283922179,"1e-05 to 1",0.00877291896287267,0.00300997081730803,174,"success","pgls5_castespolymorphic"
"OG0003104_00",-0.00628566946482488,0.310291270228729,1e-05,"1e-05 to 1",0.00635390115013717,0.000576888947521614,174,"success","pgls5_castespolymorphic"
"OG0003105_00",0.00518462734515207,0.436798216099327,1,"1e-05 to 1",0.00378389327606515,-0.00200806083279503,174,"success","pgls5_castespolymorphic"
"OG0003106_00",-0.00239518552433264,0.729420047851149,1,"1e-05 to 1",0.000764207327803842,-0.00504530309470885,174,"success","pgls5_castespolymorphic"
"OG0003107_00",0.035047735255717,0.145214379868427,1,"1e-05 to 1",0.0130521373519172,0.00731406838303306,174,"success","pgls5_castespolymorphic"
"OG0003108_00",-0.00567678520112009,0.31219951966203,1e-05,"1e-05 to 1",0.0063432921609128,0.000566218278127417,174,"success","pgls5_castespolymorphic"
"OG0003109_00",-0.00836701767801684,0.389081192199113,0.906574658695375,"1e-05 to 1",0.00541973133161749,-0.00036271209087313,174,"success","pgls5_castespolymorphic"
"OG0003110_00",-0.00575544375292186,0.580212139132234,1e-05,"1e-05 to 1",0.00190404284788341,-0.00389884062393131,174,"success","pgls5_castespolymorphic"
"OG0003111_00",0.00579425189617287,0.696806744902146,1,"1e-05 to 1",0.000945436698317887,-0.00486302006506412,174,"success","pgls5_castespolymorphic"
"OG0003112_00",0.0194588481555968,0.021119242101054,1,"1e-05 to 1",0.0323856810906915,0.0267600164458699,174,"success","pgls5_castespolymorphic"
"OG0003114_00",0.0189755320861445,0.106163862715431,1,"1e-05 to 1",0.0163344744419091,0.0106154888281993,174,"success","pgls5_castespolymorphic"
"OG0003115_00",3.11952350657927e-05,0.997726302349717,1e-05,"1e-05 to 1",5.02819203011943e-08,-0.0058139029141151,174,"success","pgls5_castespolymorphic"
"OG0003116_00",0.00767207010124112,0.53475010392143,1e-05,"1e-05 to 1",0.00239808514008243,-0.00340192599282418,174,"success","pgls5_castespolymorphic"
"OG0003117_00",-0.00451399899184036,0.767821106884568,0.778942294375151,"1e-05 to 1",0.00069981743841429,-0.00511006734392061,174,"success","pgls5_castespolymorphic"
"OG0003118_00",-0.0131487893326481,0.281004979450615,0.912428269836786,"1e-05 to 1",0.007170547668648,0.00139828341090753,174,"success","pgls5_castespolymorphic"
"OG0003119_00",0.0282219899320733,0.21266136937967,0.797898141636991,"1e-05 to 1",0.00969069539358853,0.00393308315750474,174,"success","pgls5_castespolymorphic"
"OG0003120_00",0.00467946083302333,0.773184331068302,0.588053779764025,"1e-05 to 1",0.00051741028765398,-0.00529353500137142,174,"success","pgls5_castespolymorphic"
"OG0003121_00",-0.000110814747843926,0.995467116270846,1e-05,"1e-05 to 1",3.48919751611346e-07,-0.00581360254001728,174,"success","pgls5_castespolymorphic"
"OG0003122_00",-0.0125150275651262,0.653570776892348,0.510738142043169,"1e-05 to 1",0.00127002433589253,-0.00453654529006164,174,"success","pgls5_castespolymorphic"
"OG0003123_00",-0.00217656404954812,0.886972339444269,0.950317640018548,"1e-05 to 1",0.000128262425402883,-0.00568494535119357,174,"success","pgls5_castespolymorphic"
"OG0003124_00",-0.00724031049270504,0.559672308849312,0.954530647894634,"1e-05 to 1",0.00217188712225483,-0.00362943911540659,174,"success","pgls5_castespolymorphic"
"OG0003125_00",0.0225097594663553,0.385191440269918,1e-05,"1e-05 to 1",0.00474619595763956,-0.00104016336818802,174,"success","pgls5_castespolymorphic"
"OG0003126_00",0.0265055848709345,0.271504539276515,0.700049275051731,"1e-05 to 1",0.00750516202150716,0.00173484319605088,174,"success","pgls5_castespolymorphic"
"OG0003127_00",0.00087227261686423,0.945866329640557,1e-05,"1e-05 to 1",2.8545733594166e-05,-0.00578524179121054,174,"success","pgls5_castespolymorphic"
"OG0003128_00",0.00597624673003715,0.586330280473254,0.727535845573899,"1e-05 to 1",0.00184322289950471,-0.00396001417666114,174,"success","pgls5_castespolymorphic"
"OG0003129_00",0.00623377997864269,0.679760125355328,1,"1e-05 to 1",0.00106108841284183,-0.00474669595685095,174,"success","pgls5_castespolymorphic"
"OG0003130_00",-0.0260262630897571,0.0958540425357359,1,"1e-05 to 1",0.0170248034807911,0.0113098314080049,174,"success","pgls5_castespolymorphic"
"OG0003131_00",-0.00424962312984855,0.666543554527603,0.852321963138029,"1e-05 to 1",0.00114900462938023,-0.00465826859951868,174,"success","pgls5_castespolymorphic"
"OG0003132_00",0.00249740534679686,0.867360757544244,1e-05,"1e-05 to 1",0.000172695979697533,-0.00564025346228103,174,"success","pgls5_castespolymorphic"
"OG0003133_00",-0.00387868589078875,0.807966886346927,0.690942594637662,"1e-05 to 1",0.00037029422715448,-0.00544150638780394,174,"success","pgls5_castespolymorphic"
"OG0003134_00",-0.00172231318043099,0.595897865069402,1,"1e-05 to 1",0.00176161820863794,-0.00404209331340488,174,"success","pgls5_castespolymorphic"
"OG0003135_00",-0.0168756179259546,0.585905647885002,0.796683365036228,"1e-05 to 1",0.00250134791053288,-0.00329806285742906,174,"success","pgls5_castespolymorphic"
"OG0003136_00",0.00286867100392552,0.669062992993528,1e-05,"1e-05 to 1",0.00114479356984991,-0.00466250414195346,174,"success","pgls5_castespolymorphic"
"OG0003137_00",0.00367111001346299,0.798722288986273,1,"1e-05 to 1",0.000402551874574691,-0.00540906119592188,174,"success","pgls5_castespolymorphic"
"OG0003138_00",0.0196570732461787,0.368163574948524,1,"1e-05 to 1",0.0050330763498496,-0.000751615066721056,174,"success","pgls5_castespolymorphic"
"OG0003139_00",-0.0183573414864616,0.391592608803233,0.861558690104015,"1e-05 to 1",0.0046493889080848,-0.00113753324942656,174,"success","pgls5_castespolymorphic"
"OG0003140_00",0.0450406260015236,0.0181360105394983,0.807348662794455,"1e-05 to 1",0.0350445708640765,0.0294343648807281,174,"success","pgls5_castespolymorphic"
"OG0003141_00",0.0133314567231801,0.406101594473422,1,"1e-05 to 1",0.00431780147303482,-0.00147104851840107,174,"success","pgls5_castespolymorphic"
"OG0003142_00",-0.00223977215467541,0.82307378164748,1,"1e-05 to 1",0.000313391081501181,-0.00549874036569942,174,"success","pgls5_castespolymorphic"
"OG0003143_00",0.0401132729114107,0.121101045174095,0.967041823159101,"1e-05 to 1",0.0147691204093247,0.00904103390007649,174,"success","pgls5_castespolymorphic"
"OG0003144_00",0.0150334397129748,0.106312431773568,1,"1e-05 to 1",0.0161189901972483,0.0103987517681627,174,"success","pgls5_castespolymorphic"
"OG0003145_00",0.0308377931847983,0.00500756228294907,0.500764284680015,"1e-05 to 1",0.0481833466708412,0.0426495289189274,174,"success","pgls5_castespolymorphic"
"OG0003146_00",-0.0123818295191482,0.495333231644762,0.949282978062577,"1e-05 to 1",0.00289249433547146,-0.00290464232536891,174,"success","pgls5_castespolymorphic"
"OG0003147_00",-0.000659188888273489,0.922753943877184,1,"1e-05 to 1",5.85791278722769e-05,-0.00575503378417497,174,"success","pgls5_castespolymorphic"
"OG0003148_00",-0.0315659345974403,0.0450386579983211,0.681618222102551,"1e-05 to 1",0.02616732037679,0.0205055024720039,174,"success","pgls5_castespolymorphic"
"OG0003149_00",0.00748009505988508,0.728200193800551,0.493809548180458,"1e-05 to 1",0.000752178064693741,-0.00505740229539531,174,"success","pgls5_castespolymorphic"
"OG0003150_00",0.0368558654453006,0.0375257642934677,1e-05,"1e-05 to 1",0.0274386195235764,0.0217841928928996,174,"success","pgls5_castespolymorphic"
"OG0003151_00",-0.0102344136166117,0.312442293967645,1e-05,"1e-05 to 1",0.00637655316188989,0.000599672657017103,174,"success","pgls5_castespolymorphic"
"OG0003152_00",-0.00502657174641714,0.827933890852254,1,"1e-05 to 1",0.000298010688787618,-0.00551421017930087,174,"success","pgls5_castespolymorphic"
"OG0003153_00",-0.00496616431623703,0.834438431916582,0.787041811812139,"0.001 to 1",0.000270465205811346,-0.00554191581043395,174,"success","pgls5_castespolymorphic"
"OG0003154_00",0.0153162856313895,0.036488454116621,1,"1e-05 to 1",0.0279141508388597,0.0222624889251323,174,"success","pgls5_castespolymorphic"
"OG0003155_00",-0.0608356993564613,0.0258537832638877,0.730359037956516,"1e-05 to 1",0.0306533157488816,0.0250175792125379,174,"success","pgls5_castespolymorphic"
"OG0003156_00",0.0230737212024372,0.111989648609637,1e-05,"1e-05 to 1",0.0157115926560495,0.00998898563660799,174,"success","pgls5_castespolymorphic"
"OG0003157_00",0.00173457147360124,0.862739447753988,0.451173118098562,"1e-05 to 1",0.000188563403214591,-0.00562429378630158,174,"success","pgls5_castespolymorphic"
"OG0003158_00",-0.00576348239518273,0.754054404485553,1,"1e-05 to 1",0.000619082870086183,-0.00519127129927366,174,"success","pgls5_castespolymorphic"
"OG0003159_00",-0.00461611695025962,0.196524868781595,1,"1e-05 to 1",0.0103387110798001,0.00458486637677569,174,"success","pgls5_castespolymorphic"
"OG0003160_00",-0.00322280288597518,0.870031054132686,0.594922452942056,"1e-05 to 1",0.000167829538135572,-0.00564514819710782,174,"success","pgls5_castespolymorphic"
"OG0003161_00",-0.00763272680426317,0.444671246708454,1,"1e-05 to 1",0.00361077424501728,-0.00218218636983725,174,"success","pgls5_castespolymorphic"
"OG0003163_00",0.0314485178592581,0.1640522726482,0.880776563313349,"1e-05 to 1",0.0120673808872222,0.00632358659005494,174,"success","pgls5_castespolymorphic"
"OG0003164_00",0.0113694798546949,0.17598656124635,1e-05,"1e-05 to 1",0.011344381978766,0.00559638419957265,174,"success","pgls5_castespolymorphic"
"OG0003165_00",0.0323586717383723,0.016272041056419,0.410043251023675,"1e-05 to 1",0.0355481008447128,0.0299408223612517,174,"success","pgls5_castespolymorphic"
"OG0003166_00",0.0239199086755732,0.166192710006899,0.799886942648179,"1e-05 to 1",0.0119464980184093,0.00620200091386525,174,"success","pgls5_castespolymorphic"
"OG0003167_00",-0.0031154935848668,0.418889562172845,1e-05,"1e-05 to 1",0.00416653184563804,-0.00162319762037577,174,"success","pgls5_castespolymorphic"
"OG0003168_00",0.0104015529358709,0.408539691335056,1e-05,"1e-05 to 1",0.00424667247431708,-0.00154259105780885,174,"success","pgls5_castespolymorphic"
"OG0003169_00",-0.0108760220467016,0.406573132828714,1,"1e-05 to 1",0.00433628048127077,-0.00145246207407057,174,"success","pgls5_castespolymorphic"
"OG0003170_00",-0.0285046185068861,0.0694947029451836,0.228903785375271,"1e-05 to 1",0.0204456558277514,0.0147505724314012,174,"success","pgls5_castespolymorphic"
"OG0003171_00",-0.0180842312932344,0.16781016591403,0.227105429068608,"1e-05 to 1",0.0118563169726018,0.00611129555965184,174,"success","pgls5_castespolymorphic"
"OG0003172_00",-0.0179594560559282,0.10959008428101,1e-05,"1e-05 to 1",0.0160222993514289,0.0103014987662629,174,"success","pgls5_castespolymorphic"
"OG0003173_00",-0.000678268381721305,0.957207692184749,1,"1e-05 to 1",1.81648846368751e-05,-0.00579568299394073,174,"success","pgls5_castespolymorphic"
"OG0003174_00",-0.0165661504385608,0.390258901520648,0.940477430652264,"1e-05 to 1",0.00467557844835093,-0.00111119144439109,174,"success","pgls5_castespolymorphic"
"OG0003175_00",0.00705379883913431,0.400620391254712,1e-05,"1e-05 to 1",0.00441941609536106,-0.0013688431133867,174,"success","pgls5_castespolymorphic"
"OG0003176_00",-0.00506840167427869,0.581524183098335,1,"1e-05 to 1",0.00187919460214207,-0.00392383333621749,174,"success","pgls5_castespolymorphic"
"OG0003177_00",-0.000474862626527402,0.814513674951939,1,"1e-05 to 1",0.000345020279443526,-0.00546692727707132,174,"success","pgls5_castespolymorphic"
"OG0003178_00",-0.00122707179268416,0.918900573787685,1e-05,"1e-05 to 1",6.70980426008544e-05,-0.00574646534087231,174,"success","pgls5_castespolymorphic"
"OG0003179_00",-0.00591257136534661,0.662428486430591,0.567719202065409,"1e-05 to 1",0.00122488254132872,-0.00458194953691926,174,"success","pgls5_castespolymorphic"
"OG0003180_00",-0.0144242140192998,0.412064361566446,0.592522888867178,"1e-05 to 1",0.00440229602930071,-0.00138606271471509,174,"success","pgls5_castespolymorphic"
"OG0003181_00",-0.0128344552463425,0.333712143682346,1e-05,"1e-05 to 1",0.0057692562382723,-1.11550626680224e-05,174,"success","pgls5_castespolymorphic"
"OG0003182_00",-0.00892639106160117,0.688949606484994,0.68356618385798,"1e-05 to 1",0.000997782320569165,-0.00481037010779972,174,"success","pgls5_castespolymorphic"
"OG0003183_00",-0.0359974172791997,0.040316894123511,0.324002657683894,"1e-05 to 1",0.0263417460027394,0.0206809422004297,174,"success","pgls5_castespolymorphic"
"OG0003184_00",-0.0144980563198452,0.295649178493919,0.901904733289987,"1e-05 to 1",0.00692012997171344,0.00114640979713032,174,"success","pgls5_castespolymorphic"
"OG0003185_00",-0.0228454624989127,0.158575192678127,0.947889626304585,"1e-05 to 1",0.0123850155712777,0.00664306798738989,174,"success","pgls5_castespolymorphic"
"OG0003186_00",0.0124400194205214,0.696304051785318,0.632894399009905,"1e-05 to 1",0.000954682372434233,-0.00485372063702827,174,"success","pgls5_castespolymorphic"
"OG0003187_00",-0.00146515238516011,0.886589149030752,1,"1e-05 to 1",0.000126725808560859,-0.00568649090185436,174,"success","pgls5_castespolymorphic"
"OG0003188_00",-0.00571427881027127,0.625163086816791,1e-05,"1e-05 to 1",0.00148597293465966,-0.00431934117618527,174,"success","pgls5_castespolymorphic"
"OG0003189_00",0.0176778611317191,0.345783001560894,0.862914252623465,"1e-05 to 1",0.00552280522345378,-0.000259038932223676,174,"success","pgls5_castespolymorphic"
"OG0003190_00",0.0150048256755247,0.327335181648711,1,"1e-05 to 1",0.00595977345226192,0.000180469809542561,174,"success","pgls5_castespolymorphic"
"OG0003191_00",0.0113652767397152,0.530965518482751,0.581674618470929,"1e-05 to 1",0.00244275128790183,-0.0033570001580987,174,"success","pgls5_castespolymorphic"
"OG0003192_00",0.0064396279639776,0.611523919840075,1,"1e-05 to 1",0.00159600318956734,-0.0042086712104934,174,"success","pgls5_castespolymorphic"
"OG0003193_00",0.0271638888937417,0.14336214842329,0.672616861850681,"1e-05 to 1",0.0135046571933877,0.00776921915381446,174,"success","pgls5_castespolymorphic"
"OG0003194_00",-0.0222529086136919,0.135996649487984,0.748049621293738,"1e-05 to 1",0.0136683487077047,0.00793386236298221,174,"success","pgls5_castespolymorphic"
"OG0003195_00",-0.00249943630629805,0.799431202503809,1,"1e-05 to 1",0.000402149675846927,-0.00540946573301437,174,"success","pgls5_castespolymorphic"
"OG0003196_00",-0.0478378212387363,0.223249874717083,0.947281813555309,"1e-05 to 1",0.0098077055132199,0.00405077356852923,174,"success","pgls5_castespolymorphic"
"OG0003197_00",-0.0409709662014553,0.105950006147276,1e-05,"1e-05 to 1",0.0161521880440315,0.0104321426256828,174,"success","pgls5_castespolymorphic"
"OG0003198_00",-0.0043394977487349,0.329865819071105,1e-05,"1e-05 to 1",0.00759681617203261,0.00182703021954433,174,"success","pgls5_castespolymorphic"
"OG0003200_00",-0.0123310084922635,0.509663490530187,0.749177735143302,"1e-05 to 1",0.00273917822094904,-0.00305884981265003,174,"success","pgls5_castespolymorphic"
"OG0003201_00",0.0343281477515227,0.102249701750286,0.963542331654214,"1e-05 to 1",0.0170243035789296,0.0113093285997373,174,"success","pgls5_castespolymorphic"
"OG0003202_00",0.00232782106943866,0.770125451031455,1,"1e-05 to 1",0.00054199092300127,-0.00526881145535341,174,"success","pgls5_castespolymorphic"
"OG0003203_00",0.0278104519824185,0.104920810940593,1,"1e-05 to 1",0.0163481621313523,0.0106292560972322,174,"success","pgls5_castespolymorphic"
"OG0003204_00",-0.00098479985580805,0.651004480722579,1,"1e-05 to 1",0.00126628751997288,-0.00454030383165516,174,"success","pgls5_castespolymorphic"
"OG0003205_00",0.00291735427476588,0.826639414053959,1e-05,"1e-05 to 1",0.000300686695775577,-0.00551151861413279,174,"success","pgls5_castespolymorphic"
"OG0003206_00",-0.00347146246687839,0.750074290930048,1e-05,"1e-05 to 1",0.000652315031564311,-0.00515784592755453,174,"success","pgls5_castespolymorphic"
"OG0003207_00",-0.00407842429155496,0.761952239733006,1e-05,"1e-05 to 1",0.000575125714590936,-0.00523548401962648,174,"success","pgls5_castespolymorphic"
"OG0003208_00",-0.00200103389961996,0.940521907219343,0.930014622033396,"1e-05 to 1",3.447128623033e-05,-0.00577928178768694,174,"success","pgls5_castespolymorphic"
"OG0003209_00",-0.00620097377083125,0.454443461464196,0.404573809014918,"1e-05 to 1",0.00359187442997176,-0.00220119606752855,174,"success","pgls5_castespolymorphic"
"OG0003210_00",0.00203413502459501,0.814520751568939,1,"1e-05 to 1",0.000342844367837899,-0.00546911583932563,174,"success","pgls5_castespolymorphic"
"OG0003211_00",-0.0111906464838658,0.356956108601615,0.803067632692645,"1e-05 to 1",0.00530605145915466,-0.000477052892827068,174,"success","pgls5_castespolymorphic"
"OG0003212_00",-0.0336189060510254,0.198363495798393,0.863520486205372,"1e-05 to 1",0.0103833805989053,0.0046297956023873,174,"success","pgls5_castespolymorphic"
"OG0003213_00",-0.00770441582268249,0.298046056311793,1e-05,"1e-05 to 1",0.00672438745196886,0.00094952923948044,174,"success","pgls5_castespolymorphic"
"OG0003214_00",0.00834376063440248,0.712008986958339,0.864299276708102,"1e-05 to 1",0.000854041946605864,-0.00495494618161163,174,"success","pgls5_castespolymorphic"
"OG0003215_00",0.00214532790336189,0.901946509738929,1,"1e-05 to 1",9.45678364704945e-05,-0.00571883583889865,174,"success","pgls5_castespolymorphic"
"OG0003216_00",-0.0194648940432412,0.312180563168609,1,"1e-05 to 1",0.00630463177474806,0.000527333122275708,174,"success","pgls5_castespolymorphic"
"OG0003217_00",0.00448186591254184,0.745662199415196,0.965400387156543,"1e-05 to 1",0.000651253574228007,-0.00515891355615428,174,"success","pgls5_castespolymorphic"
"OG0003218_00",-0.00641956455281437,0.7249738461353,0.423882933781341,"1e-05 to 1",0.000780617051372902,-0.00502879796577016,174,"success","pgls5_castespolymorphic"
"OG0003219_00",-0.0127843054309516,0.304372354729819,0.992265712320107,"1e-05 to 1",0.00655123128649893,0.000775366352118056,174,"success","pgls5_castespolymorphic"
"OG0003220_00",-0.00189270751672666,0.908958995857425,0.0880119012180716,"1e-05 to 1",8.14686371745417e-05,-0.00573201119633016,174,"success","pgls5_castespolymorphic"
"OG0003221_00",0.0208752906313933,0.195318969365328,1,"1e-05 to 1",0.0105912675295488,0.00483889117797631,174,"success","pgls5_castespolymorphic"
"OG0003222_00",0.00134492484451782,0.947364702349028,1e-05,"1e-05 to 1",2.74958639026614e-05,-0.00578629776479556,174,"success","pgls5_castespolymorphic"
"OG0003223_00",-0.0163236744324874,0.0592416629313721,1,"1e-05 to 1",0.0219270612431082,0.0162405906689402,174,"success","pgls5_castespolymorphic"
"OG0003224_00",0.0066442211899631,0.419129044891034,1e-05,"1e-05 to 1",0.00403365233633648,-0.00175684968496403,174,"success","pgls5_castespolymorphic"
"OG0003225_00",0.0141014145076397,0.416172388643596,1,"1e-05 to 1",0.00408509859905192,-0.00170510431606985,174,"success","pgls5_castespolymorphic"
"OG0003226_00",0.0155389691713276,0.311977609152236,0.989269380772146,"1e-05 to 1",0.00630990591767551,0.000532637928824742,174,"success","pgls5_castespolymorphic"
"OG0003227_00",0.0560763266866717,0.0550160346637396,1,"1e-05 to 1",0.0226769918536511,0.0169948813411723,174,"success","pgls5_castespolymorphic"
"OG0003228_00",0.00584866001484342,0.566322162433823,0.868400364039086,"1e-05 to 1",0.00204695775729079,-0.0037550948138878,174,"success","pgls5_castespolymorphic"
"OG0003229_00",0.0177706073734371,0.365198791738108,0.8347353159447,"1e-05 to 1",0.00506410790469422,-0.000720403095859856,174,"success","pgls5_castespolymorphic"
"OG0003230_00",0.00355665965005928,0.876926981065744,0.979576994637106,"1e-05 to 1",0.000148492708525109,-0.00566459745014636,174,"success","pgls5_castespolymorphic"
"OG0003231_00",0.00299078503189219,0.695366038479817,1,"1e-05 to 1",0.000949003309033813,-0.00485943271823919,174,"success","pgls5_castespolymorphic"
"OG0003232_00",-0.0186176923882868,0.142373634386451,0.83096402592827,"1e-05 to 1",0.0135711745574293,0.00783612324671668,174,"success","pgls5_castespolymorphic"
"OG0003233_00",0.0340401028340526,0.0500005307772011,0.526571944468716,"1e-05 to 1",0.0244008750346591,0.0187287870988141,174,"success","pgls5_castespolymorphic"
"OG0003234_00",-0.00746736003037331,0.357977205952401,1e-05,"1e-05 to 1",0.00626260907964213,0.000485066109174981,174,"success","pgls5_castespolymorphic"
"OG0003235_00",-0.0120551639669969,0.256108524659342,0.750242915439059,"1e-05 to 1",0.00810365680163667,0.00233681759699511,174,"success","pgls5_castespolymorphic"
"OG0003236_00",-0.00349229232957739,0.868125920912178,0.690483943755703,"1e-05 to 1",0.000173921489507113,-0.00563902082741441,174,"success","pgls5_castespolymorphic"
"OG0003237_00",-0.0238491988458034,0.0679377756179826,1e-05,"1e-05 to 1",0.0206743355582118,0.014980581695178,174,"success","pgls5_castespolymorphic"
"OG0003238_00",0.0202061838904439,0.354911251375171,1e-05,"1e-05 to 1",0.0054535339421185,-0.000328712953566956,174,"success","pgls5_castespolymorphic"
"OG0003239_00",-0.00260555632721996,0.87399461384396,1,"1e-05 to 1",0.000159667067964236,-0.00565335812350121,174,"success","pgls5_castespolymorphic"
"OG0003240_00",-0.000161982484539434,0.989824911281115,1,"1e-05 to 1",1.02609643793697e-06,-0.00581292142625722,174,"success","pgls5_castespolymorphic"
"OG0003241_00",-0.0175450097192931,0.0857414617870649,0.901219711411618,"1e-05 to 1",0.0181158508968284,0.0124072221229727,174,"success","pgls5_castespolymorphic"
"OG0003242_00",0.0146934604080284,0.314193924700968,0.936985340678914,"1e-05 to 1",0.00629138385932592,0.000514008184089532,174,"success","pgls5_castespolymorphic"
"OG0003243_00",0.00590223043003187,0.687453956551503,1e-05,"1e-05 to 1",0.00100793175189977,-0.00480016166814745,174,"success","pgls5_castespolymorphic"
"OG0003244_00",0.0262644060583282,0.255347995429495,0.658320941742522,"1e-05 to 1",0.00828570791080411,0.00251992714284366,174,"success","pgls5_castespolymorphic"
"OG0003245_00",0.010018975006418,0.0612170832667633,1e-05,"1e-05 to 1",0.0215955747775391,0.0159071769564784,174,"success","pgls5_castespolymorphic"
"OG0003247_00",0.0249542269187486,0.33043658417429,1,"1e-05 to 1",0.00592083488830598,0.000141304858586766,174,"success","pgls5_castespolymorphic"
"OG0003248_00",-0.00665353678159735,0.643012139941914,0.736349322287558,"1e-05 to 1",0.00132929046884893,-0.00447693458656473,174,"success","pgls5_castespolymorphic"
"OG0003249_00",-0.049063266461968,0.109938430128145,0.755401238812067,"1e-05 to 1",0.0156964564788715,0.0099737614583999,174,"success","pgls5_castespolymorphic"
"OG0003250_00",0.00295378312168492,0.788768228373798,1,"1e-05 to 1",0.000449902919923232,-0.00536143485379825,174,"success","pgls5_castespolymorphic"
"OG0003251_00",-0.00796870500784793,0.655889657075757,0.913823690897356,"1e-05 to 1",0.00122868166707311,-0.00457812832323445,174,"success","pgls5_castespolymorphic"
"OG0003252_00",-0.000821326221576847,0.967689445305425,0.882352868784335,"1e-05 to 1",1.01594310811094e-05,-0.00580373499083109,174,"success","pgls5_castespolymorphic"
"OG0003253_00",-0.0193514148689874,0.130472187266024,1,"1e-05 to 1",0.0140603286848771,0.00832812129351013,174,"success","pgls5_castespolymorphic"
"OG0003254_00",0.00812593671313033,0.789127101584452,0.895329905154075,"1e-05 to 1",0.000445546157083495,-0.00536581694665439,174,"success","pgls5_castespolymorphic"
"OG0003255_00",0.000219974450844711,0.992252085847233,1,"1e-05 to 1",6.10340568712945e-07,-0.00581333959931163,174,"success","pgls5_castespolymorphic"
"OG0003256_00",-0.0323271820292445,0.0617662309951255,1,"1e-05 to 1",0.0219105232519544,0.0162239565266749,174,"success","pgls5_castespolymorphic"
"OG0003258_00",-0.00515428048796288,0.589601614393277,1,"1e-05 to 1",0.0018000208747113,-0.00400346737601698,174,"success","pgls5_castespolymorphic"
"OG0003259_00",-0.0342040741538725,0.137213151317631,0.792737693992157,"1e-05 to 1",0.0137535628819873,0.00801957196851044,174,"success","pgls5_castespolymorphic"
"OG0003260_00",0.0110548252658224,0.331180465099694,1,"1e-05 to 1",0.00605407598017561,0.000275320607967422,174,"success","pgls5_castespolymorphic"
"OG0003261_00",0.0319318075560546,0.0285842405977821,0.706623435303943,"1e-05 to 1",0.0295996043881684,0.0239577416229834,174,"success","pgls5_castespolymorphic"
"OG0003262_00",0.00443946337494817,0.803438762209458,0.562277871265722,"1e-05 to 1",0.000383520886226106,-0.00542820282955181,174,"success","pgls5_castespolymorphic"
"OG0003263_00",-0.0430705471506735,0.00952423370082078,0.562941924837231,"1e-05 to 1",0.041266534462126,0.0356925026857431,174,"success","pgls5_castespolymorphic"
"OG0003264_00",0.0126844332911841,0.561204868865704,0.960306299182792,"0.001 to 1",0.00210134380351518,-0.0037003925697201,174,"success","pgls5_castespolymorphic"
"OG0003265_00",0.00314684129595235,0.387485644479105,1e-05,"1e-05 to 1",0.00519074624954968,-0.000593028481557623,174,"success","pgls5_castespolymorphic"
"OG0003266_00",-0.0230659240876015,0.235725553942453,1,"1e-05 to 1",0.00877609607487953,0.00301316640089622,174,"success","pgls5_castespolymorphic"
"OG0003267_00",-0.0193630160394509,0.0818513073811089,0.983473604254232,"1e-05 to 1",0.0189210568066787,0.0132171094625314,174,"success","pgls5_castespolymorphic"
"OG0003268_00",-0.00646531222487622,0.317820601580058,1e-05,"1e-05 to 1",0.0061598216468161,0.000381681074995144,174,"success","pgls5_castespolymorphic"
"OG0003269_00",-0.00662023684554625,0.728260774996871,1,"1e-05 to 1",0.000771037574853695,-0.00503843313692021,174,"success","pgls5_castespolymorphic"
"OG0003270_00",-0.00663695979504766,0.643507029940346,0.366838705808312,"1e-05 to 1",0.0013504034955048,-0.00445569880975394,174,"success","pgls5_castespolymorphic"
"OG0003271_00",-0.000486738118577456,0.958010525562217,1e-05,"1e-05 to 1",1.74890713503169e-05,-0.00579636273637441,174,"success","pgls5_castespolymorphic"
"OG0003272_00",-0.0230691155942556,0.225531221552939,0.733404108296596,"1e-05 to 1",0.00916659313415477,0.00340593379191145,174,"success","pgls5_castespolymorphic"
"OG0003273_00",0.0432191435067397,0.00604280141601965,1e-05,"1e-05 to 1",0.046157011593859,0.0406114128240559,174,"success","pgls5_castespolymorphic"
"OG0003274_00",0.0339431165002927,0.00419057857303962,0.830293078156338,"1e-05 to 1",0.0495017492246043,0.0439755966038172,174,"success","pgls5_castespolymorphic"
"OG0003275_00",-0.0403817492118827,0.0146780538873812,0.317468270285808,"1e-05 to 1",0.0361992673649328,0.0305957747333335,174,"success","pgls5_castespolymorphic"
"OG0003276_00",0.0205377006805021,0.162751532830239,0.554035330625596,"1e-05 to 1",0.0120665277855865,0.006322728528526,174,"success","pgls5_castespolymorphic"
"OG0003277_00",-0.00684861899143657,0.612796547126247,1e-05,"1e-05 to 1",0.00160448751800816,-0.0042001375545615,174,"success","pgls5_castespolymorphic"
"OG0003278_00",-0.00886389925936973,0.516789498340528,0.662802485959421,"1e-05 to 1",0.00259905295893963,-0.00319978975641555,174,"success","pgls5_castespolymorphic"
"OG0003279_00",-0.00814994147980843,0.372791495045049,0.249445316544398,"1e-05 to 1",0.00493689201362891,-0.000848358614198963,174,"success","pgls5_castespolymorphic"
"OG0003280_00",0.0147371982189442,0.411587287477341,0.801098483380951,"1e-05 to 1",0.00416595510259101,-0.00162377771657995,174,"success","pgls5_castespolymorphic"
"OG0003281_00",-0.012735914313659,0.500151285493925,0.360948810996148,"1e-05 to 1",0.00281098225883853,-0.00298662830942398,174,"success","pgls5_castespolymorphic"
"OG0003282_00",0.021538815181734,0.091228696319821,0.351390814690122,"1e-05 to 1",0.0185312453622509,0.0128250316724966,174,"success","pgls5_castespolymorphic"
"OG0003283_00",-0.0117326455338546,0.218436074285206,0.369543522250532,"1e-05 to 1",0.00933451996242981,0.00357483693895566,174,"success","pgls5_castespolymorphic"
"OG0003284_00",-0.0111223680073564,0.417899371457294,1,"1e-05 to 1",0.00443900262899608,-0.00134914270455622,174,"success","pgls5_castespolymorphic"
"OG0003285_00",0.025469838640976,0.182908748905279,0.989883365588291,"1e-05 to 1",0.0109909703723799,0.00524091787454495,174,"success","pgls5_castespolymorphic"
"OG0003286_00",-0.0074309756038579,0.377808386458876,1e-05,"1e-05 to 1",0.00486471922356879,-0.000920951013503535,174,"success","pgls5_castespolymorphic"
"OG0003287_00",-0.0129944021438439,0.564672635183668,0.879827833011536,"1e-05 to 1",0.00206438523359824,-0.00373756601504383,174,"success","pgls5_castespolymorphic"
"OG0003288_00",0.000280574631356147,0.988606372053504,0.881507032776258,"1e-05 to 1",1.26269535581325e-06,-0.00581268345176422,174,"success","pgls5_castespolymorphic"
"OG0003289_00",0.00705727735165209,0.730969566477414,0.629240948715794,"1e-05 to 1",0.000731760983226289,-0.0050779380808248,174,"success","pgls5_castespolymorphic"
"OG0003290_00",-0.00770502124617066,0.627897144271081,0.603925388820188,"1e-05 to 1",0.00145356777960761,-0.00435193473330164,174,"success","pgls5_castespolymorphic"
"OG0003291_00",-0.0236072740424098,0.285974447791681,1,"1e-05 to 1",0.00715703429318644,0.00138469146930975,174,"success","pgls5_castespolymorphic"
"OG0003292_00",0.0169182786988027,0.462137023362019,0.921703344716827,"1e-05 to 1",0.00336324609187729,-0.00243115364014668,174,"success","pgls5_castespolymorphic"
"OG0003293_00",0.0178879618270201,0.0851445360905918,0.788226504436974,"1e-05 to 1",0.0182967735163819,0.0125891966182213,174,"success","pgls5_castespolymorphic"
"OG0003294_00",-0.00290001688101551,0.738763641966766,1e-05,"1e-05 to 1",0.000688405229418386,-0.00512154590296876,174,"success","pgls5_castespolymorphic"
"OG0003295_00",0.0230986747549249,0.12562698812749,0.593304332104213,"1e-05 to 1",0.0145087108931946,0.00877911037513179,174,"success","pgls5_castespolymorphic"
"OG0003296_00",-0.0014834552386487,0.902619994101305,0.631613441401334,"1e-05 to 1",9.26893218230085e-05,-0.00572072527514322,174,"success","pgls5_castespolymorphic"
"OG0003297_00",-0.00547981980097202,0.754815691145323,0.700309334907894,"1e-05 to 1",0.000611275196934366,-0.00519912436587422,174,"success","pgls5_castespolymorphic"
"OG0003298_00",0.0190647503319061,0.121440828066483,1,"1e-05 to 1",0.0147423797647505,0.00901413778663862,174,"success","pgls5_castespolymorphic"
"OG0003299_00",0.0067464760610578,0.54111882687567,0.718677014202336,"1e-05 to 1",0.00233875310785854,-0.00346160297872355,174,"success","pgls5_castespolymorphic"
"OG0003301_00",-0.00536222721354503,0.681570375177179,1e-05,"1e-05 to 1",0.00118079253351396,-0.00462629588198871,174,"success","pgls5_castespolymorphic"
"OG0003302_00",0.00829134434175178,0.494550189143275,1e-05,"1e-05 to 1",0.00292117228165878,-0.00287579764693624,174,"success","pgls5_castespolymorphic"
"OG0003303_00",0.0165499015674534,0.588925469814669,0.641444080507459,"1e-05 to 1",0.00181780948198293,-0.00398557534661026,174,"success","pgls5_castespolymorphic"
"OG0003304_00",0.0100374825992911,0.533722388624635,1e-05,"1e-05 to 1",0.00271418143306993,-0.00308399193069131,174,"success","pgls5_castespolymorphic"
"OG0003305_00",0.0249477881553654,0.0207503258385486,1e-05,"1e-05 to 1",0.0325696894743979,0.0269450946457607,174,"success","pgls5_castespolymorphic"
"OG0003306_00",0.0128255677383117,0.175748007822063,1,"1e-05 to 1",0.0114276371333205,0.00568012339572355,174,"success","pgls5_castespolymorphic"
"OG0003307_00",0.0140410674639886,0.123170354399319,0.861900486537946,"1e-05 to 1",0.014607529647567,0.00887850365714604,174,"success","pgls5_castespolymorphic"
"OG0003308_00",-0.035170006839014,0.0968109170952585,0.665838252078512,"1e-05 to 1",0.0172456706809685,0.0115319827198114,174,"success","pgls5_castespolymorphic"
"OG0003309_00",-0.0298468901110911,0.0601828560617528,0.77575782342976,"1e-05 to 1",0.0216343814287776,0.0159462092277821,174,"success","pgls5_castespolymorphic"
"OG0003310_00",-0.00992963536101469,0.601679882334423,0.837165264736875,"1e-05 to 1",0.00171756555900106,-0.00408640208309774,174,"success","pgls5_castespolymorphic"
"OG0003311_00",0.0167636616478185,0.345427096881004,0.909191106671983,"1e-05 to 1",0.00553093871541837,-0.000250858152515354,174,"success","pgls5_castespolymorphic"
"OG0003312_00",0.0199939889317913,0.282112077793642,0.0680109318912683,"1e-05 to 1",0.00713774410950988,0.00136528913340228,174,"success","pgls5_castespolymorphic"
"OG0003313_00",-0.0255361451727602,0.15583359090191,0.261273905442859,"1e-05 to 1",0.0132940946344922,0.00755743239399498,174,"success","pgls5_castespolymorphic"
"OG0003314_00",-0.00763123266955567,0.498035421590701,0.798485304026962,"1e-05 to 1",0.00283879699250227,-0.00295865186219246,174,"success","pgls5_castespolymorphic"
"OG0003315_00",-0.00321580179786525,0.84727779080233,1e-05,"1e-05 to 1",0.000235476038126579,-0.00557710840351211,174,"success","pgls5_castespolymorphic"
"OG0003317_00",0.032824445493107,0.232285034197822,1,"1e-05 to 1",0.00879579031712731,0.00303297514455236,174,"success","pgls5_castespolymorphic"
"OG0003318_00",0.00634629120253467,0.604173644907271,1e-05,"1e-05 to 1",0.00171574906298559,-0.00408822914013651,174,"success","pgls5_castespolymorphic"
"OG0003320_00",-0.00332195962160454,0.503692070337384,1,"1e-05 to 1",0.00278208102029713,-0.00301569757842213,174,"success","pgls5_castespolymorphic"
"OG0003321_00",0.00111050037217939,0.801754669154334,1,"1e-05 to 1",0.000498208642028416,-0.00531284828447132,174,"success","pgls5_castespolymorphic"
"OG0003323_00",-0.00259730415275725,0.704796287547151,1e-05,"1e-05 to 1",0.000899467409960982,-0.00490925661672525,174,"success","pgls5_castespolymorphic"
"OG0003324_00",0.0458056571410786,0.0503520139800151,0.337710490826801,"1e-05 to 1",0.0235783634163959,0.0179014934362587,174,"success","pgls5_castespolymorphic"
"OG0003325_00",0.0150460546289588,0.317442660929358,0.738286018927914,"1e-05 to 1",0.00616942058375231,0.000391335819704408,174,"success","pgls5_castespolymorphic"
"OG0003326_00",0.00418862779634146,0.882028797120728,0.907799495653318,"1e-05 to 1",0.000141609310499134,-0.0056715208679281,174,"success","pgls5_castespolymorphic"
"OG0003327_00",0.0033230108373354,0.765975815132481,1,"1e-05 to 1",0.000562322907432239,-0.00524836126171069,174,"success","pgls5_castespolymorphic"
"OG0003329_00",-0.00260313335639838,0.806498694519522,1,"1e-05 to 1",0.000409458136472147,-0.00540211478133901,174,"success","pgls5_castespolymorphic"
"OG0003330_00",0.00291406032365263,0.778106242950359,1e-05,"1e-05 to 1",0.000491544547517498,-0.00531955112371785,174,"success","pgls5_castespolymorphic"
"OG0003331_00",-0.0218136810596266,0.0734183036108829,0.873608141674941,"1e-05 to 1",0.0203990901074833,0.0147037359802012,174,"success","pgls5_castespolymorphic"
"OG0003332_00",-0.00578873539856866,0.276295913826959,1e-05,"1e-05 to 1",0.00731190989140762,0.00154046750705528,174,"success","pgls5_castespolymorphic"
"OG0003333_00",-0.00925595174527903,0.416711792621371,1,"1e-05 to 1",0.00420561006458014,-0.00158389220248623,174,"success","pgls5_castespolymorphic"
"OG0003335_00",0.00518229697603986,0.804735832513935,0.89268108186014,"1e-05 to 1",0.000385533123033882,-0.00542617889369268,174,"success","pgls5_castespolymorphic"
"OG0003336_00",-0.00290833471980219,0.802996966852332,1,"1e-05 to 1",0.000387682784367453,-0.00542401673432802,174,"success","pgls5_castespolymorphic"
"OG0003337_00",0.0320978370700171,0.109094583805616,1e-05,"1e-05 to 1",0.0159668620852691,0.010245739190416,174,"success","pgls5_castespolymorphic"
"OG0003338_00",-0.0357683118675637,0.0757565295410032,0.987118709681253,"1e-05 to 1",0.0195778248137598,0.0138776958882585,174,"success","pgls5_castespolymorphic"
"OG0003339_00",0.010492016422672,0.39409910462508,1,"1e-05 to 1",0.00454295767678981,-0.00124458326694987,174,"success","pgls5_castespolymorphic"
"OG0003340_00",0.0116277133683168,0.516774654137654,1,"1e-05 to 1",0.00264836793588129,-0.00315018806449152,174,"success","pgls5_castespolymorphic"
"OG0003341_00",0.0164088418028872,0.248677381458591,0.679087722350873,"1e-05 to 1",0.00852110121151996,0.0027566890092614,174,"success","pgls5_castespolymorphic"
"OG0003344_00",-0.0143803625088174,0.273775452302839,1,"1e-05 to 1",0.0079267072761014,0.0021588392951486,174,"success","pgls5_castespolymorphic"
"OG0003345_00",-0.00904738361169208,0.653197156013041,0.719098968403437,"1e-05 to 1",0.00128103247090323,-0.00452547315426588,174,"success","pgls5_castespolymorphic"
"OG0003346_00",0.00108433147112138,0.96485188260159,0.747006735287724,"1e-05 to 1",1.20234156736306e-05,-0.00580186016911899,174,"success","pgls5_castespolymorphic"
"OG0003348_00",0.00332502694275331,0.753040615879735,1e-05,"1e-05 to 1",0.000616589790547524,-0.00519377887346084,174,"success","pgls5_castespolymorphic"
"OG0003350_00",0.0016151500341937,0.799186431905297,1,"1e-05 to 1",0.000400657310252086,-0.0054109667751534,174,"success","pgls5_castespolymorphic"
"OG0003351_00",-0.00156884078818298,0.911954496909181,1e-05,"1e-05 to 1",7.61744047135978e-05,-0.00573733620921235,174,"success","pgls5_castespolymorphic"
"OG0003352_00",-0.00711089126619897,0.558660090270304,0.338027734248388,"1e-05 to 1",0.00212874442561965,-0.00367283264167328,174,"success","pgls5_castespolymorphic"
"OG0003353_00",0.022961006646575,0.479352287175161,0.899349671276172,"1e-05 to 1",0.0031517020084755,-0.00264392763101018,174,"success","pgls5_castespolymorphic"
"OG0003354_00",0.0115890288443343,0.0548247132540443,1e-05,"1e-05 to 1",0.0229956293003169,0.0173153713311327,174,"success","pgls5_castespolymorphic"
"OG0003355_00",-0.0451893967392725,0.104579986702229,0.969464842796484,"1e-05 to 1",0.0161788288030681,0.0104589382728534,174,"success","pgls5_castespolymorphic"
"OG0003357_00",-0.00250810621009288,0.886718184668029,0.867219085679312,"1e-05 to 1",0.000143411472042275,-0.00566970822870183,174,"success","pgls5_castespolymorphic"
"OG0003358_00",0.0591935758794099,0.000392025122446515,1,"1e-05 to 1",0.0753266134932779,0.0699506054321924,174,"success","pgls5_castespolymorphic"
"OG0003359_00",-0.0548473414704911,0.00986326314388153,0.817922421622866,"1e-05 to 1",0.0403956407039339,0.0348165455917474,174,"success","pgls5_castespolymorphic"
"OG0003360_00",-0.00993547511019798,0.607217767963736,0.978005826062765,"1e-05 to 1",0.00165533631602698,-0.00414899312399619,174,"success","pgls5_castespolymorphic"
"OG0003361_00",0.0295158934586454,0.127319346632436,1,"1e-05 to 1",0.0144702607801061,0.00874043671487401,174,"success","pgls5_castespolymorphic"
"OG0003362_00",0.00740786194641719,0.468936377519113,0.862532474360101,"1e-05 to 1",0.00334568794949414,-0.00244881386475293,174,"success","pgls5_castespolymorphic"
"OG0003363_00",-0.00548869208425297,0.671223379702459,1e-05,"1e-05 to 1",0.00112194650045899,-0.00468548404314317,174,"success","pgls5_castespolymorphic"
"OG0003364_00",0.0118073534382138,0.185169106981765,1,"1e-05 to 1",0.0108788833937565,0.00512817922744102,174,"success","pgls5_castespolymorphic"
"OG0003365_00",-0.0350004454679137,0.0336296332123438,1,"1e-05 to 1",0.0287902214995357,0.0231436530198819,174,"success","pgls5_castespolymorphic"
"OG0003366_00",0.0176726535018364,0.0718013581703725,1,"1e-05 to 1",0.0263246288699105,0.0206637255493868,174,"success","pgls5_castespolymorphic"
"OG0003367_00",-0.0341649593560644,0.0697448209898233,0.652820737893727,"1e-05 to 1",0.0204094254758958,0.0147141314379649,174,"success","pgls5_castespolymorphic"
"OG0003368_00",0.00256686647570212,0.83612328258091,0.9817996938045,"1e-05 to 1",0.00027337268074507,-0.00553899143157599,174,"success","pgls5_castespolymorphic"
"OG0003369_00",0.00264578372355108,0.907402972377375,0.855455271929872,"1e-05 to 1",8.58952880528678e-05,-0.00572755880910947,174,"success","pgls5_castespolymorphic"
"OG0003370_00",-0.00330805174622884,0.601509645681428,1,"1e-05 to 1",0.00169776937919206,-0.00410631335697542,174,"success","pgls5_castespolymorphic"
"OG0003371_00",-0.0164509072548932,0.249487803225193,0.86910867824168,"1e-05 to 1",0.00828001401654734,0.00251420014455062,174,"success","pgls5_castespolymorphic"
"OG0003373_00",0.000196172003483864,0.990731750107316,1,"1e-05 to 1",8.46002947288665e-07,-0.00581310256680312,174,"success","pgls5_castespolymorphic"
"OG0003374_00",-0.00108625431562129,0.946202994141744,1e-05,"1e-05 to 1",2.90919021721777e-05,-0.00578469244723379,174,"success","pgls5_castespolymorphic"
"OG0003375_00",0.00430391607954239,0.460049719400659,1e-05,"1e-05 to 1",0.00479698125055281,-0.000989082811943875,174,"success","pgls5_castespolymorphic"
"OG0003376_00",0.0345700231476182,0.0532476718258876,1,"1e-05 to 1",0.0228681445104128,0.0171871453505897,174,"success","pgls5_castespolymorphic"
"OG0003377_00",0.0138951085015989,0.0719869270184912,0.961569590148647,"1e-05 to 1",0.0210030987411287,0.0153112562919491,174,"success","pgls5_castespolymorphic"
"OG0003378_00",0.00514387908940723,0.630974086841308,1,"1e-05 to 1",0.00165268689678586,-0.00415165794683747,174,"success","pgls5_castespolymorphic"
"OG0003379_00",-0.0166137036675876,0.392418401004945,1,"1e-05 to 1",0.00451874274014831,-0.00126893898810665,174,"success","pgls5_castespolymorphic"
"OG0003380_00",-0.0118366897677848,0.415044842035117,0.982084516910012,"1e-05 to 1",0.00583572806445863,5.57032276240488e-05,174,"success","pgls5_castespolymorphic"
"OG0003381_00",-0.0260940763702007,0.043458417660986,1e-05,"1e-05 to 1",0.0330019874124031,0.0273799059438706,174,"success","pgls5_castespolymorphic"
"OG0003382_00",0.0468370938524731,0.0216652634437375,1e-05,"1e-05 to 1",0.0619063349466721,0.0564523020103155,174,"success","pgls5_castespolymorphic"
"OG0003383_00",0.00930951280618373,0.501943070744174,1,"1e-05 to 1",0.00558454399308134,-0.000196941216261015,174,"success","pgls5_castespolymorphic"
"OG0003384_00",-0.0186242064193136,0.16683898016212,0.887327643088085,"1e-05 to 1",0.0118365805923001,0.00609144443295306,174,"success","pgls5_castespolymorphic"
"OG0003386_00",-0.000810501048167978,0.953703255636575,1e-05,"1e-05 to 1",2.56315078672005e-05,-0.00578817296011036,174,"success","pgls5_castespolymorphic"
"OG0003387_00",-0.0182408086647531,0.406331498293491,0.925694073376525,"1e-05 to 1",0.00580168103388241,2.14582491956383e-05,174,"success","pgls5_castespolymorphic"
"OG0003388_00",0.0117130390694426,0.661131022016867,0.492743453438904,"1e-05 to 1",0.00227136960444669,-0.00352937824669031,174,"success","pgls5_castespolymorphic"
"OG0003389_00",-0.00484648421641365,0.784591010236832,1e-05,"1e-05 to 1",0.000486623976493493,-0.00532450030271292,174,"success","pgls5_castespolymorphic"
"OG0003390_00",-0.0202907007408933,0.529598385194566,0.581928322412335,"1e-05 to 1",0.002808570069515,-0.00298905452310416,174,"success","pgls5_castespolymorphic"
"OG0003391_00",0.00036131795901713,0.969374329139453,0.891869174513525,"1e-05 to 1",9.1838614876585e-06,-0.00580471623234091,174,"success","pgls5_castespolymorphic"
"OG0003392_00",-0.00494136588796971,0.704896793022974,1,"1e-05 to 1",0.000893227602957507,-0.00491553270167633,174,"success","pgls5_castespolymorphic"
"OG0003393_00",0.0163558268305865,0.133908869497761,0.908006682920409,"1e-05 to 1",0.0143435550562913,0.00861299432987428,174,"success","pgls5_castespolymorphic"
"OG0003394_00",-0.0182291063446581,0.364139277997743,0.816085488501795,"1e-05 to 1",0.00508647563691266,-0.000697905318686631,174,"success","pgls5_castespolymorphic"
"OG0003395_00",0.00163835141053887,0.833134537657084,0.94194331085508,"1e-05 to 1",0.000280005952632554,-0.00553231959415434,174,"success","pgls5_castespolymorphic"
"OG0003396_01",0.0137648277781599,0.0630388385029272,1e-05,"1e-05 to 1",0.0420163857086271,0.0364467135325145,174,"success","pgls5_castespolymorphic"
"OG0003397_00",0.0132440858004794,0.565309025782163,0.653179164855391,"1e-05 to 1",0.0020835867464645,-0.00371825286547467,174,"success","pgls5_castespolymorphic"
"OG0003398_00",-0.00782901308301508,0.54660375443937,1,"1e-05 to 1",0.00226182892331703,-0.0035389743968961,174,"success","pgls5_castespolymorphic"
"OG0003399_00",0.00730976437848425,0.514953121426823,0.96005746786891,"1e-05 to 1",0.00262186355538125,-0.0031768465402271,174,"success","pgls5_castespolymorphic"
"OG0003400_00",0.0109573508487388,0.382526225226273,1,"1e-05 to 1",0.00479956643688173,-0.000986482595461968,174,"success","pgls5_castespolymorphic"
"OG0003401_00",0.00649300176792057,0.54577180766131,0.602172129632486,"1e-05 to 1",0.00227121470051751,-0.0035295340512238,174,"success","pgls5_castespolymorphic"
"OG0003402_00",-0.0132961862061356,0.164169674217282,0.769722584031425,"1e-05 to 1",0.0119122412664116,0.00616754499470462,174,"success","pgls5_castespolymorphic"
"OG0003403_00",-0.0234937233663206,0.167598722710402,0.552860143181006,"1e-05 to 1",0.0119424769222418,0.0061979564392316,174,"success","pgls5_castespolymorphic"
"OG0003404_00",0.00727978988919188,0.479243766158248,1e-05,"1e-05 to 1",0.00325579969515893,-0.00253922472521828,174,"success","pgls5_castespolymorphic"
"OG0003405_00",0.000577379162472515,0.975371849517715,1,"1e-05 to 1",5.93803839184767e-06,-0.00580798092650103,174,"success","pgls5_castespolymorphic"
"OG0003406_00",-0.0186298859783625,0.192861265977373,0.532539956844602,"1e-05 to 1",0.0104442171023562,0.00469098580643967,174,"success","pgls5_castespolymorphic"
"OG0003407_00",-0.0132697554925783,0.397265118839736,0.915567082902428,"1e-05 to 1",0.00445474912193676,-0.00133330466223813,174,"success","pgls5_castespolymorphic"
"OG0003408_00",0.00510018435168739,0.835634282923985,0.868754597808106,"1e-05 to 1",0.000327307802636493,-0.00548474273339483,174,"success","pgls5_castespolymorphic"
"OG0003409_00",-0.00669592585198504,0.625807277004771,1,"1e-05 to 1",0.00149911597152339,-0.0043061217263165,174,"success","pgls5_castespolymorphic"
"OG0003410_00",-0.00626738715861723,0.626611927585838,0.972126561393917,"1e-05 to 1",0.00148279964585171,-0.00432253291434681,174,"success","pgls5_castespolymorphic"
"OG0003411_00",0.0145325067524155,0.363289536429642,0.685864409434784,"1e-05 to 1",0.00523377575087583,-0.00054974880871228,174,"success","pgls5_castespolymorphic"
"OG0003413_00",-0.0107495729248451,0.387826552673976,0.750052994569726,"1e-05 to 1",0.00469393916574183,-0.00109272397864335,174,"success","pgls5_castespolymorphic"
"OG0003414_00",0.00496095592111637,0.447993248541124,1e-05,"1e-05 to 1",0.00362571810007391,-0.00216715563190228,174,"success","pgls5_castespolymorphic"
"OG0003415_00",-0.00258056544528466,0.72577083454205,1e-05,"1e-05 to 1",0.000766246392350851,-0.00504325217513557,174,"success","pgls5_castespolymorphic"
"OG0003416_00",-0.00637005745994461,0.742676434722808,1,"1e-05 to 1",0.000671348699409082,-0.00513870159885021,174,"success","pgls5_castespolymorphic"
"OG0003417_00",0.0260467879752274,0.134516919347138,0.875774846683499,"1e-05 to 1",0.0137715866344051,0.0080377005101866,174,"success","pgls5_castespolymorphic"
"OG0003418_00",0.0177243889312096,0.295137258041844,1e-05,"1e-05 to 1",0.00788233113843987,0.00211420515668659,174,"success","pgls5_castespolymorphic"
"OG0003419_00",0.0134800484888047,0.478020060827727,0.650436752789755,"1e-05 to 1",0.00319092354106475,-0.00260447806625463,174,"success","pgls5_castespolymorphic"
"OG0003420_00",0.0087681519660306,0.21597873663261,1e-05,"1e-05 to 1",0.00967278506979099,0.00391506870391778,174,"success","pgls5_castespolymorphic"
"OG0003421_00",-0.0140945788969939,0.30788028713469,0.950259683945931,"1e-05 to 1",0.00641734159911761,0.000640698236321846,174,"success","pgls5_castespolymorphic"
"OG0003422_00",0.00969648814556682,0.221083451240313,1e-05,"1e-05 to 1",0.00934362141668458,0.00358399130864206,174,"success","pgls5_castespolymorphic"
"OG0003423_00",-0.0311485040864765,0.126068973344517,0.492044919640236,"1e-05 to 1",0.0148423163027435,0.00911465535101519,174,"success","pgls5_castespolymorphic"
"OG0003424_00",-0.00622903099597868,0.584740031113378,0.641533291970454,"1e-05 to 1",0.00187055188570733,-0.00393252630100371,174,"success","pgls5_castespolymorphic"
"OG0003425_00",-0.0226135195630685,0.350287524628853,0.980533476297338,"1e-05 to 1",0.00545472224734895,-0.000327517739584948,174,"success","pgls5_castespolymorphic"
"OG0003426_00",-0.00168742757198244,0.880099251697901,1,"1e-05 to 1",0.000142645736800216,-0.00567047841589297,174,"success","pgls5_castespolymorphic"
"OG0003427_00",-0.00288181869237224,0.883682929387651,0.865132568687206,"1e-05 to 1",0.000132524922300433,-0.00568065807233742,174,"success","pgls5_castespolymorphic"
"OG0003428_00",0.00582528658647705,0.563446590739968,1,"1e-05 to 1",0.00206455247386744,-0.00373739780244731,174,"success","pgls5_castespolymorphic"
"OG0003429_00",0.0203681885402854,0.188417551810427,0.99154517868517,"1e-05 to 1",0.0106545050933518,0.004902496402034,174,"success","pgls5_castespolymorphic"
"OG0003430_00",-0.0248468386081991,0.176826585811989,1,"1e-05 to 1",0.0112310753405007,0.0054824188017828,174,"success","pgls5_castespolymorphic"
"OG0003431_00",0.020524702796919,0.287297957297056,0.838249099046339,"1e-05 to 1",0.00707350216027904,0.00130067368446674,174,"success","pgls5_castespolymorphic"
"OG0003432_00",-0.00635317487320751,0.535507339596906,1,"1e-05 to 1",0.00240417775219975,-0.00339579795854328,174,"success","pgls5_castespolymorphic"
"OG0003433_00",-0.01461998761955,0.374340118037136,0.861058447799296,"1e-05 to 1",0.00503012795420804,-0.00075458060419753,174,"success","pgls5_castespolymorphic"
"OG0003435_00",0.0417261490170108,0.0891624739467505,0.61905882285131,"1e-05 to 1",0.0195296222306008,0.0138292130575228,174,"success","pgls5_castespolymorphic"
"OG0003436_00",0.0160061275932847,0.0877058001816278,1e-05,"1e-05 to 1",0.0180039197019838,0.0122946401653674,174,"success","pgls5_castespolymorphic"
"OG0003437_00",-0.0148693862339768,0.509695148815274,0.767718661851683,"1e-05 to 1",0.00272162170636837,-0.00307650839998996,174,"success","pgls5_castespolymorphic"
"OG0003438_00",-0.0326952938690191,0.031607310488488,1,"1e-05 to 1",0.0290868691653576,0.0234420253814352,174,"success","pgls5_castespolymorphic"
"OG0003439_00",0.000149264278827917,0.994842838918897,0.966316816983196,"1e-05 to 1",2.61929516130065e-07,-0.00581369003600996,174,"success","pgls5_castespolymorphic"
"OG0003440_00",-0.0277775484505128,0.213402547820238,0.858748297840678,"1e-05 to 1",0.00965950502941956,0.00390171145400919,174,"success","pgls5_castespolymorphic"
"OG0003441_00",-0.00142869322175909,0.53743712801172,1e-05,"1e-05 to 1",0.00241174296756803,-0.00338818875936475,174,"success","pgls5_castespolymorphic"
"OG0003442_00",0.0148900581301563,0.291255575271899,1,"1e-05 to 1",0.0069155470232197,0.00114180020358723,174,"success","pgls5_castespolymorphic"
"OG0003443_00",-0.0178495100393945,0.574402732489207,0.415588799521806,"1e-05 to 1",0.00263558503933928,-0.00316304528019939,174,"success","pgls5_castespolymorphic"
"OG0003444_00",0.0123701489260757,0.548601730661658,0.711139636513833,"1e-05 to 1",0.00226762111358209,-0.00353314853110631,174,"success","pgls5_castespolymorphic"
"OG0003445_00",0.0246881438398898,0.0881926401613597,1,"1e-05 to 1",0.0178391512527683,0.0121289137600518,174,"success","pgls5_castespolymorphic"
"OG0003446_00",0.00989739669497806,0.504821892454667,1e-05,"1e-05 to 1",0.00276739490921849,-0.00303046907386739,174,"success","pgls5_castespolymorphic"
"OG0003447_00",0.0091123419637908,0.0600473183038757,1e-05,"1e-05 to 1",0.0236880322806399,0.0180117999101784,174,"success","pgls5_castespolymorphic"
"OG0003448_00",-0.0148002641563774,0.213516921796946,1,"1e-05 to 1",0.00971531849045417,0.00395784941191024,174,"success","pgls5_castespolymorphic"
"OG0003449_00",-0.0151468718021901,0.261173536845507,0.810636729869628,"1e-05 to 1",0.00808620649464194,0.00231926583472708,174,"success","pgls5_castespolymorphic"
"OG0003451_00",0.0392938490438411,0.0903623063481909,0.932702430581337,"1e-05 to 1",0.017931163944955,0.0122214614097514,174,"success","pgls5_castespolymorphic"
"OG0003452_00",-0.00227939101400277,0.847939497903642,0.910407385734403,"0.001 to 1",0.000231942578227801,-0.00558066240678268,174,"success","pgls5_castespolymorphic"
"OG0003453_00",0.0284016075750934,0.238594847784315,0.900300066433867,"1e-05 to 1",0.00866982826454456,0.00290628075445465,174,"success","pgls5_castespolymorphic"
"OG0003454_00",-0.0126388528627465,0.462764351792207,1,"1e-05 to 1",0.00335384722286128,-0.00244060715374994,174,"success","pgls5_castespolymorphic"
"OG0003455_00",0.00498644978334699,0.581573044736923,1e-05,"1e-05 to 1",0.00189040316695697,-0.00391255960532821,174,"success","pgls5_castespolymorphic"
"OG0003456_00",-0.00823695965678755,0.60829030172991,1e-05,"1e-05 to 1",0.00164548292066248,-0.00415890380654305,174,"success","pgls5_castespolymorphic"
"OG0003457_00",0.00668601080897931,0.774238838441489,0.723801698199015,"1e-05 to 1",0.00067691868467129,-0.00513309922995275,174,"success","pgls5_castespolymorphic"
"OG0003458_00",-0.0374432499762521,0.26931571224945,0.935300318001477,"1e-05 to 1",0.0090985574048238,0.00333750250601461,174,"success","pgls5_castespolymorphic"
"OG0003459_00",0.0213403734752401,0.220788721663366,0.835528322157565,"1e-05 to 1",0.00929748427142645,0.00353758592416731,174,"success","pgls5_castespolymorphic"
"OG0003460_00",-0.0235296374144246,0.400265825950111,0.781969667135234,"1e-05 to 1",0.00442605853616506,-0.00136216205374096,174,"success","pgls5_castespolymorphic"
"OG0003461_00",-0.000272712030810869,0.983541799836145,1e-05,"1e-05 to 1",2.66798115855126e-06,-0.00581126999569515,174,"success","pgls5_castespolymorphic"
"OG0003462_00",0.00864016638511795,0.463672679264161,1,"1e-05 to 1",0.00344749173524128,-0.0023464181965307,174,"success","pgls5_castespolymorphic"
"OG0003463_00",-0.00189093621287791,0.774293961711166,1e-05,"1e-05 to 1",0.000512220692762775,-0.00529875476832586,174,"success","pgls5_castespolymorphic"
"OG0003464_00",-0.0069400492064912,0.705881694303143,1,"1e-05 to 1",0.000892545740481363,-0.00491621852846924,174,"success","pgls5_castespolymorphic"
"OG0003465_00",0.0085871030117681,0.491430618703392,1,"1e-05 to 1",0.00300113623835465,-0.00279536878351538,174,"success","pgls5_castespolymorphic"
"OG0003466_00",0.00820932033124985,0.640546660698987,0.918335756867547,"1e-05 to 1",0.00134910036119889,-0.00445700952042216,174,"success","pgls5_castespolymorphic"
"OG0003467_00",0.00704741377499388,0.722691342004552,0.95765616293781,"1e-05 to 1",0.000784290114745604,-0.00502510354737784,174,"success","pgls5_castespolymorphic"
"OG0003468_00",-0.00104428053994282,0.952267365211897,1,"1e-05 to 1",2.23247854139869e-05,-0.00579149890769415,174,"success","pgls5_castespolymorphic"
"OG0003469_00",-0.0126866565611628,0.517153977407618,0.34054698428602,"1e-05 to 1",0.00262703268126326,-0.0031716473612875,174,"success","pgls5_castespolymorphic"
"OG0003471_00",-0.0103473006402786,0.330328105067836,0.6403694663442,"1e-05 to 1",0.0058503439897259,7.04041292011182e-05,174,"success","pgls5_castespolymorphic"
"OG0003472_00",0.0327579043426003,0.137799777763644,1,"1e-05 to 1",0.0187264999740759,0.0130214214855532,174,"success","pgls5_castespolymorphic"
"OG0003473_00",-0.00154483098878971,0.88415504871578,1,"1e-05 to 1",0.00013226263783661,-0.00568092188171088,174,"success","pgls5_castespolymorphic"
"OG0003474_00",0.0010125104011465,0.906134172930014,1e-05,"1e-05 to 1",8.66263284350322e-05,-0.00572682351849263,174,"success","pgls5_castespolymorphic"
"OG0003475_00",-0.0433266500773781,0.135767358910261,0.812254284756528,"1e-05 to 1",0.0136842640468996,0.0079498702332188,174,"success","pgls5_castespolymorphic"
"OG0003476_00",-0.00979034160604626,0.344906485553999,1,"1e-05 to 1",0.00554285658191164,-0.000238870996100538,174,"success","pgls5_castespolymorphic"
"OG0003477_00",-0.00643943568597502,0.719525689361298,1,"1e-05 to 1",0.000803085239647621,-0.00500619914849376,174,"success","pgls5_castespolymorphic"
"OG0003478_00",-0.0024306943942545,0.809510334244348,1e-05,"1e-05 to 1",0.00045210325802083,-0.00535922172303738,174,"success","pgls5_castespolymorphic"
"OG0003479_00",0.000457232641084233,0.96592428154884,1e-05,"1e-05 to 1",1.1442180193938e-05,-0.00580244478387471,174,"success","pgls5_castespolymorphic"
"OG0003480_00",-0.00385986700866759,0.20736724667646,1,"1e-05 to 1",0.0107925199368571,0.00504131365742011,174,"success","pgls5_castespolymorphic"
"OG0003481_00",-0.00490038508321017,0.812296043676214,0.799420211240849,"1e-05 to 1",0.000351273882455213,-0.00546063731590252,174,"success","pgls5_castespolymorphic"
"OG0003482_00",-0.00786583714224932,0.752062218731427,0.350733066112904,"1e-05 to 1",0.000645783294970068,-0.00516441563936132,174,"success","pgls5_castespolymorphic"
"OG0003483_00",0.00128360729681355,0.921115621008875,1,"1e-05 to 1",6.38845830882783e-05,-0.00574969748328913,174,"success","pgls5_castespolymorphic"
"OG0003484_00",0.0168339959581593,0.0822420120295768,0.626806449494542,"1e-05 to 1",0.0188732456435023,0.0131690203274761,174,"success","pgls5_castespolymorphic"
"OG0003485_00",0.000133432638180244,0.988271849391362,1e-05,"1e-05 to 1",1.34627192525449e-06,-0.00581259938928436,174,"success","pgls5_castespolymorphic"
"OG0003486_00",0.0104178359443979,0.0480525271863108,0.477535113746308,"1e-05 to 1",0.0243553059517314,0.0186829530793577,174,"success","pgls5_castespolymorphic"
"OG0003487_00",0.0141312343135994,0.226482823015473,0.778210948298777,"1e-05 to 1",0.00907263670214218,0.00331143110157328,174,"success","pgls5_castespolymorphic"
"OG0003488_00",-0.0015639241169909,0.94602605825042,0.781569624978058,"1e-05 to 1",2.8377271325124e-05,-0.00578541123291143,174,"success","pgls5_castespolymorphic"
"OG0003489_00",0.00308247824598113,0.532571021156325,1,"1e-05 to 1",0.00242373317237373,-0.00337612884406591,174,"success","pgls5_castespolymorphic"
"OG0003490_00",0.00733504453038912,0.606801952776745,1,"1e-05 to 1",0.00164883755927085,-0.00415552966422172,174,"success","pgls5_castespolymorphic"
"OG0003491_00",0.0037881302209698,0.674646282951043,0.909244915574127,"1e-05 to 1",0.0010973054387607,-0.00471026836682786,174,"success","pgls5_castespolymorphic"
"OG0003492_00",-0.000298576013252332,0.986444524152427,1,"1e-05 to 1",1.79851334549787e-06,-0.00581214451855372,174,"success","pgls5_castespolymorphic"
"OG0003493_00",0.00589545369651856,0.797877671949401,0.860632368891898,"1e-05 to 1",0.000411101645133101,-0.00540046171739528,174,"success","pgls5_castespolymorphic"
"OG0003494_00",-0.02217523485056,0.252694276956541,1,"1e-05 to 1",0.00816918984450443,0.00240273164592597,174,"success","pgls5_castespolymorphic"
"OG0003495_00",-0.00617717485251254,0.656049521814181,1,"1e-05 to 1",0.00125068045655699,-0.00455600163381198,174,"success","pgls5_castespolymorphic"
"OG0003496_00",-0.00103715302597634,0.93368364324307,0.973703191981684,"1e-05 to 1",4.28725362147653e-05,-0.0057708316932259,174,"success","pgls5_castespolymorphic"
"OG0003497_00",0.000303885107355369,0.989750281367006,1,"1e-05 to 1",1.06129174420248e-06,-0.00581288602632712,174,"success","pgls5_castespolymorphic"
"OG0003498_00",0.00651037778872291,0.213971222726384,1e-05,"1e-05 to 1",0.00957591441084782,0.00381763484346909,174,"success","pgls5_castespolymorphic"
"OG0003499_00",-0.0307497606285739,0.00621803358102357,1,"1e-05 to 1",0.0452943435055072,0.0397437292235625,174,"success","pgls5_castespolymorphic"
"OG0003500_00",0.00570243222373199,0.584982852422915,1,"1e-05 to 1",0.00204770177697907,-0.00375434646850348,174,"success","pgls5_castespolymorphic"
"OG0003501_00",0.0275389650501296,0.332556834592119,0.870081442597195,"1e-05 to 1",0.00579681658542939,1.65655190657032e-05,174,"success","pgls5_castespolymorphic"
"OG0003502_00",-0.00175643786865583,0.90744438743135,0.413872393388237,"1e-05 to 1",8.42141324452929e-05,-0.00572924973887767,174,"success","pgls5_castespolymorphic"
"OG0003503_00",-0.0387630618446255,0.0851779454621953,0.907846150856786,"1e-05 to 1",0.0181806624351779,0.0124724104725917,174,"success","pgls5_castespolymorphic"
"OG0003504_00",-0.00181514152885889,0.857679749065078,1,"1e-05 to 1",0.000224076097382967,-0.00558857462298112,174,"success","pgls5_castespolymorphic"
"OG0003505_00",-0.00747119772886658,0.66615315418891,0.232632095989042,"1e-05 to 1",0.00115186839398082,-0.0046553881851239,174,"success","pgls5_castespolymorphic"
"OG0003506_00",0.00450059178592703,0.634499177929948,1,"1e-05 to 1",0.00139844924329434,-0.00440737372622135,174,"success","pgls5_castespolymorphic"
"OG0003507_00",-0.0161548312971275,0.40147564985542,1,"1e-05 to 1",0.00445921953083032,-0.00132880826259507,174,"success","pgls5_castespolymorphic"
"OG0003508_00",0.0164884659977594,0.145195678062956,1,"1e-05 to 1",0.0132159322262145,0.00747881555311114,174,"success","pgls5_castespolymorphic"
"OG0003509_00",0.00515817997990961,0.823438090767336,0.800235539100513,"1e-05 to 1",0.00031013629066619,-0.00550201407973683,174,"success","pgls5_castespolymorphic"
"OG0003510_00",-0.00705997012665174,0.302704812265878,1e-05,"1e-05 to 1",0.00659642271276631,0.000820820519235821,174,"success","pgls5_castespolymorphic"
"OG0003511_00",-0.0127961636964161,0.337449056713695,0.813199609775621,"1e-05 to 1",0.00568097183387428,-9.99527484868423e-05,174,"success","pgls5_castespolymorphic"
"OG0003512_00",-0.000993315302895308,0.947991529433141,1,"1e-05 to 1",2.634532057492e-05,-0.00578745499732869,174,"success","pgls5_castespolymorphic"
"OG0003513_00",-0.0458015795100448,0.0281123848671008,0.781497666386804,"1e-05 to 1",0.0294108534323361,0.023767893277873,174,"success","pgls5_castespolymorphic"
"OG0003515_00",-0.0055824345555719,0.745903673895453,1e-05,"1e-05 to 1",0.000658121134989886,-0.00515200606771371,174,"success","pgls5_castespolymorphic"
"OG0003516_00",0.0029893234170622,0.824036774344813,1e-05,"1e-05 to 1",0.000359512458344204,-0.00545235084131668,174,"success","pgls5_castespolymorphic"
"OG0003517_00",0.01339851396089,0.0851375574295734,1,"1e-05 to 1",0.0182975842952688,0.012590012110939,174,"success","pgls5_castespolymorphic"
"OG0003518_00",0.0383194178092304,0.127881715094798,1,"1e-05 to 1",0.0143386519178805,0.00860806268484493,174,"success","pgls5_castespolymorphic"
"OG0003519_00",0.00439008910343655,0.701778103245771,1e-05,"1e-05 to 1",0.000924669842781338,-0.00488390765813285,174,"success","pgls5_castespolymorphic"
"OG0003520_00",0.00407261805472981,0.741146764173368,0.880323395772458,"1e-05 to 1",0.000679648922948569,-0.00513035311819698,174,"success","pgls5_castespolymorphic"
"OG0003521_00",0.0013006140924781,0.862182244225699,1e-05,"1e-05 to 1",0.000186581653558129,-0.00562628705775836,174,"success","pgls5_castespolymorphic"
"OG0003522_00",-0.00236051654619347,0.875039416096572,0.836979441681151,"1e-05 to 1",0.000159027798237751,-0.00565400110991199,174,"success","pgls5_castespolymorphic"
"OG0003523_00",-0.0352102136670316,0.0350458905656228,1,"1e-05 to 1",0.0276415898427743,0.0219883432720928,174,"success","pgls5_castespolymorphic"
"OG0003524_00",-0.011266516030899,0.592714386536722,0.717685752134241,"1e-05 to 1",0.00179227045747596,-0.00401126285381759,174,"success","pgls5_castespolymorphic"
"OG0003525_00",0.00638615064869657,0.649735207121703,1,"1e-05 to 1",0.00127616995329961,-0.00453036394232087,174,"success","pgls5_castespolymorphic"
"OG0003526_00",-0.00751805208762698,0.771828032425829,0.68335896813181,"1e-05 to 1",0.000530399528110089,-0.00528047024207545,174,"success","pgls5_castespolymorphic"
"OG0003527_00",0.0140168549718809,0.299038962046446,0.767129869664974,"1e-05 to 1",0.00786971398319704,0.00210151464588992,174,"success","pgls5_castespolymorphic"
"OG0003528_00",-0.00547557314149721,0.5490779676651,0.488043352695371,"1e-05 to 1",0.00223407143310579,-0.00356689326786452,174,"success","pgls5_castespolymorphic"
"OG0003529_00",-0.035776678802495,0.172099228665079,0.983117147467291,"1e-05 to 1",0.0114787944929782,0.00573157818189085,174,"success","pgls5_castespolymorphic"
"OG0003530_00",-0.0193057798717923,0.15003924319507,0.642732875377797,"1e-05 to 1",0.0129055585659526,0.00716663739482437,174,"success","pgls5_castespolymorphic"
"OG0003531_00",-0.0261121134492102,0.202020985319709,0.630370071681763,"1e-05 to 1",0.0100279660147797,0.00427231465440048,174,"success","pgls5_castespolymorphic"
"OG0003532_00",-0.00226823621306753,0.677194534111338,0.997050394603957,"0.001 to 1",0.00111384958344795,-0.00469362803525297,174,"success","pgls5_castespolymorphic"
"OG0003533_00",0.0114397067960046,0.316776074546082,1,"1e-05 to 1",0.0062637146911405,0.000486178148647154,174,"success","pgls5_castespolymorphic"
"OG0003534_00",0.0210288427213976,0.159772006244755,1,"1e-05 to 1",0.0123917700442987,0.00664986173060278,174,"success","pgls5_castespolymorphic"
"OG0003535_00",0.00153086559376504,0.951920161301822,1,"1e-05 to 1",2.26511361373565e-05,-0.00579117065958279,174,"success","pgls5_castespolymorphic"
"OG0003536_00",-0.02304227139782,0.0153966435306492,1,"1e-05 to 1",0.0365864168958553,0.0309851751336219,174,"success","pgls5_castespolymorphic"
"OG0003537_00",0.0154418169371131,0.128139845649386,1e-05,"1e-05 to 1",0.0142313645405742,0.00850015154371697,174,"success","pgls5_castespolymorphic"
"OG0003538_00",-0.0226435119810619,0.299034452450223,0.94725888229287,"1e-05 to 1",0.00665569691453885,0.000880439338460492,174,"success","pgls5_castespolymorphic"
"OG0003539_00",-0.00754359788837809,0.651561791181649,0.883022570834018,"1e-05 to 1",0.00126196295243099,-0.00454465354203171,174,"success","pgls5_castespolymorphic"
"OG0003540_00",-0.0188179357918389,0.320186672068429,1,"1e-05 to 1",0.00629433785910515,0.000516979358285985,174,"success","pgls5_castespolymorphic"
"OG0003541_00",-0.00499242483960288,0.651432336468215,1,"1e-05 to 1",0.00128685578368566,-0.00451961598501383,174,"success","pgls5_castespolymorphic"
"OG0003542_00",-0.0114018178628679,0.540872254165328,0.61962133392305,"1e-05 to 1",0.00234160190659455,-0.00345873761720417,174,"success","pgls5_castespolymorphic"
"OG0003543_00",-0.0151139625697616,0.430149322051766,0.693910264252224,"1e-05 to 1",0.00394405232949119,-0.00184697062208161,174,"success","pgls5_castespolymorphic"
"OG0003544_00",0.000687201269107748,0.966697971222596,1,"1e-05 to 1",1.08601059492831e-05,-0.0058030302422718,174,"success","pgls5_castespolymorphic"
"OG0003545_00",0.00787870158894862,0.100811529542099,1,"1e-05 to 1",0.0166365877103328,0.0109193585691137,174,"success","pgls5_castespolymorphic"
"OG0003546_00",-0.0279897074917915,0.232334432348653,0.707703839422241,"1e-05 to 1",0.00884848486352001,0.00308597605458694,174,"success","pgls5_castespolymorphic"
"OG0003547_00",-0.0170529069231319,0.315959257574301,0.740859387599392,"1e-05 to 1",0.00624579334440745,0.000468152608037786,174,"success","pgls5_castespolymorphic"
"OG0003548_00",0.0188156249160641,0.203640429589848,1,"1e-05 to 1",0.00995666194128355,0.00420059602233747,174,"success","pgls5_castespolymorphic"
"OG0003549_00",0.00156261381670336,0.924807434799,1e-05,"1e-05 to 1",5.84081627670278e-05,-0.00575520574326327,174,"success","pgls5_castespolymorphic"
"OG0003550_00",-0.0329926296426212,0.0532260351388318,0.567949094179518,"1e-05 to 1",0.0230131034188973,0.0173329470434258,174,"success","pgls5_castespolymorphic"
"OG0003551_00",0.0442789568808029,0.0981162938580868,0.843659465316548,"1e-05 to 1",0.0169014794127467,0.011185790339565,174,"success","pgls5_castespolymorphic"
"OG0003552_00",-0.00729802167994824,0.661518426813128,1,"1e-05 to 1",0.00120862762345698,-0.00459829896012764,174,"success","pgls5_castespolymorphic"
"OG0003553_00",-0.0184178022318844,0.300935999361382,1e-05,"1e-05 to 1",0.00660370196819458,0.00082814209591664,174,"success","pgls5_castespolymorphic"
"OG0003555_00",-0.000189272184582255,0.982602897296916,1,"1e-05 to 1",2.96254377509196e-06,-0.00581097372050521,174,"success","pgls5_castespolymorphic"
"OG0003556_00",-4.05813843036108e-05,0.99724216303625,0.912022850744961,"1e-05 to 1",7.3974861754149e-08,-0.0058138790834239,174,"success","pgls5_castespolymorphic"
"OG0003557_00",0.0293791427349101,0.0976129641439942,1e-05,"1e-05 to 1",0.0170571862047686,0.0113424024036335,174,"success","pgls5_castespolymorphic"
"OG0003558_00",0.00827138271344307,0.255044427514668,1e-05,"1e-05 to 1",0.00813987265644969,0.00237324400910355,174,"success","pgls5_castespolymorphic"
"OG0003559_00",-0.000959899574341176,0.859540979375176,1e-05,"1e-05 to 1",0.000195084773743935,-0.00561773450082725,174,"success","pgls5_castespolymorphic"
"OG0003560_00",0.0173571919563403,0.210626494161413,0.705264486676429,"1e-05 to 1",0.0096565007437885,0.00389868970160123,174,"success","pgls5_castespolymorphic"
"OG0003561_00",0.00616863506777318,0.437057930984813,1,"1e-05 to 1",0.00377961718203767,-0.00201236178783426,174,"success","pgls5_castespolymorphic"
"OG0003562_00",0.00158268482702525,0.913820874471161,0.481077574723964,"1e-05 to 1",7.34242266517789e-05,-0.00574010237668166,174,"success","pgls5_castespolymorphic"
"OG0003563_00",0.00723128500161347,0.66231359308247,0.821105914914715,"1e-05 to 1",0.00123369982556683,-0.0045730809894009,174,"success","pgls5_castespolymorphic"
"OG0003564_00",0.0385872791497692,0.159926947261264,0.846988090736839,"1e-05 to 1",0.0122292849562155,0.00648643196177479,174,"success","pgls5_castespolymorphic"
"OG0003565_00",0.0267385415011998,0.110143886410703,0.937011224238609,"1e-05 to 1",0.0158734968466426,0.0101518311306347,174,"success","pgls5_castespolymorphic"
"OG0003566_00",0.00646330098170758,0.164448898289066,1e-05,"1e-05 to 1",0.0119702530381294,0.00622589404416507,174,"success","pgls5_castespolymorphic"
"OG0003567_00",0.000193439140982116,0.993427314865714,1,"1e-05 to 1",4.36397870712632e-07,-0.00581351455330448,174,"success","pgls5_castespolymorphic"
"OG0003568_00",0.00072891638171318,0.966198569332844,0.907136525963001,"1e-05 to 1",1.11884622225356e-05,-0.00580269997695049,174,"success","pgls5_castespolymorphic"
"OG0003569_00",-0.0039047528169448,0.603376679845518,0.90190656709268,"1e-05 to 1",0.00167000738759881,-0.00413423675549662,174,"success","pgls5_castespolymorphic"
"OG0003570_00",-0.00115392046104146,0.930653239560432,1e-05,"1e-05 to 1",4.77778029767763e-05,-0.00576589790747084,174,"success","pgls5_castespolymorphic"
"OG0003571_00",-0.00622102963874884,0.620120076777214,1,"1e-05 to 1",0.00153923753859893,-0.00426576689431624,174,"success","pgls5_castespolymorphic"
"OG0003572_00",-0.00933643989002879,0.226384054020347,1e-05,"1e-05 to 1",0.00907647931734447,0.00331529605756153,174,"success","pgls5_castespolymorphic"
"OG0003573_00",-0.00702728144143437,0.573721924578279,1e-05,"1e-05 to 1",0.00198231391903217,-0.00382011448841535,174,"success","pgls5_castespolymorphic"
"OG0003574_00",-0.0151149334922764,0.532198932394224,0.615855479170452,"1e-05 to 1",0.00241311505021444,-0.00338680869949348,174,"success","pgls5_castespolymorphic"
"OG0003575_00",-0.0314059392272012,0.134451132700355,0.725573479106947,"1e-05 to 1",0.0137762056486439,0.00804234637915924,174,"success","pgls5_castespolymorphic"
"OG0003576_00",-0.00370064302079849,0.795458029145241,1,"1e-05 to 1",0.000416010656131685,-0.00539552416563494,174,"success","pgls5_castespolymorphic"
"OG0003577_00",-0.00835123606981995,0.58085706661293,1e-05,"1e-05 to 1",0.00188583264453904,-0.00391715670055093,174,"success","pgls5_castespolymorphic"
"OG0003578_00",0.0174476740313808,0.269625029281493,0.880153592091349,"1e-05 to 1",0.00974052278035046,0.00398320023837573,174,"success","pgls5_castespolymorphic"
"OG0003579_00",-0.0172072105332417,0.324286629761057,0.0857286852371142,"1e-05 to 1",0.00622857691457804,0.000450836082686035,174,"success","pgls5_castespolymorphic"
"OG0003580_00",0.0173979497235006,0.0708268091906545,1,"1e-05 to 1",0.0206384860375184,0.0149445237470388,174,"success","pgls5_castespolymorphic"
"OG0003581_00",-0.0383698305145364,0.094677092620679,1,"1e-05 to 1",0.0173583551413105,0.0116453223223647,174,"success","pgls5_castespolymorphic"
"OG0003582_00",0.00315076887656966,0.708864834408264,0.993698865725801,"1e-05 to 1",0.000873679052082042,-0.00493519490691763,174,"success","pgls5_castespolymorphic"
"OG0003583_00",-0.0258489940341925,0.251416534269152,0.826515309287489,"1e-05 to 1",0.00821314543683107,0.00244694279402191,174,"success","pgls5_castespolymorphic"
"OG0003584_00",0.000326577004541568,0.967361890752851,1,"1e-05 to 1",1.21759816932926e-05,-0.0058017067160876,174,"success","pgls5_castespolymorphic"
"OG0003585_00",0.0323352577011975,0.103984585729042,1,"1e-05 to 1",0.01633439399133,0.0106154079098842,174,"success","pgls5_castespolymorphic"
"OG0003586_00",0.0311150019410177,0.131899802107921,0.939165928269696,"1e-05 to 1",0.0140436439104092,0.00831133951453944,174,"success","pgls5_castespolymorphic"
"OG0003587_00",-0.0637633309538263,0.0700943667169467,0.887953147190336,"1e-05 to 1",0.0201094560769946,0.0144124180309305,174,"success","pgls5_castespolymorphic"
"OG0003588_00",0.0157787343776829,0.399092879207361,0.332272566555559,"1e-05 to 1",0.00456225075231782,-0.00122517802237798,174,"success","pgls5_castespolymorphic"
"OG0003589_00",-0.00597487253015276,0.826285671902835,0.799478810505096,"1e-05 to 1",0.000303839416337991,-0.00550834756379959,174,"success","pgls5_castespolymorphic"
"OG0003590_00",-0.0209529973261398,0.0799513924344306,1,"1e-05 to 1",0.0193995063684105,0.0136983407077618,174,"success","pgls5_castespolymorphic"
"OG0003591_00",0.01125401816557,0.695838877751876,1,"1e-05 to 1",0.000951797029605693,-0.0048566227551059,174,"success","pgls5_castespolymorphic"
"OG0003592_00",-0.00294597729829967,0.491749743129852,1,"1e-05 to 1",0.00551323831786674,-0.000268661459355002,174,"success","pgls5_castespolymorphic"
"OG0003593_00",6.00965399793936e-05,0.993492038157957,1e-05,"1e-05 to 1",4.25111499776293e-07,-0.00581352590529383,174,"success","pgls5_castespolymorphic"
"OG0003594_00",-0.0255507729659892,0.145551288987174,1e-05,"1e-05 to 1",0.0131927534384347,0.00745550200493728,174,"success","pgls5_castespolymorphic"
"OG0003595_00",0.00923318493923697,0.277116125932757,1e-05,"1e-05 to 1",0.0073781067682594,0.0016070492494703,174,"success","pgls5_castespolymorphic"
"OG0003596_00",0.0151529586092667,0.367981652639694,1,"1e-05 to 1",0.00503689153302361,-0.000747777702249541,174,"success","pgls5_castespolymorphic"
"OG0003597_00",0.00548100619734779,0.631061219911783,1e-05,"1e-05 to 1",0.0014448686203348,-0.004360684469082,174,"success","pgls5_castespolymorphic"
"OG0003598_00",0.0141808398282964,0.227228378784225,1e-05,"1e-05 to 1",0.00898795021670709,0.00322625225285078,174,"success","pgls5_castespolymorphic"
"OG0003599_00",0.0122447461409104,0.451737256537211,1,"1e-05 to 1",0.00350027459627147,-0.00229332845840147,174,"success","pgls5_castespolymorphic"
"OG0003600_00",0.00796862176506575,0.776268681294952,0.870224610241773,"1e-05 to 1",0.000499941018315314,-0.0053111058362294,174,"success","pgls5_castespolymorphic"
"OG0003601_00",0.0260546837361155,0.0893741579640583,0.912450697492163,"1e-05 to 1",0.017818054022072,0.0121076938710374,174,"success","pgls5_castespolymorphic"
"OG0003602_00",0.00606231575046271,0.656711369269218,1,"1e-05 to 1",0.00126145280547847,-0.00454516665495475,174,"success","pgls5_castespolymorphic"
"OG0003603_00",0.00324467368305294,0.68286657108575,1e-05,"1e-05 to 1",0.00103943441021804,-0.00476847585483875,174,"success","pgls5_castespolymorphic"
"OG0003604_00",0.0723138234271103,0.00118281218843697,1,"1e-05 to 1",0.063044368419799,0.0575969519571234,174,"success","pgls5_castespolymorphic"
"OG0003605_00",0.0181270618570947,0.365552746158014,0.310800829874426,"1e-05 to 1",0.00508808034394359,-0.00069629128196369,174,"success","pgls5_castespolymorphic"
"OG0003606_00",-0.019914059258757,0.119885326716903,0.571179437660606,"1e-05 to 1",0.0150504635773171,0.00932401278416206,174,"success","pgls5_castespolymorphic"
"OG0003607_00",-0.015873592672976,0.117921933407784,1e-05,"1e-05 to 1",0.0152103139781841,0.00948479254782475,174,"success","pgls5_castespolymorphic"
"OG0003608_00",0.00117171294933107,0.889425890921738,1e-05,"1e-05 to 1",0.000120425400358754,-0.00569282794033676,174,"success","pgls5_castespolymorphic"
"OG0003609_00",-0.00985110987030072,0.399052255168122,1,"1e-05 to 1",0.00444885801472698,-0.00133923002007119,174,"success","pgls5_castespolymorphic"
"OG0003610_00",0.0159653644182125,0.224398671846768,0.414129480316145,"1e-05 to 1",0.00932769348427072,0.00356797077197002,174,"success","pgls5_castespolymorphic"
"OG0003611_00",-0.0108444847270505,0.300782685736893,0.706063686143335,"1e-05 to 1",0.00669045702327363,0.000915401540850791,174,"success","pgls5_castespolymorphic"
"OG0003612_00",0.0151763576069378,0.448256685090712,1e-05,"1e-05 to 1",0.0035764730601913,-0.00221668698015653,174,"success","pgls5_castespolymorphic"
"OG0003613_00",0.0167155743499285,0.153833872272613,1e-05,"1e-05 to 1",0.0129114448589678,0.00717255791047333,174,"success","pgls5_castespolymorphic"
"OG0003614_00",0.0181198625533607,0.384673875895207,1,"1e-05 to 1",0.00469738811152805,-0.00108925498084678,174,"success","pgls5_castespolymorphic"
"OG0003615_00",0.00269196004345459,0.893976048247318,0.756917945980601,"1e-05 to 1",0.000110661094004352,-0.00570264901591422,174,"success","pgls5_castespolymorphic"
"OG0003616_00",-0.00829317187516562,0.629091530400618,0.913289190262041,"1e-05 to 1",0.00144349905267219,-0.00436206199934719,174,"success","pgls5_castespolymorphic"
"OG0003617_00",-0.0125110778523659,0.556507716627749,1,"1e-05 to 1",0.0021521057466312,-0.00364933549902791,174,"success","pgls5_castespolymorphic"
"OG0003618_00",0.0308943056925101,0.00155793927113246,1e-05,"1e-05 to 1",0.0673692339185906,0.0619469620227683,174,"success","pgls5_castespolymorphic"
"OG0003619_00",0.011165988792643,0.519553491605169,1e-05,"1e-05 to 1",0.00346490759224881,-0.00232890108454042,174,"success","pgls5_castespolymorphic"
"OG0003620_00",-0.00308451855012247,0.764758857729271,1,"1e-05 to 1",0.000554289819324307,-0.00525644105381917,174,"success","pgls5_castespolymorphic"
"OG0003621_00",-0.013866926460057,0.446621744758277,0.893132612246747,"1e-05 to 1",0.003647637615429,-0.00214510867750461,174,"success","pgls5_castespolymorphic"
"OG0003622_00",0.00713578732139684,0.514506889967018,1,"1e-05 to 1",0.00262742781630172,-0.00317124992895246,174,"success","pgls5_castespolymorphic"
"OG0003623_00",-0.00017622537149307,0.948291030417335,1,"1e-05 to 1",2.68743484962396e-05,-0.00578692289366356,174,"success","pgls5_castespolymorphic"
"OG0003624_00",-0.00648563535891339,0.66030904340693,0.934018004457932,"1e-05 to 1",0.00121022254982855,-0.00459669476092817,174,"success","pgls5_castespolymorphic"
"OG0003625_00",-0.00249783051272817,0.889414347274395,1,"1e-05 to 1",0.000120450707018263,-0.00569280248654569,174,"success","pgls5_castespolymorphic"
"OG0003626_00",0.0126011130747121,0.347909953987987,0.882459961584313,"1e-05 to 1",0.00550865926877637,-0.000273267130823651,174,"success","pgls5_castespolymorphic"
"OG0003627_00",-0.00348972758943158,0.807389127453099,0.943408593258022,"1e-05 to 1",0.000377300167157308,-0.00543445971559176,174,"success","pgls5_castespolymorphic"
"OG0003628_00",-0.00217206944946774,0.910615683073768,0.891940965098805,"1e-05 to 1",7.803220328634e-05,-0.00573546760948518,174,"success","pgls5_castespolymorphic"
"OG0003629_00",0.00684302994613438,0.331637951208373,1,"1e-05 to 1",0.0058549752735446,7.50623390884941e-05,174,"success","pgls5_castespolymorphic"
"OG0003630_00",0.0153828482700694,0.389926187107728,0.844727971519272,"1e-05 to 1",0.00456643219057234,-0.00122097227343598,174,"success","pgls5_castespolymorphic"
"OG0003631_00",0.0141216743637299,0.342937719609347,0.740828216352992,"1e-05 to 1",0.00555364040873606,-0.000228024472608501,174,"success","pgls5_castespolymorphic"
"OG0003632_00",-0.013723022888171,0.247281126995399,1e-05,"1e-05 to 1",0.00835729478535953,0.00259193022015813,174,"success","pgls5_castespolymorphic"
"OG0003633_00",0.0018849297843673,0.845793814761858,1,"1e-05 to 1",0.000238617455275229,-0.00557394872231032,174,"success","pgls5_castespolymorphic"
"OG0003634_00",-0.00970897770225393,0.516163398996363,0.802731078806316,"1e-05 to 1",0.00262303451900978,-0.00317566876867037,174,"success","pgls5_castespolymorphic"
"OG0003635_00",-0.00407254991980005,0.641981588633892,0.899094650676628,"1e-05 to 1",0.00137149504481799,-0.00443448463515406,174,"success","pgls5_castespolymorphic"
"OG0003636_00",-0.00390979583435696,0.730745163826544,1e-05,"1e-05 to 1",0.000737596586258389,-0.00507206854986797,174,"success","pgls5_castespolymorphic"
"OG0003637_00",-0.00288369114502409,0.71214885360106,0.257308045088544,"1e-05 to 1",0.000858554719445356,-0.00495040717172057,174,"success","pgls5_castespolymorphic"
"OG0003638_00",-0.00817700167110379,0.317728035838339,1e-05,"1e-05 to 1",0.00616217125501279,0.000384044343704648,174,"success","pgls5_castespolymorphic"
"OG0003639_00",0.0152981079741655,0.0931619486006401,0.710367854124107,"1e-05 to 1",0.0174095612292215,0.011696826120089,174,"success","pgls5_castespolymorphic"
"OG0003640_00",-0.00468018973177264,0.718329578538802,1,"1e-05 to 1",0.000810252147641503,-0.00499899057243036,174,"success","pgls5_castespolymorphic"
"OG0003641_00",-0.00511337356935854,0.780538338746113,0.68289250354255,"1e-05 to 1",0.00048054927026807,-0.00533061032699789,174,"success","pgls5_castespolymorphic"
"OG0003642_00",-0.0014786215557942,0.938049050234892,0.920340158353559,"1e-05 to 1",3.78720574633743e-05,-0.00577586124452822,174,"success","pgls5_castespolymorphic"
"OG0003643_00",0.00157430278688194,0.944378775409883,0.935300706348355,"1e-05 to 1",3.05165849897797e-05,-0.00578325948137648,174,"success","pgls5_castespolymorphic"
"OG0003644_00",-0.00535800902822858,0.773681101699382,0.827894514816795,"1e-05 to 1",0.000511894935415516,-0.0052990824196113,174,"success","pgls5_castespolymorphic"
"OG0003645_00",-0.000261569595784569,0.985409432083553,1,"1e-05 to 1",2.13695639744897e-06,-0.00581180410780946,174,"success","pgls5_castespolymorphic"
"OG0003646_00",-0.0327082119958629,0.038878306987131,0.342541526432528,"1e-05 to 1",0.0270619601690571,0.0214053436584121,174,"success","pgls5_castespolymorphic"
"OG0003647_00",0.0178769933935681,0.345342566759706,0.443931985386285,"1e-05 to 1",0.00560249073475853,-0.000178890133062604,174,"success","pgls5_castespolymorphic"
"OG0003648_00",-0.0193698930479872,0.345079348688101,0.64635378049095,"1e-05 to 1",0.00557352593692873,-0.000208023330879659,174,"success","pgls5_castespolymorphic"
"OG0003649_00",0.0160016590842533,0.224718919168433,0.924335710782757,"1e-05 to 1",0.00914156384681124,0.00338075898545542,174,"success","pgls5_castespolymorphic"
"OG0003650_00",0.0222102055756245,0.206691011704768,1,"1e-05 to 1",0.0100091383853147,0.00425337756197353,174,"success","pgls5_castespolymorphic"
"OG0003651_00",-0.00679348905160625,0.719391280958094,0.774581727805248,"1e-05 to 1",0.000803888802545573,-0.00500539091371865,174,"success","pgls5_castespolymorphic"
"OG0003652_00",-0.0113022736536538,0.340201339172985,0.929449586745714,"1e-05 to 1",0.00587050829834156,9.06856721691884e-05,174,"success","pgls5_castespolymorphic"
"OG0003653_00",-0.00657416016191957,0.691869945001104,0.152523966456278,"1e-05 to 1",0.000990472422321113,-0.0048177225054562,174,"success","pgls5_castespolymorphic"
"OG0003654_00",0.00400087028654977,0.822909330660083,0.895349916491254,"1e-05 to 1",0.000312027715927931,-0.00550011165781661,174,"success","pgls5_castespolymorphic"
"OG0003655_00",-0.0156847621491689,0.51936658341468,1e-05,"1e-05 to 1",0.0037841102712572,-0.00200784257600284,174,"success","pgls5_castespolymorphic"
"OG0003656_00",-0.0100119145856126,0.1415427245302,1e-05,"1e-05 to 1",0.0149469869866303,0.00921993458538983,174,"success","pgls5_castespolymorphic"
"OG0003657_00",-0.00987128005499342,0.292517334973895,1,"1e-05 to 1",0.00696610576801896,0.00119265289457726,174,"success","pgls5_castespolymorphic"
"OG0003658_00",0.0077147992789825,0.443313594541171,1e-05,"1e-05 to 1",0.00370093878443571,-0.00209149761798044,174,"success","pgls5_castespolymorphic"
"OG0003659_00",0.0122150950423184,0.156945065890994,1e-05,"1e-05 to 1",0.0124819506850834,0.00674056667743861,174,"success","pgls5_castespolymorphic"
"OG0003660_00",0.0278985606250826,0.0568327722296995,1,"1e-05 to 1",0.0224859181645665,0.0168026967585465,174,"success","pgls5_castespolymorphic"
"OG0003661_00",0.0130968122161835,0.250416859697739,1e-05,"1e-05 to 1",0.0104703893388099,0.0047173102070589,174,"success","pgls5_castespolymorphic"
"OG0003662_00",-0.00624278344839897,0.792575454698076,1,"1e-05 to 1",0.000430758796140179,-0.00538069028062638,174,"success","pgls5_castespolymorphic"
"OG0003663_00",-0.0166672147757695,0.244961921508156,0.985781707555509,"1e-05 to 1",0.00849244253974384,0.00272786371730038,174,"success","pgls5_castespolymorphic"
"OG0003664_00",-0.0134755036477215,0.623558155530351,1,"1e-05 to 1",0.00151869975125963,-0.00428642408739588,174,"success","pgls5_castespolymorphic"
"OG0003665_00",-0.0114762189499533,0.502408797573223,1,"1e-05 to 1",0.00490418420002802,-0.000881256589506663,174,"success","pgls5_castespolymorphic"
"OG0003666_00",0.0161044909370104,0.428602946310637,0.979684210217781,"1e-05 to 1",0.00387237460286682,-0.00191906507967476,174,"success","pgls5_castespolymorphic"
"OG0003667_00",0.000939548699557792,0.951496289498139,0.89589095083451,"1e-05 to 1",2.31973002795884e-05,-0.00579062132006758,174,"success","pgls5_castespolymorphic"
"OG0003668_00",0.00803589702388897,0.787588753999988,1,"1e-05 to 1",0.000452229188135483,-0.0053590950607707,174,"success","pgls5_castespolymorphic"
"OG0003669_00",-0.0090283012771018,0.371112286668213,0.743431292991797,"1e-05 to 1",0.0049408919815011,-0.000844335390699502,174,"success","pgls5_castespolymorphic"
"OG0003670_00",0.00282871390907634,0.690828014720361,1,"1e-05 to 1",0.00100387429145568,-0.00480424271847779,174,"success","pgls5_castespolymorphic"
"OG0003671_00",0.000441123932786854,0.979477170479401,0.619982640916558,"1e-05 to 1",4.12298832810512e-06,-0.00580980652918162,174,"success","pgls5_castespolymorphic"
"OG0003672_00",-0.00468067925729424,0.705883552414439,0.990641742755668,"0.001 to 1",0.00088697548205733,-0.0049218211721167,174,"success","pgls5_castespolymorphic"
"OG0003673_00",0.000668403594806835,0.961186417712689,1,"1e-05 to 1",1.46639957359907e-05,-0.00579920423684688,174,"success","pgls5_castespolymorphic"
"OG0003674_00",0.00596173060126377,0.672478217322553,0.790778771915055,"1e-05 to 1",0.00111287568903139,-0.00469460759184637,174,"success","pgls5_castespolymorphic"
"OG0003675_00",0.00922311559954181,0.488418054188837,0.59166983824047,"1e-05 to 1",0.00312219367631581,-0.00267360752324053,174,"success","pgls5_castespolymorphic"
"OG0003676_00",0.0041968375480049,0.77949834198319,1,"1e-05 to 1",0.00049755482101898,-0.00531350590676571,174,"success","pgls5_castespolymorphic"
"OG0003677_00",-0.0130291758281568,0.470442054044146,1,"1e-05 to 1",0.0032404363106975,-0.00255467743168225,174,"success","pgls5_castespolymorphic"
"OG0003678_00",-0.0131729890116215,0.377341687937074,1e-05,"1e-05 to 1",0.00487422443706401,-0.000911390537139178,174,"success","pgls5_castespolymorphic"
"OG0003679_00",0.0400026745890734,0.00148227936853118,1,"1e-05 to 1",0.0609910055003389,0.0555316508811547,174,"success","pgls5_castespolymorphic"
"OG0003680_00",0.0108441508748661,0.24061406947548,1,"1e-05 to 1",0.00848996575148499,0.00272537252910987,174,"success","pgls5_castespolymorphic"
"OG0003681_00",0.0204081678860681,0.20223377710749,0.885618815106682,"1e-05 to 1",0.0100806630805351,0.00432531809844516,174,"success","pgls5_castespolymorphic"
"OG0003682_00",0.0077116970816131,0.364763969149393,0.664479711569082,"1e-05 to 1",0.0051048047500631,-0.000679469640924912,174,"success","pgls5_castespolymorphic"
"OG0003683_00",0.0425962518009464,0.0115137505844298,1,"1e-05 to 1",0.0389959396200183,0.0334087067108324,174,"success","pgls5_castespolymorphic"
"OG0003684_00",0.000276834483972518,0.977905006202354,1e-05,"1e-05 to 1",4.77903815153344e-06,-0.00580914666511512,174,"success","pgls5_castespolymorphic"
"OG0003685_00",0.00958806313804987,0.587073483788849,1,"1e-05 to 1",0.00183592177933649,-0.0039673577452024,174,"success","pgls5_castespolymorphic"
"OG0003686_00",-0.000787201765435664,0.913155727823958,1,"1e-05 to 1",8.46496597282321e-05,-0.00572881167945938,174,"success","pgls5_castespolymorphic"
"OG0003687_00",-0.011897995012548,0.676094898739405,0.746903147612574,"1e-05 to 1",0.00108024698541268,-0.00472742599723031,174,"success","pgls5_castespolymorphic"
"OG0003688_00",-0.00964309925772969,0.593911991612755,1,"1e-05 to 1",0.00175866713823984,-0.00404506154118911,174,"success","pgls5_castespolymorphic"
"OG0003689_00",-0.0260944040606204,0.0697111664572079,0.994036251775189,"0.001 to 1",0.0201640551321339,0.014467334522437,174,"success","pgls5_castespolymorphic"
"OG0003690_00",-0.0215319742054424,0.273296934630556,1e-05,"1e-05 to 1",0.00754311313532255,0.00177301495587667,174,"success","pgls5_castespolymorphic"
"OG0003691_00",-0.00694972131843504,0.679628074072445,0.865110829256635,"1e-05 to 1",0.00105544227446716,-0.0047523749216114,174,"success","pgls5_castespolymorphic"
"OG0003692_00",-0.019119664959519,0.152992572009492,0.841869527405372,"1e-05 to 1",0.0128015177989182,0.00706199173960953,174,"success","pgls5_castespolymorphic"
"OG0003693_00",0.00662039287677329,0.752299674951575,1e-05,"1e-05 to 1",0.00062041951236425,-0.00518992688581954,174,"success","pgls5_castespolymorphic"
"OG0003694_00",0.0124847046072327,0.0885406271100586,0.899607726936108,"1e-05 to 1",0.0178005390307387,0.0120900770483593,174,"success","pgls5_castespolymorphic"
"OG0003695_00",-0.00311775043304846,0.756846902186787,1,"1e-05 to 1",0.000608491135247998,-0.00520192461396585,174,"success","pgls5_castespolymorphic"
"OG0003696_00",-0.00219422191882549,0.913168015645516,1e-05,"1e-05 to 1",7.40808656517887e-05,-0.00573944192001319,174,"success","pgls5_castespolymorphic"
"OG0003697_00",0.0121904730891977,0.503193809628791,0.444788418796228,"1e-05 to 1",0.00284161512735739,-0.00295581734283235,174,"success","pgls5_castespolymorphic"
"OG0003698_00",-0.0165405538925458,0.197405006649711,1e-05,"1e-05 to 1",0.0102349243969532,0.00448047628298187,174,"success","pgls5_castespolymorphic"
"OG0003699_00",0.00690149736288364,0.449063327938517,0.758607983139732,"1e-05 to 1",0.00356380064479071,-0.00222943307239087,174,"success","pgls5_castespolymorphic"
"OG0003700_00",-0.0013978569283047,0.542665608179039,1e-05,"1e-05 to 1",0.00230649254527454,-0.00349405110271817,174,"success","pgls5_castespolymorphic"
"OG0003701_00",-0.000716198196349774,0.963082834301576,0.883364501249555,"1e-05 to 1",1.34313890609952e-05,-0.00580044400983981,174,"success","pgls5_castespolymorphic"
"OG0003702_00",-0.00725919222034427,0.422638608041229,0.668269489343684,"1e-05 to 1",0.00402300008194311,-0.00176756387106902,174,"success","pgls5_castespolymorphic"
"OG0003703_00",0.0349143395331025,0.000173038941070347,1,"1e-05 to 1",0.0846232362610938,0.0793012783323792,174,"success","pgls5_castespolymorphic"
"OG0003704_00",0.0275290200907501,0.134491594371327,0.579287406086021,"1e-05 to 1",0.0138585809737052,0.00812520063052913,174,"success","pgls5_castespolymorphic"
"OG0003705_00",-0.00219954423532315,0.71479528129785,1e-05,"1e-05 to 1",0.000836851332411064,-0.0049722367412377,174,"success","pgls5_castespolymorphic"
"OG0003706_00",-0.00694931109393872,0.764684486420242,0.896477523903678,"1e-05 to 1",0.00056160375758609,-0.00524908459266049,174,"success","pgls5_castespolymorphic"
"OG0003707_00",-0.0082998375174668,0.732833030564343,1,"1e-05 to 1",0.000920724481122262,-0.00488787595794093,174,"success","pgls5_castespolymorphic"
"OG0003708_00",-0.00765570275685784,0.38932228803775,1e-05,"1e-05 to 1",0.00457805341123106,-0.00120928348754079,174,"success","pgls5_castespolymorphic"
"OG0003709_00",-0.000206485997596081,0.989118794503272,1e-05,"1e-05 to 1",1.17346230773661e-06,-0.00581277320360907,174,"success","pgls5_castespolymorphic"
"OG0003710_00",-0.0149779184692055,0.0853868737591572,0.572638290717076,"1e-05 to 1",0.0181565795726625,0.0124481875934337,174,"success","pgls5_castespolymorphic"
"OG0003711_00",0.00537963717772468,0.69381320588966,1,"1e-05 to 1",0.000965188278894128,-0.00484315364971688,174,"success","pgls5_castespolymorphic"
"OG0003712_00",-0.000799645863853728,0.962555399960585,0.895447548340788,"1e-05 to 1",1.38181996993276e-05,-0.00580005495030234,174,"success","pgls5_castespolymorphic"
"OG0003713_00",0.0290679713918421,0.132780087542306,1e-05,"1e-05 to 1",0.0140673703757259,0.008335203924422,174,"success","pgls5_castespolymorphic"
"OG0003714_00",0.00327596385196385,0.881045283761224,1,"1e-05 to 1",0.000141272628848203,-0.00567185950703064,174,"success","pgls5_castespolymorphic"
"OG0003715_00",0.00514790581110374,0.779731321729356,0.797592966609887,"1e-05 to 1",0.000484182861276127,-0.0053269556104607,174,"success","pgls5_castespolymorphic"
"OG0003716_00",0.000763099182717435,0.978732967857836,1,"1e-05 to 1",4.42749840730866e-06,-0.00580950024869487,174,"success","pgls5_castespolymorphic"
"OG0003717_00",0.00647374661720518,0.204256191617726,1e-05,"1e-05 to 1",0.0101806153171024,0.00442585145266683,174,"success","pgls5_castespolymorphic"
"OG0003718_00",-0.00533625562294149,0.395324843904283,1e-05,"1e-05 to 1",0.00446367027473563,-0.00132433164227175,174,"success","pgls5_castespolymorphic"
"OG0003719_00",0.0147126941950063,0.0895647847796959,1e-05,"1e-05 to 1",0.0176878385238709,0.0119767213059865,174,"success","pgls5_castespolymorphic"
"OG0003720_00",-0.012633665729424,0.273824347969982,1e-05,"1e-05 to 1",0.00747959696466742,0.00170912950515956,174,"success","pgls5_castespolymorphic"
"OG0003721_00",-0.0107188746807345,0.206629544926157,1e-05,"1e-05 to 1",0.0100118357560353,0.00425609061508203,174,"success","pgls5_castespolymorphic"
"OG0003722_00",0.00759557872218934,0.446203205642589,1,"1e-05 to 1",0.00365434747631634,-0.00213835980579824,174,"success","pgls5_castespolymorphic"
"OG0003723_00",0.00730606579075908,0.572292128333418,0.760972861349977,"1e-05 to 1",0.00199712926460009,-0.00380521300711734,174,"success","pgls5_castespolymorphic"
"OG0003724_00",-0.00348555520854682,0.684260393670043,0.872689990837547,"1e-05 to 1",0.00104279049161377,-0.00476510026134203,174,"success","pgls5_castespolymorphic"
"OG0003725_00",-0.0120985697343437,0.212466457636409,1e-05,"1e-05 to 1",0.00969891896822418,0.00394135454362077,174,"success","pgls5_castespolymorphic"
"OG0003726_00",-0.00210354459428571,0.818642677683976,1,"1e-05 to 1",0.000327511120808714,-0.0054845382331401,174,"success","pgls5_castespolymorphic"
"OG0003727_00",0.0042305044241103,0.555326671801419,1e-05,"1e-05 to 1",0.00217855602664394,-0.00362273143831748,174,"success","pgls5_castespolymorphic"
"OG0003728_00",0.0260193506866866,0.0391412260621387,0.872381498856496,"1e-05 to 1",0.0263224531766677,0.0206615372067646,174,"success","pgls5_castespolymorphic"
"OG0003729_00",0.0138512480543259,0.082570086510886,1e-05,"1e-05 to 1",0.0189517195625512,0.0132479504902403,174,"success","pgls5_castespolymorphic"
"OG0003730_00",-0.00154725131732326,0.931505093289216,0.944979923952894,"1e-05 to 1",4.6316154386819e-05,-0.00576736805401779,174,"success","pgls5_castespolymorphic"
"OG0003731_00",0.00309638349059594,0.810457599965043,0.957304954194153,"1e-05 to 1",0.000356103147320915,-0.00545577997391566,174,"success","pgls5_castespolymorphic"
"OG0003732_00",0.00739914013405471,0.624180767952623,1,"1e-05 to 1",0.00185182120138662,-0.00395136588465195,174,"success","pgls5_castespolymorphic"
"OG0003733_00",0.063297303486045,0.00363864673437964,1e-05,"1e-05 to 1",0.0516332097863217,0.0461194493781026,174,"success","pgls5_castespolymorphic"
"OG0003734_00",-0.00795489687717259,0.62550905890218,1,"1e-05 to 1",0.00147382904522349,-0.00433155566962973,174,"success","pgls5_castespolymorphic"
"OG0003735_00",0.00572201746237141,0.708921659189475,1,"1e-05 to 1",0.00130764017658122,-0.00449871075262465,174,"success","pgls5_castespolymorphic"
"OG0003736_00",0.00980762738545029,0.404206678514343,1,"1e-05 to 1",0.00438010610680931,-0.00140838164838364,174,"success","pgls5_castespolymorphic"
"OG0003737_00",-0.00253884066765515,0.803897705472406,1,"1e-05 to 1",0.000388918203200844,-0.00542277413282699,174,"success","pgls5_castespolymorphic"
"OG0003738_00",-0.0392096741677175,0.0552612704143671,0.805620446045837,"1e-05 to 1",0.0230579042227484,0.0173780083170668,174,"success","pgls5_castespolymorphic"
"OG0003739_00",-0.0119422381278504,0.189363221628294,0.227330820420348,"1e-05 to 1",0.0108772434721621,0.00512652977141881,174,"success","pgls5_castespolymorphic"
"OG0003740_00",-0.0295082138801304,0.260349329106907,0.815734141965665,"1e-05 to 1",0.00791142037937749,0.00214346352111805,174,"success","pgls5_castespolymorphic"
"OG0003741_00",-0.0124567289848097,0.31951591007265,1,"1e-05 to 1",0.00627180749588261,0.000494318004579553,174,"success","pgls5_castespolymorphic"
"OG0003742_00",0.0283022888122629,0.0147377916919207,1e-05,"1e-05 to 1",0.0366014993459905,0.0310003452724206,174,"success","pgls5_castespolymorphic"
"OG0003743_00",0.000979491899470203,0.953682732631238,0.934393589432788,"1e-05 to 1",2.12842304476749e-05,-0.00579254551239861,174,"success","pgls5_castespolymorphic"
"OG0003744_00",-0.0138090824392419,0.453815130295117,1,"1e-05 to 1",0.00353381870192031,-0.00225958932888237,174,"success","pgls5_castespolymorphic"
"OG0003745_00",0.00653420969551003,0.813654268623834,1,"1e-05 to 1",0.000348284265497377,-0.00546364431435431,174,"success","pgls5_castespolymorphic"
"OG0003746_00",-0.00263256116490091,0.767905312390557,1e-05,"1e-05 to 1",0.000545888431141601,-0.00526489128728214,174,"success","pgls5_castespolymorphic"
"OG0003747_00",0.0225416473180926,0.0931995108300514,1,"1e-05 to 1",0.017734172164474,0.012023324328221,174,"success","pgls5_castespolymorphic"
"OG0003748_00",0.0245072375187335,0.249639177611413,0.875476346593514,"1e-05 to 1",0.00822340043164966,0.00245725741090341,174,"success","pgls5_castespolymorphic"
"OG0003749_00",-0.034158950497272,0.018618503590202,1,"1e-05 to 1",0.0339096782869854,0.0282928740909796,174,"success","pgls5_castespolymorphic"
"OG0003750_00",0.00264032996818332,0.878720657226242,1e-05,"1e-05 to 1",0.000145970298763344,-0.00566713452508116,174,"success","pgls5_castespolymorphic"
"OG0003751_00",0.026065587419058,0.0149431354316929,1,"1e-05 to 1",0.0360109948572168,0.0304064076180145,174,"success","pgls5_castespolymorphic"
"OG0003752_00",-0.0142222710706502,0.197035433377279,1e-05,"1e-05 to 1",0.0103796145774254,0.00462600768543375,174,"success","pgls5_castespolymorphic"
"OG0003753_00",-0.0150053240213864,0.281519092391469,1,"1e-05 to 1",0.00729022899132927,0.00151866055523231,174,"success","pgls5_castespolymorphic"
"OG0003754_00",-0.00559234329366067,0.623337507819959,0.702910247763721,"1e-05 to 1",0.00150169525711576,-0.00430352744487772,174,"success","pgls5_castespolymorphic"
"OG0003755_00",-0.00752180091441462,0.278364762406497,1e-05,"1e-05 to 1",0.00729443835098814,0.00152289438791231,174,"success","pgls5_castespolymorphic"
"OG0003756_00",0.0258465981962024,0.166950257401094,1,"1e-05 to 1",0.0120543839836688,0.00631051412310879,174,"success","pgls5_castespolymorphic"
"OG0003757_00",0.00760063300159784,0.619434812279924,0.921697556492411,"1e-05 to 1",0.00153565108906973,-0.00426937419529616,174,"success","pgls5_castespolymorphic"
"OG0003758_00",0.0388107165130007,0.000202790532671138,1,"1e-05 to 1",0.111741222568497,0.106576927350872,174,"success","pgls5_castespolymorphic"
"OG0003759_00",0.00524973446891133,0.642671851717808,1e-05,"1e-05 to 1",0.00135720831432403,-0.00444885442803433,174,"success","pgls5_castespolymorphic"
"OG0003760_00",-0.0149980052820431,0.15856337672386,1,"1e-05 to 1",0.0123090227446076,0.00656663334196006,174,"success","pgls5_castespolymorphic"
"OG0003761_00",-0.0138720871003975,0.400744639015775,0.762123350126983,"1e-05 to 1",0.00447305415224172,-0.00131489320733813,174,"success","pgls5_castespolymorphic"
"OG0003762_00",0.0431584994581724,0.0447639966819935,0.702977799927717,"1e-05 to 1",0.0247810091291002,0.0191111312751997,174,"success","pgls5_castespolymorphic"
"OG0003763_00",-0.0158346707376152,0.492249760071733,0.986879801884753,"1e-05 to 1",0.00291587859024554,-0.00288112211562508,174,"success","pgls5_castespolymorphic"
"OG0003764_00",0.000517999507415837,0.923643063896353,1e-05,"1e-05 to 1",5.75931171906724e-05,-0.00575602552747667,174,"success","pgls5_castespolymorphic"
"OG0003765_00",0.00612704861103773,0.746096605675633,1e-05,"1e-05 to 1",0.000652994173335279,-0.00515716283728485,174,"success","pgls5_castespolymorphic"
"OG0003766_00",-0.0167693740926246,0.0575756961502027,0.888733735834515,"1e-05 to 1",0.0227770830272695,0.0170955544402187,174,"success","pgls5_castespolymorphic"
"OG0003767_00",0.00160842333499858,0.796795556627677,1,"1e-05 to 1",0.000415613220089702,-0.00539592391235177,174,"success","pgls5_castespolymorphic"
"OG0003768_00",0.00240829549898411,0.90678051098191,0.438203735495153,"1e-05 to 1",8.87496289117945e-05,-0.00572468787324554,174,"success","pgls5_castespolymorphic"
"OG0003769_00",-0.00699472414064825,0.408695739250726,1e-05,"1e-05 to 1",0.0042438511875855,-0.0015454287473704,174,"success","pgls5_castespolymorphic"
"OG0003770_00",-0.0103730381788159,0.567623962442374,0.733293554600431,"1e-05 to 1",0.00202069609515875,-0.00378150916010189,174,"success","pgls5_castespolymorphic"
"OG0003771_00",-0.0192004387540007,0.462395665270799,0.938591153199886,"1e-05 to 1",0.00342324614791024,-0.00237080474657869,174,"success","pgls5_castespolymorphic"
"OG0003772_00",0.00206925144723561,0.617293757717011,1,"1e-05 to 1",0.0015642187425505,-0.00424064045080663,174,"success","pgls5_castespolymorphic"
"OG0003773_00",-0.00514438264822182,0.471103109738598,1e-05,"1e-05 to 1",0.00419669485314511,-0.00159285924654595,174,"success","pgls5_castespolymorphic"
"OG0003774_00",-0.0062860795628215,0.585983344755655,0.407626442493053,"1e-05 to 1",0.00185820434023842,-0.00394494563452774,174,"success","pgls5_castespolymorphic"
"OG0003775_00",-0.0108910600321147,0.438834670499162,0.901177930374266,"1e-05 to 1",0.00372714385633337,-0.00206514019101345,174,"success","pgls5_castespolymorphic"
"OG0003776_00",0.00829988045910493,0.627061207301565,1,"1e-05 to 1",0.00186438720709357,-0.00393872682077201,174,"success","pgls5_castespolymorphic"
"OG0003777_00",-0.0112283666636119,0.595354362265657,1,"1e-05 to 1",0.00176682739057961,-0.00403685384552155,174,"success","pgls5_castespolymorphic"
"OG0003778_00",0.0201573693895013,0.0797666923031182,1e-05,"1e-05 to 1",0.0190612493704734,0.0133581170993715,174,"success","pgls5_castespolymorphic"
"OG0003779_00",0.0136638053364581,0.476383173952744,0.494561960284869,"1e-05 to 1",0.00317444146181837,-0.00262105597154316,174,"success","pgls5_castespolymorphic"
"OG0003780_00",0.00400817652075054,0.237538157468714,1e-05,"1e-05 to 1",0.00870878428692517,0.00294546326533751,174,"success","pgls5_castespolymorphic"
"OG0003781_00",-0.00264238785244686,0.878442092819011,1,"1e-05 to 1",0.000146646831529809,-0.00566645405898458,174,"success","pgls5_castespolymorphic"
"OG0003782_00",0.00812154164328875,0.727346077325659,1e-05,"1e-05 to 1",0.000846760701455008,-0.00496226975958303,174,"success","pgls5_castespolymorphic"
"OG0003783_00",-0.0221686108046221,0.205345681173001,0.419859283576502,"1e-05 to 1",0.00994355681675568,0.00418741470522521,174,"success","pgls5_castespolymorphic"
"OG0003784_00",0.0345226962639612,0.0680801972617004,0.487583499399267,"1e-05 to 1",0.0207821251609778,0.0150889979816813,174,"success","pgls5_castespolymorphic"
"OG0003785_00",0.0284294358180836,0.307941080481251,1,"1e-05 to 1",0.00653676815796425,0.000760819135626867,174,"success","pgls5_castespolymorphic"
"OG0003786_00",-0.0166891454201256,0.304799700996284,0.982444237841322,"1e-05 to 1",0.00658056663263899,0.000804872252596178,174,"success","pgls5_castespolymorphic"
"OG0003787_00",-0.0223172188373759,0.13439238423354,0.815793995444713,"1e-05 to 1",0.013951912813736,0.00821907509753672,174,"success","pgls5_castespolymorphic"
"OG0003788_00",0.00640574879619669,0.715423611568044,1,"1e-05 to 1",0.000822690598625136,-0.0049864798048711,174,"success","pgls5_castespolymorphic"
"OG0003789_00",-0.00459058859441387,0.80888418964984,0.949368341944136,"1e-05 to 1",0.000364411789900704,-0.00544742302527434,174,"success","pgls5_castespolymorphic"
"OG0003790_00",-0.0160173782242961,0.396747330101765,0.924421324109652,"1e-05 to 1",0.00452071592416115,-0.00126695433209378,174,"success","pgls5_castespolymorphic"
"OG0003791_00",-0.0151071226023046,0.46096652935122,1,"1e-05 to 1",0.00335993844788887,-0.00243448051462347,174,"success","pgls5_castespolymorphic"
"OG0003792_00",-0.00326588918680904,0.837091126952812,1,"1e-05 to 1",0.000263377151699125,-0.00554904507416309,174,"success","pgls5_castespolymorphic"
"OG0003793_00",0.00723992316862968,0.558070913070315,1,"1e-05 to 1",0.00212191582717038,-0.00367970094127634,174,"success","pgls5_castespolymorphic"
"OG0003794_00",-0.00527259997097042,0.684064369427859,1,"1e-05 to 1",0.00103115442518648,-0.00477680397931812,174,"success","pgls5_castespolymorphic"
"OG0003795_00",-0.0167828370483508,0.157783520936275,0.761756797362631,"1e-05 to 1",0.0124319510884567,0.00669027638548247,174,"success","pgls5_castespolymorphic"
"OG0003796_00",0.0130100590503997,0.0307131130001801,1e-05,"1e-05 to 1",0.0288476287753092,0.0232013940588867,174,"success","pgls5_castespolymorphic"
"OG0003797_00",0.00475494406710655,0.862363940449947,1,"1e-05 to 1",0.000193264462472177,-0.00561956539530417,174,"success","pgls5_castespolymorphic"
"OG0003798_00",0.00619269133310335,0.673029262126326,1,"1e-05 to 1",0.00110204362110761,-0.00470550263690916,174,"success","pgls5_castespolymorphic"
"OG0003799_00",0.000269934175053766,0.980800705022016,1e-05,"1e-05 to 1",3.67697543160219e-06,-0.00581025513517641,174,"success","pgls5_castespolymorphic"
"OG0003800_00",-0.00579447406980936,0.749764885712184,0.920552539731217,"1e-05 to 1",0.00064568471105989,-0.00516451479643387,174,"success","pgls5_castespolymorphic"
"OG0003801_00",0.0433377613065032,0.030101751762186,1,"1e-05 to 1",0.0290579368230298,0.0234129248278149,174,"success","pgls5_castespolymorphic"
"OG0003802_00",0.00109149924702328,0.912259922431234,0.778228762410148,"1e-05 to 1",7.70854921431192e-05,-0.00573641982476314,174,"success","pgls5_castespolymorphic"
"OG0003803_00",-0.00683398594251801,0.707123083521283,0.693009871911789,"1e-05 to 1",0.000884666742696773,-0.00492414333438052,174,"success","pgls5_castespolymorphic"
"OG0003804_00",0.0212821416230914,0.2018154199267,1,"1e-05 to 1",0.0102906544209134,0.00453653031870938,174,"success","pgls5_castespolymorphic"
"OG0003805_00",-0.0135681158763615,0.499228853457634,0.840801428882091,"1e-05 to 1",0.00287644014273341,-0.00292078985643673,174,"success","pgls5_castespolymorphic"
"OG0003806_00",0.0125842748703062,0.0538014507316114,0.594184457833629,"1e-05 to 1",0.0229037794800289,0.0172229875002615,174,"success","pgls5_castespolymorphic"
"OG0003807_00",0.0181622251756854,0.062827086361116,1,"1e-05 to 1",0.021202958225255,0.0155122777498203,174,"success","pgls5_castespolymorphic"
"OG0003808_00",-0.0071344675765139,0.335281262582307,1e-05,"1e-05 to 1",0.00576763642005379,-1.27842984343207e-05,174,"success","pgls5_castespolymorphic"
"OG0003809_00",-0.00444344149086556,0.735179854135675,0.92684697528526,"1e-05 to 1",0.000708157530247771,-0.00510167876318102,174,"success","pgls5_castespolymorphic"
"OG0003810_00",-0.0378492832494079,0.0993421662592495,0.76323606585801,"1e-05 to 1",0.0167800353314123,0.0110636401879902,174,"success","pgls5_castespolymorphic"
"OG0003811_00",-0.00353087672784563,0.705047318549236,1,"1e-05 to 1",0.000897863864331689,-0.00491086948529418,174,"success","pgls5_castespolymorphic"
"OG0003812_00",-0.0185329352732469,0.119496728712991,0.92751223390303,"1e-05 to 1",0.0150818724855563,0.00935560430233273,174,"success","pgls5_castespolymorphic"
"OG0003813_00",-0.0084324007774385,0.415376403548561,1,"1e-05 to 1",0.00409904119351137,-0.00169108066001478,174,"success","pgls5_castespolymorphic"
"OG0003814_00",0.00563728742115071,0.443106358192944,1e-05,"1e-05 to 1",0.00375154795544328,-0.00204059420760649,174,"success","pgls5_castespolymorphic"
"OG0003815_00",0.0102670927344123,0.501628105598113,1,"1e-05 to 1",0.00282664139323615,-0.00297087813354735,174,"success","pgls5_castespolymorphic"
"OG0003816_00",0.000444070943962098,0.960442891360389,0.114824427914842,"1e-05 to 1",1.52316550150186e-05,-0.0057986332772233,174,"success","pgls5_castespolymorphic"
"OG0003817_00",0.0223861929976097,0.327905548722923,0.670257293137851,"1e-05 to 1",0.00590907083200512,0.000129472406609765,174,"success","pgls5_castespolymorphic"
"OG0003818_00",-0.035089244987541,0.0605285411176453,0.994507391590732,"1e-05 to 1",0.0218444311486859,0.0161574801669923,174,"success","pgls5_castespolymorphic"
"OG0003819_00",-0.0112756792770325,0.381064732863341,1e-05,"1e-05 to 1",0.00479885258947155,-0.000987200593147719,174,"success","pgls5_castespolymorphic"
"OG0003820_00",0.00991918799305997,0.356328887188212,1,"1e-05 to 1",0.00531987334787964,-0.000463150644283816,174,"success","pgls5_castespolymorphic"
"OG0003821_00",0.0353770094159317,0.0126102674625732,1,"1e-05 to 1",0.0382636791951117,0.0326721889578742,174,"success","pgls5_castespolymorphic"
"OG0003822_00",-0.00356745470889155,0.616073753902346,1,"1e-05 to 1",0.00156527385628886,-0.00423957920268614,174,"success","pgls5_castespolymorphic"
"OG0003823_00",0.0244745446161279,0.142946395746803,1,"1e-05 to 1",0.0131996262879206,0.00746241481285037,174,"success","pgls5_castespolymorphic"
"OG0003824_00",-0.00845594555444722,0.677734766289243,0.73192853483132,"1e-05 to 1",0.00109581854193262,-0.00471176390840511,174,"success","pgls5_castespolymorphic"
"OG0003825_00",-0.00109443238423131,0.843081273371995,1,"1e-05 to 1",0.000242605148261039,-0.0055699378450631,174,"success","pgls5_castespolymorphic"
"OG0003826_00",-0.0160101470894928,0.346650685671135,0.727541139024878,"1e-05 to 1",0.00546904250906885,-0.000313114220529709,174,"success","pgls5_castespolymorphic"
"OG0003827_00",0.00115612122785374,0.915995281892798,1,"1e-05 to 1",8.09121114608265e-05,-0.00573257095765878,174,"success","pgls5_castespolymorphic"
"OG0003828_00",-0.00254529499890807,0.849211768275925,0.923630484950276,"1e-05 to 1",0.000225189922830019,-0.00558745432180463,174,"success","pgls5_castespolymorphic"
"OG0003829_00",0.0286566018562953,0.276413375103658,0.886883549363148,"1e-05 to 1",0.00744615741159993,0.00167549553608592,174,"success","pgls5_castespolymorphic"
"OG0003830_00",0.0459432593362019,0.0679785797545631,0.643934510826416,"1e-05 to 1",0.020668271732806,0.0149744826149735,174,"success","pgls5_castespolymorphic"
"OG0003832_00",0.0147670800675181,0.200108345842533,1,"1e-05 to 1",0.01017573104087,0.0044209387794798,174,"success","pgls5_castespolymorphic"
"OG0003833_00",-0.000871877462046668,0.56913412918616,1,"1e-05 to 1",0.00203010998748778,-0.00377204053584079,174,"success","pgls5_castespolymorphic"
"OG0003834_00",0.0116896663481616,0.570972860733931,1,"1e-05 to 1",0.00199834770792182,-0.0038039874798228,174,"success","pgls5_castespolymorphic"
"OG0003835_00",-0.00938576776281058,0.500361280042902,1,"1e-05 to 1",0.00280823255068715,-0.00298939400425069,174,"success","pgls5_castespolymorphic"
"OG0003836_00",-0.01074097319962,0.730638752517662,0.827889846961515,"1e-05 to 1",0.000733633883027784,-0.0050760542920707,174,"success","pgls5_castespolymorphic"
"OG0003837_00",0.00607727630087968,0.48880352161375,1,"1e-05 to 1",0.00296251510367563,-0.00283421445967513,174,"success","pgls5_castespolymorphic"
"OG0003838_00",0.0435755914889603,0.0258544328837036,0.533801726212159,"1e-05 to 1",0.0302792632169992,0.0246413519566329,174,"success","pgls5_castespolymorphic"
"OG0003839_00",0.0169650579088467,0.292815077134265,0.165185429501117,"1e-05 to 1",0.00691407700236503,0.00114032163609967,174,"success","pgls5_castespolymorphic"
"OG0003840_00",-0.00445536349145418,0.719005843639736,1e-05,"1e-05 to 1",0.000811248075761181,-0.0049979888540308,174,"success","pgls5_castespolymorphic"
"OG0003841_00",-0.00585119873064179,0.643095793188142,1e-05,"1e-05 to 1",0.00133689383474729,-0.00446928701505067,174,"success","pgls5_castespolymorphic"
"OG0003842_00",0.0197915135728169,0.133170687931652,0.426828843790227,"1e-05 to 1",0.0140392572431826,0.00830692734343363,174,"success","pgls5_castespolymorphic"
"OG0003843_00",-0.0235797472905861,0.22730455738759,1,"1e-05 to 1",0.00898501753916209,0.00322330252485492,174,"success","pgls5_castespolymorphic"
"OG0003844_00",0.0291690125059467,0.227920080274988,1,"1e-05 to 1",0.00907321972866118,0.00331201751778132,174,"success","pgls5_castespolymorphic"
"OG0003845_00",-0.0757593483718517,0.0102518792069159,0.706138746525317,"1e-05 to 1",0.0407277852508315,0.0351506212115921,174,"success","pgls5_castespolymorphic"
"OG0003846_00",0.0275743143813189,0.0331174922542055,1,"1e-05 to 1",0.0278881013968972,0.0222362880329255,174,"success","pgls5_castespolymorphic"
"OG0003847_00",0.0100071645625801,0.472195311319988,0.537564661115153,"1e-05 to 1",0.00323507615576736,-0.00256006875030379,174,"success","pgls5_castespolymorphic"
"OG0003848_00",-0.00193970609836648,0.703403667189098,1,"1e-05 to 1",0.000897148662113556,-0.00491158884566478,174,"success","pgls5_castespolymorphic"
"OG0003849_00",0.0260874249012347,0.283674867346419,0.816586039131416,"1e-05 to 1",0.0071357390771322,0.0013632724438597,174,"success","pgls5_castespolymorphic"
"OG0003850_00",-0.00467329290121504,0.613359179024699,1,"1e-05 to 1",0.00163004890350846,-0.00417442755635489,174,"success","pgls5_castespolymorphic"
"OG0003851_00",0.00861207923731743,0.0414272439443231,1,"1e-05 to 1",0.0255762999437768,0.0199110458736825,174,"success","pgls5_castespolymorphic"
"OG0003852_00",-0.00814901422665155,0.674238334639331,1,"1e-05 to 1",0.00110711939962014,-0.00470039734805638,174,"success","pgls5_castespolymorphic"
"OG0003853_00",-0.00307089278108355,0.868233961481405,1,"1e-05 to 1",0.000171470568705197,-0.00564148599775582,174,"success","pgls5_castespolymorphic"
"OG0003854_00",-0.00291186498257448,0.831211426506292,0.102415609868356,"1e-05 to 1",0.000284798921569134,-0.0055274987591194,174,"success","pgls5_castespolymorphic"
"OG0003855_00",-0.0019128727769654,0.908182660877612,1,"1e-05 to 1",8.28701228703931e-05,-0.00573060156246186,174,"success","pgls5_castespolymorphic"
"OG0003856_00",0.00512392282660882,0.413414949762556,1e-05,"1e-05 to 1",0.00418528927111953,-0.00160433114009506,174,"success","pgls5_castespolymorphic"
"OG0003858_00",-0.0159710445452646,0.173395239753179,0.357517525192188,"1e-05 to 1",0.011698190500113,0.00595224974720676,174,"success","pgls5_castespolymorphic"
"OG0003860_00",0.0122354100211467,0.205962604543238,1,"1e-05 to 1",0.0122758645905321,0.00653328240791895,174,"success","pgls5_castespolymorphic"
"OG0003861_00",0.0047705642738095,0.683342111424792,0.789826176983614,"1e-05 to 1",0.00103614253995037,-0.00477178686388702,174,"success","pgls5_castespolymorphic"
"OG0003862_00",0.0045948387147292,0.73807121558882,0.302076101243795,"1e-05 to 1",0.00086316608649134,-0.00494576899440125,174,"success","pgls5_castespolymorphic"
"OG0003864_00",-0.011790200011311,0.520520770987892,0.448879299906616,"1e-05 to 1",0.00328429683192201,-0.00251056190742727,174,"success","pgls5_castespolymorphic"
"OG0003865_00",0.00522341811082942,0.66958557197228,0.680252632327177,"1e-05 to 1",0.00113385102087313,-0.00467351031040075,174,"success","pgls5_castespolymorphic"
"OG0003867_00",-0.0226237900391006,0.142090711938302,1e-05,"1e-05 to 1",0.0135903073007601,0.00785536722692737,174,"success","pgls5_castespolymorphic"
"OG0003868_00",0.00573179415531521,0.495007551421767,1,"1e-05 to 1",0.00291499522869336,-0.00288201061300031,174,"success","pgls5_castespolymorphic"
"OG0003869_00",0.0278601145244659,0.208223099593175,1,"1e-05 to 1",0.00988018377511389,0.00412367321566687,174,"success","pgls5_castespolymorphic"
"OG0003870_00",0.0172499887281046,0.198719036985215,0.925087921565585,"1e-05 to 1",0.0104325072606967,0.00467920788430531,174,"success","pgls5_castespolymorphic"
"OG0003871_00",-0.00722112781526308,0.494323065485933,1,"1e-05 to 1",0.00288808253586809,-0.00290907977496979,174,"success","pgls5_castespolymorphic"
"OG0003872_00",-0.00542226757559779,0.677025724272673,1,"1e-05 to 1",0.00108036526621562,-0.00472730702874813,174,"success","pgls5_castespolymorphic"
"OG0003873_00",-0.016522376599204,0.318330818389739,0.638784853625587,"1e-05 to 1",0.00618506593003887,0.000407072127306507,174,"success","pgls5_castespolymorphic"
"OG0003874_00",0.0116442008712462,0.412607590256947,0.171068319387358,"1e-05 to 1",0.00419974890760489,-0.00158978743595539,174,"success","pgls5_castespolymorphic"
"OG0003875_00",-0.00684769548317272,0.466964039889839,1e-05,"1e-05 to 1",0.00331204462966876,-0.00248265278527504,174,"success","pgls5_castespolymorphic"
"OG0003876_00",0.038180827324077,0.00580205410709178,1,"1e-05 to 1",0.0468820949039767,0.0413407117348138,174,"success","pgls5_castespolymorphic"
"OG0003877_00",0.0165132307311911,0.129524131722432,1e-05,"1e-05 to 1",0.0143949366501178,0.00866467465389753,174,"success","pgls5_castespolymorphic"
"OG0003878_00",-0.010371387753154,0.616264755853404,1,"1e-05 to 1",0.00155390699867299,-0.00425101214668344,174,"success","pgls5_castespolymorphic"
"OG0003879_00",0.00467824352985539,0.61902254009517,0.656506638150559,"1e-05 to 1",0.00166354581651653,-0.00414073589385255,174,"success","pgls5_castespolymorphic"
"OG0003880_00",0.029693670227904,0.282859674473604,0.81528743421982,"1e-05 to 1",0.00720458545860448,0.00143251909499176,174,"success","pgls5_castespolymorphic"
"OG0003881_00",0.011182865220353,0.0910652766638851,1,"1e-05 to 1",0.0180800057089476,0.0123711685328367,174,"success","pgls5_castespolymorphic"
"OG0003882_00",0.00278349984469372,0.82830675276047,0.823648442539336,"1e-05 to 1",0.000396830848910706,-0.00541481548336287,174,"success","pgls5_castespolymorphic"
"OG0003883_00",-0.00483485338208193,0.393246313049073,1e-05,"1e-05 to 1",0.0045309879027116,-0.00125662263273774,174,"success","pgls5_castespolymorphic"
"OG0003884_00",0.0707165102394971,0.00657069213059724,1,"1e-05 to 1",0.0449794806939218,0.0394270358142353,174,"success","pgls5_castespolymorphic"
"OG0003885_00",0.00717291418659673,0.689393313133395,1e-05,"1e-05 to 1",0.000994782787655877,-0.00481338707985768,174,"success","pgls5_castespolymorphic"
"OG0003886_00",0.0007032102135385,0.932291521518227,0.869452491016815,"1e-05 to 1",4.49742118697398e-05,-0.00576871779852639,174,"success","pgls5_castespolymorphic"
"OG0003887_00",0.00649716445916636,0.188086530080395,1,"1e-05 to 1",0.0109399012443644,0.00518955183299441,174,"success","pgls5_castespolymorphic"
"OG0003888_00",-0.01073691712071,0.185333635425867,1e-05,"1e-05 to 1",0.0110766946353941,0.00532714053443728,174,"success","pgls5_castespolymorphic"
"OG0003889_00",-0.00901113112042386,0.355276486076469,1e-05,"1e-05 to 1",0.00527714626563099,-0.000506126139801388,174,"success","pgls5_castespolymorphic"
"OG0003893_00",0.0305455350507965,0.0341479552273558,0.492553191984846,"1e-05 to 1",0.0353999211250404,0.0297917811315814,174,"success","pgls5_castespolymorphic"
"OG0003894_00",-0.0249575361610536,0.0067882555300729,1,"1e-05 to 1",0.0710000895317495,0.0655989272615853,174,"success","pgls5_castespolymorphic"
"OG0003896_00",-0.0197339989217767,0.498362591155899,0.718109364426252,"1e-05 to 1",0.00399563374707407,-0.0017950893125358,174,"success","pgls5_castespolymorphic"
"OG0003897_00",-0.00155190989518581,0.910095348175116,0.317908888098082,"1e-05 to 1",0.000120849501661266,-0.00569240137332927,174,"success","pgls5_castespolymorphic"
"OG0003898_00",-0.00241882316485606,0.874387961983285,0.878414497775644,"1e-05 to 1",0.00017414135049324,-0.00563879968816683,174,"success","pgls5_castespolymorphic"
"OG0003899_00",0.0037590507262599,0.776115184941281,0.362904526909412,"1e-05 to 1",0.000503764344802849,-0.00530726028109951,174,"success","pgls5_castespolymorphic"
"OG0003900_00",0.0164501253078622,0.483678311141635,0.957946400353538,"1e-05 to 1",0.00312963244893471,-0.00266612550194356,174,"success","pgls5_castespolymorphic"
"OG0003901_00",-0.00774841349850402,0.23009588652562,1e-05,"1e-05 to 1",0.00904564075974447,0.00328427820602195,174,"success","pgls5_castespolymorphic"
"OG0003902_00",0.0019994410032924,0.872684171737267,1e-05,"1e-05 to 1",0.0001609896977617,-0.00565202780399554,174,"success","pgls5_castespolymorphic"
"OG0003903_00",-0.0184284650192494,0.38449609764946,0.334344406339051,"1e-05 to 1",0.00479021948083875,-0.00099588389427252,174,"success","pgls5_castespolymorphic"
"OG0003904_00",0.00929897437942687,0.703737233772804,0.818586968044442,"1e-05 to 1",0.00109910761059455,-0.00470845571725076,174,"success","pgls5_castespolymorphic"
"OG0003905_00",-0.0469479488186922,0.00193254081317717,0.901065619264786,"1e-05 to 1",0.0581318089925175,0.0526558311378229,174,"success","pgls5_castespolymorphic"
"OG0003906_00",0.00988505523286488,0.572982587630364,0.736149203149679,"1e-05 to 1",0.00227493697389298,-0.00352579013672383,174,"success","pgls5_castespolymorphic"
"OG0003907_00",-0.012985432597375,0.369167453931432,0.492572442630417,"1e-05 to 1",0.00683995305312312,0.00106576673366454,174,"success","pgls5_castespolymorphic"
"OG0003908_00",0.0174295644886221,0.333127444633379,0.511146866931465,"1e-05 to 1",0.00604441314412509,0.000265601592637554,174,"success","pgls5_castespolymorphic"
"OG0003909_00",0.0281384069452502,0.00954930679519483,1,"1e-05 to 1",0.0430898270998645,0.0375263958620731,174,"success","pgls5_castespolymorphic"
"OG0003910_00",0.000974214827434387,0.970578094382591,1,"1e-05 to 1",8.748303681373e-06,-0.00580515432245998,174,"success","pgls5_castespolymorphic"
"OG0003911_00",-0.0118588326646225,0.313623330111884,0.229104539099533,"1e-05 to 1",0.00634560196893141,0.000568541515262422,174,"success","pgls5_castespolymorphic"
"OG0003912_00",-0.0062639629543021,0.527556362060613,1e-05,"1e-05 to 1",0.00249902911138082,-0.00330039513797153,174,"success","pgls5_castespolymorphic"
"OG0003913_00",0.0121565564251176,0.268329783561963,1e-05,"1e-05 to 1",0.00760493523483515,0.00183519648620045,174,"success","pgls5_castespolymorphic"
"OG0003914_00",-0.0117528704431892,0.588848589345872,0.722873762219485,"1e-05 to 1",0.00188911517131703,-0.00391385508931474,174,"success","pgls5_castespolymorphic"
"OG0003915_00",-0.00184809005899975,0.87823256683434,1,"1e-05 to 1",0.000147156749425834,-0.0056659411764497,174,"success","pgls5_castespolymorphic"
"OG0003916_00",-0.00705076519607627,0.706726159424688,1e-05,"1e-05 to 1",0.000876199811967627,-0.00493265949145116,174,"success","pgls5_castespolymorphic"
"OG0003917_00",-0.00644057325798173,0.667526724359733,1,"1e-05 to 1",0.0011489212431074,-0.00465835247059543,174,"success","pgls5_castespolymorphic"
"OG0003918_00",0.00660894976570194,0.566306290327324,0.913573294709346,"1e-05 to 1",0.00203446232282368,-0.00376766289622976,174,"success","pgls5_castespolymorphic"
"OG0003919_00",0.0283141422697627,0.0763954689405693,1e-05,"1e-05 to 1",0.0270501463113289,0.0213934611154645,174,"success","pgls5_castespolymorphic"
"OG0003920_00",0.0253763590669514,0.0910695016955838,0.708904518928941,"1e-05 to 1",0.0175247441317511,0.0118126786906566,174,"success","pgls5_castespolymorphic"
"OG0003921_00",0.0173905337278331,0.176527418202906,0.524326081623479,"1e-05 to 1",0.0117530636767188,0.00600744195390901,174,"success","pgls5_castespolymorphic"
"OG0003922_00",-0.00550050419747547,0.57938330681216,0.406246386836075,"1e-05 to 1",0.00191238115110691,-0.00389045384220066,174,"success","pgls5_castespolymorphic"
"OG0003923_00",-0.0052499213084729,0.62325425546583,1,"1e-05 to 1",0.0015024146901085,-0.00430280382913506,174,"success","pgls5_castespolymorphic"
"OG0003924_00",0.00187353521492677,0.803572189162395,1,"1e-05 to 1",0.000395223171083626,-0.00541643250815427,174,"success","pgls5_castespolymorphic"
"OG0003925_00",0.0305171205127534,0.192856173364755,0.912652784324724,"1e-05 to 1",0.0108452568629303,0.0050943571935288,174,"success","pgls5_castespolymorphic"
"OG0003926_00",0.000513512399268544,0.9674731318415,1,"1e-05 to 1",1.02959926037384e-05,-0.00580359763534632,174,"success","pgls5_castespolymorphic"
"OG0003927_00",-0.00880536172119564,0.514218451116787,1,"1e-05 to 1",0.00263102895258497,-0.00316762785583036,174,"success","pgls5_castespolymorphic"
"OG0003928_00",-0.00471850675599377,0.766123893827517,1e-05,"1e-05 to 1",0.000547684952531203,-0.00526308432100064,174,"success","pgls5_castespolymorphic"
"OG0003929_00",-0.00201910785068329,0.778539126610507,1,"1e-05 to 1",0.000505215058712184,-0.0053058011328071,174,"success","pgls5_castespolymorphic"
"OG0003930_00",-0.0169474985809985,0.259910375983706,1,"1e-05 to 1",0.00812899788012853,0.00236230600733855,174,"success","pgls5_castespolymorphic"
"OG0003931_00",-0.00712448473923025,0.703394980440563,1,"1e-05 to 1",0.000902791278386755,-0.00490591342348301,174,"success","pgls5_castespolymorphic"
"OG0003932_00",0.00111045934372545,0.967979965226591,0.60965231827775,"1e-05 to 1",1.01025661949063e-05,-0.00580379218632721,174,"success","pgls5_castespolymorphic"
"OG0003933_00",0.0237424527789842,0.0999868885044364,0.865527876478071,"1e-05 to 1",0.0170324954458937,0.0113175680938349,174,"success","pgls5_castespolymorphic"
"OG0003934_00",0.011839594779714,0.422352960935769,0.976741949643739,"1e-05 to 1",0.00397816525892311,-0.00181265936166453,174,"success","pgls5_castespolymorphic"
"OG0003935_00",0.0322605393895475,0.0618934542213068,0.833976350110706,"1e-05 to 1",0.0213530618929319,0.0156632541132397,174,"success","pgls5_castespolymorphic"
"OG0003936_00",-0.00843023167552561,0.401878415605026,1e-05,"1e-05 to 1",0.00436858790959955,-0.00141996681185619,174,"success","pgls5_castespolymorphic"
"OG0003937_00",-0.0448658453721097,0.221380716736832,0.827811690206792,"1e-05 to 1",0.00933165830399938,0.0035719586429761,174,"success","pgls5_castespolymorphic"
"OG0003938_00",-0.00236470599831172,0.810636392237387,1e-05,"1e-05 to 1",0.000359874589385767,-0.0054519866048619,174,"success","pgls5_castespolymorphic"
"OG0003939_00",-0.0323583850408385,0.104418026469972,0.690501721947318,"1e-05 to 1",0.0164977840023572,0.010779747862836,174,"success","pgls5_castespolymorphic"
"OG0003940_00",0.0412431432401237,0.00216259783451678,1e-05,"1e-05 to 1",0.056577643851095,0.0510926301525547,174,"success","pgls5_castespolymorphic"
"OG0003941_00",-0.0101745626406046,0.159836577208164,1,"1e-05 to 1",0.0122345457519467,0.00649172334352777,174,"success","pgls5_castespolymorphic"
"OG0003942_00",0.0166433589559214,0.263220652864509,0.564298852263311,"1e-05 to 1",0.00781712307347969,0.00204861797506972,174,"success","pgls5_castespolymorphic"
"OG0003943_00",0.0036007798403726,0.771166934189359,1,"1e-05 to 1",0.000526917969188679,-0.00528397204261832,174,"success","pgls5_castespolymorphic"
"OG0003944_00",0.0289908518207789,0.0478887089279887,0.348797329051941,"1e-05 to 1",0.024090397752089,0.0184165047157639,174,"success","pgls5_castespolymorphic"
"OG0003945_00",0.00805795806642158,0.286559604176278,1,"1e-05 to 1",0.00727697474222114,0.00150532924653635,174,"success","pgls5_castespolymorphic"
"OG0003946_00",-0.0209655341042802,0.379903121104839,0.774908513630908,"1e-05 to 1",0.00494599410352344,-0.000839203605176975,174,"success","pgls5_castespolymorphic"
"OG0003947_00",0.0149008601659508,0.484131938934491,0.950036008134239,"1e-05 to 1",0.00306450244414852,-0.00273163416954825,174,"success","pgls5_castespolymorphic"
"OG0003948_00",-0.00655991006901177,0.648632957549119,0.812866237551641,"1e-05 to 1",0.00128478951428004,-0.00452169426761362,174,"success","pgls5_castespolymorphic"
"OG0003949_00",0.00234733407990372,0.850500941352836,1,"1e-05 to 1",0.000221310534647219,-0.00559135626456997,174,"success","pgls5_castespolymorphic"
"OG0003951_00",-0.00684978135777066,0.601484150193759,0.946691713141113,"1e-05 to 1",0.00179878708561548,-0.00400470833830546,174,"success","pgls5_castespolymorphic"
"OG0003952_00",0.00031283219128352,0.984574657170963,1,"1e-05 to 1",2.34358283753051e-06,-0.0058115962800529,174,"success","pgls5_castespolymorphic"
"OG0003953_00",-0.0140294949574755,0.330563412580251,1,"1e-05 to 1",0.00614833585282914,0.000370128503136224,174,"success","pgls5_castespolymorphic"
"OG0003954_00",0.00170409170786397,0.901072344618453,0.746938098745669,"1e-05 to 1",9.62702010665423e-05,-0.00571712357683429,174,"success","pgls5_castespolymorphic"
"OG0003955_00",-0.0282567970689841,0.243743867253398,0.78842443218005,"1e-05 to 1",0.00843030869357998,0.00266536862784494,174,"success","pgls5_castespolymorphic"
"OG0003956_00",0.00376526397619798,0.835787251074293,0.541814406328328,"1e-05 to 1",0.000267670583305523,-0.0055447266807449,174,"success","pgls5_castespolymorphic"
"OG0003957_00",-0.00222523806928151,0.748218315972568,1,"1e-05 to 1",0.0006457711029744,-0.00516442790224092,174,"success","pgls5_castespolymorphic"
"OG0003958_00",-0.0100791285079807,0.252142610122112,1e-05,"1e-05 to 1",0.00823958038847778,0.00247353143724804,174,"success","pgls5_castespolymorphic"
"OG0003959_00",-0.0106830445029521,0.381395478347205,0.751135308899733,"1e-05 to 1",0.00473300195413979,-0.00105343408101044,174,"success","pgls5_castespolymorphic"
"OG0003960_00",-0.0036694222012704,0.833848254685877,1,"1e-05 to 1",0.000272425213140675,-0.0055399444077131,174,"success","pgls5_castespolymorphic"
"OG0003961_00",0.00312685234514121,0.649610866447776,1,"1e-05 to 1",0.00130955426848071,-0.00449678553228394,174,"success","pgls5_castespolymorphic"
"OG0003962_00",-0.00153334397625834,0.949504496248755,0.742591593739768,"1e-05 to 1",2.48328020067844e-05,-0.00578897630960951,174,"success","pgls5_castespolymorphic"
"OG0003963_00",0.000151572012482494,0.976202494435329,1,"1e-05 to 1",5.61408409522894e-06,-0.00580830676425292,174,"success","pgls5_castespolymorphic"
"OG0003964_00",-0.00154894049454369,0.947579057422008,0.725914336129072,"1e-05 to 1",2.71010684916945e-05,-0.00578669485552874,174,"success","pgls5_castespolymorphic"
"OG0003965_00",-0.0126139543724029,0.583936643674946,0.86115108681148,"1e-05 to 1",0.00185531661231221,-0.00394785015156973,174,"success","pgls5_castespolymorphic"
"OG0003966_00",-0.0381302515927881,0.140005225571578,1,"1e-05 to 1",0.0133948280938529,0.00765875151300333,174,"success","pgls5_castespolymorphic"
"OG0003967_00",0.0313159946777514,0.0622046521097972,0.836045775767389,"1e-05 to 1",0.0215669779696234,0.0158784138880514,174,"success","pgls5_castespolymorphic"
"OG0003968_00",-0.0127769854970959,0.250439608820562,0.374922568046456,"1e-05 to 1",0.00824693677600977,0.00248093059447485,174,"success","pgls5_castespolymorphic"
"OG0003969_00",-0.0118626024459802,0.325976629920721,0.776539088967747,"1e-05 to 1",0.00599324045771804,0.00021413139061166,174,"success","pgls5_castespolymorphic"
"OG0003970_00",-0.0216037535432709,0.179665788632606,0.901802292302799,"1e-05 to 1",0.0111545945893477,0.00540549339509977,174,"success","pgls5_castespolymorphic"
"OG0003971_00",0.0190200962867397,0.31718990471647,0.593263809566831,"1e-05 to 1",0.00629237136674493,0.000515001432830786,174,"success","pgls5_castespolymorphic"
"OG0003972_00",-0.000161232397494715,0.994727134556104,0.787656607734361,"1e-05 to 1",2.8085805095459e-07,-0.00581367099742547,174,"success","pgls5_castespolymorphic"
"OG0003973_00",-0.011461422530294,0.422268232803887,1e-05,"1e-05 to 1",0.00397961545861619,-0.00181120073057794,174,"success","pgls5_castespolymorphic"
"OG0003974_00",0.00201764147549285,0.889911833038552,1e-05,"1e-05 to 1",0.00012011084943103,-0.00569314432004919,174,"success","pgls5_castespolymorphic"
"OG0003975_00",0.00124145519342747,0.932447631177901,0.776817485999203,"1e-05 to 1",4.44893887834372e-05,-0.00576920544035153,174,"success","pgls5_castespolymorphic"
"OG0003976_00",-0.0614354021142567,0.00832159767434337,0.801535561238824,"1e-05 to 1",0.0429784670973111,0.0374143884176443,174,"success","pgls5_castespolymorphic"
"OG0003977_00",-0.0342541873598118,0.0450102600582387,0.733839297628826,"1e-05 to 1",0.0248778482618386,0.0192085334261516,174,"success","pgls5_castespolymorphic"
"OG0003978_00",0.00707885269193417,0.499519938049628,1,"1e-05 to 1",0.0028192610085042,-0.00297830142749289,174,"success","pgls5_castespolymorphic"
"OG0003979_00",-0.0161150424464155,0.208368187399553,1,"1e-05 to 1",0.00981269860331426,0.00405579568821723,174,"success","pgls5_castespolymorphic"
"OG0003980_00",0.00367061263007107,0.760361103217523,1,"1e-05 to 1",0.000575862513407447,-0.00523474293709603,174,"success","pgls5_castespolymorphic"
"OG0003981_00",0.0157537778757029,0.225722404763859,0.154111252322622,"1e-05 to 1",0.00910227246790904,0.00334123916830387,174,"success","pgls5_castespolymorphic"
"OG0003982_00",-0.00899304918763542,0.60921784538178,1,"1e-05 to 1",0.00162680051335374,-0.00417769483249897,174,"success","pgls5_castespolymorphic"
"OG0003983_00",0.00833074580795937,0.428697389758399,1e-05,"1e-05 to 1",0.00389486353244021,-0.00189644540051082,174,"success","pgls5_castespolymorphic"
"OG0003984_00",-0.0166344599901511,0.0723738843117414,1e-05,"1e-05 to 1",0.0197910747020768,0.0140921856015075,174,"success","pgls5_castespolymorphic"
"OG0003985_00",0.00711910635559288,0.793070832775273,0.773159525608376,"1e-05 to 1",0.000431343298106009,-0.00538010238039344,174,"success","pgls5_castespolymorphic"
"OG0003986_00",0.000801523753954138,0.968399988762707,0.957517528820482,"1e-05 to 1",9.83912676695394e-06,-0.00580405715737986,174,"success","pgls5_castespolymorphic"
"OG0003987_00",-0.00982230939399232,0.526161185021204,1,"1e-05 to 1",0.002515937179311,-0.00328338876732093,174,"success","pgls5_castespolymorphic"
"OG0003988_00",0.00133174541418123,0.898043848828423,1e-05,"1e-05 to 1",0.000103577866859801,-0.00570977342461187,174,"success","pgls5_castespolymorphic"
"OG0003989_00",0.00536128988188539,0.801894116337044,0.912895583576632,"1e-05 to 1",0.000389699619406941,-0.00542198817350337,174,"success","pgls5_castespolymorphic"
"OG0003990_00",-0.00289387819477698,0.857939617797176,0.903127228364482,"1e-05 to 1",0.000199606052778067,-0.00561318693528712,174,"success","pgls5_castespolymorphic"
"OG0003991_00",0.0110800748881708,0.412111850891095,0.761267416935187,"1e-05 to 1",0.00420864809726261,-0.00158083650682306,174,"success","pgls5_castespolymorphic"
"OG0003992_00",0.00609698672053086,0.60691080254051,1,"1e-05 to 1",0.00163764575762058,-0.00416678653448632,174,"success","pgls5_castespolymorphic"
"OG0003993_00",-0.016219441455565,0.25750086632142,0.149486377502884,"1e-05 to 1",0.00815908311130924,0.00239256615265393,174,"success","pgls5_castespolymorphic"
"OG0003994_00",0.00368094395473669,0.822449719878131,1,"1e-05 to 1",0.000311734742420209,-0.00550040633465865,174,"success","pgls5_castespolymorphic"
"OG0003995_00",-0.00429083392853245,0.787780979084087,0.731644833804594,"1e-05 to 1",0.000454220559069759,-0.00535709211209845,174,"success","pgls5_castespolymorphic"
"OG0003996_00",0.00386784083684862,0.889395768762907,1,"1e-05 to 1",0.000122011730460132,-0.00569123238738611,174,"success","pgls5_castespolymorphic"
"OG0003997_00",-0.0187069146643447,0.037650085945141,0.820389782196584,"1e-05 to 1",0.0265611873712947,0.0209016593908953,174,"success","pgls5_castespolymorphic"
"OG0003998_00",-0.00301006079021155,0.708919697412029,1e-05,"1e-05 to 1",0.000884419159867744,-0.00492439235664466,174,"success","pgls5_castespolymorphic"
"OG0004000_00",0.00287120233347231,0.812309862289811,1,"1e-05 to 1",0.000349046846254241,-0.00546287729998851,174,"success","pgls5_castespolymorphic"
"OG0004001_00",0.013660500123833,0.459046601646592,1,"1e-05 to 1",0.00338876658287691,-0.00240548477419944,174,"success","pgls5_castespolymorphic"
"OG0004002_00",-0.00713687004937297,0.532042413740364,1e-05,"1e-05 to 1",0.00328981032649765,-0.00250501635765077,174,"success","pgls5_castespolymorphic"
"OG0004003_00",-0.0390398133203895,0.0647399812056255,0.857496871137035,"1e-05 to 1",0.0209026361977504,0.0152102096640164,174,"success","pgls5_castespolymorphic"
"OG0004004_00",0.0194564787359532,0.0772643464956022,1e-05,"1e-05 to 1",0.0191425606245685,0.0134399010933161,174,"success","pgls5_castespolymorphic"
"OG0004005_00",0.0119244268555364,0.451266248078905,0.780989463234643,"1e-05 to 1",0.00357382629676614,-0.00221934913174104,174,"success","pgls5_castespolymorphic"
"OG0004006_00",0.00121103240236285,0.857923062951513,1,"1e-05 to 1",0.000200904677984334,-0.00561188075993457,174,"success","pgls5_castespolymorphic"
"OG0004007_00",0.0105765596616096,0.192024902398051,1e-05,"1e-05 to 1",0.0106141155751261,0.00486187206102795,174,"success","pgls5_castespolymorphic"
"OG0004009_00",-0.0483955593742871,0.0304358980693664,0.969278280543098,"0.001 to 1",0.0289424504220238,0.0232967669942449,174,"success","pgls5_castespolymorphic"
"OG0004010_00",-0.0352826612324422,0.0968666326566701,1e-05,"1e-05 to 1",0.0170269799992774,0.0113120205806685,174,"success","pgls5_castespolymorphic"
"OG0004011_00",0.0152339278229983,0.0362494634342552,1e-05,"1e-05 to 1",0.0269527191599808,0.0212954675271899,174,"success","pgls5_castespolymorphic"
"OG0004012_00",0.0101398739544128,0.38064357089059,1,"1e-05 to 1",0.0047774467558676,-0.00100873087927278,174,"success","pgls5_castespolymorphic"
"OG0004013_00",0.0279950625290379,0.215046999835114,0.73131813999798,"1e-05 to 1",0.00947255182582009,0.00371367131317946,174,"success","pgls5_castespolymorphic"
"OG0004014_00",0.0261587346581667,0.393969655755682,0.780980844238939,"1e-05 to 1",0.00448927660057759,-0.00129857644244225,174,"success","pgls5_castespolymorphic"
"OG0004015_00",0.0326225098696367,0.00505919483810136,1e-05,"1e-05 to 1",0.0474917133800098,0.0419538745043122,174,"success","pgls5_castespolymorphic"
"OG0004016_00",0.0149782277680836,0.0334044477935,1e-05,"1e-05 to 1",0.0276289452706944,0.021975625185059,174,"success","pgls5_castespolymorphic"
"OG0004017_00",-0.00143541690065493,0.939367396706335,0.673526233136976,"1e-05 to 1",3.60482844052923e-05,-0.0057776956209179,174,"success","pgls5_castespolymorphic"
"OG0004018_00",-0.0185992136326139,0.271902976090262,1,"1e-05 to 1",0.00749274267881624,0.00172235164787904,174,"success","pgls5_castespolymorphic"
"OG0004019_00",-0.00442051105008127,0.726910578534048,1,"1e-05 to 1",0.00075962798499754,-0.00504990906160141,174,"success","pgls5_castespolymorphic"
"OG0004020_00",0.0459361028910554,0.0226075271608368,0.916898011039587,"1e-05 to 1",0.0320661101858948,0.0264385875706966,174,"success","pgls5_castespolymorphic"
"OG0004021_00",0.0372465675641959,0.0911024001004952,1e-05,"1e-05 to 1",0.0178498587926582,0.0121396835530806,174,"success","pgls5_castespolymorphic"
"OG0004022_00",-0.0156642298557988,0.248104808707201,1e-05,"1e-05 to 1",0.00832835063204596,0.00256281778688339,174,"success","pgls5_castespolymorphic"
"OG0004023_00",-0.0167693095317697,0.351876360656539,0.620170064429828,"1e-05 to 1",0.00538528214410008,-0.000397361564364429,174,"success","pgls5_castespolymorphic"
"OG0004024_00",0.0252342189924804,0.385470489806914,0.708119363114116,"1e-05 to 1",0.00471098682353453,-0.00107557720656115,174,"success","pgls5_castespolymorphic"
"OG0004025_00",-0.0094914184931355,0.50873702464797,0.665433202534309,"1e-05 to 1",0.00273394568785447,-0.00306411276744867,174,"success","pgls5_castespolymorphic"
"OG0004026_00",-0.0354911451980104,0.0572577495876763,1,"1e-05 to 1",0.0221355316839172,0.0164502731471957,174,"success","pgls5_castespolymorphic"
"OG0004027_00",0.0121253509474833,0.102644005136222,1e-05,"1e-05 to 1",0.0165631724243055,0.0108455164500283,174,"success","pgls5_castespolymorphic"
"OG0004028_00",0.00722498592166448,0.538080705525068,0.898427366991012,"1e-05 to 1",0.00238898055265868,-0.00341108351389563,174,"success","pgls5_castespolymorphic"
"OG0004029_00",-0.0205256692945252,0.120329485631204,0.421568438662426,"1e-05 to 1",0.0150147004040626,0.00928804168548147,174,"success","pgls5_castespolymorphic"
"OG0004030_00",-0.00127910541345861,0.882916994234846,1e-05,"1e-05 to 1",0.000172805742658903,-0.00564014306116278,174,"success","pgls5_castespolymorphic"
"OG0004031_00",-0.000674290146047291,0.932778118894439,1,"1e-05 to 1",4.40541193291808e-05,-0.00576964324044216,174,"success","pgls5_castespolymorphic"
"OG0004032_00",-0.015378404416032,0.528222900213365,0.665018187520944,"1e-05 to 1",0.00337985010151959,-0.00241445309556454,174,"success","pgls5_castespolymorphic"
"OG0004033_00",0.0211273880735216,0.203356263758526,0.972635843057264,"1e-05 to 1",0.0099691257107963,0.00421313225562658,174,"success","pgls5_castespolymorphic"
"OG0004034_00",0.00397876031356026,0.732140452892668,1e-05,"1e-05 to 1",0.000725153491321622,-0.00508458398837996,174,"success","pgls5_castespolymorphic"
"OG0004035_00",0.0121861141131893,0.0388774972258332,0.887100995970699,"1e-05 to 1",0.0262302992121225,0.0205688474633559,174,"success","pgls5_castespolymorphic"
"OG0004036_00",-0.0161922158999382,0.303591899476881,1,"1e-05 to 1",0.0065723424253524,0.000796600230150935,174,"success","pgls5_castespolymorphic"
"OG0004037_00",-0.00570674739732403,0.678767871844681,0.936520590533982,"1e-05 to 1",0.00110238354544568,-0.00470516073626692,174,"success","pgls5_castespolymorphic"
"OG0004038_00",-0.0224867904417725,0.0317612728219598,1,"1e-05 to 1",0.0284969195698681,0.0228486458464371,174,"success","pgls5_castespolymorphic"
"OG0004039_00",-0.00882204653676063,0.568627855415249,1,"1e-05 to 1",0.00204825901070757,-0.00375378599504406,174,"success","pgls5_castespolymorphic"
"OG0004040_00",0.0151487708726496,0.170452082060724,0.490224658409273,"1e-05 to 1",0.011858946388779,0.00611394026313228,174,"success","pgls5_castespolymorphic"
"OG0004041_00",0.00686960787950692,0.650169917907017,0.8890255088725,"1e-05 to 1",0.00129685472774494,-0.00450955890755877,174,"success","pgls5_castespolymorphic"
"OG0004042_00",-0.000588401549421851,0.924416072032514,1e-05,"1e-05 to 1",5.60778922614214e-05,-0.00575754956185337,174,"success","pgls5_castespolymorphic"
"OG0004043_00",-0.0157399940212883,0.234780096189427,0.565829185482001,"1e-05 to 1",0.00870281104921786,0.00293945529950401,174,"success","pgls5_castespolymorphic"
"OG0004044_00",-0.000575690772114587,0.927281317415183,1,"1e-05 to 1",5.22207203888934e-05,-0.00576142915914368,174,"success","pgls5_castespolymorphic"
"OG0004045_00",-0.024822813647886,0.208448922229211,0.819464941765367,"1e-05 to 1",0.0132626983176771,0.00752585354045443,174,"success","pgls5_castespolymorphic"
"OG0004046_00",0.000117738298254804,0.979056758796486,1,"1e-05 to 1",4.2670908573524e-06,-0.00580966158884699,174,"success","pgls5_castespolymorphic"
"OG0004047_00",-0.000142204781664401,0.990151389772969,0.991936270843989,"1e-05 to 1",9.49324051147138e-07,-0.00581299864499507,174,"success","pgls5_castespolymorphic"
"OG0004048_00",-0.00513866177102293,0.669902946938878,0.84819531718199,"1e-05 to 1",0.0011386285383848,-0.00466870501662475,174,"success","pgls5_castespolymorphic"
"OG0004049_00",-0.00848282910372843,0.621072104833752,0.919496295142794,"1e-05 to 1",0.0015405300524453,-0.00426446686585447,174,"success","pgls5_castespolymorphic"
"OG0004050_00",-0.0109076977535438,0.561643706318459,1,"1e-05 to 1",0.00210977369385992,-0.00369191366838506,174,"success","pgls5_castespolymorphic"
"OG0004051_00",-0.0129665358640435,0.425205736093659,0.850705042655261,"1e-05 to 1",0.0039787642694207,-0.0018120568685478,174,"success","pgls5_castespolymorphic"
"OG0004052_00",-0.00665902925794699,0.696363507148803,0.956535450937725,"1e-05 to 1",0.000966401205836008,-0.00484193367087427,174,"success","pgls5_castespolymorphic"
"OG0004053_00",0.0225341111820623,0.125546728261156,0.911305530649988,"1e-05 to 1",0.0146966229446173,0.00896811493848138,174,"success","pgls5_castespolymorphic"
"OG0004054_00",0.0188935507450636,0.421324975270824,0.575693184277236,"1e-05 to 1",0.00412318538305056,-0.00166679609728049,174,"success","pgls5_castespolymorphic"
"OG0004055_00",0.0570054496311715,0.00271367770141984,0.228864893179504,"1e-05 to 1",0.0544753172083665,0.0489780806805081,174,"success","pgls5_castespolymorphic"
"OG0004056_00",-0.0020904110574687,0.771407139311826,0.858526944489183,"1e-05 to 1",0.000529076527993055,-0.00528180093405339,174,"success","pgls5_castespolymorphic"
"OG0004057_00",-0.00887457504259158,0.529729984420059,1,"1e-05 to 1",0.00244225960526527,-0.00335749469935531,174,"success","pgls5_castespolymorphic"
"OG0004058_00",-0.0146485684482538,0.20514924808696,0.755449682682598,"1e-05 to 1",0.00989082283287265,0.00413437412841267,174,"success","pgls5_castespolymorphic"
"OG0004059_00",0.0139436770583385,0.324225976778473,1,"1e-05 to 1",0.00607436978449522,0.000295732399521409,174,"success","pgls5_castespolymorphic"
"OG0004060_00",0.0134630572226193,0.229113440290979,1,"1e-05 to 1",0.00897102194755042,0.00320922556352454,174,"success","pgls5_castespolymorphic"
"OG0004061_00",0.00820560602268511,0.710125191558226,0.618664280353894,"1e-05 to 1",0.000860385028086464,-0.00494856622175011,174,"success","pgls5_castespolymorphic"
"OG0004062_00",0.0203604551152391,0.112993384969405,1,"1e-05 to 1",0.0154327743453717,0.00970854628924012,174,"success","pgls5_castespolymorphic"
"OG0004063_00",-0.0246842448637792,0.0122192235448,1,"1e-05 to 1",0.0383642456071936,0.0327733400583982,174,"success","pgls5_castespolymorphic"
"OG0004065_00",0.00206664780911108,0.668751797704002,1,"1e-05 to 1",0.00113288548643102,-0.00467448145841542,174,"success","pgls5_castespolymorphic"
"OG0004066_00",-0.0227940168165442,0.422815312617172,1,"1e-05 to 1",0.00401994234104604,-0.00177063938952915,174,"success","pgls5_castespolymorphic"
"OG0004067_00",-0.0259148599874554,0.270975752372371,1,"1e-05 to 1",0.00747528069332932,0.00170478813922081,174,"success","pgls5_castespolymorphic"
"OG0004068_00",0.0121167755092213,0.424007220452618,0.444699002487332,"1e-05 to 1",0.00407587470140056,-0.00171438184103301,174,"success","pgls5_castespolymorphic"
"OG0004070_00",-0.0334696882538523,0.0847027901611583,0.841123525644735,"1e-05 to 1",0.0185775913455623,0.0128716471091994,174,"success","pgls5_castespolymorphic"
"OG0004071_00",-0.0159264417329103,0.360398237047585,0.182017734275022,"1e-05 to 1",0.0052970301239448,-0.000486126677660126,174,"success","pgls5_castespolymorphic"
"OG0004072_00",0.00851177191554559,0.288763352686849,1,"1e-05 to 1",0.00703078191133302,0.00125770506198031,174,"success","pgls5_castespolymorphic"
"OG0004073_00",0.00800747960463224,0.5901902696271,0.860703514680007,"1e-05 to 1",0.00200522089998887,-0.00379707432733678,174,"success","pgls5_castespolymorphic"
"OG0004074_00",0.00660709269201909,0.796225720922045,0.589224736735979,"1e-05 to 1",0.000415395745843227,-0.0053961426509832,174,"success","pgls5_castespolymorphic"
"OG0004075_00",-0.00293594002520384,0.862744368902944,0.934861816736044,"1e-05 to 1",0.000185047634453813,-0.00562782999557854,174,"success","pgls5_castespolymorphic"
"OG0004076_00",-0.00398705896935015,0.745399538023758,0.429609611197802,"1e-05 to 1",0.000656712220847112,-0.00515342317321776,174,"success","pgls5_castespolymorphic"
"OG0004077_00",0.018981518625102,0.138798930906209,1e-05,"1e-05 to 1",0.0181692414875254,0.0124609231240808,174,"success","pgls5_castespolymorphic"
"OG0004078_00",0.00423174396182435,0.782815610069454,0.743143906753962,"1e-05 to 1",0.000491681298957078,-0.00531941357721188,174,"success","pgls5_castespolymorphic"
"OG0004079_00",0.0107047916454531,0.531137542908248,1,"1e-05 to 1",0.00244070862102782,-0.003359054700943,174,"success","pgls5_castespolymorphic"
"OG0004080_00",0.0111400850729655,0.526144870517635,1e-05,"1e-05 to 1",0.002531989743863,-0.00326724287390512,174,"success","pgls5_castespolymorphic"
"OG0004081_00",0.0180196927874521,0.391697952190519,0.705216831767902,"1e-05 to 1",0.00453248433299263,-0.00125511750228058,174,"success","pgls5_castespolymorphic"
"OG0004082_00",0.0215870504388696,0.0566038496112509,0.938741062288238,"1e-05 to 1",0.022388316043921,0.0167045271837112,174,"success","pgls5_castespolymorphic"
"OG0004083_00",-0.0148508035107519,0.663692839429483,1,"1e-05 to 1",0.00117729867176136,-0.00462981005689134,174,"success","pgls5_castespolymorphic"
"OG0004084_00",-0.00460867960740154,0.872121748522565,0.861898610804128,"1e-05 to 1",0.000161415538164089,-0.00565159948777683,174,"success","pgls5_castespolymorphic"
"OG0004085_00",-0.0323709248021403,0.0298940227604529,0.888652308856226,"1e-05 to 1",0.0293114629888498,0.023667924982971,174,"success","pgls5_castespolymorphic"
"OG0004086_00",-0.0193451745840362,0.276312966371339,0.817831482190288,"1e-05 to 1",0.00731139256388311,0.00153994717181272,174,"success","pgls5_castespolymorphic"
"OG0004087_00",0.0312752203037777,0.194214698512383,1e-05,"1e-05 to 1",0.0104456228902616,0.00469239976753055,174,"success","pgls5_castespolymorphic"
"OG0004088_00",-0.00514758028852464,0.832377353222268,0.762545142057211,"1e-05 to 1",0.000279070033008421,-0.00553326095517193,174,"success","pgls5_castespolymorphic"
"OG0004089_00",-0.0129407073050936,0.23449757833929,0.694474765420162,"1e-05 to 1",0.00876732839530948,0.00300434774644498,174,"success","pgls5_castespolymorphic"
"OG0004090_00",0.00641195066273945,0.69669214965824,0.692748400697951,"1e-05 to 1",0.000958121920872664,-0.00485026109121534,174,"success","pgls5_castespolymorphic"
"OG0004091_00",-0.00362809115326678,0.683808906604305,1e-05,"1e-05 to 1",0.0010393896564813,-0.00476852086877178,174,"success","pgls5_castespolymorphic"
"OG0004092_00",-0.0115263255539155,0.346688188725098,0.816909047382427,"1e-05 to 1",0.0055365699224752,-0.000245194205882537,174,"success","pgls5_castespolymorphic"
"OG0004093_00",-0.0215960044431693,0.386072626893506,0.812386389758022,"1e-05 to 1",0.00472866498375009,-0.0010577962663445,174,"success","pgls5_castespolymorphic"
"OG0004094_00",-0.00863025002572123,0.225098363835531,1e-05,"1e-05 to 1",0.00918363840191192,0.0034230781600626,174,"success","pgls5_castespolymorphic"
"OG0004095_00",0.0207050237230213,0.262062093723326,1,"1e-05 to 1",0.00785501824484649,0.00208673346720023,174,"success","pgls5_castespolymorphic"
"OG0004096_00",-0.00450959811472251,0.717848276563483,0.783628019423419,"1e-05 to 1",0.000813146176154763,-0.00499607971816984,174,"success","pgls5_castespolymorphic"
"OG0004097_00",-0.0302785877418872,0.109770775245412,0.775809491307572,"1e-05 to 1",0.0157111578157957,0.00998854826821316,174,"success","pgls5_castespolymorphic"
"OG0004098_00",-0.0248777123251034,0.208267225738677,1,"1e-05 to 1",0.0100666772828794,0.00431125098801233,174,"success","pgls5_castespolymorphic"
"OG0004099_00",0.0185919128701141,0.445056480796723,0.775422430756966,"1e-05 to 1",0.00362709808102716,-0.00216576762780396,174,"success","pgls5_castespolymorphic"
"OG0004100_00",-0.00737572186894136,0.448032065557255,0.584659637505947,"1e-05 to 1",0.00360241259180977,-0.0021905966373077,174,"success","pgls5_castespolymorphic"
"OG0004101_00",-0.0365767064890093,0.0167187799847248,1,"1e-05 to 1",0.0357000150163756,0.030093619754843,174,"success","pgls5_castespolymorphic"
"OG0004102_00",-0.0115098120082854,0.598399000964821,1,"1e-05 to 1",0.00172695488473891,-0.00407695816825671,174,"success","pgls5_castespolymorphic"
"OG0004103_00",-0.00695463321405098,0.527766653824006,0.606374358324063,"1e-05 to 1",0.00246560972717095,-0.00333400882092705,174,"success","pgls5_castespolymorphic"
"OG0004104_00",-0.055335518029322,0.0771675396874987,0.959962924712945,"0.001 to 1",0.0196366274323288,0.0139368403825167,174,"success","pgls5_castespolymorphic"
"OG0004105_00",-0.0248482350342482,0.0971535158781678,1e-05,"1e-05 to 1",0.017318960626539,0.0116056987697166,174,"success","pgls5_castespolymorphic"
"OG0004106_00",0.0156401546043495,0.0795261402123542,1e-05,"1e-05 to 1",0.0189736359360815,0.0132699942845471,174,"success","pgls5_castespolymorphic"
"OG0004107_00",-0.00300822963207485,0.796551566627241,1,"1e-05 to 1",0.000414038804909604,-0.00539750748110834,174,"success","pgls5_castespolymorphic"
"OG0004108_00",-0.00624337302184871,0.420703820958784,1e-05,"1e-05 to 1",0.00400646982892328,-0.00178419023021092,174,"success","pgls5_castespolymorphic"
"OG0004109_00",-0.0084543104724466,0.485350868016673,1,"1e-05 to 1",0.00302851186628844,-0.00276783399495395,174,"success","pgls5_castespolymorphic"
"OG0004110_00",0.0207103492002049,0.0836926624527461,1,"1e-05 to 1",0.018581698870386,0.0128757785149812,174,"success","pgls5_castespolymorphic"
"OG0004111_00",-0.0167567935512694,0.300981120544892,1,"1e-05 to 1",0.006727018322468,0.000952175405738109,174,"success","pgls5_castespolymorphic"
"OG0004112_00",0.0167390067646306,0.417218307017894,0.898210196279879,"1e-05 to 1",0.00414365208544201,-0.00164621040243329,174,"success","pgls5_castespolymorphic"
"OG0004113_00",-0.00497964163653858,0.499038207838162,1e-05,"1e-05 to 1",0.00289724588443924,-0.00289986315111634,174,"success","pgls5_castespolymorphic"
"OG0004114_00",-0.000594920705624929,0.96690777540105,0.81220153487467,"1e-05 to 1",1.07236211922001e-05,-0.00580316752054499,174,"success","pgls5_castespolymorphic"
"OG0004115_00",-0.0265332125923258,0.115072486938871,0.886308941998815,"1e-05 to 1",0.0152577337166506,0.0095324879824451,174,"success","pgls5_castespolymorphic"
"OG0004116_00",0.0128759982485101,0.512280162439126,0.811652049673098,"1e-05 to 1",0.00267184124297969,-0.00312657828467744,174,"success","pgls5_castespolymorphic"
"OG0004117_00",-0.0229658372504153,0.0385029834963577,1,"1e-05 to 1",0.026492967599493,0.0208330429925134,174,"success","pgls5_castespolymorphic"
"OG0004118_00",0.039382578054031,0.0344913064392693,0.668670356088768,"1e-05 to 1",0.0278087115422501,0.0221564366093563,174,"success","pgls5_castespolymorphic"
"OG0004119_00",-0.000588330580402798,0.968064531685995,0.34893030218844,"1e-05 to 1",9.98663451602711e-06,-0.00580390879202741,174,"success","pgls5_castespolymorphic"
"OG0004120_00",0.0090660436872476,0.377780463814631,0.969319177391505,"1e-05 to 1",0.00483504791461035,-0.00095079483007221,174,"success","pgls5_castespolymorphic"
"OG0004121_00",-0.0122781481574917,0.465888843701769,1,"1e-05 to 1",0.00339172237507063,-0.00240251179716733,174,"success","pgls5_castespolymorphic"
"OG0004122_00",0.0100756579022722,0.206886947077181,1,"1e-05 to 1",0.00993816053827519,0.00418198705303274,174,"success","pgls5_castespolymorphic"
"OG0004123_00",-0.00530120897842371,0.418933625219033,1,"1e-05 to 1",0.00406213749756066,-0.00172819891233722,174,"success","pgls5_castespolymorphic"
"OG0004124_00",-0.00422921785722731,0.501887896126014,1,"1e-05 to 1",0.0028056493269385,-0.00299199224674207,174,"success","pgls5_castespolymorphic"
"OG0004125_00",-0.0233019247981391,0.126119293581095,0.397411175158226,"1e-05 to 1",0.0144712940096111,0.00874147595152741,174,"success","pgls5_castespolymorphic"
"OG0004126_00",-0.0174036225596177,0.210425934266488,0.576451284730005,"1e-05 to 1",0.00972487728883086,0.00396746378469615,174,"success","pgls5_castespolymorphic"
"OG0004127_00",-0.0104421721171298,0.445819135747787,0.835011597340571,"1e-05 to 1",0.00366051329269066,-0.00213215814165424,174,"success","pgls5_castespolymorphic"
"OG0004128_00",-0.012575898163623,0.511074447655421,0.73118504582682,"1e-05 to 1",0.00273823861064762,-0.00305979488580221,174,"success","pgls5_castespolymorphic"
"OG0004129_00",-0.00771055435064921,0.444943700259092,1,"1e-05 to 1",0.00367459810337308,-0.00211799144253755,174,"success","pgls5_castespolymorphic"
"OG0004130_00",0.031142708774627,0.117600075845521,1,"1e-05 to 1",0.0151425870618151,0.00941667187031392,174,"success","pgls5_castespolymorphic"
"OG0004131_00",0.0035020392801324,0.782747769524751,1,"1e-05 to 1",0.000491996342017486,-0.00531909670250585,174,"success","pgls5_castespolymorphic"
"OG0004132_00",0.00429264364340628,0.859003514765928,0.982902581361264,"1e-05 to 1",0.000197828738737298,-0.00561497458254911,174,"success","pgls5_castespolymorphic"
"OG0004133_00",-0.0225298019966858,0.279218992658911,0.941572211147889,"1e-05 to 1",0.00731405740178609,0.0015426275029593,174,"success","pgls5_castespolymorphic"
"OG0004134_00",0.00902247929013472,0.61875866223915,0.134185176482998,"1e-05 to 1",0.00156101876544764,-0.00424385903242763,174,"success","pgls5_castespolymorphic"
"OG0004135_00",0.00289686771414331,0.745458705767629,1e-05,"1e-05 to 1",0.000664675940452403,-0.00514541315291717,174,"success","pgls5_castespolymorphic"
"OG0004136_00",-0.00520853376156668,0.692111711076601,0.940995039023921,"1e-05 to 1",0.000976519933117241,-0.00483175611378317,174,"success","pgls5_castespolymorphic"
"OG0004137_00",-0.0305949389596824,0.471432747339428,0.858040297726781,"1e-05 to 1",0.00320607472225818,-0.00258923879679851,174,"success","pgls5_castespolymorphic"
"OG0004138_00",-0.00791729310862135,0.346681299271022,1,"1e-05 to 1",0.0054683500687672,-0.000313810686646931,174,"success","pgls5_castespolymorphic"
"OG0004139_00",-0.0130894865050335,0.586365654267054,0.916930110459051,"1e-05 to 1",0.00184287496779421,-0.00396036413123024,174,"success","pgls5_castespolymorphic"
"OG0004140_00",0.00737943108998744,0.706916707988998,1,"1e-05 to 1",0.00157834952160668,-0.0042264275160584,174,"success","pgls5_castespolymorphic"
"OG0004141_00",0.0053978412756902,0.644607393777114,1e-05,"1e-05 to 1",0.00132476476063316,-0.00448148660703751,174,"success","pgls5_castespolymorphic"
"OG0004142_00",-0.00788272664136599,0.536746885663286,0.897425702431582,"1e-05 to 1",0.00237474807307251,-0.00342539874045622,174,"success","pgls5_castespolymorphic"
"OG0004143_00",0.031993725578099,0.0187631609996703,1e-05,"1e-05 to 1",0.0372497592843706,0.031652374163931,174,"success","pgls5_castespolymorphic"
"OG0004144_00",-0.00368930532627504,0.827937729102125,0.643717900679272,"1e-05 to 1",0.000294284406978341,-0.00551795812553935,174,"success","pgls5_castespolymorphic"
"OG0004145_00",0.0219593521680814,0.322325370201102,1,"1e-05 to 1",0.0060465450646498,0.000267745908049011,174,"success","pgls5_castespolymorphic"
"OG0004146_00",-0.0279811919142162,0.243320139459181,1,"1e-05 to 1",0.00839334087358804,0.00262818587866698,174,"success","pgls5_castespolymorphic"
"OG0004147_00",-0.00191270395278152,0.519436817825573,1,"1e-05 to 1",0.00259855563861128,-0.00320028996814092,174,"success","pgls5_castespolymorphic"
"OG0004148_00",-0.00530765888362651,0.762723142483246,1,"1e-05 to 1",0.000567734328704071,-0.00524291837868707,174,"success","pgls5_castespolymorphic"
"OG0004149_00",-0.0133541898936004,0.483950310811596,0.489002748084925,"1e-05 to 1",0.00306704638923932,-0.00272907543407896,174,"success","pgls5_castespolymorphic"
"OG0004150_00",0.0168465781750568,0.330508557491229,1e-05,"1e-05 to 1",0.00591907796734246,0.000139537722966598,174,"success","pgls5_castespolymorphic"
"OG0004151_00",0.0327704451760284,0.00512417121372266,1,"1e-05 to 1",0.0473556409671486,0.0418170109727716,174,"success","pgls5_castespolymorphic"
"OG0004152_00",0.0106760251890562,0.377869675751586,1,"1e-05 to 1",0.00483324388092587,-0.000952609352324663,174,"success","pgls5_castespolymorphic"
"OG0004153_00",0.0153418135431384,0.213747414981365,0.363841676683698,"1e-05 to 1",0.00982901022851871,0.00407220214845194,174,"success","pgls5_castespolymorphic"
"OG0004154_00",-0.000388747139334646,0.984827275146344,1,"1e-05 to 1",2.2674414522164e-06,-0.00581167286412065,174,"success","pgls5_castespolymorphic"
"OG0004155_00",-0.0502338732057466,0.0506984400378547,0.765620941051345,"1e-05 to 1",0.0233646157172553,0.0176865030179369,174,"success","pgls5_castespolymorphic"
"OG0004156_00",-0.0049117456345314,0.805580777066043,0.559470333804733,"1e-05 to 1",0.00037737550948631,-0.00543438393522577,174,"success","pgls5_castespolymorphic"
"OG0004157_00",-0.0113985171262789,0.591032370423516,1,"1e-05 to 1",0.00182000322226365,-0.00398336885202566,174,"success","pgls5_castespolymorphic"
"OG0004158_00",0.0251438111781817,0.268310202452033,0.833110574847945,"1e-05 to 1",0.00770115248351426,0.00193197313748816,174,"success","pgls5_castespolymorphic"
"OG0004159_00",0.00936990660056589,0.398774601958563,0.979641418781857,"1e-05 to 1",0.00439905153589639,-0.00138932607145303,174,"success","pgls5_castespolymorphic"
"OG0004160_00",0.0646790819077687,0.0362617667721032,0.783298978742548,"1e-05 to 1",0.0272845754107185,0.0216292531747343,174,"success","pgls5_castespolymorphic"
"OG0004161_00",0.0168224599074738,0.0404114542407312,1e-05,"1e-05 to 1",0.0259915234916403,0.0203286835119406,174,"success","pgls5_castespolymorphic"
"OG0004162_00",-0.00128378788670362,0.935829442069009,0.792302554172883,"1e-05 to 1",4.08967879010765e-05,-0.00577281892844828,174,"success","pgls5_castespolymorphic"
"OG0004163_00",0.0109559769747541,0.71116286310973,1,"1e-05 to 1",0.000864720616061544,-0.00494420542686824,174,"success","pgls5_castespolymorphic"
"OG0004164_00",-0.00229427838764609,0.827049958863998,0.80360779317384,"1e-05 to 1",0.000295536405950204,-0.0055166988475035,174,"success","pgls5_castespolymorphic"
"OG0004165_00",-0.001897072632081,0.90576190127373,0.780744119544801,"1e-05 to 1",8.89811152574635e-05,-0.00572445504104913,174,"success","pgls5_castespolymorphic"
"OG0004166_00",0.00898341667640153,0.421564721280657,0.833142995877188,"1e-05 to 1",0.00401649338882141,-0.00177410839380188,174,"success","pgls5_castespolymorphic"
"OG0004167_00",-0.0064258559127568,0.781039170236245,0.849582225190977,"1e-05 to 1",0.000478301688809563,-0.00533287097579049,174,"success","pgls5_castespolymorphic"
"OG0004168_00",-0.00543533633447981,0.694585675660901,1e-05,"1e-05 to 1",0.000954127137061984,-0.00485427910051328,174,"success","pgls5_castespolymorphic"
"OG0004169_00",-0.0118739423355468,0.320594652862127,0.876645974610277,"1e-05 to 1",0.00624399547184168,0.000466344282724518,174,"success","pgls5_castespolymorphic"
"OG0004170_00",-0.00187280824114554,0.922873047536139,1e-05,"1e-05 to 1",5.83980641714684e-05,-0.0057552159005716,174,"success","pgls5_castespolymorphic"
"OG0004171_00",0.00127760646549697,0.721084676013191,1,"1e-05 to 1",0.000798772643226008,-0.00501053681815056,174,"success","pgls5_castespolymorphic"
"OG0004172_00",0.00906712278215477,0.80766187706905,1,"1e-05 to 1",0.000369180601320025,-0.00544262648820704,174,"success","pgls5_castespolymorphic"
"OG0004173_00",0.0054721248529203,0.797635517487458,0.875257459848781,"1e-05 to 1",0.000414708453151547,-0.00539683393956292,174,"success","pgls5_castespolymorphic"
"OG0004174_00",0.00232188660175855,0.8086139543204,1e-05,"1e-05 to 1",0.000365463279354632,-0.00544636542250965,174,"success","pgls5_castespolymorphic"
"OG0004175_00",0.019453634712195,0.381944328612897,1,"1e-05 to 1",0.00484176201505109,-0.000944041694163733,174,"success","pgls5_castespolymorphic"
"OG0004176_00",0.00473715617605547,0.778978198086831,0.789490323391138,"1e-05 to 1",0.000493699477396834,-0.00531738366517653,174,"success","pgls5_castespolymorphic"
"OG0004177_00",-0.016696365711298,0.165243856622904,1e-05,"1e-05 to 1",0.0120751148675342,0.00633136553536873,174,"success","pgls5_castespolymorphic"
"OG0004178_00",-0.0206132334668325,0.00940037586408549,1,"1e-05 to 1",0.0416625871882232,0.0360908580439687,174,"success","pgls5_castespolymorphic"
"OG0004179_00",-0.01152916562025,0.254164767637072,1,"1e-05 to 1",0.00822160929756401,0.00245545586324747,174,"success","pgls5_castespolymorphic"
"OG0004180_00",-0.0245100408447573,0.0811868961052169,1,"1e-05 to 1",0.0191224147918493,0.0134196381336623,174,"success","pgls5_castespolymorphic"
"OG0004181_00",-0.00561792636409326,0.273736007515467,1,"1e-05 to 1",0.00743589700274036,0.0016651754736865,174,"success","pgls5_castespolymorphic"
"OG0004182_00",0.0481818316813675,0.0573354409110267,1,"1e-05 to 1",0.0223961307289986,0.0167123873030043,174,"success","pgls5_castespolymorphic"
"OG0004183_00",-0.0117562860815029,0.634327804445338,0.616767085161362,"1e-05 to 1",0.00139986348968232,-0.00440595125747056,174,"success","pgls5_castespolymorphic"
"OG0004184_00",-0.00415606960996548,0.694306874143413,1,"1e-05 to 1",0.000967942644657831,-0.00484038327019887,174,"success","pgls5_castespolymorphic"
"OG0004185_00",0.027843896037031,0.256770907807817,0.94714214748787,"1e-05 to 1",0.00798090986289293,0.00221335701325853,174,"success","pgls5_castespolymorphic"
"OG0004186_00",0.0128861796941175,0.375163709769166,0.402578553302196,"1e-05 to 1",0.0050775791928537,-0.000706853486257764,174,"success","pgls5_castespolymorphic"
"OG0004187_00",0.0130742886304611,0.553737301194477,0.841408138419285,"1e-05 to 1",0.00218242777288916,-0.00361883718191969,174,"success","pgls5_castespolymorphic"
"OG0004188_00",-0.0120820866884803,0.602652852210125,0.796989231948589,"1e-05 to 1",0.00167668493721792,-0.00412752038291453,174,"success","pgls5_castespolymorphic"
"OG0004189_00",-0.047864101566719,0.0191724881861748,0.925133301071217,"1e-05 to 1",0.0333964131100232,0.0277766248141513,174,"success","pgls5_castespolymorphic"
"OG0004190_00",0.0201051047364705,0.425394936328353,0.910307600139709,"1e-05 to 1",0.00395079951525095,-0.00184018420849763,174,"success","pgls5_castespolymorphic"
"OG0004191_00",-0.0259869280255232,0.10734948850665,0.661379867929561,"1e-05 to 1",0.0160246722344165,0.0103038854450817,174,"success","pgls5_castespolymorphic"
"OG0004192_00",0.0111511121358393,0.505257456427232,0.358372837100079,"1e-05 to 1",0.00274467120976157,-0.00305332488785615,174,"success","pgls5_castespolymorphic"
"OG0004193_00",0.00689142621370854,0.553586296115839,0.250228195565512,"1e-05 to 1",0.00242562894445236,-0.00337422205005655,174,"success","pgls5_castespolymorphic"
"OG0004194_00",0.0122703260361172,0.307656569711599,1e-05,"1e-05 to 1",0.00642326080404947,0.000646651855235714,174,"success","pgls5_castespolymorphic"
"OG0004195_00",-0.0186217714158586,0.145619313143512,0.963771497082678,"1e-05 to 1",0.0130260749647078,0.00728785447031666,174,"success","pgls5_castespolymorphic"
"OG0004196_00",0.0221063685498974,0.0249853981227623,0.762881381491325,"1e-05 to 1",0.0308223678255146,0.0251876141500816,174,"success","pgls5_castespolymorphic"
"OG0004197_00",0.0353670717538324,0.0927803241796494,1,"1e-05 to 1",0.0178918817457695,0.0121819508256868,174,"success","pgls5_castespolymorphic"
"OG0004198_00",-0.00542964472096294,0.702038611408156,1e-05,"1e-05 to 1",0.000917190766067022,-0.00489143021785132,174,"success","pgls5_castespolymorphic"
"OG0004199_00",-0.0179415688849188,0.371120972693241,0.851995814968366,"1e-05 to 1",0.00494071299965296,-0.00084451541313979,174,"success","pgls5_castespolymorphic"
"OG0004200_00",0.00239013403454435,0.807261683542137,1e-05,"1e-05 to 1",0.000380223190874497,-0.00543151969755074,174,"success","pgls5_castespolymorphic"
"OG0004201_00",0.027060524983403,0.259600102809223,0.872421607053821,"1e-05 to 1",0.00788698564497973,0.00211888672431104,174,"success","pgls5_castespolymorphic"
"OG0004202_00",0.0586210390657908,0.0194395400391179,1,"1e-05 to 1",0.0336615432167016,0.0280432963749383,174,"success","pgls5_castespolymorphic"
"OG0004203_00",0.000411837119580001,0.987740897220391,0.973682403728357,"1e-05 to 1",1.51823310693108e-06,-0.00581242642832858,174,"success","pgls5_castespolymorphic"
"OG0004204_00",0.00621654024088385,0.838087670870074,0.875761072391381,"1e-05 to 1",0.000263401895069463,-0.00554902018693593,174,"success","pgls5_castespolymorphic"
"OG0004205_00",0.0139397014373062,0.342099230691074,1,"1e-05 to 1",0.00557291533658926,-0.000208637481221352,174,"success","pgls5_castespolymorphic"
"OG0004206_00",0.011904496587423,0.658831548667932,0.871946194669259,"1e-05 to 1",0.00121387355256857,-0.00459302253142813,174,"success","pgls5_castespolymorphic"
"OG0004207_00",0.0236009904025519,0.214650431235886,0.778391403009689,"1e-05 to 1",0.00960727889165818,0.00384918167591197,174,"success","pgls5_castespolymorphic"
"OG0004208_00",0.0312867001760305,0.0493246614425149,0.612497164362916,"1e-05 to 1",0.0240851806367625,0.0184112572683716,174,"success","pgls5_castespolymorphic"
"OG0004209_00",0.0104975128033506,0.464467604181092,1,"1e-05 to 1",0.0033492627300144,-0.00244521830062516,174,"success","pgls5_castespolymorphic"
"OG0004210_00",0.0230448868541058,0.206881096958613,1e-05,"1e-05 to 1",0.0100008027458648,0.00424499345950358,174,"success","pgls5_castespolymorphic"
"OG0004211_00",-0.0581694643169117,0.00943160992456038,1,"1e-05 to 1",0.0413713064855308,0.0357978838488188,174,"success","pgls5_castespolymorphic"
"OG0004212_00",0.00891126547734319,0.533965792864025,0.445018516952071,"1e-05 to 1",0.0024223691128093,-0.00337750083420918,174,"success","pgls5_castespolymorphic"
"OG0004213_00",-0.0103313686343801,0.404683226436217,0.734121999920396,"1e-05 to 1",0.00429022642934158,-0.00149878388211566,174,"success","pgls5_castespolymorphic"
"OG0004214_00",-0.0318009379858045,0.111660670363638,0.64841081309212,"1e-05 to 1",0.0156429382900856,0.00991993211735365,174,"success","pgls5_castespolymorphic"
"OG0004215_00",0.000405632181509614,0.98273058865706,0.656403912224109,"1e-05 to 1",2.90113228737953e-06,-0.00581103548903661,174,"success","pgls5_castespolymorphic"
"OG0004216_00",0.0119738547926603,0.371668724903154,1,"1e-05 to 1",0.00499109377023488,-0.000793841731100864,174,"success","pgls5_castespolymorphic"
"OG0004217_00",0.00972910756448729,0.277346582920051,1,"1e-05 to 1",0.00732530152103375,0.00155393699499318,174,"success","pgls5_castespolymorphic"
"OG0004218_00",0.00684273795237626,0.607331233601526,1,"1e-05 to 1",0.00165429214897087,-0.00415004336179092,174,"success","pgls5_castespolymorphic"
"OG0004219_00",0.0116626689150961,0.56470175406906,0.531987205394669,"1e-05 to 1",0.0020640767376926,-0.00373787630453015,174,"success","pgls5_castespolymorphic"
"OG0004220_00",0.028112179389405,0.173348765583941,0.493891358551826,"1e-05 to 1",0.0114832639776641,0.00573607365195283,174,"success","pgls5_castespolymorphic"
"OG0004221_00",-0.00594435895685537,0.553686835240238,1,"1e-05 to 1",0.002169480666844,-0.0036318595618372,174,"success","pgls5_castespolymorphic"
"OG0004222_00",-0.0119929669760274,0.292608109690596,0.753321187760878,"1e-05 to 1",0.00687702268769193,0.00110305188936455,174,"success","pgls5_castespolymorphic"
"OG0004223_00",-0.0160715400930664,0.0498380495385351,1,"1e-05 to 1",0.0236830033768042,0.0180067417685298,174,"success","pgls5_castespolymorphic"
"OG0004224_00",-0.00536089743543603,0.708974340919063,0.913637729079296,"1e-05 to 1",0.000867554070982322,-0.0049413554983726,174,"success","pgls5_castespolymorphic"
"OG0004225_00",0.0151644813180152,0.0375537447125773,1e-05,"1e-05 to 1",0.0265876312932314,0.0209282570565642,174,"success","pgls5_castespolymorphic"
"OG0004226_00",-0.00213006189324833,0.917968377638456,0.397039224268151,"1e-05 to 1",6.6502769202164e-05,-0.0057470640751629,174,"success","pgls5_castespolymorphic"
"OG0004227_00",-0.0120717790272479,0.487246603988176,0.547631116876284,"1e-05 to 1",0.00302112046985321,-0.00277526836462427,174,"success","pgls5_castespolymorphic"
"OG0004228_00",0.00913945923225356,0.171863868322252,1e-05,"1e-05 to 1",0.0117814427935057,0.00603598606556099,174,"success","pgls5_castespolymorphic"
"OG0004229_00",-0.00700874620928072,0.600914643985045,0.771950985605834,"1e-05 to 1",0.00171399739445637,-0.00408999099278518,174,"success","pgls5_castespolymorphic"
"OG0004230_00",-0.0141073142281068,0.438968365181505,0.694799549423876,"1e-05 to 1",0.0037019494388924,-0.00209048108762588,174,"success","pgls5_castespolymorphic"
"OG0004231_00",0.00352735550286149,0.630553994054272,1e-05,"1e-05 to 1",0.00143122904006636,-0.00437440334923567,174,"success","pgls5_castespolymorphic"
"OG0004232_00",0.012267452481086,0.58934731346115,1,"1e-05 to 1",0.00181370006824294,-0.00398970865229042,174,"success","pgls5_castespolymorphic"
"OG0004233_00",-0.00769941189019612,0.364433299691607,1,"1e-05 to 1",0.00511183075181342,-0.00067240279032732,174,"success","pgls5_castespolymorphic"
"OG0004234_00",-0.0539939917207282,0.0233315588641634,1,"1e-05 to 1",0.0313469737043742,0.0257152700631207,174,"success","pgls5_castespolymorphic"
"OG0004235_00",-0.0148511903338768,0.396171506237212,0.8020083428127,"1e-05 to 1",0.00453172853916611,-0.00125587769025737,174,"success","pgls5_castespolymorphic"
"OG0004236_00",0.011512341008027,0.293298375496757,1,"1e-05 to 1",0.00694367583566671,0.00117009255564149,174,"success","pgls5_castespolymorphic"
"OG0004237_00",0.00752346747985821,0.653428344736269,1e-05,"1e-05 to 1",0.00128737525176722,-0.00451909349676893,174,"success","pgls5_castespolymorphic"
"OG0004238_00",-0.00288027387991709,0.866419095867195,1,"1e-05 to 1",0.000180776127146065,-0.00563212633723098,174,"success","pgls5_castespolymorphic"
"OG0004239_00",-0.0130491229349848,0.342966176092778,1e-05,"1e-05 to 1",0.0056224203133829,-0.000158844684795101,174,"success","pgls5_castespolymorphic"
"OG0004240_00",-0.000199260459725562,0.986716019261659,1,"1e-05 to 1",1.72718541533682e-06,-0.00581221626118111,174,"success","pgls5_castespolymorphic"
"OG0004241_00",-0.0142348430178595,0.474652976795973,0.467766484229415,"1e-05 to 1",0.0031993876065468,-0.00259596479108959,174,"success","pgls5_castespolymorphic"
"OG0004242_00",-0.00421206296998735,0.811210873575251,0.780930686695386,"1e-05 to 1",0.000369225084675861,-0.00544258174622736,174,"success","pgls5_castespolymorphic"
"OG0004243_00",0.033116636767612,0.136457899535158,0.88584092731218,"1e-05 to 1",0.013892719896269,0.00815953803520086,174,"success","pgls5_castespolymorphic"
"OG0004244_00",-0.00253781639778679,0.782113359761517,1,"1e-05 to 1",0.000482460063682296,-0.00532868842431977,174,"success","pgls5_castespolymorphic"
"OG0004245_00",-0.00764666453591591,0.632146715944842,0.98673389814252,"1e-05 to 1",0.00144475761227759,-0.0043607961225347,174,"success","pgls5_castespolymorphic"
"OG0004246_00",0.00759581531273773,0.193221684148706,1e-05,"1e-05 to 1",0.0105574641826349,0.00480489129997574,174,"success","pgls5_castespolymorphic"
"OG0004247_00",-0.0270364286238503,0.0837346835181108,0.782421857643602,"1e-05 to 1",0.0183487732111684,0.0126414986368147,174,"success","pgls5_castespolymorphic"
"OG0004248_00",0.0108265515600044,0.208384258507312,1,"1e-05 to 1",0.00987322046530467,0.00411666942149835,174,"success","pgls5_castespolymorphic"
"OG0004249_00",0.0189802632175079,0.34246163468201,0.896944475699673,"1e-05 to 1",0.00563415418189115,-0.000147042596120972,174,"success","pgls5_castespolymorphic"
"OG0004250_00",0.0138020774059634,0.265596741755376,1,"1e-05 to 1",0.00778868525138926,0.00202001481680425,174,"success","pgls5_castespolymorphic"
"OG0004251_00",-0.0183478611452705,0.000367519006044148,0.992748059690795,"1e-05 to 1",0.0755690738823967,0.0701944754747362,174,"success","pgls5_castespolymorphic"
"OG0004252_00",-0.0158429309859188,0.251044320460668,0.103527199756265,"1e-05 to 1",0.00822600121746773,0.00245987331756936,174,"success","pgls5_castespolymorphic"
"OG0004253_00",-0.00869096752305931,0.643927232479477,0.749126810731193,"1e-05 to 1",0.00132198299409329,-0.00448428454663885,174,"success","pgls5_castespolymorphic"
"OG0004254_00",-0.020007455233847,0.372232773477299,1,"1e-05 to 1",0.00497936277941717,-0.000805640925353623,174,"success","pgls5_castespolymorphic"
"OG0004255_00",0.00594609845572901,0.479038161896849,1,"1e-05 to 1",0.00311693508403175,-0.00267889668873544,174,"success","pgls5_castespolymorphic"
"OG0004256_00",-0.00516413783839517,0.705262857419924,0.90473940244651,"1e-05 to 1",0.000890905288885815,-0.00491786851757414,174,"success","pgls5_castespolymorphic"
"OG0004257_00",0.000277405312527008,0.975768937215522,0.917673037207469,"1e-05 to 1",5.78407974690361e-06,-0.00580813578025463,174,"success","pgls5_castespolymorphic"
"OG0004258_00",-0.00841481571598781,0.396356938131581,1e-05,"1e-05 to 1",0.0044998541290757,-0.00128793741668543,174,"success","pgls5_castespolymorphic"
"OG0004259_00",-0.00301172434562059,0.713138170427449,1,"1e-05 to 1",0.000836566030277363,-0.00497252370210477,174,"success","pgls5_castespolymorphic"
"OG0004260_00",-0.000675762798445261,0.895092159578149,1e-05,"1e-05 to 1",0.000109697003971517,-0.00570361871112168,174,"success","pgls5_castespolymorphic"
"OG0004261_00",0.0149440809681839,0.332694168984299,1,"1e-05 to 1",0.00609455088134012,0.000316030828324765,174,"success","pgls5_castespolymorphic"
"OG0004262_00",-0.0095810320648132,0.404796278436296,1e-05,"1e-05 to 1",0.00436915218439174,-0.00141939925639667,174,"success","pgls5_castespolymorphic"
"OG0004263_00",-0.00248215039484453,0.708095714200062,1e-05,"1e-05 to 1",0.000867646650795121,-0.0049412623803049,174,"success","pgls5_castespolymorphic"
"OG0004264_00",-0.00451847222365928,0.569546169304848,0.756808417682184,"1e-05 to 1",0.0020131777232303,-0.00378907124349515,174,"success","pgls5_castespolymorphic"
"OG0004265_00",-0.00133305541467482,0.864050386910888,1,"1e-05 to 1",0.000201466202455008,-0.00561131597078668,174,"success","pgls5_castespolymorphic"
"OG0004266_00",0.0191788788394647,0.110297194594807,1e-05,"1e-05 to 1",0.0157619057680844,0.0100395912667361,174,"success","pgls5_castespolymorphic"
"OG0004267_00",-0.0358338055325257,0.0959392247045718,0.729141385319724,"1e-05 to 1",0.0171212530904669,0.0114068417712254,174,"success","pgls5_castespolymorphic"
"OG0004268_00",0.012593587093363,0.167485287954829,1,"1e-05 to 1",0.0118743510502919,0.00612943448663084,174,"success","pgls5_castespolymorphic"
"OG0004269_00",0.0176057900054825,0.334354674052625,0.36197057353606,"1e-05 to 1",0.00578972909044868,9.43681771881089e-06,174,"success","pgls5_castespolymorphic"
"OG0004270_00",0.00957772392177281,0.43795916997985,1,"1e-05 to 1",0.00376480862145157,-0.00202725644470281,174,"success","pgls5_castespolymorphic"
"OG0004271_00",0.0237827072477403,0.193587132390259,0.882808631344418,"1e-05 to 1",0.0104749210159502,0.00472186823115917,174,"success","pgls5_castespolymorphic"
"OG0004272_00",0.0170538464487847,0.327630249600645,0.864393736105343,"1e-05 to 1",0.00602741181398773,0.00024850141755739,174,"success","pgls5_castespolymorphic"
"OG0004273_00",-0.00119555692788541,0.851862355531215,1e-05,"1e-05 to 1",0.000217251626051804,-0.00559543877147117,174,"success","pgls5_castespolymorphic"
"OG0004274_00",-0.000215277210555183,0.946973132666699,1,"1e-05 to 1",2.73886999589151e-05,-0.00578640555178556,174,"success","pgls5_castespolymorphic"
"OG0004275_00",-0.0443729361497507,0.0389576281128541,0.886000666189548,"1e-05 to 1",0.0265353549319329,0.0208756767629326,174,"success","pgls5_castespolymorphic"
"OG0004276_00",-0.0127822311027966,0.453965508354038,0.893789673215923,"1e-05 to 1",0.00346598382109691,-0.00232781859854803,174,"success","pgls5_castespolymorphic"
"OG0004277_00",-0.00184243305775722,0.916286837915318,0.913860217914965,"1e-05 to 1",6.84094603701831e-05,-0.00574514629858114,174,"success","pgls5_castespolymorphic"
"OG0004278_00",-0.012490299919195,0.249180115001302,1,"1e-05 to 1",0.00829073969630863,0.00252498818291502,174,"success","pgls5_castespolymorphic"
"OG0004279_00",0.0201444765442617,0.129725764656395,0.55102136260116,"1e-05 to 1",0.0143799160350172,0.00864956670963946,174,"success","pgls5_castespolymorphic"
"OG0004280_00",-0.00899316660089067,0.639993618818486,0.959032582944302,"0.001 to 1",0.00138792057933243,-0.00441796360334568,174,"success","pgls5_castespolymorphic"
"OG0004281_00",0.0315280622269053,0.0299820446493491,0.939917689472104,"1e-05 to 1",0.0289209773922766,0.0232751691213016,174,"success","pgls5_castespolymorphic"
"OG0004282_00",-0.00430392457744844,0.747623966275867,0.907243215969438,"1e-05 to 1",0.000640896384242427,-0.00516933096236083,174,"success","pgls5_castespolymorphic"
"OG0004283_00",-0.0133602515176838,0.577960174843954,0.948552719285244,"1e-05 to 1",0.0019267537980191,-0.00387599763338775,174,"success","pgls5_castespolymorphic"
"OG0004284_00",0.0138970786740135,0.338943837554679,1e-05,"1e-05 to 1",0.00578899486669962,8.69832522687464e-06,174,"success","pgls5_castespolymorphic"
"OG0004285_00",-0.016191687167449,0.455448671188202,0.953875260294932,"1e-05 to 1",0.00348640505763514,-0.00230727863389024,174,"success","pgls5_castespolymorphic"
"OG0004286_00",0.000167674994963365,0.988700578860408,1e-05,"1e-05 to 1",1.24189942196841e-06,-0.0058127043686047,174,"success","pgls5_castespolymorphic"
"OG0004287_00",7.46547229522679e-05,0.994211712571963,1e-05,"1e-05 to 1",3.29962648181085e-07,-0.00581362160733634,174,"success","pgls5_castespolymorphic"
"OG0004288_00",-0.00803286378440603,0.393343711608104,1e-05,"1e-05 to 1",0.00450114644026499,-0.00128663759205905,174,"success","pgls5_castespolymorphic"
"OG0004289_00",0.016528302132598,0.365577058029628,1,"1e-05 to 1",0.00505614385499579,-0.000728413448172871,174,"success","pgls5_castespolymorphic"
"OG0004290_00",0.0631773883502788,0.000289486565584252,1e-05,"1e-05 to 1",0.0800249055902239,0.0746762131808648,174,"success","pgls5_castespolymorphic"
"OG0004291_00",-0.0211781006833909,0.332420614381101,1e-05,"1e-05 to 1",0.00594693723792744,0.000167558966054915,174,"success","pgls5_castespolymorphic"
"OG0004292_00",-0.0051933935044956,0.712402556627763,1,"1e-05 to 1",0.000851601713294754,-0.00495740060232563,174,"success","pgls5_castespolymorphic"
"OG0004293_00",-4.13286634557964e-05,0.998749908769953,0.913093929063312,"1e-05 to 1",1.53900783666252e-08,-0.00581393800881647,174,"success","pgls5_castespolymorphic"
"OG0004294_00",-0.00426888150602176,0.186200571032236,1,"1e-05 to 1",0.0108282573357638,0.00507725883190202,174,"success","pgls5_castespolymorphic"
"OG0004295_00",0.0303291493542023,0.139028809434421,0.492257676134333,"1e-05 to 1",0.0135439382123146,0.0078087285507582,174,"success","pgls5_castespolymorphic"
"OG0004296_00",-0.00303181639723544,0.645473439186861,1e-05,"1e-05 to 1",0.0013429304549951,-0.00446321529817362,174,"success","pgls5_castespolymorphic"
"OG0004297_00",0.00779113799512131,0.477472109469395,1,"1e-05 to 1",0.00315881625087839,-0.00263677202673285,174,"success","pgls5_castespolymorphic"
"OG0004298_00",0.0113805108436681,0.253111495306592,1,"1e-05 to 1",0.00815489583645274,0.00238835453317632,174,"success","pgls5_castespolymorphic"
"OG0004299_00",0.012162784796431,0.261194968118432,1e-05,"1e-05 to 1",0.00793305598006182,0.00216522491017845,174,"success","pgls5_castespolymorphic"
"OG0004301_00",-0.0321764951477422,0.0420627344656637,0.467654543011464,"1e-05 to 1",0.0254198109925432,0.019753647102965,174,"success","pgls5_castespolymorphic"
"OG0004302_00",-0.00732087607549754,0.350242713080127,0.376707628026018,"1e-05 to 1",0.00538835417497051,-0.000394271672849555,174,"success","pgls5_castespolymorphic"
"OG0004303_00",-5.80838895594196e-05,0.995737013816927,1e-05,"1e-05 to 1",1.80102770574655e-07,-0.00581377233849234,174,"success","pgls5_castespolymorphic"
"OG0004304_00",-0.0022713343245025,0.869843426837186,0.551779726051706,"1e-05 to 1",0.000166234528524335,-0.00564675248003077,174,"success","pgls5_castespolymorphic"
"OG0004305_00",0.00505952661966429,0.749603437148892,0.943120104191692,"1e-05 to 1",0.000638442262351482,-0.00517179935240231,174,"success","pgls5_castespolymorphic"
"OG0004306_00",0.0122693054888084,0.268593324446864,1,"1e-05 to 1",0.00759659731716172,0.00182681009226149,174,"success","pgls5_castespolymorphic"
"OG0004307_00",-0.00190099109219824,0.313726656877053,0.471436333371503,"1e-05 to 1",0.00630350699719495,0.000526201805318149,174,"success","pgls5_castespolymorphic"
"OG0004308_00",0.00341015110503853,0.706744874574269,1e-05,"1e-05 to 1",0.000892657040458278,-0.00491610658139963,174,"success","pgls5_castespolymorphic"
"OG0004309_00",-0.0291772968053776,0.0210971677059679,1,"1e-05 to 1",0.0323965984503395,0.0267709972785393,174,"success","pgls5_castespolymorphic"
"OG0004310_00",0.0309329590305294,0.029864992280533,0.58648724822534,"1e-05 to 1",0.0293216933856971,0.0236782148588698,174,"success","pgls5_castespolymorphic"
"OG0004311_00",-0.00888541484290744,0.657580112077551,0.723950235333744,"1e-05 to 1",0.00124668508135543,-0.004560020237939,174,"success","pgls5_castespolymorphic"
"OG0004312_00",-0.00514248731938952,0.712108627486046,1e-05,"1e-05 to 1",0.000848108802547098,-0.00496091382069386,174,"success","pgls5_castespolymorphic"
"OG0004313_00",-0.000237400799772136,0.989141777721444,1,"1e-05 to 1",1.19876243659482e-06,-0.00581274775638629,174,"success","pgls5_castespolymorphic"
"OG0004314_00",0.0203519159819056,0.0403516081452775,0.850399686188978,"1e-05 to 1",0.0256889847566514,0.0200243858308179,174,"success","pgls5_castespolymorphic"
"OG0004315_00",-0.0170809581183849,0.179749662019503,0.775709018883554,"1e-05 to 1",0.0110816629602431,0.0053321377448956,174,"success","pgls5_castespolymorphic"
"OG0004316_00",0.0140040147591901,0.199685035312954,0.378018512371171,"1e-05 to 1",0.0101320019461721,0.00437695544585903,174,"success","pgls5_castespolymorphic"
"OG0004317_00",-0.00637886515528838,0.584740850819879,1,"1e-05 to 1",0.00187054372761654,-0.00393253450652531,174,"success","pgls5_castespolymorphic"
"OG0004318_00",0.0390119293521163,0.00683156072158253,1e-05,"1e-05 to 1",0.0445628947613554,0.039008027870433,174,"success","pgls5_castespolymorphic"
"OG0004319_00",-0.00549629877664769,0.654223040928103,1,"1e-05 to 1",0.00124916469022446,-0.0045575262127393,174,"success","pgls5_castespolymorphic"
"OG0004320_00",0.00675175870125349,0.726122705210554,0.880346509044433,"1e-05 to 1",0.000764199670349626,-0.00504531079668324,174,"success","pgls5_castespolymorphic"
"OG0004321_00",0.0532602554267878,0.00384924113199903,1,"1e-05 to 1",0.0510248711591005,0.0455075738983975,174,"success","pgls5_castespolymorphic"
"OG0004322_00",0.028112448580136,0.110318592610799,0.691424169561815,"1e-05 to 1",0.0158580459121814,0.0101362903651592,174,"success","pgls5_castespolymorphic"
"OG0004323_00",0.0310381480981734,0.0582108251752278,0.99478577351845,"1e-05 to 1",0.0222417263613133,0.0165570852355069,174,"success","pgls5_castespolymorphic"
"OG0004324_00",0.029203507260294,0.197609484887791,0.982486077425449,"1e-05 to 1",0.0102890190146871,0.00453488540430724,174,"success","pgls5_castespolymorphic"
"OG0004325_00",0.000287312720747127,0.975912462094847,1e-05,"1e-05 to 1",5.68013019681007e-06,-0.00580824033416238,174,"success","pgls5_castespolymorphic"
"OG0004326_00",-0.0100285423512177,0.676330624921348,0.901047909407903,"1e-05 to 1",0.00107858155135759,-0.00472910111404157,174,"success","pgls5_castespolymorphic"
"OG0004327_00",-0.00306788945577242,0.88843462955422,0.962046713651349,"1e-05 to 1",0.00012337702724234,-0.00568985915283182,174,"success","pgls5_castespolymorphic"
"OG0004329_00",0.0450778067475523,0.00621967067170326,0.653068821671807,"1e-05 to 1",0.0469973519791827,0.0414566389092943,174,"success","pgls5_castespolymorphic"
"OG0004330_00",0.00557622080599093,0.354797431877917,1e-05,"1e-05 to 1",0.00528763729316341,-0.000495574117922892,174,"success","pgls5_castespolymorphic"
"OG0004331_00",-0.00201849184751179,0.82030830400049,1,"1e-05 to 1",0.000327541000014879,-0.00548450818021751,174,"success","pgls5_castespolymorphic"
"OG0004332_00",0.00591804133473431,0.770402823482895,0.729205126066466,"1e-05 to 1",0.000530543605818354,-0.00528032532670597,174,"success","pgls5_castespolymorphic"
"OG0004333_00",0.0273032880721353,0.0718422004399439,1e-05,"1e-05 to 1",0.0206228714328036,0.0149288183597386,174,"success","pgls5_castespolymorphic"
"OG0004334_00",-0.00558218426625322,0.355528020500167,1e-05,"1e-05 to 1",0.00554562241475962,-0.000236089082829016,174,"success","pgls5_castespolymorphic"
"OG0004335_00",-0.00293142444006345,0.690231771201528,1,"1e-05 to 1",0.00100160368018679,-0.00480652653097491,174,"success","pgls5_castespolymorphic"
"OG0004336_00",0.0190751136109575,0.191247353976939,0.955827874435074,"1e-05 to 1",0.0105851327972435,0.00483272077862285,174,"success","pgls5_castespolymorphic"
"OG0004337_00",0.00920803521414077,0.477941207733801,0.891873170994837,"1e-05 to 1",0.0031324946924828,-0.00266324661744455,174,"success","pgls5_castespolymorphic"
"OG0004338_00",0.0010534287209726,0.951237428444512,0.929975524927045,"1e-05 to 1",2.31555274737111e-05,-0.00579066333573852,174,"success","pgls5_castespolymorphic"
"OG0004339_00",0.00762169481391494,0.633622404642635,1,"1e-05 to 1",0.00140569396575125,-0.00440008688328519,174,"success","pgls5_castespolymorphic"
"OG0004340_00",0.00934020592342123,0.307251064626168,1,"1e-05 to 1",0.00643400398128788,0.00065745749280699,174,"success","pgls5_castespolymorphic"
"OG0004341_00",0.0674710304429397,0.00334607462640668,1,"1e-05 to 1",0.0519064402822062,0.0463942684233819,174,"success","pgls5_castespolymorphic"
"OG0004342_00",-0.0150533623926877,0.450169902769158,0.354520665569328,"1e-05 to 1",0.00356866855628332,-0.00222453685908719,174,"success","pgls5_castespolymorphic"
"OG0004343_00",-0.00306528004038852,0.829351283581202,1,"1e-05 to 1",0.00028760275823103,-0.00552467862108164,174,"success","pgls5_castespolymorphic"
"OG0004344_00",-0.00400489337168101,0.594697061925241,1,"1e-05 to 1",0.00181870973333436,-0.00398466986123935,174,"success","pgls5_castespolymorphic"
"OG0004345_00",0.00360059178300957,0.835075149854797,0.489067288971994,"1e-05 to 1",0.00026835891190277,-0.00554403435023731,174,"success","pgls5_castespolymorphic"
"OG0004346_00",-0.00936481142308581,0.574814559172965,1,"1e-05 to 1",0.00202169116444008,-0.003780508305534,174,"success","pgls5_castespolymorphic"
"OG0004347_00",0.0119945972701686,0.537023601801637,0.884043242540165,"1e-05 to 1",0.00240141473790929,-0.0033985770368703,174,"success","pgls5_castespolymorphic"
"OG0004348_00",0.0388596567339914,0.088185649049489,0.828463546682108,"1e-05 to 1",0.0186406143982559,0.01293503657499,174,"success","pgls5_castespolymorphic"
"OG0004349_00",0.00664350784394036,0.618925545448006,1,"1e-05 to 1",0.00161029284075669,-0.0041942984799368,174,"success","pgls5_castespolymorphic"
"OG0004350_00",-0.00324734289971689,0.647099886845033,1,"1e-05 to 1",0.00132974957617265,-0.0044764728100124,174,"success","pgls5_castespolymorphic"
"OG0004351_00",0.00462328308823952,0.785586733011174,0.82092856691233,"1e-05 to 1",0.000458152624605487,-0.00535313718571651,174,"success","pgls5_castespolymorphic"
"OG0004352_00",-0.0115168308451435,0.480493033158777,0.783469141278365,"1e-05 to 1",0.003135397343412,-0.00266032709063801,174,"success","pgls5_castespolymorphic"
"OG0004353_00",0.00680361893245212,0.779345355987144,0.281710652469169,"1e-05 to 1",0.000501446619390758,-0.00530959148165944,174,"success","pgls5_castespolymorphic"
"OG0004354_00",0.00743843170326302,0.362984626273465,1e-05,"1e-05 to 1",0.00514271563363496,-0.000641338345239273,174,"success","pgls5_castespolymorphic"
"OG0004355_00",0.0168496371300114,0.565005132201049,0.252035185872739,"1e-05 to 1",0.00240517131703169,-0.00339479861717162,174,"success","pgls5_castespolymorphic"
"OG0004356_00",0.00757826459954389,0.641111576913608,0.722579983870874,"1e-05 to 1",0.00135291706330274,-0.00445317062818962,174,"success","pgls5_castespolymorphic"
"OG0004357_00",0.00449040316045277,0.382536647118945,1e-05,"1e-05 to 1",0.0047396943366473,-0.00104670278930241,174,"success","pgls5_castespolymorphic"
"OG0004358_00",-0.0127934790108781,0.557506369520981,0.598549073682201,"1e-05 to 1",0.00216823461680652,-0.00363311285635159,174,"success","pgls5_castespolymorphic"
"OG0004359_00",0.0160715077710246,0.325065673096298,0.299403560219068,"1e-05 to 1",0.00601578424259672,0.000236806244007237,174,"success","pgls5_castespolymorphic"
"OG0004360_00",-0.010532045191318,0.385759604431682,0.936359817405725,"1e-05 to 1",0.00473488599312761,-0.00105153908830768,174,"success","pgls5_castespolymorphic"
"OG0004361_00",0.000415612874127488,0.957792194135827,1e-05,"1e-05 to 1",1.74513851132746e-05,-0.00579640064171749,174,"success","pgls5_castespolymorphic"
"OG0004362_00",-0.0208543433579825,0.235953444984658,0.808497664160278,"1e-05 to 1",0.00876759909367426,0.00300462001863755,174,"success","pgls5_castespolymorphic"
"OG0004363_00",-0.0210572897683382,0.206161548465569,0.288350000358322,"1e-05 to 1",0.010095778116403,0.00434052101242854,174,"success","pgls5_castespolymorphic"
"OG0004364_00",0.00598654497362675,0.805313253043976,0.876881743585792,"1e-05 to 1",0.000491783866103243,-0.005319310413745,174,"success","pgls5_castespolymorphic"
"OG0004365_00",0.0322626236326978,0.0629352549878281,1e-05,"1e-05 to 1",0.0214484966210303,0.0157592436944084,174,"success","pgls5_castespolymorphic"
"OG0004366_00",-0.00861149554361586,0.630244842471694,0.933743936198212,"0.001 to 1",0.0014338174408864,-0.00437179989957337,174,"success","pgls5_castespolymorphic"
"OG0004367_00",0.0059291837647287,0.696819925634514,0.892007239817039,"1e-05 to 1",0.000945350250569146,-0.00486310701541592,174,"success","pgls5_castespolymorphic"
"OG0004368_00",-0.00446337590794723,0.354205269222969,1,"1e-05 to 1",0.00530063200596126,-0.00048250385446913,174,"success","pgls5_castespolymorphic"
"OG0004369_00",0.0638562884440019,0.0143396424457833,0.685169290433085,"1e-05 to 1",0.0364447191364151,0.0308426535499989,174,"success","pgls5_castespolymorphic"
"OG0004370_00",0.00174474019171098,0.91048460012702,1e-05,"1e-05 to 1",7.82621994761425e-05,-0.00573523627610828,174,"success","pgls5_castespolymorphic"
"OG0004371_00",-0.00742780610208271,0.652632093555447,0.786516883075642,"1e-05 to 1",0.00126939264917543,-0.00453718064937592,174,"success","pgls5_castespolymorphic"
"OG0004372_00",-0.00231930087971809,0.863725027809434,0.950162100271424,"1e-05 to 1",0.000185838819942396,-0.00562703421017408,174,"success","pgls5_castespolymorphic"
"OG0004373_00",-0.00638878872217213,0.663925716455034,1,"1e-05 to 1",0.00116828855650641,-0.00463887255653717,174,"success","pgls5_castespolymorphic"
"OG0004374_00",-0.00435786984574361,0.667688805114258,1e-05,"1e-05 to 1",0.001154922160071,-0.00465231666457977,174,"success","pgls5_castespolymorphic"
"OG0004375_00",-0.0475530576461006,0.0241534445923417,0.911255876840293,"1e-05 to 1",0.0309866312777347,0.0253528326223728,174,"success","pgls5_castespolymorphic"
"OG0004376_00",-0.00720728670578954,0.320897508948448,1,"1e-05 to 1",0.00608222473877523,0.000303633022140204,174,"success","pgls5_castespolymorphic"
"OG0004377_00",0.00711273934076044,0.560490710643676,0.909057617454194,"1e-05 to 1",0.00209596443540712,-0.00370580321322422,174,"success","pgls5_castespolymorphic"
"OG0004378_00",-0.0115884090746048,0.31891149687778,0.195012343779821,"1e-05 to 1",0.00628744408640482,0.000510045505511814,174,"success","pgls5_castespolymorphic"
"OG0004379_00",0.00578397704831732,0.428784323863123,0.818696356659689,"1e-05 to 1",0.00391776166964152,-0.00187341413460484,174,"success","pgls5_castespolymorphic"
"OG0004380_00",0.00855923982859579,0.528780319629263,1,"1e-05 to 1",0.0034290053569745,-0.00236501205374062,174,"success","pgls5_castespolymorphic"
"OG0004381_00",-0.00236135702314174,0.76438674374276,1,"1e-05 to 1",0.000563068786965228,-0.00524761104566873,174,"success","pgls5_castespolymorphic"
"OG0004382_00",-0.00760741083290766,0.397182650927117,0.882711742662044,"1e-05 to 1",0.00445630244890925,-0.00133174230429467,174,"success","pgls5_castespolymorphic"
"OG0004383_00",-0.011302527058659,0.44291139361065,0.906504846986388,"1e-05 to 1",0.00373095600081043,-0.00206130588290576,174,"success","pgls5_castespolymorphic"
"OG0004384_00",-0.000388550271032323,0.972630788467313,0.880709258081913,"1e-05 to 1",7.3339188783573e-06,-0.00580657693043052,174,"success","pgls5_castespolymorphic"
"OG0004385_00",-0.0230797254806361,0.188456956356053,0.976791660615282,"1e-05 to 1",0.01092167091283,0.00517121551116051,174,"success","pgls5_castespolymorphic"
"OG0004386_00",0.0241822579924657,0.141288902443499,1,"1e-05 to 1",0.0133090754332833,0.00757250029045353,174,"success","pgls5_castespolymorphic"
"OG0004387_00",0.0071451435747699,0.621741407197999,1e-05,"1e-05 to 1",0.00151552534842686,-0.00428961694605912,174,"success","pgls5_castespolymorphic"
"OG0004388_00",-0.0221216944698604,0.327989010722574,1,"1e-05 to 1",0.00590703805726453,0.000127427813411463,174,"success","pgls5_castespolymorphic"
"OG0004389_00",-0.00108985021584144,0.92363625366654,1,"1e-05 to 1",5.68900943857322e-05,-0.00575673263762377,174,"success","pgls5_castespolymorphic"
"OG0004391_00",0.0151616968692379,0.415761420140517,0.87974973934583,"1e-05 to 1",0.00411773654950442,-0.00167227661009139,174,"success","pgls5_castespolymorphic"
"OG0004392_00",-0.0129362370838977,0.41894753038167,0.583298968370464,"1e-05 to 1",0.00406189515442023,-0.00172844266444927,174,"success","pgls5_castespolymorphic"
"OG0004393_00",0.0283493196617916,0.0494837676934596,1,"1e-05 to 1",0.0237557923357811,0.0180799539191286,174,"success","pgls5_castespolymorphic"
"OG0004394_00",-0.011380941784912,0.464064147948297,1,"1e-05 to 1",0.00337644065235838,-0.00241788236710461,174,"success","pgls5_castespolymorphic"
"OG0004395_00",-0.0209310465039653,0.237607448545627,0.772713763365033,"1e-05 to 1",0.00870622340831253,0.00294288749789573,174,"success","pgls5_castespolymorphic"
"OG0004396_00",-0.0214018446941174,0.0883923018342618,1e-05,"1e-05 to 1",0.0183809350473272,0.0126738474603931,174,"success","pgls5_castespolymorphic"
"OG0004397_00",0.0191966329138607,0.126684709004966,1,"1e-05 to 1",0.0153797968334139,0.00965526076849188,174,"success","pgls5_castespolymorphic"
"OG0004398_00",-0.00246085236907069,0.806145682312429,1e-05,"1e-05 to 1",0.000375141613385877,-0.00543663081909429,174,"success","pgls5_castespolymorphic"
"OG0004399_00",0.0109629617769113,0.634818369943256,0.829967196275641,"1e-05 to 1",0.00141330732355827,-0.00439242926176986,174,"success","pgls5_castespolymorphic"
"OG0004400_00",0.0106444231878874,0.388766134068295,0.613805377573215,"1e-05 to 1",0.00464618350532903,-0.0011407572882447,174,"success","pgls5_castespolymorphic"
"OG0004401_00",0.0148116355851089,0.592230074388313,0.807274061427312,"1e-05 to 1",0.00179696341859975,-0.00400654260803646,174,"success","pgls5_castespolymorphic"
"OG0004402_00",0.0102814562592249,0.431474824024306,0.964807279966496,"1e-05 to 1",0.00394648307968619,-0.00184452573961802,174,"success","pgls5_castespolymorphic"
"OG0004403_00",0.0231183048209462,0.349265089161725,0.774876543907927,"1e-05 to 1",0.00551232089639676,-0.000269584214670715,174,"success","pgls5_castespolymorphic"
"OG0004404_00",0.0515444081264284,0.0425386565830252,1,"1e-05 to 1",0.0253042180130012,0.0196373820712163,174,"success","pgls5_castespolymorphic"
"OG0004406_00",0.020311405543183,0.295522076147178,1,"1e-05 to 1",0.0074926394320388,0.00172224780082963,174,"success","pgls5_castespolymorphic"
"OG0004407_00",-0.00581003008126913,0.314182119110786,1e-05,"1e-05 to 1",0.00633101054893762,0.000553865261431308,174,"success","pgls5_castespolymorphic"
"OG0004408_00",0.00800249836224997,0.41231166458305,1,"1e-05 to 1",0.00417891466831132,-0.00161074280454732,174,"success","pgls5_castespolymorphic"
"OG0004409_00",-0.0190125484046253,0.412996218211968,0.91383216419998,"1e-05 to 1",0.00424591133572436,-0.00154335662162608,174,"success","pgls5_castespolymorphic"
"OG0004410_00",-0.00548138155787369,0.660989192277837,0.473973809065657,"1e-05 to 1",0.00121265970030499,-0.00459424344097248,174,"success","pgls5_castespolymorphic"
"OG0004411_00",0.016233991796544,0.181187680588126,0.86751525763705,"1e-05 to 1",0.0112871877873343,0.00553885748377236,174,"success","pgls5_castespolymorphic"
"OG0004412_00",0.01522316309117,0.280567342445556,1e-05,"1e-05 to 1",0.00722815433818734,0.00145622500294429,174,"success","pgls5_castespolymorphic"
"OG0004413_00",-0.0276489162415911,0.253098221377178,0.792494956031849,"1e-05 to 1",0.00852808780243085,0.00276371621988691,174,"success","pgls5_castespolymorphic"
"OG0004414_00",0.00397306572428072,0.792789190647562,1,"1e-05 to 1",0.000443669389357266,-0.00536770462582092,174,"success","pgls5_castespolymorphic"
"OG0004415_00",0.0110623509611455,0.523794690014139,0.578515694849667,"1e-05 to 1",0.00256083409414636,-0.00323823082391095,174,"success","pgls5_castespolymorphic"
"OG0004416_00",0.000994914514841794,0.955760997751047,1e-05,"1e-05 to 1",1.96632405963339e-05,-0.00579417592660958,174,"success","pgls5_castespolymorphic"
"OG0004417_00",-0.00117162896210792,0.945941232613862,0.797828780726665,"1e-05 to 1",2.91896180632848e-05,-0.00578459416322707,174,"success","pgls5_castespolymorphic"
"OG0004418_00",-0.00462214188048818,0.679614977025551,0.69567181378869,"1e-05 to 1",0.00106210657266091,-0.00474567187749808,174,"success","pgls5_castespolymorphic"
"OG0004419_00",0.00474610063486204,0.749066290497371,1e-05,"1e-05 to 1",0.00063728470709175,-0.00517296363763453,174,"success","pgls5_castespolymorphic"
"OG0004420_00",-0.00220588723609666,0.864974172439184,1,"1e-05 to 1",0.000181271387059764,-0.0056316281978992,174,"success","pgls5_castespolymorphic"
"OG0004421_00",0.0067310006938832,0.705400601536812,0.872359991636986,"1e-05 to 1",0.000895609916513375,-0.00491313653746039,174,"success","pgls5_castespolymorphic"
"OG0004422_00",0.0012201568379676,0.90855485749518,0.677044879181856,"1e-05 to 1",8.32338294798296e-05,-0.00573023574127896,174,"success","pgls5_castespolymorphic"
"OG0004423_00",0.0100420829813507,0.51843867879523,1,"1e-05 to 1",0.00262743103673353,-0.00317124668979707,174,"success","pgls5_castespolymorphic"
"OG0004424_00",0.00561743202968193,0.441172176793178,1e-05,"1e-05 to 1",0.00368930355286961,-0.00210320049624158,174,"success","pgls5_castespolymorphic"
"OG0004425_00",-0.00408464117316556,0.736709830827053,1e-05,"1e-05 to 1",0.00070404479385087,-0.0051058154108361,174,"success","pgls5_castespolymorphic"
"OG0004426_00",0.0123394445316953,0.537977040258627,1e-05,"1e-05 to 1",0.0023458505915313,-0.00345446423061091,174,"success","pgls5_castespolymorphic"
"OG0004427_00",0.00943908814634916,0.423312259905265,1,"1e-05 to 1",0.00398641055938264,-0.00180436612341173,174,"success","pgls5_castespolymorphic"
"OG0004428_00",0.0103704185413644,0.353573206049663,1,"1e-05 to 1",0.00534755821445778,-0.000435304819178972,174,"success","pgls5_castespolymorphic"
"OG0004429_00",0.0156232462502536,0.416478107049438,1,"1e-05 to 1",0.00415681172106185,-0.00163297425730402,174,"success","pgls5_castespolymorphic"
"OG0004430_00",-0.00315969228830558,0.809178222220597,1e-05,"1e-05 to 1",0.000363269525410155,-0.00544857193083748,174,"success","pgls5_castespolymorphic"
"OG0004431_00",-0.0101975505242074,0.233035030430755,0.511918703435408,"1e-05 to 1",0.00972714388920365,0.00396974356297819,174,"success","pgls5_castespolymorphic"
"OG0004432_00",-0.0302159142610505,0.212101269280284,0.883188657351518,"1e-05 to 1",0.0097753384970764,0.00401821837205951,174,"success","pgls5_castespolymorphic"
"OG0004433_00",-0.0141118354455482,0.248732477864681,0.840018253588176,"1e-05 to 1",0.00835855841024708,0.00259320119170203,174,"success","pgls5_castespolymorphic"
"OG0004434_00",0.00408035000407789,0.787485292811697,1,"1e-05 to 1",0.000455518015126981,-0.00535578711269213,174,"success","pgls5_castespolymorphic"
"OG0004435_00",-0.0033814780915965,0.825735741750576,0.797939482578409,"1e-05 to 1",0.000300117800085699,-0.00551209081735582,174,"success","pgls5_castespolymorphic"
"OG0004436_00",0.00089523509170276,0.930382977136403,1,"1e-05 to 1",4.72574432339778e-05,-0.00576642129256122,174,"success","pgls5_castespolymorphic"
"OG0004437_00",-0.00800938375848678,0.737429873116755,0.916754690799817,"1e-05 to 1",0.000695720111377156,-0.00511418849262646,174,"success","pgls5_castespolymorphic"
"OG0004438_00",0.00290525417687528,0.866946518532697,1,"1e-05 to 1",0.000174869086853743,-0.00563806772078101,174,"success","pgls5_castespolymorphic"
"OG0004439_00",0.000683537266386243,0.968653342390732,1,"1e-05 to 1",9.62158580818466e-06,-0.00580427596311139,174,"success","pgls5_castespolymorphic"
"OG0004440_00",-0.0193853910551015,0.202097972068902,0.569121084809567,"1e-05 to 1",0.0100245611935112,0.00426889003765951,174,"success","pgls5_castespolymorphic"
"OG0004441_00",-0.00310666191138365,0.90542448154858,1,"1e-05 to 1",8.96224335035717e-05,-0.00572380999420852,174,"success","pgls5_castespolymorphic"
"OG0004442_00",-0.00938475862286905,0.468750335360498,0.741733092473719,"1e-05 to 1",0.00326517051670569,-0.00252979942215048,174,"success","pgls5_castespolymorphic"
"OG0004443_00",-0.00314358193287733,0.816941101162603,0.292429735876499,"1e-05 to 1",0.000331729595768771,-0.00548029523216287,174,"success","pgls5_castespolymorphic"
"OG0004444_00",0.00441156828813393,0.770260377197702,1,"1e-05 to 1",0.000534550606608402,-0.00527629502939964,174,"success","pgls5_castespolymorphic"
"OG0004445_00",-0.00880395934377422,0.563370852960216,1e-05,"1e-05 to 1",0.00211775065179846,-0.00368389033278405,174,"success","pgls5_castespolymorphic"
"OG0004446_00",0.00616436054108648,0.760052209281956,0.937073493339719,"1e-05 to 1",0.000588319937611107,-0.00522221308600757,174,"success","pgls5_castespolymorphic"
"OG0004447_00",-0.00799560721103135,0.414242874815222,1e-05,"1e-05 to 1",0.00419676107309624,-0.00159279264159529,174,"success","pgls5_castespolymorphic"
"OG0004448_00",0.00584915646777315,0.547247376015234,0.558053848634551,"1e-05 to 1",0.00237271745199085,-0.00342744116747418,174,"success","pgls5_castespolymorphic"
"OG0004449_00",-0.0241694000152295,0.131522194325487,1,"1e-05 to 1",0.0140709421387591,0.00833879645351931,174,"success","pgls5_castespolymorphic"
"OG0004450_00",-0.00525620528245772,0.787111542623697,1e-05,"1e-05 to 1",0.000457160850333433,-0.00535413472611812,174,"success","pgls5_castespolymorphic"
"OG0004451_00",-0.00213867387759715,0.902149964120354,1,"1e-05 to 1",9.53620820438642e-05,-0.00571803697561868,174,"success","pgls5_castespolymorphic"
"OG0004452_00",-0.0287092765320597,0.208331773871628,0.958515218237771,"1e-05 to 1",0.00981426183510609,0.00405736800856604,174,"success","pgls5_castespolymorphic"
"OG0004453_00",0.0292325723422115,0.0835599402471516,0.729455082790839,"1e-05 to 1",0.0184827218334312,0.0127762260301373,174,"success","pgls5_castespolymorphic"
"OG0004454_00",-0.00926845964535764,0.435841200371918,1,"1e-05 to 1",0.00377605455267802,-0.00201594513015535,174,"success","pgls5_castespolymorphic"
"OG0004455_00",0.000109395714043661,0.993943286940406,0.415298365291758,"1e-05 to 1",3.61276171160029e-07,-0.00581359011175797,174,"success","pgls5_castespolymorphic"
"OG0004456_00",-0.00120645634063767,0.926964139675541,0.643773322107128,"1e-05 to 1",5.36883004534172e-05,-0.00575995304663701,174,"success","pgls5_castespolymorphic"
"OG0004457_00",-0.0243970523611119,0.192736241108339,0.858677719045415,"1e-05 to 1",0.0105148215266555,0.00476200072157795,174,"success","pgls5_castespolymorphic"
"OG0004458_00",-0.0100640675708088,0.461944147852114,0.767260342934902,"1e-05 to 1",0.00343014599312646,-0.00236386478598338,174,"success","pgls5_castespolymorphic"
"OG0004459_00",-0.0104177558654237,0.415470181231821,0.246319897286604,"1e-05 to 1",0.00414866720229647,-0.00164116612792276,174,"success","pgls5_castespolymorphic"
"OG0004460_00",-0.0216536698730897,0.267026463272892,0.362296569051826,"1e-05 to 1",0.00769407312242347,0.00192485261732134,174,"success","pgls5_castespolymorphic"
"OG0004461_00",0.00575887483843903,0.767492401181029,0.772162933293138,"1e-05 to 1",0.000541106489928328,-0.00526970103047919,174,"success","pgls5_castespolymorphic"
"OG0004462_00",-0.00704632008421044,0.640390185431664,1,"1e-05 to 1",0.00135877131200866,-0.00444728234315406,174,"success","pgls5_castespolymorphic"
"OG0004463_00",-0.00341295732121462,0.87335332683621,1,"1e-05 to 1",0.000160292509893396,-0.00565272904528169,174,"success","pgls5_castespolymorphic"
"OG0004464_00",0.00326641236217888,0.791713804274291,1e-05,"1e-05 to 1",0.000442701667901553,-0.00536867797356422,174,"success","pgls5_castespolymorphic"
"OG0004465_00",-0.0126505471008598,0.323240668293609,1e-05,"1e-05 to 1",0.00609908369481368,0.000320589995364995,174,"success","pgls5_castespolymorphic"
"OG0004466_00",-0.0154609795263242,0.275547179793068,1e-05,"1e-05 to 1",0.00742629092333603,0.00165551354498339,174,"success","pgls5_castespolymorphic"
"OG0004467_00",0.00351387552877304,0.846278336694305,1,"1e-05 to 1",0.000232697792455456,-0.00557990280177445,174,"success","pgls5_castespolymorphic"
"OG0004468_00",-0.017848557568639,0.386463361425545,0.690479021407011,"1e-05 to 1",0.00466222006877805,-0.00112462748896158,174,"success","pgls5_castespolymorphic"
"OG0004469_00",-0.0196921378681134,0.137444898600597,0.69960895027842,"1e-05 to 1",0.01365246522204,0.00791788653147041,174,"success","pgls5_castespolymorphic"
"OG0004470_00",0.00821916446229416,0.633356723791957,0.756676751730012,"1e-05 to 1",0.00141665941416257,-0.00438905768226672,174,"success","pgls5_castespolymorphic"
"OG0004471_00",0.0189075728463072,0.597338023491635,0.841658926179502,"1e-05 to 1",0.00173698203364947,-0.00406687272196882,174,"success","pgls5_castespolymorphic"
"OG0004472_00",-0.0115166775775282,0.36173392358757,1,"1e-05 to 1",0.0052345751480314,-0.000548944763898662,174,"success","pgls5_castespolymorphic"
"OG0004473_00",-0.0100274533707966,0.366197862114387,1e-05,"1e-05 to 1",0.00504309799602114,-0.00074153515516473,174,"success","pgls5_castespolymorphic"
"OG0004474_00",-0.00759707239496389,0.488330262094355,0.934037529499966,"1e-05 to 1",0.00296896216421803,-0.00282772991622249,174,"success","pgls5_castespolymorphic"
"OG0004475_00",-0.0128876716755915,0.330029204005174,0.787475745029423,"1e-05 to 1",0.00589394650845844,0.000114260150949397,174,"success","pgls5_castespolymorphic"
"OG0004476_00",0.0373487792829255,0.0685041750523783,0.659810286653189,"1e-05 to 1",0.0204635413955687,0.0147685619850779,174,"success","pgls5_castespolymorphic"
"OG0004477_00",-0.00721595327848931,0.454235844593528,1,"1e-05 to 1",0.00359517533402291,-0.0021978759721748,174,"success","pgls5_castespolymorphic"
"OG0004478_00",0.00215134003256197,0.871473869426709,1e-05,"1e-05 to 1",0.000163069510909698,-0.00564993589891061,174,"success","pgls5_castespolymorphic"
"OG0004479_00",-0.00536203986111373,0.549727475054301,1,"1e-05 to 1",0.00221305032954558,-0.00358803658714324,174,"success","pgls5_castespolymorphic"
"OG0004480_00",-0.00647835016382699,0.675394114108756,0.506176137384324,"1e-05 to 1",0.00109880701014964,-0.00470875806537285,174,"success","pgls5_castespolymorphic"
"OG0004481_00",0.00192317622463107,0.531204229130037,1e-05,"1e-05 to 1",0.00245519541143473,-0.0033444836850105,174,"success","pgls5_castespolymorphic"
"OG0004482_00",0.0180528563442137,0.194967303569713,0.670126430749901,"1e-05 to 1",0.0105412994179991,0.0047886325541503,174,"success","pgls5_castespolymorphic"
"OG0004483_00",0.0458443993017306,0.017189180868757,1,"1e-05 to 1",0.0345403144379705,0.0289271767312147,174,"success","pgls5_castespolymorphic"
"OG0004484_00",-0.00639202858724796,0.318214047062761,1e-05,"1e-05 to 1",0.00618804221800734,0.000410065719274932,174,"success","pgls5_castespolymorphic"
"OG0004485_00",-0.00200482047156308,0.863558225076469,1,"1e-05 to 1",0.000183977262240337,-0.00562890659088611,174,"success","pgls5_castespolymorphic"
"OG0004486_00",-0.00650704204348984,0.394676629671106,1,"1e-05 to 1",0.00447590259398216,-0.00131202820489018,174,"success","pgls5_castespolymorphic"
"OG0004487_00",0.00552439149658733,0.71675688535049,0.661007650006516,"1e-05 to 1",0.000819730219831921,-0.00498945739516898,174,"success","pgls5_castespolymorphic"
"OG0004488_00",0.0144486109153903,0.443904834134027,0.66483378053222,"1e-05 to 1",0.00364545394781253,-0.00214730504086291,174,"success","pgls5_castespolymorphic"
"OG0004489_00",-0.00703596716722442,0.369077926779828,1e-05,"1e-05 to 1",0.00504529599594822,-0.000739324376168415,174,"success","pgls5_castespolymorphic"
"OG0004490_00",-0.00163504312019652,0.730129072226607,1,"1e-05 to 1",0.000736524669365754,-0.00507314669883541,174,"success","pgls5_castespolymorphic"
"OG0004491_00",-0.00193178918781225,0.896790957889516,1,"1e-05 to 1",0.000106153423511932,-0.00570718289379335,174,"success","pgls5_castespolymorphic"
"OG0004492_00",-0.00247922226674693,0.533626749737662,1e-05,"1e-05 to 1",0.0023963710695525,-0.00340365002888032,174,"success","pgls5_castespolymorphic"
"OG0004493_00",-0.018549011632192,0.43441374332431,0.654393157745775,"1e-05 to 1",0.00387178957910495,-0.00191965350473744,174,"success","pgls5_castespolymorphic"
"OG0004494_00",0.0279614897755741,0.303439668645003,0.739349637911936,"1e-05 to 1",0.00665917416733603,0.000883936807843821,174,"success","pgls5_castespolymorphic"
"OG0004495_00",-0.0234386927670068,0.289353831184069,0.553247580113239,"1e-05 to 1",0.00697009975191423,0.00119667009930902,174,"success","pgls5_castespolymorphic"
"OG0004496_00",-0.0106880843180328,0.601241070804396,0.96025579830977,"1e-05 to 1",0.00171092760541509,-0.00409307862943709,174,"success","pgls5_castespolymorphic"
"OG0004497_00",0.0171992081732609,0.138422716436075,0.688051766211109,"1e-05 to 1",0.0135853035965715,0.00785033443143535,174,"success","pgls5_castespolymorphic"
"OG0004498_00",0.00598671586204699,0.358394126945363,1e-05,"1e-05 to 1",0.00537532186663846,-0.000407379750416048,174,"success","pgls5_castespolymorphic"
"OG0004499_00",0.0424404188896936,0.00390083409258191,1,"1e-05 to 1",0.0505720939200779,0.0450521642335668,174,"success","pgls5_castespolymorphic"
"OG0004500_00",-0.0114789505320226,0.475444935973204,1,"1e-05 to 1",0.00316811992595843,-0.00262741426051849,174,"success","pgls5_castespolymorphic"
"OG0004501_00",0.0109951495286566,0.507263611949829,0.615206395146584,"1e-05 to 1",0.00273584678444082,-0.00306220061797524,174,"success","pgls5_castespolymorphic"
"OG0004502_00",-0.0284314841902492,0.0716769984954735,0.894562268207602,"1e-05 to 1",0.0200099238620386,0.0143123071403062,174,"success","pgls5_castespolymorphic"
"OG0004503_00",-0.000806033386604302,0.937389040244209,1,"1e-05 to 1",3.84439490069151e-05,-0.00577528602803379,174,"success","pgls5_castespolymorphic"
"OG0004504_00",0.0380206478585462,0.0882400983766738,0.962409954217685,"0.001 to 1",0.0179439851974978,0.01223435720446,174,"success","pgls5_castespolymorphic"
"OG0004505_00",-0.0588131888232979,0.0206037354601176,0.744606218787325,"1e-05 to 1",0.0328437430851019,0.0272207415914105,174,"success","pgls5_castespolymorphic"
"OG0004506_00",0.00918652858700656,0.450917529173195,1,"1e-05 to 1",0.00353480444626726,-0.00225859785346372,174,"success","pgls5_castespolymorphic"
"OG0004507_00",0.0387745409944612,0.120886490996971,1,"1e-05 to 1",0.0147860481306422,0.0090580600383785,174,"success","pgls5_castespolymorphic"
"OG0004508_00",0.00786896812834596,0.679295628070621,0.906794367131665,"1e-05 to 1",0.00107777157997845,-0.00472991579455662,174,"success","pgls5_castespolymorphic"
"OG0004509_00",-0.0259042062758962,0.337584086320817,0.821807725488798,"1e-05 to 1",0.00578495969584473,4.63969407638043e-06,174,"success","pgls5_castespolymorphic"
"OG0004510_00",0.0451038735421967,0.00258467924468464,0.856154313403742,"1e-05 to 1",0.0549996610402977,0.0495054730230902,174,"success","pgls5_castespolymorphic"
"OG0004511_00",0.00965592697793263,0.396237806175368,1,"1e-05 to 1",0.00444649063427122,-0.00134161116436671,174,"success","pgls5_castespolymorphic"
"OG0004512_00",0.0299606232687425,0.231912397163441,0.847048874807805,"1e-05 to 1",0.00897577314421742,0.003214004383428,174,"success","pgls5_castespolymorphic"
"OG0004513_00",-0.00862116291103228,0.287999483731789,1e-05,"1e-05 to 1",0.00709735613459742,0.00132466634468231,174,"success","pgls5_castespolymorphic"
"OG0004514_00",-0.0143752177544366,0.31734811190494,1e-05,"1e-05 to 1",0.00621015786003694,0.000432309940618603,174,"success","pgls5_castespolymorphic"
"OG0004515_00",-8.74061350060808e-05,0.964729075281733,1,"1e-05 to 1",1.21830721140428e-05,-0.00580169958444343,174,"success","pgls5_castespolymorphic"
"OG0004516_00",0.0347063040221304,0.0172781297055842,0.630142236964743,"1e-05 to 1",0.0346972753596397,0.0290850502163817,174,"success","pgls5_castespolymorphic"
"OG0004517_00",-0.00169111300276991,0.90840437852875,0.355671892896771,"1e-05 to 1",8.19580140053141e-05,-0.00573151897428525,174,"success","pgls5_castespolymorphic"
"OG0004518_00",0.00967112320552321,0.701401699516796,0.361244795051113,"1e-05 to 1",0.000933005914154184,-0.00487552312122852,174,"success","pgls5_castespolymorphic"
"OG0004519_00",-0.0138593795927616,0.267164029271922,1e-05,"1e-05 to 1",0.00793752863401501,0.00216972356793366,174,"success","pgls5_castespolymorphic"
"OG0004520_00",-0.0101086058480773,0.637391765764232,0.781929216126244,"1e-05 to 1",0.00137471009630825,-0.00443125089150387,174,"success","pgls5_castespolymorphic"
"OG0004521_00",0.0254329534000817,0.0205480277350563,0.527154864719988,"1e-05 to 1",0.0326720193747822,0.0270480194874262,174,"success","pgls5_castespolymorphic"
"OG0004522_00",0.0031164974210578,0.671139744104329,1,"1e-05 to 1",0.00112255261716521,-0.00468487440250254,174,"success","pgls5_castespolymorphic"
"OG0004523_00",-0.0185461557415257,0.300633163756215,0.596383691656876,"1e-05 to 1",0.00661195436733678,0.000836442474123511,174,"success","pgls5_castespolymorphic"
"OG0004524_00",0.0245536044745431,0.293271270307032,0.789641945888773,"1e-05 to 1",0.00681589618136115,0.00104156999636906,174,"success","pgls5_castespolymorphic"
"OG0004525_00",0.00156617016217492,0.856234555813249,1,"1e-05 to 1",0.000203212901132062,-0.00560955911688454,174,"success","pgls5_castespolymorphic"
"OG0004526_00",-0.0299753068184713,0.245525494726445,1,"1e-05 to 1",0.00841938022126785,0.00265437661790313,174,"success","pgls5_castespolymorphic"
"OG0004527_00",-0.0331189031093006,0.126827765598356,1,"1e-05 to 1",0.0144177292989204,0.00868759981810019,174,"success","pgls5_castespolymorphic"
"OG0004528_00",0.00390817266260254,0.867858735984438,0.646711308600838,"1e-05 to 1",0.000171389782873221,-0.00564156725327281,174,"success","pgls5_castespolymorphic"
"OG0004530_00",0.00896312133188759,0.514829336353974,0.325462896844047,"1e-05 to 1",0.00267299364458169,-0.00312541918306608,174,"success","pgls5_castespolymorphic"
"OG0004531_00",-0.0299805955681027,0.270149662886817,1,"1e-05 to 1",0.007501005975389,0.00173066298687385,174,"success","pgls5_castespolymorphic"
"OG0004532_00",0.00604993775465352,0.65912122502716,0.845652218108464,"1e-05 to 1",0.00121167542671751,-0.00459523343708046,174,"success","pgls5_castespolymorphic"
"OG0004533_00",0.04463028447059,0.0002081337259634,1e-05,"1e-05 to 1",0.0816487835501837,0.0763095322917545,174,"success","pgls5_castespolymorphic"
"OG0004534_00",0.0197082501111976,0.310064957489695,0.935163696638695,"1e-05 to 1",0.00652081857426326,0.000744776821788085,174,"success","pgls5_castespolymorphic"
"OG0004535_00",0.00635809758449958,0.553644424644156,1e-05,"1e-05 to 1",0.00216994426695212,-0.0036313932663794,174,"success","pgls5_castespolymorphic"
"OG0004536_00",-0.0205853770364483,0.320962049309156,0.937967624690662,"1e-05 to 1",0.00608060750984168,0.000302006390712872,174,"success","pgls5_castespolymorphic"
"OG0004537_00",-0.0123529277386195,0.13157319018534,0.952860233177998,"1e-05 to 1",0.013980759955494,0.00824808995523518,174,"success","pgls5_castespolymorphic"
"OG0004538_00",0.00824030133346741,0.342337687399796,1e-05,"1e-05 to 1",0.00563704030983465,-0.000144139688363909,174,"success","pgls5_castespolymorphic"
"OG0004539_00",0.00387928687819469,0.663107923230334,1,"1e-05 to 1",0.00119656571695988,-0.00461043099398784,174,"success","pgls5_castespolymorphic"
"OG0004540_00",0.000232211379079032,0.98410379134966,1,"1e-05 to 1",2.47335680197303e-06,-0.00581146575158864,174,"success","pgls5_castespolymorphic"
"OG0004541_00",0.0141939160190991,0.282449314199966,0.528585699987407,"1e-05 to 1",0.00712778382850264,0.00135527094378463,174,"success","pgls5_castespolymorphic"
"OG0004542_00",-0.0137491060581334,0.385817061424815,0.831375873835163,"1e-05 to 1",0.00467489491434429,-0.00111187895243292,174,"success","pgls5_castespolymorphic"
"OG0004543_00",0.00969387539268296,0.593730952426297,0.761111274289389,"1e-05 to 1",0.00177134996012145,-0.00403230498197082,174,"success","pgls5_castespolymorphic"
"OG0004544_00",-0.0119349775087517,0.679823154884457,1,"1e-05 to 1",0.00106729266497407,-0.00474045563348535,174,"success","pgls5_castespolymorphic"
"OG0004545_00",0.0124742726392603,0.186939522474787,1,"1e-05 to 1",0.0107257226454099,0.00497412800962749,174,"success","pgls5_castespolymorphic"
"OG0004546_00",-0.00963274049771557,0.151903666160346,1e-05,"1e-05 to 1",0.0126316960515027,0.00689118265645339,174,"success","pgls5_castespolymorphic"
"OG0004547_00",-0.0173819063852055,0.275827008434368,0.78661023215902,"1e-05 to 1",0.00737162736660145,0.00160053217687239,174,"success","pgls5_castespolymorphic"
"OG0004552_00",-0.000666532906097972,0.950590187767905,1e-05,"1e-05 to 1",2.56834167864191e-05,-0.00578812074939505,174,"success","pgls5_castespolymorphic"
"OG0004553_00",0.0664714001532812,0.0377002461077205,0.941564708892555,"1e-05 to 1",0.0277411034506424,0.0220884354474485,174,"success","pgls5_castespolymorphic"
"OG0004554_00",-0.00706379347583388,0.576648895111881,0.821830955897671,"1e-05 to 1",0.00195221049781077,-0.00385039292952749,174,"success","pgls5_castespolymorphic"
"OG0004555_00",0.0103640418052516,0.1460707851764,0.463587325828922,"1e-05 to 1",0.0130775583251506,0.00733963715262242,174,"success","pgls5_castespolymorphic"
"OG0004556_00",0.0291544691351035,0.1287173605034,1,"1e-05 to 1",0.0142764631976466,0.00854551240228407,174,"success","pgls5_castespolymorphic"
"OG0004557_00",-0.022028442915128,0.233460847247388,0.882474928527301,"1e-05 to 1",0.00875182476671359,0.0029887539804736,174,"success","pgls5_castespolymorphic"
"OG0004558_00",0.00551050158710265,0.328203106876617,0.0803588096803472,"1e-05 to 1",0.00590182671544792,0.000122186173095784,174,"success","pgls5_castespolymorphic"
"OG0004559_00",-0.00801108684834902,0.608518034536653,0.853650572128583,"1e-05 to 1",0.00163316475466702,-0.00417129358978263,174,"success","pgls5_castespolymorphic"
"OG0004560_00",0.00157128051734294,0.910704189741125,1e-05,"1e-05 to 1",8.08818568190472e-05,-0.00573260138819931,174,"success","pgls5_castespolymorphic"
"OG0004561_00",0.0301105667806681,0.0486115290243534,1,"1e-05 to 1",0.0240855981369779,0.0184116771959139,174,"success","pgls5_castespolymorphic"
"OG0004562_00",0.00118581316285954,0.958023357954888,0.954344059359664,"1e-05 to 1",1.75893452494776e-05,-0.00579626187948756,174,"success","pgls5_castespolymorphic"
"OG0004563_00",-0.0161496682824462,0.146517688556222,0.904435878594147,"1e-05 to 1",0.0130488117568635,0.00731072345312422,174,"success","pgls5_castespolymorphic"
"OG0004564_00",0.0112229358031429,0.502987125984202,1,"1e-05 to 1",0.00279127275679299,-0.00300645240159758,174,"success","pgls5_castespolymorphic"
"OG0004565_00",-0.0148491179641242,0.200007135617693,1,"1e-05 to 1",0.010180287398996,0.00442552162805998,174,"success","pgls5_castespolymorphic"
"OG0004566_00",-0.00605716563834889,0.474815444942772,1,"1e-05 to 1",0.00315751007385188,-0.00263808579781166,174,"success","pgls5_castespolymorphic"
"OG0004567_00",0.00183297607420989,0.855422389615929,1,"1e-05 to 1",0.000209430710416028,-0.00560330515754681,174,"success","pgls5_castespolymorphic"
"OG0004568_00",0.0401249379594161,0.0177184760024363,0.913692025602802,"1e-05 to 1",0.034643928949507,0.0290313936527018,174,"success","pgls5_castespolymorphic"
"OG0004569_00",0.0179939711742297,0.0657268434504874,0.655513317612467,"1e-05 to 1",0.0212727073645287,0.0155824324073458,174,"success","pgls5_castespolymorphic"
"OG0004570_00",-0.0335868620481733,0.023608100571872,0.944248672221908,"1e-05 to 1",0.0314157442978337,0.0257844404856118,174,"success","pgls5_castespolymorphic"
"OG0004571_00",-0.0146683480290124,0.419962932548697,0.697518712226321,"1e-05 to 1",0.00406953430923775,-0.00172075909594116,174,"success","pgls5_castespolymorphic"
"OG0004572_00",0.0127878131142902,0.436490215709838,0.796116094091377,"1e-05 to 1",0.00378896938620573,-0.00200295521038618,174,"success","pgls5_castespolymorphic"
"OG0004574_00",-0.0121554164499503,0.444207284754642,1,"1e-05 to 1",0.00407103489637836,-0.0017192497844567,174,"success","pgls5_castespolymorphic"
"OG0004575_00",0.00125047612935152,0.936771987990926,1e-05,"1e-05 to 1",3.9452828450517e-05,-0.005774271283012,174,"success","pgls5_castespolymorphic"
"OG0004576_00",-0.0141409557248113,0.228337443208766,1,"1e-05 to 1",0.0108924881557747,0.00514186308691289,174,"success","pgls5_castespolymorphic"
"OG0004577_00",-0.00372888213370765,0.644573040399872,1e-05,"1e-05 to 1",0.00131684057737084,-0.00448945686113289,174,"success","pgls5_castespolymorphic"
"OG0004578_00",-0.0428655662220229,0.091825535384837,0.952563436917097,"1e-05 to 1",0.0223911814505111,0.0167074092496418,174,"success","pgls5_castespolymorphic"
"OG0004579_00",-0.00920487941501356,0.19964639041463,1e-05,"1e-05 to 1",0.0101337349866189,0.00437869856212247,174,"success","pgls5_castespolymorphic"
"OG0004580_00",-0.00133834354183635,0.51145328858245,1,"1e-05 to 1",0.00282282797287535,-0.00297471372495672,174,"success","pgls5_castespolymorphic"
"OG0004581_00",-0.0148383553893827,0.203363080162321,0.592748534217955,"1e-05 to 1",0.0100306240971493,0.00427498819073735,174,"success","pgls5_castespolymorphic"
"OG0004582_00",-0.0143840489077743,0.287425828790189,1,"1e-05 to 1",0.00702587073139247,0.00125276532866803,174,"success","pgls5_castespolymorphic"
"OG0004583_00",0.00259577667056502,0.820889284131525,1,"1e-05 to 1",0.000560026617608356,-0.00525067090205678,174,"success","pgls5_castespolymorphic"
"OG0004584_00",-0.00828287832776548,0.393695724181447,0.805415073821792,"1e-05 to 1",0.00457934054827154,-0.00120798886714546,174,"success","pgls5_castespolymorphic"
"OG0004586_00",0.0407285011997365,0.0826806925537156,1,"1e-05 to 1",0.018819852144819,0.0131153164014749,174,"success","pgls5_castespolymorphic"
"OG0004587_00",0.00470139582884899,0.498339279026339,1e-05,"1e-05 to 1",0.00287028479174447,-0.00292698099434996,174,"success","pgls5_castespolymorphic"
"OG0004588_00",-0.00627047160649073,0.497958277049364,0.538307362625262,"1e-05 to 1",0.00287537220512045,-0.00292186400298933,174,"success","pgls5_castespolymorphic"
"OG0004589_00",-0.0122887925286107,0.21317490155155,1,"1e-05 to 1",0.00972977621858109,0.00397239119659609,174,"success","pgls5_castespolymorphic"
"OG0004590_00",0.00515358022562201,0.532079154909499,0.581664334460743,"1e-05 to 1",0.00246016734107975,-0.00333948284879781,174,"success","pgls5_castespolymorphic"
"OG0004591_00",0.00646611885202355,0.396240729982807,1e-05,"1e-05 to 1",0.00533662915862191,-0.0004462974160373,174,"success","pgls5_castespolymorphic"
"OG0004592_00",-0.00419716787150738,0.782652351250994,0.842605665729172,"1e-05 to 1",0.000471100746304098,-0.0053401137842406,174,"success","pgls5_castespolymorphic"
"OG0004593_00",0.00328503808753032,0.850525008161913,0.664767929392261,"1e-05 to 1",0.000222625351180749,-0.00559003380375422,174,"success","pgls5_castespolymorphic"
"OG0004596_00",0.0136196318355346,0.371200018935386,1,"1e-05 to 1",0.00516228027950166,-0.000621659951431486,174,"success","pgls5_castespolymorphic"
"OG0004598_00",-0.000758054972667928,0.951883805273591,1,"1e-05 to 1",2.34148656585598e-05,-0.00579040248977369,174,"success","pgls5_castespolymorphic"
"OG0004599_00",0.0249986848698314,0.0473551395236693,0.691929448136947,"1e-05 to 1",0.0240568784277185,0.0183827905116007,174,"success","pgls5_castespolymorphic"
"OG0004600_00",0.0294459584526289,0.159423123977448,1,"1e-05 to 1",0.0122586574067929,0.00651597518241376,174,"success","pgls5_castespolymorphic"
"OG0004601_00",0.00716849061527615,0.60987269626891,0.090290761398641,"1e-05 to 1",0.0016310130373903,-0.00417345781704337,174,"success","pgls5_castespolymorphic"
"OG0004602_00",-0.0371527460050999,0.0897174086739245,0.738870946553434,"1e-05 to 1",0.0180025968934952,0.0122933096661317,174,"success","pgls5_castespolymorphic"
"OG0004604_00",0.081574092452046,0.00241276272925806,0.348833086124658,"1e-05 to 1",0.0766058482522786,0.0712372776025825,174,"success","pgls5_castespolymorphic"
"OG0004605_00",-0.00106143461895324,0.953704216046216,1,"1e-05 to 1",2.09994960172886e-05,-0.00579283190226176,174,"success","pgls5_castespolymorphic"
"OG0004607_00",-0.0194331884826392,0.4302663666726,0.549508484429627,"1e-05 to 1",0.0039926542204327,-0.00179808616200661,174,"success","pgls5_castespolymorphic"
"OG0004608_00",0.0240306552057621,0.278554559673382,0.8615533046092,"1e-05 to 1",0.00738033031566987,0.00160928572448193,174,"success","pgls5_castespolymorphic"
"OG0004609_00",-0.00300984458461019,0.74923928462064,1e-05,"1e-05 to 1",0.000640364573459569,-0.00516986586506674,174,"success","pgls5_castespolymorphic"
"OG0004610_00",0.00994694317377832,0.0456294115823326,1,"1e-05 to 1",0.0245848210617553,0.0189138025795561,174,"success","pgls5_castespolymorphic"
"OG0004611_00",-0.0125958744500222,0.41757454871839,0.860298051987196,"1e-05 to 1",0.00408588149265382,-0.00170431687076089,174,"success","pgls5_castespolymorphic"
"OG0004612_00",0.00196964802215015,0.665603628396655,1,"1e-05 to 1",0.00116310421915152,-0.00464408703538832,174,"success","pgls5_castespolymorphic"
"OG0004613_00",0.000675420272790394,0.914861606875238,1e-05,"1e-05 to 1",7.21069288793557e-05,-0.00574142733316219,174,"success","pgls5_castespolymorphic"
"OG0004614_00",-0.00540045586980433,0.605515243989451,1,"1e-05 to 1",0.0016503769162244,-0.00415398135751843,174,"success","pgls5_castespolymorphic"
"OG0004615_00",-0.026190314708529,0.0538156721904928,1,"1e-05 to 1",0.0229010930787609,0.0172202854803816,174,"success","pgls5_castespolymorphic"
"OG0004616_00",-0.0019640586024257,0.785085285139732,1,"1e-05 to 1",0.000466122594754234,-0.00534512087853201,174,"success","pgls5_castespolymorphic"
"OG0004617_00",-0.00972664002054097,0.11218170317008,1,"1e-05 to 1",0.0155978944221225,0.0098746263664371,174,"success","pgls5_castespolymorphic"
"OG0004618_00",0.0341991754308256,0.0369199572777441,1,"1e-05 to 1",0.0267633676697335,0.0211050151561853,174,"success","pgls5_castespolymorphic"
"OG0004619_00",-0.00345275321329138,0.775688846901023,0.695171193419323,"1e-05 to 1",0.000508907036453649,-0.00530208769007867,174,"success","pgls5_castespolymorphic"
"OG0004620_00",-0.00883286723554823,0.410312003118451,1e-05,"1e-05 to 1",0.00429482883039086,-0.0014941547229208,174,"success","pgls5_castespolymorphic"
"OG0004621_00",0.00254299371241206,0.205056579557335,1,"1e-05 to 1",0.0100182981109354,0.00426259054181299,174,"success","pgls5_castespolymorphic"
"OG0004622_00",0.00888697912792255,0.72060642053418,0.809717187168096,"1e-05 to 1",0.000832953887800082,-0.00497615684541031,174,"success","pgls5_castespolymorphic"
"OG0004623_00",0.0222014551980732,0.0853276951824524,0.0959589313075607,"1e-05 to 1",0.0181633945866003,0.0124550422295457,174,"success","pgls5_castespolymorphic"
"OG0004624_00",-0.0189920348239773,0.265576274730146,0.179979933705965,"1e-05 to 1",0.00769266178101407,0.00192343307043852,174,"success","pgls5_castespolymorphic"
"OG0004625_00",-0.0049477820755424,0.383282813630408,1e-05,"1e-05 to 1",0.00469569912195095,-0.00109095379013069,174,"success","pgls5_castespolymorphic"
"OG0004626_00",-0.000459260424325657,0.825493749485107,1,"1e-05 to 1",0.000310579334276042,-0.00550156846029215,174,"success","pgls5_castespolymorphic"
"OG0004627_00",0.0244384152048667,0.248283610842276,0.462468615115967,"1e-05 to 1",0.00827044770704024,0.00250457821696481,174,"success","pgls5_castespolymorphic"
"OG0004628_00",0.00573197420000101,0.768623047837771,0.109102678698833,"1e-05 to 1",0.000586534993273575,-0.00522400840792847,174,"success","pgls5_castespolymorphic"
"OG0004629_00",0.0106457106737489,0.469821375699949,1e-05,"1e-05 to 1",0.00324949451313287,-0.00254556656527916,174,"success","pgls5_castespolymorphic"
"OG0004630_00",0.0125355740478084,0.11017928758162,0.655359812436365,"1e-05 to 1",0.0158703638270266,0.0101486798957884,174,"success","pgls5_castespolymorphic"
"OG0004631_00",0.0078553212035625,0.784733769908455,0.962626174968937,"1e-05 to 1",0.000464773554808735,-0.00534647776173314,174,"success","pgls5_castespolymorphic"
"OG0004632_00",-0.00392334932365636,0.814637300446023,1e-05,"1e-05 to 1",0.000346725520006678,-0.00546521212231887,174,"success","pgls5_castespolymorphic"
"OG0004633_00",-0.0162837498836224,0.152720417346415,0.649519200749858,"1e-05 to 1",0.0128183912324055,0.00707896327445423,174,"success","pgls5_castespolymorphic"
"OG0004634_00",-0.00460226663252789,0.718197900938539,0.80930123872467,"1e-05 to 1",0.000821273011354622,-0.00498790563392815,174,"success","pgls5_castespolymorphic"
"OG0004635_00",-0.000897051759256029,0.963545968501392,0.920301791719791,"1e-05 to 1",1.30146768298088e-05,-0.00580086314481654,174,"success","pgls5_castespolymorphic"
"OG0004636_00",-0.000635443436532359,0.963590351013221,0.963610799704249,"1e-05 to 1",1.39382365023501e-05,-0.00579993421561098,174,"success","pgls5_castespolymorphic"
"OG0004637_00",0.0319695789027266,0.000526922461093093,1e-05,"1e-05 to 1",0.0725769344442503,0.0671849398770658,174,"success","pgls5_castespolymorphic"
"OG0004638_00",-0.0160156238511602,0.347374799789922,0.860704315147506,"1e-05 to 1",0.0054526860267565,-0.000329565798669273,174,"success","pgls5_castespolymorphic"
"OG0004639_00",0.0125840079806148,0.295447618396461,0.957265694755368,"1e-05 to 1",0.00679687560029906,0.00102243883053343,174,"success","pgls5_castespolymorphic"
"OG0004640_00",-0.00728335894089728,0.524722200258529,0.56518169422714,"1e-05 to 1",0.00251769505057366,-0.00328162067587656,174,"success","pgls5_castespolymorphic"
"OG0004641_00",-0.00421172500226828,0.578849444576676,1,"1e-05 to 1",0.00194193970294937,-0.00386072343831256,174,"success","pgls5_castespolymorphic"
"OG0004643_00",0.00266134827152518,0.783967518259075,0.989732746037786,"1e-05 to 1",0.00055864685520195,-0.0052520586863376,174,"success","pgls5_castespolymorphic"
"OG0004644_00",0.0172568534826712,0.476701208353028,0.684893881826115,"1e-05 to 1",0.0032935699993818,-0.00250123482620324,174,"success","pgls5_castespolymorphic"
"OG0004645_00",0.0389179803678106,0.0596241144308658,1,"1e-05 to 1",0.0218619835536913,0.016175134620864,174,"success","pgls5_castespolymorphic"
"OG0004646_00",-0.00752472442307111,0.704851008030447,0.557348857292804,"1e-05 to 1",0.00089911772504815,-0.00490960833469001,174,"success","pgls5_castespolymorphic"
"OG0004647_00",-0.00751374998952742,0.510020203532592,1,"1e-05 to 1",0.00275190908141427,-0.00304604493555427,174,"success","pgls5_castespolymorphic"
"OG0004648_00",-0.00590264113311751,0.522898996627631,1,"1e-05 to 1",0.00265555004314708,-0.00314296420078808,174,"success","pgls5_castespolymorphic"
"OG0004650_00",0.0231932099896831,0.269790304212526,0.53331802839528,"1e-05 to 1",0.00770227472504207,0.0019331019036759,174,"success","pgls5_castespolymorphic"
"OG0004651_00",-0.0213932994498306,0.142245774617647,0.795901783794599,"1e-05 to 1",0.0134947209797003,0.00775922517144267,174,"success","pgls5_castespolymorphic"
"OG0004652_00",0.0228797550524766,0.00486321049089078,1e-05,"1e-05 to 1",0.048797417870175,0.0432671702996528,174,"success","pgls5_castespolymorphic"
"OG0004653_00",0.020838457307099,0.368672447115918,1,"1e-05 to 1",0.00502241837718284,-0.000762335004345083,174,"success","pgls5_castespolymorphic"
"OG0004654_00",-0.00875576319745291,0.502368532409555,1,"1e-05 to 1",0.00279935662628198,-0.00299832153286772,174,"success","pgls5_castespolymorphic"
"OG0004655_00",-0.0223400034862142,0.372801209328023,1,"1e-05 to 1",0.00490619959165337,-0.000879229480488242,174,"success","pgls5_castespolymorphic"
"OG0004656_00",-0.00786154372066617,0.645300219187946,0.342926363740754,"1e-05 to 1",0.00180156596147531,-0.0040019133061906,174,"success","pgls5_castespolymorphic"
"OG0004657_00",-0.0258362264652215,0.129553301045392,0.885044775377903,"1e-05 to 1",0.0142146969166506,0.00848338701500317,174,"success","pgls5_castespolymorphic"
"OG0004658_00",0.0327242270409857,0.0620522570771813,0.84664063541567,"1e-05 to 1",0.0214588046395075,0.0157696116432254,174,"success","pgls5_castespolymorphic"
"OG0004659_00",0.0257217181229691,0.211384554364521,0.581570851484679,"1e-05 to 1",0.00986785609640127,0.00411127386440358,174,"success","pgls5_castespolymorphic"
"OG0004660_00",-0.00499463522681499,0.708529953691817,0.456345424482199,"1e-05 to 1",0.000870331371458429,-0.00493856205080045,174,"success","pgls5_castespolymorphic"
"OG0004661_00",-0.00541684379205814,0.689838631623539,0.922016406230843,"1e-05 to 1",0.00101711340001185,-0.00479092663836012,174,"success","pgls5_castespolymorphic"
"OG0004662_00",0.0150165190851875,0.355729914108466,0.841710165847574,"1e-05 to 1",0.00543505611209789,-0.000347298212831637,174,"success","pgls5_castespolymorphic"
"OG0004663_00",0.0215820301930816,0.0427861807382444,1e-05,"1e-05 to 1",0.0321703878794485,0.0265434715299104,174,"success","pgls5_castespolymorphic"
"OG0004664_00",-0.00194730026073666,0.817354446929849,0.461616036430997,"1e-05 to 1",0.000336455413307217,-0.00547554193894095,174,"success","pgls5_castespolymorphic"
"OG0004665_00",-0.000495966738429828,0.977319352897759,1e-05,"1e-05 to 1",5.06738425619121e-06,-0.00580885664257957,174,"success","pgls5_castespolymorphic"
"OG0004666_00",0.0123998310237013,0.311156203738903,0.872820963823789,"1e-05 to 1",0.00637061807529158,0.000593703064101336,174,"success","pgls5_castespolymorphic"
"OG0004667_00",-0.0344227158123039,0.202180151710125,0.738677282948589,"1e-05 to 1",0.0102096245680075,0.00445502936200759,174,"success","pgls5_castespolymorphic"
"OG0004668_00",-0.0158044964598818,0.124974305046142,0.310007574754962,"1e-05 to 1",0.0146491696742184,0.0089203857769754,174,"success","pgls5_castespolymorphic"
"OG0004669_00",0.0080811718140453,0.611758610880023,1,"1e-05 to 1",0.00159390264633714,-0.00421078396618402,174,"success","pgls5_castespolymorphic"
"OG0004670_00",0.0106608810396697,0.0688733789603733,1,"1e-05 to 1",0.0205362579598463,0.0148417013200779,174,"success","pgls5_castespolymorphic"
"OG0004671_00",-0.0140144747513621,0.0248581691674059,1,"1e-05 to 1",0.0318525389165494,0.0262237746079246,174,"success","pgls5_castespolymorphic"
"OG0004672_00",-0.0132427858942597,0.155657283850295,0.768992675526509,"1e-05 to 1",0.0124815745284816,0.00674018833387968,174,"success","pgls5_castespolymorphic"
"OG0004673_00",0.0118593666387966,0.533913301432229,1,"1e-05 to 1",0.00240791206304511,-0.00339204193658826,174,"success","pgls5_castespolymorphic"
"OG0004674_00",-0.0420447450760521,0.204198796206962,0.713926862463578,"1e-05 to 1",0.00999380250313463,0.00423795251768777,174,"success","pgls5_castespolymorphic"
"OG0004675_00",0.00159818305966174,0.912346289254463,1e-05,"1e-05 to 1",7.79226463206142e-05,-0.00573557780341005,174,"success","pgls5_castespolymorphic"
"OG0004676_00",0.00189571373531949,0.888487412753448,1e-05,"1e-05 to 1",0.00012173322489162,-0.00569151251217281,174,"success","pgls5_castespolymorphic"
"OG0004677_00",-0.0141142258234218,0.176139519671741,0.613036756344394,"1e-05 to 1",0.0116244547318524,0.00587808528261913,174,"success","pgls5_castespolymorphic"
"OG0004678_00",-0.0490042769211982,0.0232700837089732,0.642644508656859,"1e-05 to 1",0.0325650800016099,0.0269404583737123,174,"success","pgls5_castespolymorphic"
"OG0004679_00",-0.00914942721875927,0.559789290502056,1e-05,"1e-05 to 1",0.00214323499991517,-0.00365825781985274,174,"success","pgls5_castespolymorphic"
"OG0004680_00",-0.00980350546153223,0.511805449559402,0.895387234480923,"1e-05 to 1",0.00271159540301865,-0.00308659299580105,174,"success","pgls5_castespolymorphic"
"OG0004681_00",-0.0298231541701134,0.0609477480888794,0.883312971951838,"1e-05 to 1",0.0216401016651653,0.0159519627213581,174,"success","pgls5_castespolymorphic"
"OG0004682_00",0.037005308511012,0.0126380811335429,0.961774485002094,"1e-05 to 1",0.0384767122017792,0.0328864605285337,174,"success","pgls5_castespolymorphic"
"OG0004683_00",0.0199816744891031,0.438143501939838,0.804442322608518,"1e-05 to 1",0.00376178551863817,-0.0020302971236954,174,"success","pgls5_castespolymorphic"
"OG0004684_00",-0.0114946358284509,0.260853076547839,1e-05,"1e-05 to 1",0.00799463246853571,0.00222715940149232,174,"success","pgls5_castespolymorphic"
"OG0004685_00",-0.0172559129536363,0.218058422543315,1,"1e-05 to 1",0.00934977532322976,0.00359018099371367,174,"success","pgls5_castespolymorphic"
"OG0004686_00",7.99748553217432e-05,0.993832798761961,1,"1e-05 to 1",3.72243858409084e-07,-0.00581357908030511,174,"success","pgls5_castespolymorphic"
"OG0004687_00",-0.010041778304103,0.515770343088156,1,"1e-05 to 1",0.00269502219688027,-0.00310326255778914,174,"success","pgls5_castespolymorphic"
"OG0004688_00",-0.00730010750122169,0.495146384485912,0.257393295845052,"1e-05 to 1",0.00293147420820159,-0.00286543582547161,174,"success","pgls5_castespolymorphic"
"OG0004689_00",0.0152393071433193,0.242249283991365,1,"1e-05 to 1",0.00848372956710972,0.0027191000878487,174,"success","pgls5_castespolymorphic"
"OG0004690_00",-0.0244982453999443,0.177892981064686,1,"1e-05 to 1",0.0111762411280907,0.0054272657858121,174,"success","pgls5_castespolymorphic"
"OG0004692_00",0.0192491693187814,0.179219894391345,1,"1e-05 to 1",0.0113175930074503,0.00556943947842392,174,"success","pgls5_castespolymorphic"
"OG0004693_00",0.0118464477412213,0.11675596466333,1,"1e-05 to 1",0.0154994804569374,0.00977564022703581,174,"success","pgls5_castespolymorphic"
"OG0004694_00",0.0174277877172909,0.478667191388586,0.870724561572212,"1e-05 to 1",0.00314173443150435,-0.00265395315901018,174,"success","pgls5_castespolymorphic"
"OG0004695_00",-0.00776452563392231,0.476334328014435,1,"1e-05 to 1",0.00313588520838126,-0.0026598363892445,174,"success","pgls5_castespolymorphic"
"OG0004696_00",0.00322308260926074,0.835910749287743,0.82815329350196,"1e-05 to 1",0.000268937758488093,-0.0055434521382649,174,"success","pgls5_castespolymorphic"
"OG0004697_00",-0.0127165773980181,0.387610604594202,0.649848458952553,"1e-05 to 1",0.00466881608775485,-0.00111799312103722,174,"success","pgls5_castespolymorphic"
"OG0004698_00",0.00190572911548051,0.806236005686046,1,"1e-05 to 1",0.000374785084702572,-0.00543698942061899,174,"success","pgls5_castespolymorphic"
"OG0004699_00",0.0156105962029443,0.218085551466566,0.969851877669653,"1e-05 to 1",0.00958496014103662,0.00382673316511239,174,"success","pgls5_castespolymorphic"
"OG0004700_00",-0.0104223351229008,0.399714417706739,1e-05,"1e-05 to 1",0.00438158671347373,-0.00140689243354108,174,"success","pgls5_castespolymorphic"
"OG0004702_00",0.0338000234284889,0.149146257548801,0.863619350592015,"1e-05 to 1",0.012802444918429,0.00706292424935018,174,"success","pgls5_castespolymorphic"
"OG0004703_00",0.00897121254980388,0.210222430837101,1,"1e-05 to 1",0.00979424188170338,0.00403723166008529,174,"success","pgls5_castespolymorphic"
"OG0004704_00",-0.0309043614710281,0.0368692057261881,0.938133391385225,"1e-05 to 1",0.0271108324506081,0.0214545000811348,174,"success","pgls5_castespolymorphic"
"OG0004705_00",-0.0121532672202276,0.602584302167895,0.593031167323393,"1e-05 to 1",0.00170903807308084,-0.00409497914742452,174,"success","pgls5_castespolymorphic"
"OG0004706_00",-0.0128430302564568,0.558726286695643,1,"1e-05 to 1",0.00215485150238738,-0.00364657377957567,174,"success","pgls5_castespolymorphic"
"OG0004707_00",0.0133122606668979,0.100300634397335,0.823193084081753,"1e-05 to 1",0.0166862061004394,0.0109692654382328,174,"success","pgls5_castespolymorphic"
"OG0004708_00",0.0271703851269182,0.199921037567798,0.788385422121031,"1e-05 to 1",0.010312005549771,0.00455800558203712,174,"success","pgls5_castespolymorphic"
"OG0004709_00",-0.0280928966056444,0.169154726096523,0.346988516051973,"1e-05 to 1",0.0118559911287389,0.00611096782134779,174,"success","pgls5_castespolymorphic"
"OG0004710_00",-0.0580028381279079,0.000111344887500309,0.990791770689469,"1e-05 to 1",0.0888459802269862,0.0835485731352826,174,"success","pgls5_castespolymorphic"
"OG0004711_00",0.00393968330743767,0.811998995842004,0.463978861561505,"1e-05 to 1",0.000352407588863772,-0.00545949701817761,174,"success","pgls5_castespolymorphic"
"OG0004712_00",-0.0284127654166606,0.392491084201571,1,"1e-05 to 1",0.00451735840570661,-0.0012703313710043,174,"success","pgls5_castespolymorphic"
"OG0004713_00",0.0439090461416295,0.0322225176304531,1,"1e-05 to 1",0.0281722619352993,0.0225221006674812,174,"success","pgls5_castespolymorphic"
"OG0004714_00",-0.00690365615376722,0.682711700516419,0.807651601470908,"1e-05 to 1",0.00106031627283683,-0.00474747258604191,174,"success","pgls5_castespolymorphic"
"OG0004715_00",0.0491462306784937,5.15447630271559e-05,1,"1e-05 to 1",0.0965058107763278,0.0912529375831669,174,"success","pgls5_castespolymorphic"
"OG0004716_00",-0.000682823792442281,0.949203475867265,1e-05,"1e-05 to 1",2.54452604850712e-05,-0.00578836029032614,174,"success","pgls5_castespolymorphic"
"OG0004717_00",-0.00294532968227926,0.749870705233559,1e-05,"1e-05 to 1",0.000637033414990931,-0.00517321639073587,174,"success","pgls5_castespolymorphic"
"OG0004718_00",-0.00469083618932,0.458493019778941,1,"1e-05 to 1",0.00341824343135508,-0.002375836548695,174,"success","pgls5_castespolymorphic"
"OG0004719_00",-0.0162108902832427,0.252717405524772,1,"1e-05 to 1",0.00837763057223523,0.00261238423835297,174,"success","pgls5_castespolymorphic"
"OG0004720_00",0.0177539672695704,0.186482347333206,0.627760496727474,"1e-05 to 1",0.0110193312944235,0.00526944368567006,174,"success","pgls5_castespolymorphic"
"OG0004721_00",0.00280363286836426,0.819939478585461,0.711105074324114,"1e-05 to 1",0.000320765231998883,-0.00549132334223379,174,"success","pgls5_castespolymorphic"
"OG0004722_00",0.0287017301487823,0.122191536220776,0.888938313611052,"1e-05 to 1",0.0147743956945856,0.00904633985560066,174,"success","pgls5_castespolymorphic"
"OG0004723_00",0.019574083793706,0.413284319744831,0.891694979970738,"1e-05 to 1",0.00424068865521852,-0.00154860966655335,174,"success","pgls5_castespolymorphic"
"OG0004724_00",0.0158040033914006,0.423487480595437,1e-05,"1e-05 to 1",0.00400832835337789,-0.00178232090038155,174,"success","pgls5_castespolymorphic"
"OG0004725_00",-0.012541709024482,0.610943660124208,0.721551466734201,"1e-05 to 1",0.00163148576074916,-0.00417298234529317,174,"success","pgls5_castespolymorphic"
"OG0004726_00",-0.00573388404923832,0.742546610848706,0.965523127811893,"1e-05 to 1",0.000680528116158623,-0.00512946881339849,174,"success","pgls5_castespolymorphic"
"OG0004727_00",0.0657974039898608,0.0206615350281854,1,"1e-05 to 1",0.0328143059177781,0.0271911332777652,174,"success","pgls5_castespolymorphic"
"OG0004728_00",0.0336438536722638,0.0665186887093285,1,"1e-05 to 1",0.0207588784881899,0.015065616153819,174,"success","pgls5_castespolymorphic"
"OG0004729_00",0.022421566667671,0.46206396056756,0.925472553695196,"1e-05 to 1",0.00334354532154335,-0.00245096894984309,174,"success","pgls5_castespolymorphic"
"OG0004730_00",-0.0165795335846631,0.446711318099376,1e-05,"1e-05 to 1",0.00369271300997757,-0.00209977121670879,174,"success","pgls5_castespolymorphic"
"OG0004731_00",0.01893804572137,0.105083011068323,1e-05,"1e-05 to 1",0.0161324157344208,0.0104122553607836,174,"success","pgls5_castespolymorphic"
"OG0004732_00",-0.0101348373558789,0.292458517501346,1,"1e-05 to 1",0.00696779796677428,0.00119435493169739,174,"success","pgls5_castespolymorphic"
"OG0004733_00",0.00240960537984852,0.444992721139457,1,"1e-05 to 1",0.00367380828185913,-0.00211878585603698,174,"success","pgls5_castespolymorphic"
"OG0004734_00",0.0344204413790054,0.00188844199108851,1,"1e-05 to 1",0.0583805710175819,0.0529060394537307,174,"success","pgls5_castespolymorphic"
"OG0004735_00",0.0410619798675153,0.0343600539299285,0.638316239557557,"1e-05 to 1",0.0273385076300038,0.0216834989534341,174,"success","pgls5_castespolymorphic"
"OG0004736_00",-0.0114335451650943,0.298960369973579,1,"1e-05 to 1",0.0067409305526533,0.000966168520982746,174,"success","pgls5_castespolymorphic"
"OG0004737_00",-0.000601669909542465,0.964494450509668,0.533616215550237,"1e-05 to 1",1.23458030416373e-05,-0.00580153590740573,174,"success","pgls5_castespolymorphic"
"OG0004738_00",-0.0177273094340333,0.0796582054093637,1e-05,"1e-05 to 1",0.0190748565306664,0.0133718033709609,174,"success","pgls5_castespolymorphic"
"OG0004739_00",-0.0112355767928767,0.350669716101702,1e-05,"1e-05 to 1",0.00541225846232253,-0.000370228407082562,174,"success","pgls5_castespolymorphic"
"OG0004740_00",-0.00292023514065945,0.654646880819638,1e-05,"1e-05 to 1",0.00124589370908035,-0.00456081621121585,174,"success","pgls5_castespolymorphic"
"OG0004741_00",0.00636049688622557,0.621410001034785,1e-05,"1e-05 to 1",0.00151840682426449,-0.0042867187174549,174,"success","pgls5_castespolymorphic"
"OG0004742_00",-0.00928713096890644,0.43945977849086,1,"1e-05 to 1",0.00374025441023992,-0.00205195341295639,174,"success","pgls5_castespolymorphic"
"OG0004743_00",5.63114505100159e-05,0.994754061729072,1,"1e-05 to 1",2.6933654414718e-07,-0.00581368258591786,174,"success","pgls5_castespolymorphic"
"OG0004744_00",0.00204655205544341,0.908011114211888,0.687570718446419,"1e-05 to 1",8.37029293869137e-05,-0.005729763914047,174,"success","pgls5_castespolymorphic"
"OG0004745_00",-0.0100011441617721,0.558131129856353,1e-05,"1e-05 to 1",0.00214783752012811,-0.00365362854080131,174,"success","pgls5_castespolymorphic"
"OG0004746_00",-0.00271575992807045,0.852886688222362,0.963261729312593,"1e-05 to 1",0.000212896999197374,-0.00559981871592363,174,"success","pgls5_castespolymorphic"
"OG0004747_00",0.001412627533854,0.895519643440944,0.676852490281062,"1e-05 to 1",0.000108799729714407,-0.00570452120208942,174,"success","pgls5_castespolymorphic"
"OG0004748_00",0.00500873570792545,0.681033351880001,0.630301206235088,"1e-05 to 1",0.0010587748451481,-0.00474902297551982,174,"success","pgls5_castespolymorphic"
"OG0004749_00",-0.0219484037004556,0.292829045799303,0.896416617309375,"0.001 to 1",0.00687075121798232,0.00109674395762172,174,"success","pgls5_castespolymorphic"
"OG0004750_00",0.00988429056496677,0.594994191027074,1e-05,"1e-05 to 1",0.00175926487421062,-0.00404446033000894,174,"success","pgls5_castespolymorphic"
"OG0004751_00",-0.0131436628659508,0.504820734807597,0.799532511137665,"1e-05 to 1",0.00278473608520568,-0.00301302707708961,174,"success","pgls5_castespolymorphic"
"OG0004752_00",-0.0016880693047393,0.904156324057321,0.618728848648558,"1e-05 to 1",9.08994331891642e-05,-0.00572252557010611,174,"success","pgls5_castespolymorphic"
"OG0004753_00",0.0279999028977639,0.381074563263712,1,"1e-05 to 1",0.00482885678011758,-0.000957021959532955,174,"success","pgls5_castespolymorphic"
"OG0004754_00",-0.00287992118149616,0.837908325225371,1,"1e-05 to 1",0.000260704696524752,-0.00555173306686751,174,"success","pgls5_castespolymorphic"
"OG0004755_00",0.00611006961593148,0.563031871343826,0.496015916701228,"1e-05 to 1",0.00208181764868287,-0.00372003224870854,174,"success","pgls5_castespolymorphic"
"OG0004756_00",-0.00784705258294434,0.652328977652565,0.778680732648527,"1e-05 to 1",0.00127978220970419,-0.00452673068442544,174,"success","pgls5_castespolymorphic"
"OG0004757_00",-0.0191949580528218,0.147462856315816,0.539193450637244,"1e-05 to 1",0.0130692323863694,0.0073312628072203,174,"success","pgls5_castespolymorphic"
"OG0004758_00",-0.0292519438712591,0.0428906709230772,0.979919352542432,"1e-05 to 1",0.0253756722313148,0.0197092517210319,174,"success","pgls5_castespolymorphic"
"OG0004759_00",-0.0061480541688867,0.68978737888736,1,"1e-05 to 1",0.00101101105062959,-0.00479706446651784,174,"success","pgls5_castespolymorphic"
"OG0004760_00",-0.0207612465233211,0.196528794001838,1,"1e-05 to 1",0.0102748459642201,0.004520629952384,174,"success","pgls5_castespolymorphic"
"OG0004761_00",0.0343393146547292,0.128436699228638,0.74624802502552,"1e-05 to 1",0.014209405477302,0.00847806481147229,174,"success","pgls5_castespolymorphic"
"OG0004762_00",0.0186837427435209,0.240385880435666,0.876224408408665,"1e-05 to 1",0.00865832168065798,0.0028947072718245,174,"success","pgls5_castespolymorphic"
"OG0004763_00",-0.0391154957336351,0.0428262439963953,0.428197990253604,"1e-05 to 1",0.0257094425500506,0.0200449625648764,174,"success","pgls5_castespolymorphic"
"OG0004764_00",0.00400225949552766,0.666996977575963,1e-05,"1e-05 to 1",0.00116004131754667,-0.00464716774456053,174,"success","pgls5_castespolymorphic"
"OG0004765_00",-0.00229210619069484,0.555205531488715,1e-05,"1e-05 to 1",0.00216632254241925,-0.00363503604745041,174,"success","pgls5_castespolymorphic"
"OG0004766_00",-0.00625999040692582,0.72849442215346,0.879304937717367,"1e-05 to 1",0.000795049105356805,-0.00501428200449583,174,"success","pgls5_castespolymorphic"
"OG0004767_00",-0.00508397401015516,0.509310911280464,1,"1e-05 to 1",0.00298851277999652,-0.00280806563407321,174,"success","pgls5_castespolymorphic"
"OG0004768_00",0.0169387281440698,0.178284400217268,0.566596043370192,"1e-05 to 1",0.0112953032267921,0.0055470201060176,174,"success","pgls5_castespolymorphic"
"OG0004769_00",-0.058870270500519,0.00777737661646771,0.953802303204956,"1e-05 to 1",0.0429151952223228,0.0373507486829177,174,"success","pgls5_castespolymorphic"
"OG0004770_00",-0.00499893621871637,0.59751157882995,1e-05,"1e-05 to 1",0.00175721679097417,-0.00404652032070607,174,"success","pgls5_castespolymorphic"
"OG0004771_00",0.00459677288124559,0.82045707122061,0.243166293656212,"1e-05 to 1",0.000320878652968012,-0.00549120926184021,174,"success","pgls5_castespolymorphic"
"OG0004772_00",0.00843904320349587,0.591312341531049,0.977128868384725,"1e-05 to 1",0.00179463648606537,-0.00400888306924818,174,"success","pgls5_castespolymorphic"
"OG0004773_00",0.00551857742879532,0.680140577130493,1,"1e-05 to 1",0.00107177058607797,-0.00473595167795637,174,"success","pgls5_castespolymorphic"
"OG0004774_00",-0.0141165165671598,0.486406520001617,0.81963445357686,"1e-05 to 1",0.0030327763030647,-0.00276354476494078,174,"success","pgls5_castespolymorphic"
"OG0004775_00",0.00340189927522008,0.774528158792189,0.456883439409595,"1e-05 to 1",0.000514332713550135,-0.00529663046834794,174,"success","pgls5_castespolymorphic"
"OG0004776_00",0.00686566387084504,0.488255171084156,0.872085880313518,"1e-05 to 1",0.00296998605569678,-0.00282670007188646,174,"success","pgls5_castespolymorphic"
"OG0004777_00",-0.00324490472618996,0.864242631201105,1,"1e-05 to 1",0.000186772616035305,-0.00562609498503419,174,"success","pgls5_castespolymorphic"
"OG0004778_00",0.00332865175290875,0.398059591070152,1,"1e-05 to 1",0.00446758170324368,-0.00132039747290014,174,"success","pgls5_castespolymorphic"
"OG0004779_00",0.0462259036906371,0.0112131026862299,1,"1e-05 to 1",0.0395184982103922,0.0339343034325457,174,"success","pgls5_castespolymorphic"
"OG0004780_00",0.00804601062796889,0.639772386098776,0.94242782164795,"1e-05 to 1",0.00135535836092599,-0.00445071513697548,174,"success","pgls5_castespolymorphic"
"OG0004781_00",-0.0184672273627192,0.121648236268054,0.205554921404353,"1e-05 to 1",0.0147260972664002,0.00899776062260005,174,"success","pgls5_castespolymorphic"
"OG0004782_00",0.00836962951825102,0.657852619605158,1,"1e-05 to 1",0.00125251541683835,-0.00455415600515674,174,"success","pgls5_castespolymorphic"
"OG0004783_00",-0.0197944904615547,0.251764494110793,0.675187338113633,"1e-05 to 1",0.00820114832518609,0.00243487593172775,174,"success","pgls5_castespolymorphic"
"OG0004784_00",-0.000724139915232156,0.947278603985228,1e-05,"1e-05 to 1",2.72422774688747e-05,-0.00578655282556917,174,"success","pgls5_castespolymorphic"
"OG0004785_00",-0.0393881838700124,0.153626114355471,1,"1e-05 to 1",0.0125267919688825,0.00678566866637598,174,"success","pgls5_castespolymorphic"
"OG0004786_00",-0.0341355956132536,0.239884765237661,1,"1e-05 to 1",0.0087315666935857,0.00296837812785078,174,"success","pgls5_castespolymorphic"
"OG0004787_00",-0.00523149165080226,0.81092433841099,1e-05,"1e-05 to 1",0.000356525222179608,-0.00545535544513309,174,"success","pgls5_castespolymorphic"
"OG0004788_00",0.0228243260146633,0.125547367369944,1e-05,"1e-05 to 1",0.014425555657181,0.00869547167844376,174,"success","pgls5_castespolymorphic"
"OG0004789_00",0.0118013305622158,0.534716042000237,0.809698108978621,"1e-05 to 1",0.0024287122719551,-0.00337112079623125,174,"success","pgls5_castespolymorphic"
"OG0004790_00",0.0117911146319827,0.368343375429543,0.866684884660001,"1e-05 to 1",0.0050607596264794,-0.000723770840808546,174,"success","pgls5_castespolymorphic"
"OG0004791_00",-0.00164544185624958,0.920401163875515,1e-05,"1e-05 to 1",6.1828667265238e-05,-0.00575176535211108,174,"success","pgls5_castespolymorphic"
"OG0004792_00",0.0918847013943349,0.00392502840253472,1,"1e-05 to 1",0.0567008544413033,0.051216557083404,174,"success","pgls5_castespolymorphic"
"OG0004793_00",-0.00937450677242195,0.3502774583476,1,"1e-05 to 1",0.00545494956446555,-0.00032728910085722,174,"success","pgls5_castespolymorphic"
"OG0004794_00",-0.0403404671908695,0.0629559189074178,0.887390938782733,"1e-05 to 1",0.0217145023356549,0.0160267959538853,174,"success","pgls5_castespolymorphic"
"OG0004795_00",-0.00551828920782239,0.709034491910632,0.466221394704017,"1e-05 to 1",0.000878115928588953,-0.00493073223461682,174,"success","pgls5_castespolymorphic"
"OG0004796_00",-0.00175237658689104,0.897104440497331,1,"1e-05 to 1",0.000105505984151243,-0.00570783409733622,174,"success","pgls5_castespolymorphic"
"OG0004797_00",-0.00160710895980324,0.823305410010578,1,"1e-05 to 1",0.000308687367119944,-0.00550347142725727,174,"success","pgls5_castespolymorphic"
"OG0004798_00",0.0134532695302286,0.451899684303021,0.896307835451355,"1e-05 to 1",0.00356385096599249,-0.0022293824586237,174,"success","pgls5_castespolymorphic"
"OG0004799_00",-0.00888314357807455,0.232688288570216,1e-05,"1e-05 to 1",0.0087806819803837,0.00301777896864186,174,"success","pgls5_castespolymorphic"
"OG0004800_00",-0.00364149785722079,0.540115285262603,1e-05,"1e-05 to 1",0.00238017246197634,-0.00341994281440772,174,"success","pgls5_castespolymorphic"
"OG0004801_00",-0.0306829953411267,0.245788896257557,0.942330446675745,"1e-05 to 1",0.00851636758006658,0.00275192785669487,174,"success","pgls5_castespolymorphic"
"OG0004802_00",-0.0522564569897783,0.0590450091087495,0.924912374149955,"1e-05 to 1",0.0223742715426642,0.0166904010283773,174,"success","pgls5_castespolymorphic"
"OG0004803_00",-0.0135449101099103,0.434736846845048,0.598170776290046,"1e-05 to 1",0.00377077886865483,-0.00202125148675991,174,"success","pgls5_castespolymorphic"
"OG0004804_00",0.00841817595882121,0.414558237602896,0.753549245296821,"1e-05 to 1",0.00421765917913877,-0.00157177303493605,174,"success","pgls5_castespolymorphic"
"OG0004805_00",0.0023292184199419,0.824992351677481,1,"1e-05 to 1",0.000308454513829177,-0.00550370563434632,174,"success","pgls5_castespolymorphic"
"OG0004806_00",-0.035749838664373,0.0615756379595687,0.645727728128075,"1e-05 to 1",0.0215366174091516,0.0158478768126931,174,"success","pgls5_castespolymorphic"
"OG0004807_00",0.00782209283016772,0.395996931262728,1,"1e-05 to 1",0.00453507181971136,-0.0012525149720346,174,"success","pgls5_castespolymorphic"
"OG0004808_00",0.0296468454960747,0.0408705736257227,1,"1e-05 to 1",0.0263639524409819,0.0207032777458712,174,"success","pgls5_castespolymorphic"
"OG0004809_00",0.0185098370560829,0.309364566931352,1,"1e-05 to 1",0.00645792771983828,0.000681520322860618,174,"success","pgls5_castespolymorphic"
"OG0004810_00",-0.000797242501552797,0.977706705726824,0.936944750325187,"1e-05 to 1",4.92661828243605e-06,-0.00580899822696002,174,"success","pgls5_castespolymorphic"
"OG0004811_00",0.0024051334627164,0.621294330638667,1e-05,"1e-05 to 1",0.00153857078998251,-0.00426643751937816,174,"success","pgls5_castespolymorphic"
"OG0004812_00",0.0160342661639734,0.228501604962318,1,"1e-05 to 1",0.00905066627776429,0.00328933294216993,174,"success","pgls5_castespolymorphic"
"OG0004813_00",-0.000890772894173555,0.956675955439765,0.954223361232504,"1e-05 to 1",1.850283072675e-05,-0.00579534308304797,174,"success","pgls5_castespolymorphic"
"OG0004814_00",0.0137198044183691,0.4405272373767,0.756833386492537,"1e-05 to 1",0.00381844634902035,-0.00197330686988062,174,"success","pgls5_castespolymorphic"
"OG0004815_00",0.027832892808308,0.108283808073974,1,"1e-05 to 1",0.016554429238852,0.0108367224321011,174,"success","pgls5_castespolymorphic"
"OG0004816_00",-0.00946689613667178,0.515972637302162,1,"1e-05 to 1",0.00270972031166016,-0.00308847898885345,174,"success","pgls5_castespolymorphic"
"OG0004817_00",0.00396651256504032,0.780868942524306,1,"1e-05 to 1",0.000510678016603049,-0.00530030641353285,174,"success","pgls5_castespolymorphic"
"OG0004818_00",0.0046877404374314,0.696034220566951,1e-05,"1e-05 to 1",0.00101363553077329,-0.00479442472776892,174,"success","pgls5_castespolymorphic"
"OG0004819_00",-0.00762172531830509,0.77646436973909,0.505628487087561,"1e-05 to 1",0.000511713935785139,-0.00529926447156503,174,"success","pgls5_castespolymorphic"
"OG0004820_00",-0.0451099916785285,0.0694519628549459,0.569801445988597,"1e-05 to 1",0.020325741243958,0.0146299606697951,174,"success","pgls5_castespolymorphic"
"OG0004821_00",-0.0138408505905145,0.0975514574237821,1,"1e-05 to 1",0.0174984535621439,0.0117862352689005,174,"success","pgls5_castespolymorphic"
"OG0004822_00",0.0136282133494406,0.366784067140394,0.529651091908094,"1e-05 to 1",0.00509372771196454,-0.000690611080407688,174,"success","pgls5_castespolymorphic"
"OG0004823_00",-0.00463641534344749,0.808185992286309,1,"1e-05 to 1",0.000369433083663762,-0.00544237253794289,174,"success","pgls5_castespolymorphic"
"OG0004824_00",0.0572951935774366,0.0182099938283877,0.952784941157393,"1e-05 to 1",0.0343537511342157,0.0287395287570891,174,"success","pgls5_castespolymorphic"
"OG0004825_00",-0.00772126005248597,0.514613220491957,1,"1e-05 to 1",0.0026589861563627,-0.00313950811016994,174,"success","pgls5_castespolymorphic"
"OG0004826_00",-0.0158944761723736,0.518355254804271,0.662446473506454,"1e-05 to 1",0.00262847788697392,-0.00317019375321803,174,"success","pgls5_castespolymorphic"
"OG0004827_00",0.00436165139530463,0.727700970971394,0.93322092821694,"1e-05 to 1",0.00075978917745368,-0.0050497469319799,174,"success","pgls5_castespolymorphic"
"OG0004828_00",-0.0145036782335649,0.436350132375743,1e-05,"1e-05 to 1",0.00376770303220655,-0.00202434520597827,174,"success","pgls5_castespolymorphic"
"OG0004829_00",-0.0107969593660651,0.634763206213747,0.929470762312716,"1e-05 to 1",0.00147861314949089,-0.00432674375080278,174,"success","pgls5_castespolymorphic"
"OG0004830_00",0.00237867796252229,0.64450394652793,1,"1e-05 to 1",0.00132559268666571,-0.00448065386748175,174,"success","pgls5_castespolymorphic"
"OG0004831_00",0.0190565085373787,0.553708072960986,1,"1e-05 to 1",0.00221026100983244,-0.00359084212383132,174,"success","pgls5_castespolymorphic"
"OG0004832_00",-0.00414028762164394,0.786623075630011,0.729462562507961,"1e-05 to 1",0.000462209881879491,-0.00534905633973737,174,"success","pgls5_castespolymorphic"
"OG0004833_00",0.00782870084236752,0.593530292778106,0.656457153242801,"1e-05 to 1",0.00177327450204922,-0.00403036925084588,174,"success","pgls5_castespolymorphic"
"OG0004834_00",0.0100639098448399,0.602685006649283,0.756727386490552,"1e-05 to 1",0.00167638794313764,-0.00412781910370463,174,"success","pgls5_castespolymorphic"
"OG0004835_00",0.00100188991212284,0.923816296462897,1e-05,"1e-05 to 1",5.73312986025682e-05,-0.00575628886826607,174,"success","pgls5_castespolymorphic"
"OG0004836_00",0.0327752009715916,0.0926490383375831,1,"1e-05 to 1",0.0193786341475729,0.0136773471368029,174,"success","pgls5_castespolymorphic"
"OG0004837_00",-0.00399790866409693,0.728682360045765,1e-05,"1e-05 to 1",0.000749403216478412,-0.00506019327644913,174,"success","pgls5_castespolymorphic"
"OG0004838_00",0.00193365601321158,0.806019307399931,0.556953491750102,"1e-05 to 1",0.000373315255992237,-0.00543846779484491,174,"success","pgls5_castespolymorphic"
"OG0004839_00",0.00130410365520457,0.806400118370405,0.474719286653925,"1e-05 to 1",0.000376482977153385,-0.00543528165670026,174,"success","pgls5_castespolymorphic"
"OG0004840_00",-0.00862900217074271,0.58162614374864,0.940369694273045,"1e-05 to 1",0.00190170960299818,-0.00390118743419365,174,"success","pgls5_castespolymorphic"
"OG0004841_00",0.00389399949176404,0.724012033842516,1,"1e-05 to 1",0.000791307774543565,-0.00501804508723236,174,"success","pgls5_castespolymorphic"
"OG0004842_00",-0.0081699024233841,0.181099696023238,1,"1e-05 to 1",0.0110818316870917,0.00533230745271418,174,"success","pgls5_castespolymorphic"
"OG0004843_00",0.00337507140587082,0.59808156885248,1,"1e-05 to 1",0.00171924856416841,-0.00408470929301674,174,"success","pgls5_castespolymorphic"
"OG0004844_00",0.00512013641859559,0.664315503068453,0.62116171295688,"1e-05 to 1",0.00117266194368983,-0.004634473742684,174,"success","pgls5_castespolymorphic"
"OG0004845_00",0.0142143435367226,0.352129739241553,1,"1e-05 to 1",0.00541326964928269,-0.000369211341128439,174,"success","pgls5_castespolymorphic"
"OG0004846_00",0.00189190571670644,0.772212131594793,1e-05,"1e-05 to 1",0.000525252122965558,-0.00528564757399397,174,"success","pgls5_castespolymorphic"
"OG0004847_00",-0.00107367724509404,0.706866305285103,1,"1e-05 to 1",0.00087532237465003,-0.0049335420301484,174,"success","pgls5_castespolymorphic"
"OG0004848_00",0.00792405106794932,0.58962484027539,1,"1e-05 to 1",0.00181099979312675,-0.0039924246266807,174,"success","pgls5_castespolymorphic"
"OG0004849_00",0.00959545606556277,0.693172264697226,0.958024103196033,"1e-05 to 1",0.000963448051849616,-0.00484490399436055,174,"success","pgls5_castespolymorphic"
"OG0004850_00",-0.0155804412996508,0.389056762139226,0.713762130255008,"1e-05 to 1",0.00461166050978269,-0.00117548099888132,174,"success","pgls5_castespolymorphic"
"OG0004851_00",-0.0153818564230351,0.14934908751209,0.310544717105798,"1e-05 to 1",0.0127897647575103,0.00705017036656563,174,"success","pgls5_castespolymorphic"
"OG0004852_00",-0.0180426531125232,0.239266791801835,0.502760911055227,"1e-05 to 1",0.00859153315562297,0.00282753044141149,174,"success","pgls5_castespolymorphic"
"OG0004853_00",0.00396848843679485,0.819419092180898,0.703121122845563,"1e-05 to 1",0.000324664224883926,-0.00548740168078532,174,"success","pgls5_castespolymorphic"
"OG0004854_00",0.00450839298213738,0.699091915949212,1,"1e-05 to 1",0.000954288492554456,-0.00485411680690739,174,"success","pgls5_castespolymorphic"
"OG0004855_00",-0.0158472554092161,0.488285100047291,0.951588885591467,"1e-05 to 1",0.00302569869630836,-0.00277066352057354,174,"success","pgls5_castespolymorphic"
"OG0004856_00",-0.00325650099624956,0.771932875472618,1,"1e-05 to 1",0.000523297164180144,-0.00528761389881893,174,"success","pgls5_castespolymorphic"
"OG0004857_00",0.0225171615854596,0.42812214481721,0.785091627167397,"1e-05 to 1",0.00390456029094769,-0.00188669226550031,174,"success","pgls5_castespolymorphic"
"OG0004858_00",-0.00551487829054793,0.736127790841081,0.621088592412311,"1e-05 to 1",0.00071171328184709,-0.00509810233860741,174,"success","pgls5_castespolymorphic"
"OG0004859_00",0.0105817997060617,0.495195061073557,1,"1e-05 to 1",0.00289434580627841,-0.00290278009019662,174,"success","pgls5_castespolymorphic"
"OG0004860_00",-0.00892111878286675,0.542406612240968,0.918615274678899,"1e-05 to 1",0.00230945081386041,-0.00349107563489626,174,"success","pgls5_castespolymorphic"
"OG0004861_00",-0.0423961257677226,0.0381162683962546,0.721198176079663,"1e-05 to 1",0.0264342123856581,0.0207739461785981,174,"success","pgls5_castespolymorphic"
"OG0004862_00",-0.0108004453783627,0.616255394380772,0.886379250912924,"1e-05 to 1",0.00155398943084726,-0.00425092923525261,174,"success","pgls5_castespolymorphic"
"OG0004864_00",0.0394876975392959,0.0285091431051034,0.634380229684822,"1e-05 to 1",0.0296271745323807,0.0239854720587318,174,"success","pgls5_castespolymorphic"
"OG0004865_00",-0.00913929713299214,0.432232029087979,1,"1e-05 to 1",0.00385970956610783,-0.00193180375036817,174,"success","pgls5_castespolymorphic"
"OG0004866_00",-0.00914478750984582,0.518572359772982,1e-05,"1e-05 to 1",0.00257704196949257,-0.00322192871673144,174,"success","pgls5_castespolymorphic"
"OG0004867_00",-0.00365760869344856,0.563035082697194,1e-05,"1e-05 to 1",0.00208178343411688,-0.00372006666219638,174,"success","pgls5_castespolymorphic"
"OG0004868_00",-0.000919160755417562,0.741960146776918,1,"1e-05 to 1",0.000671048819421078,-0.00513900322232641,174,"success","pgls5_castespolymorphic"
"OG0004869_00",0.0121667329863762,0.336437773222703,0.39609794565065,"1e-05 to 1",0.00570473450244028,-7.60519248712566e-05,174,"success","pgls5_castespolymorphic"
"OG0004870_00",-0.0201209628348871,0.150046063188361,1,"1e-05 to 1",0.0129051294921394,0.00716620582639604,174,"success","pgls5_castespolymorphic"
"OG0004871_00",-0.000238037330837324,0.989623833037063,1,"1e-05 to 1",1.04723326268553e-06,-0.00581290016654412,174,"success","pgls5_castespolymorphic"
"OG0004872_00",0.0323293946599534,0.00152707177382161,1e-05,"1e-05 to 1",0.0606700426101381,0.055208821927639,174,"success","pgls5_castespolymorphic"
"OG0004873_00",-0.00635470136684829,0.797949971030014,0.872069532948632,"1e-05 to 1",0.00040824218828016,-0.00540333779899727,174,"success","pgls5_castespolymorphic"
"OG0004874_00",0.000244153263710388,0.985020823832735,1,"1e-05 to 1",2.19618610619493e-06,-0.005811744533742,174,"success","pgls5_castespolymorphic"
"OG0004875_00",-0.018369092168734,0.240199919266662,1,"1e-05 to 1",0.00855763122863627,0.00279343141019806,174,"success","pgls5_castespolymorphic"
"OG0004876_00",-0.00607251443561548,0.474920771782775,1,"1e-05 to 1",0.00317563900420485,-0.00261985146670085,174,"success","pgls5_castespolymorphic"
"OG0004877_00",-0.00483393956747778,0.743112676638745,1e-05,"1e-05 to 1",0.000664850981485751,-0.00514523709420334,174,"success","pgls5_castespolymorphic"
"OG0004878_00",-0.0186962488440669,0.473111704038764,0.826146120992419,"1e-05 to 1",0.00320169325105301,-0.00259364574167331,174,"success","pgls5_castespolymorphic"
"OG0004879_00",0.00887339729482081,0.478534396165431,1,"1e-05 to 1",0.00312407347845598,-0.00267171679201805,174,"success","pgls5_castespolymorphic"
"OG0004880_00",0.017182496322374,0.133739593076793,0.409112445629314,"1e-05 to 1",0.0140861656988904,0.00835410852272123,174,"success","pgls5_castespolymorphic"
"OG0004881_00",-0.00705224190581923,0.590436226267712,1e-05,"1e-05 to 1",0.00180312004085554,-0.00400035019146494,174,"success","pgls5_castespolymorphic"
"OG0004882_00",0.00230819391655167,0.8481404579414,1,"1e-05 to 1",0.000227025968648795,-0.005585607601301,174,"success","pgls5_castespolymorphic"
"OG0004883_00",-0.00222515633697073,0.761383858663732,1,"1e-05 to 1",0.000581606037656156,-0.00522896602026446,174,"success","pgls5_castespolymorphic"
"OG0004884_00",-0.00788079674243142,0.13874849861387,1,"1e-05 to 1",0.013647494657215,0.00791288706801285,174,"success","pgls5_castespolymorphic"
"OG0004886_00",-0.000940452596545874,0.944734893470683,0.754920806819967,"1e-05 to 1",2.97533751580491e-05,-0.00578402712847459,174,"success","pgls5_castespolymorphic"
"OG0004887_00",0.0106568002445421,0.59758865476247,1,"1e-05 to 1",0.00174547569585342,-0.0040583296780079,174,"success","pgls5_castespolymorphic"
"OG0004888_00",0.0220925165757379,0.324304250269036,1,"1e-05 to 1",0.00611060467029919,0.000332177953266011,174,"success","pgls5_castespolymorphic"
"OG0004889_00",-0.0145591612656246,0.100628155717157,1e-05,"1e-05 to 1",0.0169688790383927,0.0112535818234997,174,"success","pgls5_castespolymorphic"
"OG0004891_00",0.0184881140914213,0.20356093303435,0.407293912767595,"1e-05 to 1",0.0100844050904812,0.00432908186426306,174,"success","pgls5_castespolymorphic"
"OG0004892_00",-0.0189998819491752,0.49273454519634,0.949637675924013,"1e-05 to 1",0.00294578859169761,-0.00285103821881583,174,"success","pgls5_castespolymorphic"
"OG0004893_00",0.0361548363790626,0.0144275174092448,1,"1e-05 to 1",0.0366028834335124,0.031001737406963,174,"success","pgls5_castespolymorphic"
"OG0004894_00",-0.00819826629606682,0.443027430235361,1e-05,"1e-05 to 1",0.00372906152641065,-0.00206321137169163,174,"success","pgls5_castespolymorphic"
"OG0004895_00",-0.0083013456242424,0.315173725308046,1e-05,"1e-05 to 1",0.00626603907049812,0.000488516041838305,174,"success","pgls5_castespolymorphic"
"OG0004896_00",0.00191024622192724,0.932428954991459,1,"1e-05 to 1",4.50722024905305e-05,-0.00576861923819272,174,"success","pgls5_castespolymorphic"
"OG0004897_00",-0.00479112745448809,0.577347837496341,1e-05,"1e-05 to 1",0.00193295962800503,-0.00386975572299497,174,"success","pgls5_castespolymorphic"
"OG0004898_00",0.0124784517219602,0.318545676561784,0.954436832277958,"1e-05 to 1",0.00614144779951359,0.000363200402999198,174,"success","pgls5_castespolymorphic"
"OG0004899_00",0.024445235486399,0.0775708780349733,1e-05,"1e-05 to 1",0.0192212488896988,0.0135190468483597,174,"success","pgls5_castespolymorphic"
"OG0004900_00",0.00704460335344784,0.288702427324546,1,"1e-05 to 1",0.00707676403563478,0.00130395452421395,174,"success","pgls5_castespolymorphic"
"OG0004901_00",0.00803767875016943,0.385043352538981,0.770534960344051,"1e-05 to 1",0.00487180139640881,-0.000913827665240063,174,"success","pgls5_castespolymorphic"
"OG0004902_00",-0.0173066443220024,0.513053696745188,0.898162147314918,"1e-05 to 1",0.00264560653996514,-0.00315296551503508,174,"success","pgls5_castespolymorphic"
"OG0004903_00",-0.0234337192083675,0.336645120406174,0.516129340001567,"1e-05 to 1",0.00577111859630598,-9.2818769712455e-06,174,"success","pgls5_castespolymorphic"
"OG0004904_00",-0.00189869230521428,0.415755031576832,1,"1e-05 to 1",0.00416970028975921,-0.0016200107550679,174,"success","pgls5_castespolymorphic"
"OG0004905_00",-0.0351168541619564,0.0476847086526284,0.777531905389076,"1e-05 to 1",0.0245880175969299,0.0189170176992376,174,"success","pgls5_castespolymorphic"
"OG0004906_00",2.67771135582793e-05,0.997330560519348,1,"1e-05 to 1",6.97404095974663e-08,-0.005813883342495,174,"success","pgls5_castespolymorphic"
"OG0004907_00",0.0810625502686107,7.13727187129365e-07,0.0708247829343245,"1e-05 to 1",0.142801050842308,0.137817336021624,174,"success","pgls5_castespolymorphic"
"OG0004908_00",0.00338421696100378,0.821088574245184,1,"1e-05 to 1",0.000316614594766898,-0.00549549811107752,174,"success","pgls5_castespolymorphic"
"OG0004909_00",-0.0211307192964288,0.356596117118746,0.709520762161517,"1e-05 to 1",0.00531398042893388,-0.000469077824386321,174,"success","pgls5_castespolymorphic"
"OG0004910_00",0.00848097698318562,0.621599122120509,0.786964221944884,"1e-05 to 1",0.00151676205769035,-0.00428837304662544,174,"success","pgls5_castespolymorphic"
"OG0004911_00",0.0220404303996657,0.0715124134375684,1e-05,"1e-05 to 1",0.0206703551833883,0.0149765781786406,174,"success","pgls5_castespolymorphic"
"OG0004912_00",-0.0106045488254686,0.132129032930169,1e-05,"1e-05 to 1",0.0140271143800979,0.00829471388230774,174,"success","pgls5_castespolymorphic"
"OG0004913_00",-0.0168498946661922,0.141993919449401,1,"1e-05 to 1",0.0134275218279344,0.00769163532693407,174,"success","pgls5_castespolymorphic"
"OG0004914_00",0.00347129778115242,0.787148847986167,1e-05,"1e-05 to 1",0.000459879298310395,-0.00535140047321092,174,"success","pgls5_castespolymorphic"
"OG0004915_00",-0.000169567402786256,0.982156712222346,1e-05,"1e-05 to 1",3.11647913986903e-06,-0.00581081889016755,174,"success","pgls5_castespolymorphic"
"OG0004916_00",-0.00719423664626655,0.355689303105433,1e-05,"1e-05 to 1",0.00530085686454121,-0.000482277688571786,174,"success","pgls5_castespolymorphic"
"OG0004917_00",0.0146992491101558,0.156075253374084,1e-05,"1e-05 to 1",0.0124565347311193,0.00671500295630023,174,"success","pgls5_castespolymorphic"
"OG0004918_00",-0.00881919964184943,0.432153573355292,1e-05,"1e-05 to 1",0.0038370131003666,-0.00195463217230585,174,"success","pgls5_castespolymorphic"
"OG0004919_00",-0.00822742033862581,0.646752583544101,0.761064567581007,"1e-05 to 1",0.00130766649372012,-0.00449868428247902,174,"success","pgls5_castespolymorphic"
"OG0004920_00",-0.0119561971450226,0.222923082882946,1e-05,"1e-05 to 1",0.00938704918797345,0.0036276715669733,174,"success","pgls5_castespolymorphic"
"OG0004921_00",0.010645650694903,0.163074102272775,0.96293197840012,"1e-05 to 1",0.0121232203573585,0.00637975070827335,174,"success","pgls5_castespolymorphic"
"OG0004922_00",-0.0196409164783015,0.106064905024396,1e-05,"1e-05 to 1",0.0163436529372028,0.0106247206868377,174,"success","pgls5_castespolymorphic"
"OG0004923_00",-0.0100257187788422,0.635347280910239,0.199753967385199,"1e-05 to 1",0.0014177810948413,-0.00438792948018873,174,"success","pgls5_castespolymorphic"
"OG0004924_00",0.0122572156770667,0.132696782459664,0.932057544603177,"1e-05 to 1",0.0139003146279946,0.00816717692234337,174,"success","pgls5_castespolymorphic"
"OG0004925_00",-0.00669653260973417,0.447146113953865,1e-05,"1e-05 to 1",0.00368566636861784,-0.0021068588269133,174,"success","pgls5_castespolymorphic"
"OG0004926_00",-0.00480387680213518,0.484415954230557,1,"1e-05 to 1",0.00304148810783543,-0.00275478231014237,174,"success","pgls5_castespolymorphic"
"OG0004927_00",0.0013148660946947,0.751026962326223,1,"1e-05 to 1",0.000627028241247558,-0.00518327973409405,174,"success","pgls5_castespolymorphic"
"OG0004928_00",-0.0115007366258389,0.422218885886428,1,"1e-05 to 1",0.00400521062911601,-0.00178545675094743,174,"success","pgls5_castespolymorphic"
"OG0004929_00",0.0240527081169884,0.434511047493108,0.942924907399928,"1e-05 to 1",0.00377448030114593,-0.00201752853431247,174,"success","pgls5_castespolymorphic"
"OG0004930_00",0.0199992760994522,0.34170217917486,0.874620844786513,"1e-05 to 1",0.0070105303642575,0.00123733577335206,174,"success","pgls5_castespolymorphic"
"OG0004931_00",0.00244576002110602,0.904162098818748,0.971441346580672,"1e-05 to 1",9.08884272108156e-05,-0.00572253664007283,174,"success","pgls5_castespolymorphic"
"OG0004932_00",-0.00207948522757141,0.730865214024754,0.191961946990419,"1e-05 to 1",0.00073691269487329,-0.00507275641736582,174,"success","pgls5_castespolymorphic"
"OG0004933_00",-0.0183243892689489,0.30834033657665,0.467484175290604,"1e-05 to 1",0.00648524062153084,0.000708992020493238,174,"success","pgls5_castespolymorphic"
"OG0004934_00",-0.0056225691532381,0.678375132379008,0.61938160973678,"1e-05 to 1",0.00107753684825993,-0.00473015189099435,174,"success","pgls5_castespolymorphic"
"OG0004935_00",-0.0091418028241893,0.404728939752389,1e-05,"1e-05 to 1",0.00439808920120499,-0.00139029400111368,174,"success","pgls5_castespolymorphic"
"OG0004937_00",0.00321064825598827,0.719406584963142,1,"1e-05 to 1",0.000808834675766158,-0.00500041628542114,174,"success","pgls5_castespolymorphic"
"OG0004938_00",0.0197137665972917,0.133220621049177,0.891910580235163,"1e-05 to 1",0.0141235932286614,0.00839175365440925,174,"success","pgls5_castespolymorphic"
"OG0004939_00",-0.00046912069452954,0.95782767484386,1,"1e-05 to 1",1.75312573995206e-05,-0.0057963203050575,174,"success","pgls5_castespolymorphic"
"OG0004940_00",0.0238130053756858,0.199766372393112,1,"1e-05 to 1",0.0102547016514262,0.0045003685214926,174,"success","pgls5_castespolymorphic"
"OG0004941_00",-0.00467558561997474,0.298726459778138,1,"1e-05 to 1",0.00670553946445288,0.000930571670641589,174,"success","pgls5_castespolymorphic"
"OG0004942_00",0.00200954125607702,0.887536579724189,0.667548576301523,"1e-05 to 1",0.00012460334450499,-0.00568862570581752,174,"success","pgls5_castespolymorphic"
"OG0004943_00",0.00691615610512044,0.824336711305476,0.863538874013256,"1e-05 to 1",0.000305035453986513,-0.00550714457244372,174,"success","pgls5_castespolymorphic"
"OG0004944_00",-0.0145824989469439,0.611236819136453,0.78232011533189,"1e-05 to 1",0.00160852702560849,-0.00419607456145199,174,"success","pgls5_castespolymorphic"
"OG0004945_00",-0.00407018855745944,0.742281355272035,1,"1e-05 to 1",0.000677708067134083,-0.00513230525805697,174,"success","pgls5_castespolymorphic"
"OG0004946_00",-0.030540311342747,0.0514575976316765,1e-05,"1e-05 to 1",0.0237965621520371,0.0181209607692001,174,"success","pgls5_castespolymorphic"
"OG0004947_00",0.0145510440510137,0.16062538708907,0.566375767811977,"1e-05 to 1",0.0122646856208411,0.00652203844421806,174,"success","pgls5_castespolymorphic"
"OG0004948_00",-0.00250235746534257,0.884692435817651,1,"1e-05 to 1",0.000131029853228275,-0.00568216183367154,174,"success","pgls5_castespolymorphic"
"OG0004949_00",-0.000840340510385174,0.924496341030303,1e-05,"1e-05 to 1",5.59584940420154e-05,-0.00575766965424829,174,"success","pgls5_castespolymorphic"
"OG0004950_00",0.0158562601992402,0.551006093681148,0.908750850293206,"1e-05 to 1",0.00234388712759926,-0.00345643911003091,174,"success","pgls5_castespolymorphic"
"OG0004951_00",0.0173580739116362,0.28772447105146,0.491173606069343,"1e-05 to 1",0.00710542967288717,0.0013327868221481,174,"success","pgls5_castespolymorphic"
"OG0004952_00",0.0128291024525425,0.426661978266531,1,"1e-05 to 1",0.00392926201229022,-0.00186184692949865,174,"success","pgls5_castespolymorphic"
"OG0004953_00",-0.0164872896983491,0.277812678227104,1,"1e-05 to 1",0.00731115563268219,0.00153970886310473,174,"success","pgls5_castespolymorphic"
"OG0004954_00",-0.0314546714990994,0.177334543900965,0.828218389187523,"1e-05 to 1",0.0112743253852414,0.00552592030027188,174,"success","pgls5_castespolymorphic"
"OG0004955_00",-0.0166425368253416,0.0310400664905148,1,"1e-05 to 1",0.0285604622585526,0.0229125579693582,174,"success","pgls5_castespolymorphic"
"OG0004956_00",0.0114693182581158,0.149955000559943,1,"1e-05 to 1",0.0128309385364753,0.00709158352796646,174,"success","pgls5_castespolymorphic"
"OG0004957_00",0.0269616033824498,0.0484564160643697,1e-05,"1e-05 to 1",0.0239699887355877,0.0182953956468411,174,"success","pgls5_castespolymorphic"
"OG0004958_00",0.0314474136687488,0.0597709154693071,0.947341190609444,"1e-05 to 1",0.0218371206523908,0.0161501271678116,174,"success","pgls5_castespolymorphic"
"OG0004959_00",-0.0190043274046238,0.104933685606847,0.527106550421371,"1e-05 to 1",0.0163469607556901,0.0106280477368278,174,"success","pgls5_castespolymorphic"
"OG0004960_00",0.00382011826464901,0.676899386958778,1,"1e-05 to 1",0.0010745693800298,-0.00473313661194674,174,"success","pgls5_castespolymorphic"
"OG0004961_00",-0.00608866914694695,0.729684281459942,0.294769945672833,"1e-05 to 1",0.000748316166227124,-0.00506128664675987,174,"success","pgls5_castespolymorphic"
"OG0004962_00",-0.0126038561202087,0.365608278871165,0.152550158472947,"1e-05 to 1",0.00508690476081595,-0.000697473699877049,174,"success","pgls5_castespolymorphic"
"OG0004963_00",-0.00827273198336834,0.686329262179279,1,"1e-05 to 1",0.00100931784557147,-0.00479876751579145,174,"success","pgls5_castespolymorphic"
"OG0004964_00",0.0492358777720984,0.00467860549827992,0.946586904430914,"1e-05 to 1",0.0483259117468451,0.0427929228616523,174,"success","pgls5_castespolymorphic"
"OG0004965_00",-0.0143408937655048,0.549605356333305,0.948166864435539,"1e-05 to 1",0.00221440347630052,-0.00358667557325587,174,"success","pgls5_castespolymorphic"
"OG0004966_00",0.00247236715424909,0.870908884132782,0.738179164787222,"1e-05 to 1",0.000164518924727397,-0.0056484780582684,174,"success","pgls5_castespolymorphic"
"OG0004967_00",0.0100320371012382,0.639075016066874,1,"1e-05 to 1",0.00139555071121567,-0.00441028911023067,174,"success","pgls5_castespolymorphic"
"OG0004968_00",-0.0325392121309846,0.0755234896787138,0.788527238612093,"1e-05 to 1",0.0196087346006791,0.0139087853832413,174,"success","pgls5_castespolymorphic"
"OG0004969_00",0.0136016699782813,0.461781249264373,0.439970466310372,"1e-05 to 1",0.00336858541584087,-0.00242578327360188,174,"success","pgls5_castespolymorphic"
"OG0004970_00",0.0084274148406728,0.23659299989302,1e-05,"1e-05 to 1",0.00879872747301063,0.00303592937692332,174,"success","pgls5_castespolymorphic"
"OG0004971_00",0.0056853871046171,0.458973214181115,1,"1e-05 to 1",0.00341095668064443,-0.00238316566423546,174,"success","pgls5_castespolymorphic"
"OG0004972_00",-0.00803710974170151,0.650589217696888,0.864277223945639,"1e-05 to 1",0.00127742024580826,-0.00452910638066961,174,"success","pgls5_castespolymorphic"
"OG0004973_00",-0.0122117260962083,0.574276324973952,0.914047134015966,"1e-05 to 1",0.00204049003238428,-0.00376160014184612,174,"success","pgls5_castespolymorphic"
"OG0004974_00",-0.00681645844192746,0.4204200845833,0.661234384342219,"1e-05 to 1",0.0056532449021793,-0.000127840883273,174,"success","pgls5_castespolymorphic"
"OG0004975_00",0.0367239518449645,0.0133878143536301,1e-05,"1e-05 to 1",0.0371680621047648,0.0315702020007227,174,"success","pgls5_castespolymorphic"
"OG0004976_00",-0.0158975671836104,0.543381301752014,0.443836985225733,"1e-05 to 1",0.00231272408529214,-0.00348778333281663,174,"success","pgls5_castespolymorphic"
"OG0004977_00",0.00811895450543174,0.330214415761825,1,"1e-05 to 1",0.00588944704380826,0.000109734526621108,174,"success","pgls5_castespolymorphic"
"OG0004978_00",-0.00313339921640567,0.725730085804992,0.580349408998655,"1e-05 to 1",0.000761739440452112,-0.00504778533024286,174,"success","pgls5_castespolymorphic"
"OG0004979_00",0.0334044945897956,0.0700488208404266,1e-05,"1e-05 to 1",0.0207518826755715,0.0150585796678713,174,"success","pgls5_castespolymorphic"
"OG0004980_00",0.0212063953692802,0.191284652757176,0.90570470441411,"0.001 to 1",0.010783857566255,0.00503260092419833,174,"success","pgls5_castespolymorphic"
"OG0004981_00",-0.00562833439504129,0.410439348053927,1e-05,"1e-05 to 1",0.00426547366221353,-0.00152368056068064,174,"success","pgls5_castespolymorphic"
"OG0004982_00",0.0144511558490657,0.300525871043752,1,"1e-05 to 1",0.00665595689906727,0.00088070083452696,174,"success","pgls5_castespolymorphic"
"OG0004983_00",-0.012127805708843,0.442744479829107,0.976659157851455,"1e-05 to 1",0.00368695209070345,-0.00210556562969955,174,"success","pgls5_castespolymorphic"
"OG0004984_00",-0.00195511893551613,0.70192840638669,1,"1e-05 to 1",0.000917903157784372,-0.00489071368432148,174,"success","pgls5_castespolymorphic"
"OG0004985_00",0.00796085868994496,0.424874871789639,1,"1e-05 to 1",0.00398444319249809,-0.00180634492847553,174,"success","pgls5_castespolymorphic"
"OG0004986_00",-0.0340119335297207,0.173279445425523,1,"1e-05 to 1",0.0116310434082257,0.00588471226525022,174,"success","pgls5_castespolymorphic"
"OG0004987_00",0.00152312826501014,0.874808987888128,1e-05,"1e-05 to 1",0.000157592934008671,-0.00565544431637499,174,"success","pgls5_castespolymorphic"
"OG0004988_00",0.0112936055289477,0.688003124361539,0.81753205210606,"1e-05 to 1",0.00100419819702088,-0.00480391692974047,174,"success","pgls5_castespolymorphic"
"OG0004989_00",0.00141749694902179,0.895170060524843,1e-05,"1e-05 to 1",0.000108168400603836,-0.0057051562017183,174,"success","pgls5_castespolymorphic"
"OG0004990_00",0.0128786688245047,0.534475207376884,0.928191751312436,"1e-05 to 1",0.00238645942387377,-0.00341361930040596,174,"success","pgls5_castespolymorphic"
"OG0004991_00",0.0418011611341975,0.0985117808092517,0.777408619768226,"1e-05 to 1",0.0167585934011389,0.0110420735953316,174,"success","pgls5_castespolymorphic"
"OG0004992_00",-0.03826556883479,0.083122148116388,1,"1e-05 to 1",0.0193717386245566,0.0136704115235367,174,"success","pgls5_castespolymorphic"
"OG0004993_00",0.0359809713991432,0.111878104905246,0.829299057817003,"1e-05 to 1",0.0173390012835158,0.0116258559421411,174,"success","pgls5_castespolymorphic"
"OG0004994_00",0.00282076848713178,0.876218183790776,0.880976582183903,"1e-05 to 1",0.000154036655825844,-0.00565902127059381,174,"success","pgls5_castespolymorphic"
"OG0004995_00",0.00440522282430199,0.629918913168875,0.168646003573924,"1e-05 to 1",0.00146371944187389,-0.0043417240497432,174,"success","pgls5_castespolymorphic"
"OG0004996_00",-0.00430630000205708,0.756593816993084,0.851036549801727,"1e-05 to 1",0.000605953353861427,-0.00520447714989536,174,"success","pgls5_castespolymorphic"
"OG0004997_00",-0.00898341589267031,0.253198138916147,0.137258034387022,"1e-05 to 1",0.00810134716760908,0.00233449453486267,174,"success","pgls5_castespolymorphic"
"OG0004998_00",0.041184890323107,0.0701202931656069,0.980900098575829,"1e-05 to 1",0.0204823926838645,0.014787522873887,174,"success","pgls5_castespolymorphic"
"OG0004999_00",-0.00497463207087746,0.532028874699007,0.651008963157165,"1e-05 to 1",0.00244536088022004,-0.00335437539373218,174,"success","pgls5_castespolymorphic"
"OG0005000_00",0.00192268320425255,0.913989548791395,1,"1e-05 to 1",7.22303125363612e-05,-0.00574130323215827,174,"success","pgls5_castespolymorphic"
"OG0005001_00",0.0255287002129779,0.139135753815717,0.620032169620863,"1e-05 to 1",0.0134534095877276,0.00771767359695863,174,"success","pgls5_castespolymorphic"
"OG0005002_00",0.00313570849138341,0.747402131847854,0.975773676475573,"0.001 to 1",0.000642062972013814,-0.00516815759210232,174,"success","pgls5_castespolymorphic"
"OG0005003_00",-0.0112908715162684,0.387890757385093,1,"1e-05 to 1",0.0046343329627582,-0.00115267672931885,174,"success","pgls5_castespolymorphic"
"OG0005004_00",-0.00294222726550801,0.817451026756824,0.551246590103629,"1e-05 to 1",0.000329851229927816,-0.00548218451873539,174,"success","pgls5_castespolymorphic"
"OG0005005_00",0.0122367325712532,0.42613928594889,0.389907915205891,"1e-05 to 1",0.00391379857865056,-0.00187740026682248,174,"success","pgls5_castespolymorphic"
"OG0005006_00",0.0222410624505169,0.415062294286437,0.92790325634464,"1e-05 to 1",0.00410455402313491,-0.00168553577905617,174,"success","pgls5_castespolymorphic"
"OG0005007_00",-0.00516089196098243,0.40170459245729,1,"1e-05 to 1",0.00434479763214135,-0.00144389540488121,174,"success","pgls5_castespolymorphic"
"OG0005008_00",0.029453846229427,0.00048848024827941,1e-05,"1e-05 to 1",0.0725226811742699,0.067130371181097,174,"success","pgls5_castespolymorphic"
"OG0005009_00",0.00218674521736744,0.826654231276288,1e-05,"1e-05 to 1",0.000302530917965262,-0.00550966366972094,174,"success","pgls5_castespolymorphic"
"OG0005010_00",-0.00526669214271258,0.39146644819121,1e-05,"1e-05 to 1",0.00474197256295658,-0.00104441131749122,174,"success","pgls5_castespolymorphic"
"OG0005011_00",0.0181369685125073,0.176750122599638,0.306158178155687,"1e-05 to 1",0.0114464468545619,0.00569904247580943,174,"success","pgls5_castespolymorphic"
"OG0005012_00",-0.00926575840544218,0.55535308975797,0.928020904769911,"1e-05 to 1",0.0021919930640959,-0.00360921627855482,174,"success","pgls5_castespolymorphic"
"OG0005013_00",0.0102106684644043,0.410055760362657,1,"1e-05 to 1",0.00421932897272405,-0.00157009353324833,174,"success","pgls5_castespolymorphic"
"OG0005014_00",0.000640425857181693,0.96073077219873,1,"1e-05 to 1",1.53917994807138e-05,-0.00579847220168506,174,"success","pgls5_castespolymorphic"
"OG0005015_00",0.00601150897889318,0.621772873970668,0.970495308963567,"1e-05 to 1",0.00154409126716019,-0.00426088494640298,174,"success","pgls5_castespolymorphic"
"OG0005016_00",0.0187001820822029,0.177137537582621,0.857345967494679,"1e-05 to 1",0.011354871065311,0.00560693426917924,174,"success","pgls5_castespolymorphic"
"OG0005017_00",0.000710299286047644,0.91673371151997,1e-05,"1e-05 to 1",6.93971545399943e-05,-0.00574415286200325,174,"success","pgls5_castespolymorphic"
"OG0005018_00",0.00625642768220353,0.326684422257734,1e-05,"1e-05 to 1",0.00597578160230339,0.000196571030223747,174,"success","pgls5_castespolymorphic"
"OG0005019_00",0.0507991616410638,0.00929685068063235,0.685086671959933,"1e-05 to 1",0.0412723127460722,0.0356983145643635,174,"success","pgls5_castespolymorphic"
"OG0005020_00",-0.00469991245182429,0.379618884550017,1e-05,"1e-05 to 1",0.00476835412290928,-0.00101787637637618,174,"success","pgls5_castespolymorphic"
"OG0005021_00",-0.00591511965808449,0.576186020233183,0.867245185133598,"1e-05 to 1",0.00193274000909428,-0.00386997661875976,174,"success","pgls5_castespolymorphic"
"OG0005022_00",0.0138263649417642,0.454626800892008,1,"1e-05 to 1",0.00345585765212289,-0.00233800364059733,174,"success","pgls5_castespolymorphic"
"OG0005023_00",0.0139774022833589,0.286190862914124,0.95034630093292,"1e-05 to 1",0.00706184322072807,0.00128894696038351,174,"success","pgls5_castespolymorphic"
"OG0005024_00",-0.00383432267677204,0.762061290522157,1,"1e-05 to 1",0.000571003762451261,-0.00523962993660421,174,"success","pgls5_castespolymorphic"
"OG0005025_00",0.0045014712741222,0.585984161906471,1e-05,"1e-05 to 1",0.0018581962423871,-0.00394495377945936,174,"success","pgls5_castespolymorphic"
"OG0005026_00",0.0145317532850296,0.00568362487543106,1,"1e-05 to 1",0.0473975989761015,0.041859212923637,174,"success","pgls5_castespolymorphic"
"OG0005027_00",0.0133094127060465,0.290210817452638,1e-05,"1e-05 to 1",0.00698885263219723,0.00121553200796587,174,"success","pgls5_castespolymorphic"
"OG0005028_00",-0.00456911379537179,0.807268721488628,1,"1e-05 to 1",0.000370721461129952,-0.00544107666991001,174,"success","pgls5_castespolymorphic"
"OG0005029_00",-0.0187888157345841,0.218660640615866,0.899397639796896,"1e-05 to 1",0.00938329161507559,0.00362389214772141,174,"success","pgls5_castespolymorphic"
"OG0005030_00",0.00668929007695969,0.652230597626576,0.789430902633993,"1e-05 to 1",0.00128055718270666,-0.00452595120576582,174,"success","pgls5_castespolymorphic"
"OG0005031_00",-0.0259137729251778,0.27327695204219,0.698198045297253,"1e-05 to 1",0.00999332231826567,0.0042374695410462,174,"success","pgls5_castespolymorphic"
"OG0005032_00",-0.0161951465207027,0.322378196659154,0.884031951017097,"1e-05 to 1",0.00604522899970044,0.000266422191559146,174,"success","pgls5_castespolymorphic"
"OG0005033_00",0.00240077345046834,0.872068095084407,0.980996790520781,"1e-05 to 1",0.000160551948689909,-0.00565246809812003,174,"success","pgls5_castespolymorphic"
"OG0005034_00",-0.00504471912504474,0.699223903126949,0.849627483630091,"1e-05 to 1",0.00115207189205762,-0.0046551835039188,174,"success","pgls5_castespolymorphic"
"OG0005035_00",0.0358960000665733,0.0173083293803196,0.805311352656424,"1e-05 to 1",0.0346788522333374,0.02906651997888,174,"success","pgls5_castespolymorphic"
"OG0005036_00",-0.0193932219103428,0.405941083640593,1,"1e-05 to 1",0.00493866983094864,-0.000846570460731888,174,"success","pgls5_castespolymorphic"
"OG0005037_00",0.00392576110722944,0.854596334432557,0.813441280760243,"1e-05 to 1",0.000209217866789261,-0.00560351923863633,174,"success","pgls5_castespolymorphic"
"OG0005038_00",-0.0173227620705847,0.301762943986899,1,"1e-05 to 1",0.00658122144367903,0.000805530870677251,174,"success","pgls5_castespolymorphic"
"OG0005039_00",-0.0161519493721316,0.128497767564157,1e-05,"1e-05 to 1",0.0142048950353978,0.00847352814606872,174,"success","pgls5_castespolymorphic"
"OG0005040_00",-0.0195966957155789,0.183804713939374,0.515327778967614,"1e-05 to 1",0.0108789432245199,0.005128239406058,174,"success","pgls5_castespolymorphic"
"OG0005041_00",-0.00600595016877471,0.365579634518887,1e-05,"1e-05 to 1",0.00511932554892841,-0.000664864418810307,174,"success","pgls5_castespolymorphic"
"OG0005042_00",-0.0108499700494045,0.503025010126015,0.784568805334865,"1e-05 to 1",0.00282594289360492,-0.00297158069422299,174,"success","pgls5_castespolymorphic"
"OG0005043_00",-0.00380102079347397,0.454480986842953,1e-05,"1e-05 to 1",0.00350137358638599,-0.00229222307880939,174,"success","pgls5_castespolymorphic"
"OG0005044_00",-0.0176621436777701,0.358598510582353,1,"1e-05 to 1",0.00533675593554455,-0.000446169902039495,174,"success","pgls5_castespolymorphic"
"OG0005045_00",0.0161456164236343,0.079521413044036,0.610664692336456,"1e-05 to 1",0.0189742267184507,0.0132705885016975,174,"success","pgls5_castespolymorphic"
"OG0005046_00",-0.0416290215431599,0.0752036870404142,0.538848599990917,"1e-05 to 1",0.019651318015554,0.0139516163761098,174,"success","pgls5_castespolymorphic"
"OG0005047_00",-0.000451799726906369,0.966804227620959,1,"1e-05 to 1",1.09270348587375e-05,-0.0058029629242411,174,"success","pgls5_castespolymorphic"
"OG0005048_00",0.0321667103554807,0.0124365163212099,1e-05,"1e-05 to 1",0.039133524720892,0.0335470917250832,174,"success","pgls5_castespolymorphic"
"OG0005049_00",0.00421322291783884,0.401406441555195,1e-05,"1e-05 to 1",0.00446052776052484,-0.00132749242691399,174,"success","pgls5_castespolymorphic"
"OG0005050_00",0.0380138946092195,0.00881998284209007,1,"1e-05 to 1",0.0423503114936742,0.0367825807465444,174,"success","pgls5_castespolymorphic"
"OG0005051_00",-0.0185360991825533,0.0621789531434627,0.114817705936202,"1e-05 to 1",0.0217057772786616,0.0160180201698167,174,"success","pgls5_castespolymorphic"
"OG0005052_00",0.00323831597954661,0.871104063300469,1,"1e-05 to 1",0.000163001972548519,-0.00565000382993674,174,"success","pgls5_castespolymorphic"
"OG0005053_00",-0.00404786763209246,0.739342759151137,1,"1e-05 to 1",0.000698207725755521,-0.00511168641537374,174,"success","pgls5_castespolymorphic"
"OG0005054_00",0.0147735353492831,0.176510481540436,1e-05,"1e-05 to 1",0.0113170803846262,0.00556892387523444,174,"success","pgls5_castespolymorphic"
"OG0005055_00",0.00111417708746048,0.942247843393209,0.945096557655473,"1e-05 to 1",3.33215965941587e-05,-0.00578043816156515,174,"success","pgls5_castespolymorphic"
"OG0005056_00",0.0147214148358746,0.064386034520802,1,"1e-05 to 1",0.0217572642398383,0.0160698064737909,174,"success","pgls5_castespolymorphic"
"OG0005057_00",-0.0134274679636832,0.311764416903421,1,"1e-05 to 1",0.00643459928240317,0.000658056254975392,174,"success","pgls5_castespolymorphic"
"OG0005058_00",-0.0544701439263536,0.0287779844221772,0.769754097253392,"1e-05 to 1",0.0298981171611671,0.0242579899353599,174,"success","pgls5_castespolymorphic"
"OG0005059_00",0.016005894000251,0.0956403203125551,0.910793055673824,"1e-05 to 1",0.0170465561024408,0.0113317104983852,174,"success","pgls5_castespolymorphic"
"OG0005060_00",-0.00442884292361221,0.443410236565,0.853827510226149,"1e-05 to 1",0.00363077970073847,-0.00216206460332713,174,"success","pgls5_castespolymorphic"
"OG0005061_00",0.0450831471348259,0.00072518570291269,0.852953514728129,"1e-05 to 1",0.0682889029807509,0.0628719779980808,174,"success","pgls5_castespolymorphic"
"OG0005062_00",0.0137577208013996,0.0983830057833055,1e-05,"1e-05 to 1",0.0167713122370547,0.0110548663779678,174,"success","pgls5_castespolymorphic"
"OG0005063_00",-0.00295990675015315,0.676335784895671,1,"1e-05 to 1",0.00109206166210718,-0.00471554263055496,174,"success","pgls5_castespolymorphic"
"OG0005064_00",0.0121173373351273,0.412219791053401,0.865022491609425,"1e-05 to 1",0.0041805542375858,-0.00160909370289342,174,"success","pgls5_castespolymorphic"
"OG0005065_00",0.0440337656903276,0.0088726723344974,1e-05,"1e-05 to 1",0.0422860141889281,0.036717909620259,174,"success","pgls5_castespolymorphic"
"OG0005066_00",0.000481484453981627,0.979326207393709,1e-05,"1e-05 to 1",4.23667399862951e-06,-0.0058096921825479,174,"success","pgls5_castespolymorphic"
"OG0005067_00",0.0297278585285175,0.220003507906105,1,"1e-05 to 1",0.00944618766671629,0.00368715387408092,174,"success","pgls5_castespolymorphic"
"OG0005068_00",-0.00392601927164089,0.690945455178533,0.353559131732166,"1e-05 to 1",0.000984331150893407,-0.00482389948195028,174,"success","pgls5_castespolymorphic"
"OG0005069_00",-0.0330378654788855,0.057514673658974,1,"1e-05 to 1",0.0225038129890196,0.0168206956226767,174,"success","pgls5_castespolymorphic"
"OG0005070_00",0.00208758752151888,0.772363696849673,1,"1e-05 to 1",0.000518039711858651,-0.00529290191772347,174,"success","pgls5_castespolymorphic"
"OG0005071_00",-0.00948642296787979,0.473237850465481,1e-05,"1e-05 to 1",0.00318008958921311,-0.00261537500619857,174,"success","pgls5_castespolymorphic"
"OG0005072_00",0.00890341959835661,0.538952165752495,0.437566486282885,"1e-05 to 1",0.00236386729863149,-0.00343634277521376,174,"success","pgls5_castespolymorphic"
"OG0005073_00",-0.00958203097309207,0.250782146885988,0.777376540866671,"1e-05 to 1",0.00818397270355691,0.00241760045183348,174,"success","pgls5_castespolymorphic"
"OG0005074_00",-0.00348399401099357,0.496256824059649,1,"1e-05 to 1",0.00288014050324136,-0.00291706798220481,174,"success","pgls5_castespolymorphic"
"OG0005075_00",0.000230771381870869,0.984896395348046,0.919158443903499,"1e-05 to 1",2.2190029702924e-06,-0.00581172158422172,174,"success","pgls5_castespolymorphic"
"OG0005076_00",-0.00533901952971816,0.677490226176453,1,"1e-05 to 1",0.00107041074822096,-0.00473731942184741,174,"success","pgls5_castespolymorphic"
"OG0005077_00",0.00380195243756646,0.577150942090694,1e-05,"1e-05 to 1",0.00194707731710965,-0.00385555595430254,174,"success","pgls5_castespolymorphic"
"OG0005078_00",0.056507205039181,0.00144714833577586,1,"1e-05 to 1",0.0612496086837426,0.0557917575714386,174,"success","pgls5_castespolymorphic"
"OG0005079_00",-0.0155820756206611,0.047142759878172,1,"1e-05 to 1",0.0244010677976176,0.0187289809824874,174,"success","pgls5_castespolymorphic"
"OG0005080_00",0.0044475075657916,0.73114503026288,0.673059567325402,"1e-05 to 1",0.000754106875263344,-0.00505546227081077,174,"success","pgls5_castespolymorphic"
"OG0005081_00",-0.0178436950639037,0.376849167092744,1,"1e-05 to 1",0.00488427343375651,-0.000901283116047313,174,"success","pgls5_castespolymorphic"
"OG0005082_00",-0.00383707769691812,0.694826081202066,1e-05,"1e-05 to 1",0.00095254695030942,-0.00485586847439801,174,"success","pgls5_castespolymorphic"
"OG0005083_00",-0.00609393014630741,0.791968729378792,0.92779861812857,"1e-05 to 1",0.000438808009799913,-0.00537259426921288,174,"success","pgls5_castespolymorphic"
"OG0005084_00",-0.0102895269262115,0.483994944057527,0.805743728564689,"1e-05 to 1",0.00302850482696867,-0.00276784107520012,174,"success","pgls5_castespolymorphic"
"OG0005086_00",-0.0253562380544745,0.195395208808437,1,"1e-05 to 1",0.0104556102978855,0.00470244524147778,174,"success","pgls5_castespolymorphic"
"OG0005087_00",-0.0293645374546083,0.0560889465131136,1,"1e-05 to 1",0.0227613996236967,0.0170797798540671,174,"success","pgls5_castespolymorphic"
"OG0005088_00",-0.00137188321403314,0.861068576827497,1e-05,"1e-05 to 1",0.00019082151123916,-0.00562202254974187,174,"success","pgls5_castespolymorphic"
"OG0005089_00",0.0173620259904461,0.104809334500895,1,"1e-05 to 1",0.0162574833760332,0.0105380501398473,174,"success","pgls5_castespolymorphic"
"OG0005090_00",0.0190647760257518,0.237559842093836,0.728672119429794,"1e-05 to 1",0.00876268050877808,0.0029996728373175,174,"success","pgls5_castespolymorphic"
"OG0005091_00",1.10235338578851e-05,0.999035847510252,0.914555450627309,"1e-05 to 1",9.15479726122599e-09,-0.00581394428034931,174,"success","pgls5_castespolymorphic"
"OG0005092_00",-0.0112724695962677,0.451140225582333,0.757576624492383,"1e-05 to 1",0.0035313343554036,-0.00226208811927431,174,"success","pgls5_castespolymorphic"
"OG0005093_00",0.00941403941257044,0.319652928941727,1e-05,"1e-05 to 1",0.00618991391766543,0.000411948300907738,174,"success","pgls5_castespolymorphic"
"OG0005094_00",-0.00312362160677999,0.903542268686786,0.383139878514963,"1e-05 to 1",9.3838492605406e-05,-0.00571956942313534,174,"success","pgls5_castespolymorphic"
"OG0005095_00",0.0407580587291866,0.00880475472783182,1,"1e-05 to 1",0.0779930556078975,0.0726325501172458,174,"success","pgls5_castespolymorphic"
"OG0005097_00",-0.0241758903667209,0.100305712699267,1e-05,"1e-05 to 1",0.016685711548021,0.0109687680105095,174,"success","pgls5_castespolymorphic"
"OG0005098_00",0.0171662689939911,0.290719601693684,1,"1e-05 to 1",0.00697417731222377,0.00120077136636465,174,"success","pgls5_castespolymorphic"
"OG0005099_00",0.000365391382806649,0.986865643411115,0.818844739449335,"1e-05 to 1",1.69907881022803e-06,-0.00581224453119678,174,"success","pgls5_castespolymorphic"
"OG0005100_00",0.00884077544072766,0.361186163731719,0.666637750668429,"1e-05 to 1",0.00531336945279836,-0.000469692352708551,174,"success","pgls5_castespolymorphic"
"OG0005101_00",-0.0141581515715047,0.143020235708767,1e-05,"1e-05 to 1",0.0134428365960809,0.00770703913443027,174,"success","pgls5_castespolymorphic"
"OG0005102_00",0.00996329520294119,0.459217317901477,1,"1e-05 to 1",0.00340725710966443,-0.00238688674434906,174,"success","pgls5_castespolymorphic"
"OG0005103_00",0.00304937382060462,0.734346506445019,1,"1e-05 to 1",0.000721729716092197,-0.00508802766927929,174,"success","pgls5_castespolymorphic"
"OG0005104_00",-0.0277149365408866,0.186049530798098,0.99541435864147,"1e-05 to 1",0.0109032127885209,0.00515265007217502,174,"success","pgls5_castespolymorphic"
"OG0005105_00",-0.00644607996964189,0.68802334493409,0.794739842872185,"1e-05 to 1",0.00100406087945741,-0.00480405504566206,174,"success","pgls5_castespolymorphic"
"OG0005106_00",-0.0064880608037705,0.687099929025324,1,"1e-05 to 1",0.00101034289464811,-0.00479773650712723,174,"success","pgls5_castespolymorphic"
"OG0005107_00",-0.0161842863754916,0.308956615266784,0.665400004477823,"1e-05 to 1",0.00642861880842117,0.000652041010795634,174,"success","pgls5_castespolymorphic"
"OG0005108_00",0.0458121102535935,0.00708266332602769,1,"1e-05 to 1",0.0449990273733451,0.0394466961371435,174,"success","pgls5_castespolymorphic"
"OG0005109_00",0.022266326914644,0.127885206317193,0.961853711353219,"1e-05 to 1",0.0142502456864005,0.00851914246364704,174,"success","pgls5_castespolymorphic"
"OG0005110_00",-0.00790914126362819,0.241164757481358,1e-05,"1e-05 to 1",0.00852274393161433,0.00275834128005392,174,"success","pgls5_castespolymorphic"
"OG0005111_00",-0.0248650955292966,0.191384576827224,0.885913302328008,"1e-05 to 1",0.0105134703034449,0.00476064164241852,174,"success","pgls5_castespolymorphic"
"OG0005112_00",-0.00865610305890058,0.654999261480212,1,"1e-05 to 1",0.00123548526407261,-0.0045712851704387,174,"success","pgls5_castespolymorphic"
"OG0005113_00",-0.00203090211966292,0.908629428213485,0.376187471236198,"1e-05 to 1",8.15540141862196e-05,-0.00573192532294065,174,"success","pgls5_castespolymorphic"
"OG0005115_00",-0.0397373026973212,0.00768692853088337,0.959680457973106,"1e-05 to 1",0.0663415862621185,0.0609133396706192,174,"success","pgls5_castespolymorphic"
"OG0005116_00",-0.0005562156867718,0.968127557162804,0.773355460559994,"1e-05 to 1",1.00095990647214e-05,-0.00580388569396395,174,"success","pgls5_castespolymorphic"
"OG0005117_00",-0.0141195802301212,0.314710288796028,1e-05,"1e-05 to 1",0.00627801413840196,0.000500560732229927,174,"success","pgls5_castespolymorphic"
"OG0005118_00",0.00668056029167276,0.568109429985405,0.994661117463674,"1e-05 to 1",0.0020408882201046,-0.00376119963908095,174,"success","pgls5_castespolymorphic"
"OG0005119_00",0.00505603645029707,0.650010684816799,0.956595355608959,"1e-05 to 1",0.00128998589521226,-0.00451646767516456,174,"success","pgls5_castespolymorphic"
"OG0005120_00",-0.0105519847786497,0.625096840905619,0.932243274060391,"1e-05 to 1",0.0015052849693601,-0.00429991686221332,174,"success","pgls5_castespolymorphic"
"OG0005121_00",0.039366305272464,0.0792436183590326,1,"1e-05 to 1",0.0256590842292607,0.0199943114631517,174,"success","pgls5_castespolymorphic"
"OG0005122_00",-0.0120081314715775,0.219278096754182,1e-05,"1e-05 to 1",0.00941668801066434,0.00365748270840083,174,"success","pgls5_castespolymorphic"
"OG0005123_00",-1.00735352332425e-05,0.99871896381505,1e-05,"1e-05 to 1",1.60607523447308e-08,-0.0058139373342434,174,"success","pgls5_castespolymorphic"
"OG0005124_00",0.0285611123247637,0.626041452286203,0.914217455715057,"1e-05 to 1",0.00147844468151082,-0.00432691319824796,174,"success","pgls5_castespolymorphic"
"OG0005125_00",0.0119521435328782,0.231624637279992,1,"1e-05 to 1",0.00927816028017312,0.00351814958412766,174,"success","pgls5_castespolymorphic"
"OG0005126_00",0.00905371010210492,0.0793974471160803,0.711824782175941,"1e-05 to 1",0.0191076436691681,0.013404781132361,174,"success","pgls5_castespolymorphic"
"OG0005127_00",0.00113378039833762,0.941395878208421,1e-05,"1e-05 to 1",3.38834889850151e-05,-0.00577987300235816,174,"success","pgls5_castespolymorphic"
"OG0005128_00",-0.000605567721814617,0.966489054788103,0.746497426841795,"1e-05 to 1",1.09287812282528e-05,-0.00580296116771817,174,"success","pgls5_castespolymorphic"
"OG0005129_00",-0.0442566598804872,0.00681742743251146,0.876698395290407,"1e-05 to 1",0.044315199807349,0.0387588928294847,174,"success","pgls5_castespolymorphic"
"OG0005130_00",0.0339752936511194,0.121017644479756,0.902933379157492,"1e-05 to 1",0.0149595757926845,0.0092325965821769,174,"success","pgls5_castespolymorphic"
"OG0005131_00",0.00535193087653823,0.527739983999887,0.746207736301791,"1e-05 to 1",0.00249680973333541,-0.0033026274193777,174,"success","pgls5_castespolymorphic"
"OG0005132_00",0.00699397253124518,0.540750213086164,0.80697612168367,"1e-05 to 1",0.00240321005392412,-0.00339677128297189,174,"success","pgls5_castespolymorphic"
"OG0005133_00",-0.00553396113708542,0.599015477432339,1,"1e-05 to 1",0.00171049762830042,-0.00409351110641887,174,"success","pgls5_castespolymorphic"
"OG0005134_00",-0.012981478065002,0.497546073647856,0.779751216660549,"1e-05 to 1",0.00289903297267332,-0.00289806567283435,174,"success","pgls5_castespolymorphic"
"OG0005135_00",-0.00562965195979014,0.588936357515188,1,"1e-05 to 1",0.00180645850513231,-0.00399699231751227,174,"success","pgls5_castespolymorphic"
"OG0005136_00",0.00421647864601852,0.775093856468978,0.656895060471322,"1e-05 to 1",0.000511684455408077,-0.00529929412333963,174,"success","pgls5_castespolymorphic"
"OG0005137_00",-0.0378427905761587,0.12523173766408,0.925040156585839,"1e-05 to 1",0.0145388683670444,0.00880944318313182,174,"success","pgls5_castespolymorphic"
"OG0005138_00",0.0191506136310836,0.319917886315997,1,"1e-05 to 1",0.00610682412435221,0.000328375427400829,174,"success","pgls5_castespolymorphic"
"OG0005139_00",0.0176847787035101,0.288809776213339,0.772407799132885,"1e-05 to 1",0.00694268526023073,0.001169096221046,174,"success","pgls5_castespolymorphic"
"OG0005140_00",-0.0304290679884894,0.205516062026169,0.923382823758847,"1e-05 to 1",0.0100608625732689,0.00430540247195066,174,"success","pgls5_castespolymorphic"
"OG0005141_00",0.00863688146732189,0.516554207465388,1e-05,"1e-05 to 1",0.00266796048023108,-0.00313048161000018,174,"success","pgls5_castespolymorphic"
"OG0005142_00",-0.0207584639415029,0.0417806543580248,1,"1e-05 to 1",0.0258064011951558,0.0201424849230346,174,"success","pgls5_castespolymorphic"
"OG0005143_00",-0.00331735542114888,0.783772494484601,1,"1e-05 to 1",0.000469038732835548,-0.00534218778615947,174,"success","pgls5_castespolymorphic"
"OG0005144_00",-0.00590545224395899,0.736568691838932,0.87974353077625,"1e-05 to 1",0.000704828673850838,-0.0051050269733941,174,"success","pgls5_castespolymorphic"
"OG0005145_00",-0.0116842843878988,0.286417747175129,1,"1e-05 to 1",0.00705521979275067,0.00128228502410377,174,"success","pgls5_castespolymorphic"
"OG0005146_00",0.00131548966125688,0.869734153629329,1,"1e-05 to 1",0.000168604045796988,-0.00564436918649491,174,"success","pgls5_castespolymorphic"
"OG0005147_00",0.0154028741223561,0.186448830630027,1,"1e-05 to 1",0.0108161205739587,0.00506505150752834,174,"success","pgls5_castespolymorphic"
"OG0005148_00",0.034857989953208,0.0216794155187841,1,"1e-05 to 1",0.0325085167453015,0.0268835662612626,174,"success","pgls5_castespolymorphic"
"OG0005149_00",0.00233240107132768,0.855534855845688,0.9751708212598,"1e-05 to 1",0.000205217618403939,-0.00560754274427966,174,"success","pgls5_castespolymorphic"
"OG0005150_00",-0.0116388010819209,0.250943558403269,1,"1e-05 to 1",0.00812798898953307,0.00236129125110007,174,"success","pgls5_castespolymorphic"
"OG0005151_00",-0.0074310799430726,0.657581033861651,0.873071769977821,"1e-05 to 1",0.00122339002836405,-0.00458345072728505,174,"success","pgls5_castespolymorphic"
"OG0005152_00",-0.00430617650926788,0.670592212582908,1,"1e-05 to 1",0.00111955399570806,-0.00468789045780516,174,"success","pgls5_castespolymorphic"
"OG0005153_00",-0.0226382778743614,0.252323469939277,1e-05,"1e-05 to 1",0.00813114883690907,0.00236446946968172,174,"success","pgls5_castespolymorphic"
"OG0005154_00",0.0498687833838587,0.00268884047656215,1,"1e-05 to 1",0.0559293705859676,0.0504405878568163,174,"success","pgls5_castespolymorphic"
"OG0005155_00",-0.00755659542274519,0.466603642338318,1,"1e-05 to 1",0.00333829275134981,-0.00245625205823541,174,"success","pgls5_castespolymorphic"
"OG0005156_00",0.00430286347829784,0.824398368904301,0.864081750822679,"1e-05 to 1",0.00031255795928725,-0.00549957833164716,174,"success","pgls5_castespolymorphic"
"OG0005157_00",-0.0041188659879481,0.635234964911181,1,"1e-05 to 1",0.00140105629385654,-0.00440475151838848,174,"success","pgls5_castespolymorphic"
"OG0005158_00",-0.00561958518746114,0.645638220723192,1,"1e-05 to 1",0.00130838529226363,-0.00449796130487434,174,"success","pgls5_castespolymorphic"
"OG0005159_00",0.00630605695089548,0.619787900812407,0.492552655451446,"1e-05 to 1",0.00153255958144493,-0.00427248367680244,174,"success","pgls5_castespolymorphic"
"OG0005160_00",-0.0352649211990877,0.0208583271801452,0.982043190559362,"1e-05 to 1",0.0329163978217509,0.0272938187393192,174,"success","pgls5_castespolymorphic"
"OG0005161_00",-0.0221957449670768,0.0839656275655352,1,"1e-05 to 1",0.018321665336012,0.012614233157733,174,"success","pgls5_castespolymorphic"
"OG0005162_00",0.0243015234216209,0.11745737193416,1,"1e-05 to 1",0.0152485632998158,0.00952326424923333,174,"success","pgls5_castespolymorphic"
"OG0005163_00",-0.0119874373319928,0.257079577952423,1,"1e-05 to 1",0.00802037180484174,0.00225304838510243,174,"success","pgls5_castespolymorphic"
"OG0005164_00",0.0178424121161205,0.278344683321617,0.205350985331345,"1e-05 to 1",0.00734061368716478,0.00156933818534599,174,"success","pgls5_castespolymorphic"
"OG0005165_00",-0.0311122856550432,0.00455819320163342,1,"1e-05 to 1",0.0486041356903269,0.0430727643862008,174,"success","pgls5_castespolymorphic"
"OG0005166_00",-0.00694689681980579,0.756027913100244,0.879593491393508,"1e-05 to 1",0.000597559182220329,-0.00521292012485963,174,"success","pgls5_castespolymorphic"
"OG0005167_00",0.0214960862877286,0.220255371947086,0.313313907039337,"1e-05 to 1",0.00931889736282904,0.00355912351028742,174,"success","pgls5_castespolymorphic"
"OG0005168_00",-0.00306722058997474,0.843998115517399,1,"1e-05 to 1",0.000252235014428966,-0.00556025199130095,174,"success","pgls5_castespolymorphic"
"OG0005169_00",-0.00798367644684778,0.470563105335265,1e-05,"1e-05 to 1",0.00323867191843534,-0.00255645208203892,174,"success","pgls5_castespolymorphic"
"OG0005170_00",-0.000697524515091075,0.929458908405117,1e-05,"1e-05 to 1",4.85235958906937e-05,-0.00576514777855186,174,"success","pgls5_castespolymorphic"
"OG0005171_00",0.00459001225258857,0.738679725238045,0.869424899718334,"1e-05 to 1",0.000697498889297438,-0.00511239937297403,174,"success","pgls5_castespolymorphic"
"OG0005172_00",-0.00934615999984202,0.47879328124967,0.879994192151572,"1e-05 to 1",0.00310111235435552,-0.00269481141102612,174,"success","pgls5_castespolymorphic"
"OG0005173_00",0.0177936302099206,0.254344744346191,0.709591579449013,"1e-05 to 1",0.00806247000491938,0.00229539134215717,174,"success","pgls5_castespolymorphic"
"OG0005174_00",-0.00427994407101411,0.596871944798181,1,"1e-05 to 1",0.00173062539088594,-0.00407326632195781,174,"success","pgls5_castespolymorphic"
"OG0005175_00",-0.00574879370970087,0.668528978733899,0.873272259351336,"1e-05 to 1",0.00113450585560151,-0.00467285166849396,174,"success","pgls5_castespolymorphic"
"OG0005176_00",-0.00454350437020558,0.596413346160784,1e-05,"1e-05 to 1",0.00174575127086604,-0.00405805250081492,174,"success","pgls5_castespolymorphic"
"OG0005177_00",-0.0127852785143176,0.459698003051081,0.970871112579219,"1e-05 to 1",0.00339998102665058,-0.00239420513017108,174,"success","pgls5_castespolymorphic"
"OG0005178_00",0.00457903477178732,0.717148017318272,1,"1e-05 to 1",0.000817367186020215,-0.00499183416754945,174,"success","pgls5_castespolymorphic"
"OG0005179_00",-0.021801524159725,0.612425457686456,0.887591913457417,"1e-05 to 1",0.00160783896589869,-0.00419676662150881,174,"success","pgls5_castespolymorphic"
"OG0005180_00",-0.00498064215416471,0.505772048227078,1,"1e-05 to 1",0.00278980310909114,-0.00300793059376292,174,"success","pgls5_castespolymorphic"
"OG0005181_00",-0.00257656506000853,0.850386971120562,0.353444854012502,"1e-05 to 1",0.000223041587941224,-0.00558961514701273,174,"success","pgls5_castespolymorphic"
"OG0005182_00",-6.71986706843807e-05,0.996985971248094,1,"1e-05 to 1",9.17664782662467e-08,-0.0058138611883678,174,"success","pgls5_castespolymorphic"
"OG0005183_00",-0.0164715727942772,0.347929609967933,1e-05,"1e-05 to 1",0.00561350174420641,-0.000167815106117963,174,"success","pgls5_castespolymorphic"
"OG0005184_00",0.0091797374284515,0.716550193859784,1,"1e-05 to 1",0.000836611526967957,-0.00497247794089839,174,"success","pgls5_castespolymorphic"
"OG0005185_00",-0.0209153723193394,0.398479396136568,1,"1e-05 to 1",0.00448772817333778,-0.0013001338721661,174,"success","pgls5_castespolymorphic"
"OG0005186_00",-0.0247445279738303,0.108918502587385,0.400535682514803,"1e-05 to 1",0.0158838419675839,0.0101622363976279,174,"success","pgls5_castespolymorphic"
"OG0005187_00",-0.0144653587993265,0.108509126044935,1e-05,"1e-05 to 1",0.0164280443193854,0.0107096027165912,174,"success","pgls5_castespolymorphic"
"OG0005188_00",-0.010073524168739,0.183344691283878,1e-05,"1e-05 to 1",0.0110376197604542,0.00528783847999159,174,"success","pgls5_castespolymorphic"
"OG0005189_00",0.0101605610100524,0.539070977708355,1,"1e-05 to 1",0.00237737272360932,-0.00342275883032328,174,"success","pgls5_castespolymorphic"
"OG0005190_00",0.0151719552606692,0.272107247269934,0.639105578697972,"1e-05 to 1",0.0074863842815863,0.00171595628322352,174,"success","pgls5_castespolymorphic"
"OG0005191_00",-0.0157461736374584,0.115701340854482,1,"1e-05 to 1",0.0152994785330569,0.00957447550127244,174,"success","pgls5_castespolymorphic"
"OG0005192_00",-0.0283521205018534,0.138114905428727,1,"1e-05 to 1",0.0136911070705354,0.0079567530418756,174,"success","pgls5_castespolymorphic"
"OG0005193_00",-0.0636018880127203,0.000747067885141117,1,"1e-05 to 1",0.0683789130603586,0.0629625113921048,174,"success","pgls5_castespolymorphic"
"OG0005194_00",-0.00173714960295088,0.720992166721316,1,"1e-05 to 1",0.000794347299913718,-0.00501498789020327,174,"success","pgls5_castespolymorphic"
"OG0005195_00",0.0160630036491901,0.565587677258969,0.815205703562826,"1e-05 to 1",0.00205470558092087,-0.00374730194477135,174,"success","pgls5_castespolymorphic"
"OG0005196_00",0.00147966639167895,0.904279916674289,1,"1e-05 to 1",9.00991746284608e-05,-0.00572333048133311,174,"success","pgls5_castespolymorphic"
"OG0005197_00",0.00117189117152859,0.890986914875283,0.957684577468947,"1e-05 to 1",0.000116303598199943,-0.00569697370646183,174,"success","pgls5_castespolymorphic"
"OG0005198_00",0.0354083297829389,0.132628508101687,1,"1e-05 to 1",0.0139051812844355,0.00817207187329849,174,"success","pgls5_castespolymorphic"
"OG0005199_00",-0.0163729209910791,0.412782984701312,0.868537425112156,"1e-05 to 1",0.00417051194319162,-0.00161919438271996,174,"success","pgls5_castespolymorphic"
"OG0005200_00",-0.0297239802124646,0.0296566109570198,0.770061992777056,"1e-05 to 1",0.0290345107849804,0.0233893625918697,174,"success","pgls5_castespolymorphic"
"OG0005201_00",0.00595758156460835,0.39150301347744,1e-05,"1e-05 to 1",0.00453620872726296,-0.00125137145455545,174,"success","pgls5_castespolymorphic"
"OG0005202_00",0.0153045145538275,0.149500860286379,1,"1e-05 to 1",0.0127802891163745,0.00704063963449297,174,"success","pgls5_castespolymorphic"
"OG0005203_00",0.0126468044220501,0.438886991823702,1,"1e-05 to 1",0.00370326351074255,-0.00208915937582299,174,"success","pgls5_castespolymorphic"
"OG0005204_00",-0.0023455007399581,0.442868841397504,1,"1e-05 to 1",0.00366202912468948,-0.00213063349667864,174,"success","pgls5_castespolymorphic"
"OG0005205_00",-0.000676241956814061,0.949984919867549,0.764262167971259,"1e-05 to 1",2.48230089831425e-05,-0.00578898615956924,174,"success","pgls5_castespolymorphic"
"OG0005206_00",0.0248457955762354,0.0367468344939266,1e-05,"1e-05 to 1",0.0269777228948787,0.0213206166326396,174,"success","pgls5_castespolymorphic"
"OG0005207_00",0.0117209024114282,0.624990861923812,0.943715213274972,"1e-05 to 1",0.00148745180393073,-0.00431785370883708,174,"success","pgls5_castespolymorphic"
"OG0005208_00",-0.0022421006175417,0.905208847884631,1,"1e-05 to 1",8.94654979097181e-05,-0.00572396784221874,174,"success","pgls5_castespolymorphic"
"OG0005209_00",-0.0155304965604824,0.344488531165575,1,"1e-05 to 1",0.00555244194057021,-0.000229229908612405,174,"success","pgls5_castespolymorphic"
"OG0005210_00",-0.00731386446749356,0.579959683822582,0.681782575702789,"1e-05 to 1",0.00195526237899987,-0.00384732330484305,174,"success","pgls5_castespolymorphic"
"OG0005211_00",0.0179774435563169,0.321998283533409,0.896978523416015,"1e-05 to 1",0.00624753288705961,0.000469902264309985,174,"success","pgls5_castespolymorphic"
"OG0005212_00",0.00957484024944071,0.616366008346454,0.382820846743131,"1e-05 to 1",0.00156268404127697,-0.00424218407476196,174,"success","pgls5_castespolymorphic"
"OG0005213_00",0.00411897645403821,0.853573138826754,1,"1e-05 to 1",0.000212206191583445,-0.00560051353986091,174,"success","pgls5_castespolymorphic"
"OG0005214_00",0.0159570818719201,0.143147198496004,1,"1e-05 to 1",0.0136048697074137,0.00787001429873591,174,"success","pgls5_castespolymorphic"
"OG0005215_00",-0.018824027251994,0.440803200455341,1,"1e-05 to 1",0.00376550856502618,-0.0020265524316887,174,"success","pgls5_castespolymorphic"
"OG0005216_00",0.0149510415633659,0.209388624322086,0.061197030236377,"1e-05 to 1",0.00989167614756933,0.0041352324042413,174,"success","pgls5_castespolymorphic"
"OG0005217_00",-0.00150518127115078,0.890441769709755,1e-05,"1e-05 to 1",0.000118208940738336,-0.00569505728635056,174,"success","pgls5_castespolymorphic"
"OG0005218_00",0.00671106580517777,0.389313962938885,1,"1e-05 to 1",0.00463548690803868,-0.00115151607505415,174,"success","pgls5_castespolymorphic"
"OG0005219_00",-0.00139647252021621,0.932382720797706,1,"1e-05 to 1",4.5134050054586e-05,-0.00576855703104973,174,"success","pgls5_castespolymorphic"
"OG0005220_00",0.00650691038049643,0.661680047922399,0.796997745940429,"1e-05 to 1",0.00120739787395972,-0.00459953585933115,174,"success","pgls5_castespolymorphic"
"OG0005221_00",0.0090985287744387,0.443936335552004,1e-05,"1e-05 to 1",0.00364495087830847,-0.00214781103518979,174,"success","pgls5_castespolymorphic"
"OG0005222_00",-0.00742838348540477,0.509153184074354,1,"1e-05 to 1",0.00272858789142184,-0.00306950171386067,174,"success","pgls5_castespolymorphic"
"OG0005223_00",0.00977185983750969,0.602045317811065,1e-05,"1e-05 to 1",0.00172499051040403,-0.00407893396337267,174,"success","pgls5_castespolymorphic"
"OG0005224_00",-0.00198948824902828,0.924762462447531,1,"1e-05 to 1",5.5911910822818e-05,-0.00575771650830048,174,"success","pgls5_castespolymorphic"
"OG0005225_00",-0.00264594991167771,0.897615313718424,1,"1e-05 to 1",0.000105789991410744,-0.00570754843887178,174,"success","pgls5_castespolymorphic"
"OG0005226_00",0.00128189897646752,0.945503829663545,0.572742568046117,"1e-05 to 1",2.8929912559597e-05,-0.00578485537864637,174,"success","pgls5_castespolymorphic"
"OG0005227_00",0.0172998855788397,0.0529490968398862,1,"1e-05 to 1",0.0230661618459865,0.0173863139497423,174,"success","pgls5_castespolymorphic"
"OG0005228_00",0.00211319933498929,0.794675279523352,0.967454657583691,"1e-05 to 1",0.000419273077402505,-0.00539224277679851,174,"success","pgls5_castespolymorphic"
"OG0005229_00",0.0758887906513431,0.000166738540500644,1e-05,"1e-05 to 1",0.0881957988149247,0.0828946115987325,174,"success","pgls5_castespolymorphic"
"OG0005230_00",-0.00543627715288555,0.757954555743937,0.197253843166246,"1e-05 to 1",0.000602783192130513,-0.00520766574279885,174,"success","pgls5_castespolymorphic"
"OG0005231_00",-0.0160427426805206,0.165102560747284,0.701650631026391,"1e-05 to 1",0.0119334771531913,0.00618890434594255,174,"success","pgls5_castespolymorphic"
"OG0005232_00",-0.0162785794340349,0.0662018608062653,1,"1e-05 to 1",0.0208068680197724,0.015113884694306,174,"success","pgls5_castespolymorphic"
"OG0005233_00",0.00959168110924133,0.67558761402623,1,"1e-05 to 1",0.00109058524687027,-0.00471702762960136,174,"success","pgls5_castespolymorphic"
"OG0005234_00",-0.0114623802833989,0.55171324194046,1e-05,"1e-05 to 1",0.0022325509671239,-0.00356842257376488,174,"success","pgls5_castespolymorphic"
"OG0005235_00",-0.00198798059101951,0.802235870419473,1,"1e-05 to 1",0.00039074704512012,-0.005420934658106,174,"success","pgls5_castespolymorphic"
"OG0005236_00",0.00152403270981714,0.911739307946215,0.835041393056252,"1e-05 to 1",7.60747631179702e-05,-0.0057374364301197,174,"success","pgls5_castespolymorphic"
"OG0005237_00",0.00209310059360754,0.885241680768432,1,"1e-05 to 1",0.000129775954581176,-0.00568342302242697,174,"success","pgls5_castespolymorphic"
"OG0005238_00",-0.00217934813444385,0.712868681412427,1,"1e-05 to 1",0.000848716742454126,-0.00496030234625255,174,"success","pgls5_castespolymorphic"
"OG0005239_00",-0.0229501019639551,0.117441447922386,0.818517674447756,"1e-05 to 1",0.0150624571773239,0.00933607611440135,174,"success","pgls5_castespolymorphic"
"OG0005240_00",0.0154345103959259,0.36587807000475,0.864553558505315,"1e-05 to 1",0.00504981443897101,-0.000734779663128071,174,"success","pgls5_castespolymorphic"
"OG0005241_00",-0.0204443029389717,0.153979613069607,0.863814985596104,"1e-05 to 1",0.0126612343753454,0.00692089271473695,174,"success","pgls5_castespolymorphic"
"OG0005242_00",-0.0107864294009043,0.259349434335282,1,"1e-05 to 1",0.0079445587564856,0.00217679456320929,174,"success","pgls5_castespolymorphic"
"OG0005243_00",0.0216195798887475,0.137611007719039,0.593703539267934,"1e-05 to 1",0.0136410186129688,0.00790637337234668,174,"success","pgls5_castespolymorphic"
"OG0005244_00",0.00155416388953469,0.900979215780265,0.832538804399769,"1e-05 to 1",9.82895517869692e-05,-0.00571509248570279,174,"success","pgls5_castespolymorphic"
"OG0005245_00",0.00408434656732244,0.648107970263901,1e-05,"1e-05 to 1",0.00129693248380517,-0.00450948069942858,174,"success","pgls5_castespolymorphic"
"OG0005246_00",-0.00873056726225985,0.544800643004645,0.985566727829385,"1e-05 to 1",0.00229649649751675,-0.0035041052670326,174,"success","pgls5_castespolymorphic"
"OG0005247_00",0.00649530842615932,0.78573714876596,0.816308480368244,"1e-05 to 1",0.000472106950333341,-0.00533910173018781,174,"success","pgls5_castespolymorphic"
"OG0005248_00",0.0135138411556321,0.0590273161755155,1e-05,"1e-05 to 1",0.022099895834498,0.0164144301126055,174,"success","pgls5_castespolymorphic"
"OG0005249_00",0.00322578965061249,0.728457018997381,1,"1e-05 to 1",0.00075069933107182,-0.00505888962630552,174,"success","pgls5_castespolymorphic"
"OG0005250_00",0.0142110445519927,0.502242798783509,0.802807944779874,"1e-05 to 1",0.00278368248810709,-0.00301408679975257,174,"success","pgls5_castespolymorphic"
"OG0005251_00",0.00325743354363297,0.691304780886405,0.542083837695201,"1e-05 to 1",0.000975843689676095,-0.00483243628887231,174,"success","pgls5_castespolymorphic"
"OG0005252_00",0.0016425785008431,0.741589302299695,1,"1e-05 to 1",0.000677241837265334,-0.0051327741985645,174,"success","pgls5_castespolymorphic"
"OG0005253_00",0.0276860900166754,0.0895097334201311,1,"1e-05 to 1",0.017913724464367,0.0122039205368343,174,"success","pgls5_castespolymorphic"
"OG0005254_00",-0.00906372427679169,0.229348188450504,1e-05,"1e-05 to 1",0.00896202192405893,0.00320017321431509,174,"success","pgls5_castespolymorphic"
"OG0005255_00",-0.00305710041427584,0.778889857725829,1,"1e-05 to 1",0.000491026900857537,-0.00532007177995131,174,"success","pgls5_castespolymorphic"
"OG0005256_00",0.036461708716059,0.0527284142457103,0.933232819609391,"1e-05 to 1",0.0229672223427527,0.0172867992168385,174,"success","pgls5_castespolymorphic"
"OG0005257_00",0.0177501646425027,0.315041990775365,0.606074768344852,"1e-05 to 1",0.00642916366627111,0.000652589036423845,174,"success","pgls5_castespolymorphic"
"OG0005258_00",0.00231208329709556,0.875690797248837,0.288459777825693,"1e-05 to 1",0.00015341475979025,-0.00565964678230402,174,"success","pgls5_castespolymorphic"
"OG0005259_00",-0.0232265494410479,0.161363218540632,0.638937546461429,"1e-05 to 1",0.01214612208201,0.00640278558248686,174,"success","pgls5_castespolymorphic"
"OG0005260_00",0.0383302137925371,0.0341581733446765,1e-05,"1e-05 to 1",0.0279104419190908,0.0222587584418762,174,"success","pgls5_castespolymorphic"
"OG0005261_00",0.00127884945605307,0.898083472248133,1e-05,"1e-05 to 1",0.00010220733484962,-0.0057111519248314,174,"success","pgls5_castespolymorphic"
"OG0005262_00",0.00592020284660518,0.726947712361707,0.531542835202814,"1e-05 to 1",0.000768991606112143,-0.00504049100082904,174,"success","pgls5_castespolymorphic"
"OG0005263_00",-0.0262760675308382,0.27869791185734,0.578364750485579,"1e-05 to 1",0.00737594580852767,0.00160487572601897,174,"success","pgls5_castespolymorphic"
"OG0005264_00",-0.0113369976278271,0.525191347671941,0.789707033065817,"1e-05 to 1",0.00259267466729649,-0.00320620513114944,174,"success","pgls5_castespolymorphic"
"OG0005265_00",-0.00255871715781738,0.937457260453412,0.823192701086815,"1e-05 to 1",3.88440722644087e-05,-0.00577488357847833,174,"success","pgls5_castespolymorphic"
"OG0005266_00",0.0134926597298352,0.397843633461212,0.843063205630419,"1e-05 to 1",0.00444386550744273,-0.00134425155356066,174,"success","pgls5_castespolymorphic"
"OG0005267_00",0.0447572404002496,0.0665761001155287,1,"1e-05 to 1",0.0208789333628846,0.0151863690219711,174,"success","pgls5_castespolymorphic"
"OG0005268_00",-0.0210162962600133,0.107905293349286,0.895045518250109,"1e-05 to 1",0.0160738727633025,0.0103533720235542,174,"success","pgls5_castespolymorphic"
"OG0005269_00",0.00010514876349295,0.986794861729776,0.471231468195491,"1e-05 to 1",1.7174426509267e-06,-0.00581222606058951,174,"success","pgls5_castespolymorphic"
"OG0005270_00",-0.020993680494403,0.128290251412448,1,"1e-05 to 1",0.0143972489081149,0.00866700035525514,174,"success","pgls5_castespolymorphic"
"OG0005271_00",-0.0111331972386583,0.244464434734235,1e-05,"1e-05 to 1",0.00845716473851143,0.0026923808125725,174,"success","pgls5_castespolymorphic"
"OG0005272_00",0.00452736432869357,0.759053800524868,1,"1e-05 to 1",0.000597147662727878,-0.00521333403690738,174,"success","pgls5_castespolymorphic"
"OG0005273_00",0.00721247823771673,0.583810208156152,1,"1e-05 to 1",0.00189166947950829,-0.00391128593049461,174,"success","pgls5_castespolymorphic"
"OG0005274_00",0.00144856378024089,0.836017555409949,1e-05,"1e-05 to 1",0.000268582773993808,-0.00554380918662245,174,"success","pgls5_castespolymorphic"
"OG0005275_00",-0.00271679760422585,0.761142664570202,1,"1e-05 to 1",0.000575558590852819,-0.00523504862664237,174,"success","pgls5_castespolymorphic"
"OG0005276_00",-0.000182439024067614,0.991530192544748,0.432458879089402,"1e-05 to 1",7.02111310107647e-07,-0.00581324729501942,174,"success","pgls5_castespolymorphic"
"OG0005278_00",-0.00779795781772566,0.500365006825107,1e-05,"1e-05 to 1",0.00289777094848425,-0.00289933503437334,174,"success","pgls5_castespolymorphic"
"OG0005279_00",0.0144263423417262,0.215590945627264,1,"1e-05 to 1",0.00950882344083589,0.00375015380967803,174,"success","pgls5_castespolymorphic"
"OG0005280_00",-0.0252673054644191,0.221651585073921,0.33130272412451,"1e-05 to 1",0.00949859315231493,0.00373986404273541,174,"success","pgls5_castespolymorphic"
"OG0005281_00",0.0192558356149505,0.266301253024003,0.900683098366678,"1e-05 to 1",0.00771735295220503,0.00194826779495039,174,"success","pgls5_castespolymorphic"
"OG0005282_00",-0.0122974220778454,0.467183873435925,0.983321321478301,"1e-05 to 1",0.00332962299846902,-0.00246497221665609,174,"success","pgls5_castespolymorphic"
"OG0005283_00",0.0131617884857794,0.163759956122625,1,"1e-05 to 1",0.012392932310824,0.00665103075449158,174,"success","pgls5_castespolymorphic"
"OG0005284_00",0.0106044853994572,0.0991970743833113,0.981255521023382,"0.001 to 1",0.0171114577684749,0.0113969894996869,174,"success","pgls5_castespolymorphic"
"OG0005285_00",-0.0198940589878812,0.41144703266432,0.963697212572427,"1e-05 to 1",0.00427408682036217,-0.00151501732603099,174,"success","pgls5_castespolymorphic"
"OG0005286_00",-0.00301982856134324,0.875044661067355,0.460252423212304,"1e-05 to 1",0.000155026867975289,-0.00565802530139692,174,"success","pgls5_castespolymorphic"
"OG0005287_00",-0.0300067619045584,0.0262853875095137,1,"1e-05 to 1",0.0304793432840548,0.0248425952798924,174,"success","pgls5_castespolymorphic"
"OG0005288_00",0.000847625785188115,0.957032855228731,0.785962983444806,"1e-05 to 1",1.80855588018923e-05,-0.0057957627809726,174,"success","pgls5_castespolymorphic"
"OG0005289_00",0.0130663995843262,0.262059032274452,0.867442222540733,"1e-05 to 1",0.0077582213039437,0.00198937375338515,174,"success","pgls5_castespolymorphic"
"OG0005290_00",0.000741061212023569,0.944579824730755,0.729976875464933,"1e-05 to 1",2.99208468879335e-05,-0.00578385868307207,174,"success","pgls5_castespolymorphic"
"OG0005291_00",-0.0145662958554424,0.215963847286989,1,"1e-05 to 1",0.00967340934765784,0.00391569661130697,174,"success","pgls5_castespolymorphic"
"OG0005292_00",0.0109466891291589,0.441485395196689,0.774146026750924,"1e-05 to 1",0.00366148571848825,-0.00213118006221813,174,"success","pgls5_castespolymorphic"
"OG0005293_00",-0.000156948356694145,0.99220430429834,0.946863567975782,"1e-05 to 1",5.94793454612447e-07,-0.00581335523681603,174,"success","pgls5_castespolymorphic"
"OG0005294_00",0.0147132583595339,0.118678072922713,0.129929380014624,"1e-05 to 1",0.0150547426011106,0.00932831668600076,174,"success","pgls5_castespolymorphic"
"OG0005295_00",-0.0251160160183917,0.0974330518882156,1e-05,"1e-05 to 1",0.0169698803893906,0.0112545889963056,174,"success","pgls5_castespolymorphic"
"OG0005296_00",0.0176171323165333,0.202183800719818,0.923869914831779,"0.001 to 1",0.0101457779111643,0.00439081150367104,174,"success","pgls5_castespolymorphic"
"OG0005297_00",-0.00787193469163306,0.552405686132675,0.827688923512627,"1e-05 to 1",0.00219710404610566,-0.00360407558153342,174,"success","pgls5_castespolymorphic"
"OG0005298_00",-0.0103736320143491,0.415566322220661,1,"1e-05 to 1",0.0041469606046912,-0.00164288264760715,174,"success","pgls5_castespolymorphic"
"OG0005299_00",-0.0290367820776649,0.1643536666733,0.594877117508842,"1e-05 to 1",0.0119756247181521,0.00623129695488556,174,"success","pgls5_castespolymorphic"
"OG0005300_00",-0.00400359867266586,0.702841530679687,0.431231039799253,"1e-05 to 1",0.000900721016488983,-0.00490799572178724,174,"success","pgls5_castespolymorphic"
"OG0005301_00",-0.000618279744748218,0.935657004890352,1,"1e-05 to 1",4.16427957087648e-05,-0.00577206858338597,174,"success","pgls5_castespolymorphic"
"OG0005302_00",0.0215941518716236,0.197896323654088,0.231864950954828,"1e-05 to 1",0.010470631137618,0.0047175534116739,174,"success","pgls5_castespolymorphic"
"OG0005303_00",0.0107890166388627,0.528368787200955,1e-05,"1e-05 to 1",0.00248922001186938,-0.00331026126713141,174,"success","pgls5_castespolymorphic"
"OG0005304_00",0.00709320119929057,0.257784649692032,1e-05,"1e-05 to 1",0.00794711010991142,0.00217936075008529,174,"success","pgls5_castespolymorphic"
"OG0005305_00",0.00496169128660572,0.783578457054926,0.804988934705228,"1e-05 to 1",0.000469902216062259,-0.00534131928268167,174,"success","pgls5_castespolymorphic"
"OG0005306_00",-0.00418771674341847,0.774956682357521,1e-05,"1e-05 to 1",0.000522144222107901,-0.00528877354404256,174,"success","pgls5_castespolymorphic"
"OG0005307_00",-0.0208697444667272,0.209600072387957,0.962168050469157,"1e-05 to 1",0.00982089087364299,0.00406403558802459,174,"success","pgls5_castespolymorphic"
"OG0005308_00",0.00407963151752947,0.70373459040929,0.293022224945992,"1e-05 to 1",0.000911982551207444,-0.00489666871302985,174,"success","pgls5_castespolymorphic"
"OG0005309_00",-0.0124237574263997,0.214047345089658,0.848916075052779,"1e-05 to 1",0.00951375766170431,0.00375511671787698,174,"success","pgls5_castespolymorphic"
"OG0005310_00",0.00542228614728223,0.24604900682231,1e-05,"1e-05 to 1",0.00834868907281868,0.00258327447440476,174,"success","pgls5_castespolymorphic"
"OG0005311_00",0.0315982818008864,0.0335067566617475,1e-05,"1e-05 to 1",0.0277669754632737,0.0221144578787578,174,"success","pgls5_castespolymorphic"
"OG0005312_00",-0.0043048675249652,0.831571610871959,0.719825714160254,"1e-05 to 1",0.000280055299128482,-0.00553226996076028,174,"success","pgls5_castespolymorphic"
"OG0005313_00",-0.0203140999889409,0.149874533430538,1,"1e-05 to 1",0.0128359747328886,0.00709664900459139,174,"success","pgls5_castespolymorphic"
"OG0005314_00",0.000228707458871349,0.985942432155144,1e-05,"1e-05 to 1",1.95863423388109e-06,-0.00581198346672984,174,"success","pgls5_castespolymorphic"
"OG0005315_00",0.0137541060694327,0.431965646246703,0.906883328516049,"1e-05 to 1",0.0038401407148026,-0.00195148637406484,174,"success","pgls5_castespolymorphic"
"OG0005316_00",-0.0180541798615602,0.297315455021128,1e-05,"1e-05 to 1",0.00670306529111732,0.000928083112577194,174,"success","pgls5_castespolymorphic"
"OG0005317_00",-0.0052977904052578,0.826438029914356,0.45162209999097,"1e-05 to 1",0.00029951932765936,-0.0055126927692728,174,"success","pgls5_castespolymorphic"
"OG0005318_00",0.0339896052100001,0.0301659701286705,0.170134097633637,"1e-05 to 1",0.0290356395971105,0.0233904979668611,174,"success","pgls5_castespolymorphic"
"OG0005319_00",-0.0116745904561263,0.617458581754534,0.79404628139035,"1e-05 to 1",0.00156275501502224,-0.00424211268837871,174,"success","pgls5_castespolymorphic"
"OG0005320_00",0.00408837240455173,0.874156925593587,1,"1e-05 to 1",0.000155308575292568,-0.00565774195624646,174,"success","pgls5_castespolymorphic"
"OG0005321_00",-0.00816623574507419,0.655259636623613,1,"1e-05 to 1",0.00125682534073304,-0.00454982102356505,174,"success","pgls5_castespolymorphic"
"OG0005322_00",-0.0193500202075168,0.0588746653966867,1e-05,"1e-05 to 1",0.022264284042814,0.0165797740663188,174,"success","pgls5_castespolymorphic"
"OG0005323_00",-0.0330658719932539,0.0241261873950713,0.839672066397272,"1e-05 to 1",0.031772978554338,0.0261437516854678,174,"success","pgls5_castespolymorphic"
"OG0005324_00",-0.0206052681734087,0.285302011137441,1,"1e-05 to 1",0.00726835215569264,0.00149665652869091,174,"success","pgls5_castespolymorphic"
"OG0005325_00",0.0030373643453995,0.80937748518228,1e-05,"1e-05 to 1",0.000371759770955439,-0.0054400323233994,174,"success","pgls5_castespolymorphic"
"OG0005326_00",0.00629416515413413,0.64814541923394,1e-05,"1e-05 to 1",0.00128861321149233,-0.00451784833960378,174,"success","pgls5_castespolymorphic"
"OG0005327_00",0.0111081872669148,0.507158553436175,1,"1e-05 to 1",0.00273719883823527,-0.00306084070340296,174,"success","pgls5_castespolymorphic"
"OG0005328_00",0.00812416529499131,0.715046152635048,0.929512829866473,"1e-05 to 1",0.00083531324365976,-0.00497378377236557,174,"success","pgls5_castespolymorphic"
"OG0005329_00",0.00106522505360513,0.884926433199545,1e-05,"1e-05 to 1",0.000132980323401032,-0.00568020002355585,174,"success","pgls5_castespolymorphic"
"OG0005330_00",0.00134471252492916,0.878541926171885,1e-05,"1e-05 to 1",0.000146404188223845,-0.00566669811300735,174,"success","pgls5_castespolymorphic"
"OG0005331_00",0.000744512565479365,0.965925316145233,1,"1e-05 to 1",1.14414849771541e-05,-0.00580244548313358,174,"success","pgls5_castespolymorphic"
"OG0005332_00",-0.00586116104622068,0.54897157411103,0.46234971236414,"1e-05 to 1",0.00223526024816423,-0.00356569754109071,174,"success","pgls5_castespolymorphic"
"OG0005333_00",0.0256545286778647,0.0173409711079808,0.694877788857755,"1e-05 to 1",0.0348724342996971,0.0292612275223697,174,"success","pgls5_castespolymorphic"
"OG0005334_00",-0.0297014187685104,0.105743007538148,1,"1e-05 to 1",0.0164766700498826,0.0107585111548237,174,"success","pgls5_castespolymorphic"
"OG0005335_00",0.00429585065402178,0.536991789459292,1,"1e-05 to 1",0.00237189662863415,-0.00342826676305985,174,"success","pgls5_castespolymorphic"
"OG0005336_00",-0.0290847469089068,0.0691324955375652,0.438225645405043,"1e-05 to 1",0.0203719651796249,0.0146764533492739,174,"success","pgls5_castespolymorphic"
"OG0005337_00",0.0684295128627648,0.00133833925638038,0.4114954199506,"1e-05 to 1",0.0620923844302532,0.0566394331769406,174,"success","pgls5_castespolymorphic"
"OG0005338_00",0.0308426469148499,0.0151992402211905,1,"1e-05 to 1",0.0360514768401915,0.0304471249613555,174,"success","pgls5_castespolymorphic"
"OG0005339_00",-0.0322357898982112,0.110226534107401,1,"1e-05 to 1",0.0158661841967509,0.0101444759653366,174,"success","pgls5_castespolymorphic"
"OG0005340_00",-0.0205109792996157,0.0198215487619473,1,"1e-05 to 1",0.0336630485535345,0.0280448104637293,174,"success","pgls5_castespolymorphic"
"OG0005341_00",-0.00779119129781616,0.691911648007118,1,"1e-05 to 1",0.000977857337609397,-0.00483041093368364,174,"success","pgls5_castespolymorphic"
"OG0005342_00",0.000405484526531822,0.973830983859716,0.425978525094307,"1e-05 to 1",6.70458399317305e-06,-0.00580720992423944,174,"success","pgls5_castespolymorphic"
"OG0005343_00",-0.0014626868690907,0.939322918502229,0.872976467018576,"1e-05 to 1",3.58777617137605e-05,-0.0057778671350206,174,"success","pgls5_castespolymorphic"
"OG0005344_00",-0.00240934200221297,0.891167599384417,0.975443531966267,"1e-05 to 1",0.000115915990738873,-0.00569736356745443,174,"success","pgls5_castespolymorphic"
"OG0005345_00",-0.015736196669095,0.453556360322438,0.879433525100799,"1e-05 to 1",0.00347226053059249,-0.00232150539655529,174,"success","pgls5_castespolymorphic"
"OG0005346_00",0.00434662729089855,0.786475519508279,1,"1e-05 to 1",0.000462865087208076,-0.00534839732507564,174,"success","pgls5_castespolymorphic"
"OG0005347_00",0.000535685192004804,0.96366031573255,1,"1e-05 to 1",1.30962923982967e-05,-0.00580078105473891,174,"success","pgls5_castespolymorphic"
"OG0005348_00",0.00597444693135955,0.706473872192422,0.529863829898119,"1e-05 to 1",0.000883247183934375,-0.00492557114639158,174,"success","pgls5_castespolymorphic"
"OG0005349_00",-0.00315047850925599,0.842580637579911,1,"1e-05 to 1",0.000247237351545168,-0.00556527871036439,174,"success","pgls5_castespolymorphic"
"OG0005350_00",-0.00772287710418657,0.645348691270325,1,"1e-05 to 1",0.00132710406480889,-0.00447913370225606,174,"success","pgls5_castespolymorphic"
"OG0005351_00",-0.0214321489007664,0.236343184071901,0.736029928229958,"1e-05 to 1",0.0086451644474662,0.00288147354309098,174,"success","pgls5_castespolymorphic"
"OG0005352_00",-0.00929030119239554,0.578164766535533,1e-05,"1e-05 to 1",0.00192468323720982,-0.00387808023234126,174,"success","pgls5_castespolymorphic"
"OG0005353_00",0.00756534603295137,0.766980139886034,0.9325250149905,"1e-05 to 1",0.000543563888127747,-0.00526722934508084,174,"success","pgls5_castespolymorphic"
"OG0005354_00",-0.000272547801280499,0.978646282639697,0.776967382079153,"1e-05 to 1",4.46367382170532e-06,-0.00580946386295844,174,"success","pgls5_castespolymorphic"
"OG0005355_00",-0.000114598220315121,0.989704998651521,1e-05,"1e-05 to 1",1.04383954766387e-06,-0.00581290357998987,174,"success","pgls5_castespolymorphic"
"OG0005356_00",0.00200645585921417,0.899268385224299,0.615490375075177,"1e-05 to 1",0.000101733466135487,-0.0057116285485963,174,"success","pgls5_castespolymorphic"
"OG0005357_00",0.00147650940014414,0.918711381054652,1,"1e-05 to 1",6.52993910143154e-05,-0.00574827444973569,174,"success","pgls5_castespolymorphic"
"OG0005358_00",-0.0129726266982805,0.482187305939414,0.611472464878917,"1e-05 to 1",0.0030918213150466,-0.00270415646800548,174,"success","pgls5_castespolymorphic"
"OG0005359_00",0.0109991685645136,0.373636614800015,0.826843055085066,"1e-05 to 1",0.00495027296810588,-0.000834899863474847,174,"success","pgls5_castespolymorphic"
"OG0005360_00",-0.00322165618097209,0.747535127553467,0.703020294107481,"1e-05 to 1",0.000666102069338113,-0.00514397873258421,174,"success","pgls5_castespolymorphic"
"OG0005361_00",0.0168278994709566,0.0445262474068602,1e-05,"1e-05 to 1",0.025302611871784,0.0196357665919689,174,"success","pgls5_castespolymorphic"
"OG0005362_00",0.0146738589899761,0.289646669145959,0.22910546846554,"1e-05 to 1",0.00696166998765178,0.00118819132478931,174,"success","pgls5_castespolymorphic"
"OG0005363_00",0.00615103962803333,0.680827526606945,1,"1e-05 to 1",0.00105361852052193,-0.00475420927877734,174,"success","pgls5_castespolymorphic"
"OG0005364_00",0.0125971980416288,0.572846727251282,0.712263801459987,"1e-05 to 1",0.00284740941785182,-0.00294998936460256,174,"success","pgls5_castespolymorphic"
"OG0005365_00",0.00560382160690709,0.76589983678872,1,"1e-05 to 1",0.000555645219536207,-0.00525507777337353,174,"success","pgls5_castespolymorphic"
"OG0005366_00",-0.0151153449281016,0.12923509687416,0.81843553112047,"1e-05 to 1",0.0143267798575258,0.00859612160088352,174,"success","pgls5_castespolymorphic"
"OG0005367_00",0.0166870203397896,0.282621503396695,1,"1e-05 to 1",0.00716692219649688,0.00139463686042995,174,"success","pgls5_castespolymorphic"
"OG0005368_00",0.0334673954045294,0.0545835344978811,1,"1e-05 to 1",0.0228981695312173,0.0172173449354684,174,"success","pgls5_castespolymorphic"
"OG0005369_00",-0.0132502888349508,0.569486030956768,0.757009176886407,"1e-05 to 1",0.00202641722804238,-0.00377575476481784,174,"success","pgls5_castespolymorphic"
"OG0005370_00",0.00361544528037172,0.718696003072617,1,"1e-05 to 1",0.000818244743672342,-0.00499095150781792,174,"success","pgls5_castespolymorphic"
"OG0005371_00",0.0159140916635478,0.149893919848643,1,"1e-05 to 1",0.0129147066559002,0.00717583867134142,174,"success","pgls5_castespolymorphic"
"OG0005372_00",0.00670531348845537,0.183370918862332,1,"1e-05 to 1",0.0109003827441875,0.00514980357409545,174,"success","pgls5_castespolymorphic"
"OG0005373_00",0.00631043269401645,0.529904613545854,0.672210029571653,"1e-05 to 1",0.00244019020866461,-0.00335957612733151,174,"success","pgls5_castespolymorphic"
"OG0005374_00",-0.00852765219998845,0.653921296734693,0.87753429234725,"1e-05 to 1",0.00125149653212072,-0.00455518081362283,174,"success","pgls5_castespolymorphic"
"OG0005375_00",-0.00897052485912318,0.438973745838462,1e-05,"1e-05 to 1",0.00372488384890111,-0.00206741333802385,174,"success","pgls5_castespolymorphic"
"OG0005376_00",0.029572514693781,0.0579090990851601,1,"1e-05 to 1",0.0221573145619103,0.0164721826698284,174,"success","pgls5_castespolymorphic"
"OG0005377_00",-0.0237450131940617,0.163604358587031,0.694080760479,"1e-05 to 1",0.0120180139943784,0.00627393268039222,174,"success","pgls5_castespolymorphic"
"OG0005378_00",0.00132118345153348,0.920072029366528,0.917497626188668,"1e-05 to 1",6.23427441407381e-05,-0.0057512482864166,174,"success","pgls5_castespolymorphic"
"OG0005379_00",-0.0020159229480324,0.778349532820939,1e-05,"1e-05 to 1",0.000493493528077891,-0.00531759081187522,174,"success","pgls5_castespolymorphic"
"OG0005380_00",0.0290301571711885,0.0657247649623187,1,"1e-05 to 1",0.0210091124252091,0.0153173049393091,174,"success","pgls5_castespolymorphic"
"OG0005381_00",-0.00749644795499702,0.477385695561407,0.77789042043248,"1e-05 to 1",0.00314039645706904,-0.00265529891236649,174,"success","pgls5_castespolymorphic"
"OG0005382_00",-0.0205127717120126,0.149859982331877,0.965155056602283,"1e-05 to 1",0.0128368857661981,0.00709756533460626,174,"success","pgls5_castespolymorphic"
"OG0005383_00",0.0412113589855461,0.0285357506564243,1,"1e-05 to 1",0.0296173976945353,0.0239756383788059,174,"success","pgls5_castespolymorphic"
"OG0005384_00",0.00154096164800827,0.858275986922912,1,"1e-05 to 1",0.000199897246472935,-0.00561289404860554,174,"success","pgls5_castespolymorphic"
"OG0005385_00",-0.00760482318453123,0.300808618257388,1e-05,"1e-05 to 1",0.0066071718613805,0.000831632162900053,174,"success","pgls5_castespolymorphic"
"OG0005386_00",-0.0162988994321861,0.458465977343243,1,"1e-05 to 1",0.00341865414645568,-0.00237542344571606,174,"success","pgls5_castespolymorphic"
"OG0005387_00",-0.0112099239667926,0.363523333649448,0.994710656283241,"0.1 to 1",0.00516329793506586,-0.000620636379265127,174,"success","pgls5_castespolymorphic"
"OG0005388_00",-0.0153351338416476,0.507116765788317,1,"1e-05 to 1",0.00383548138014223,-0.0019561727978803,174,"success","pgls5_castespolymorphic"
"OG0005389_00",-0.00354743171895367,0.394218265410922,1e-05,"1e-05 to 1",0.00454067398265011,-0.00124688023838093,174,"success","pgls5_castespolymorphic"
"OG0005390_00",-0.000504444661852829,0.901039701560184,1,"1e-05 to 1",9.7549569834981e-05,-0.0057158367698753,174,"success","pgls5_castespolymorphic"
"OG0005391_00",-0.016515288119787,0.34596165117386,1e-05,"1e-05 to 1",0.00555323027017614,-0.000228436995694858,174,"success","pgls5_castespolymorphic"
"OG0005392_00",-0.014068224024501,0.242930500002404,1e-05,"1e-05 to 1",0.00845933155833522,0.00269456023018599,174,"success","pgls5_castespolymorphic"
"OG0005393_00",0.023630516734072,0.00709815090848576,1e-05,"1e-05 to 1",0.0441534546159299,0.0385962072590459,174,"success","pgls5_castespolymorphic"
"OG0005394_00",0.01257269967119,0.533608674093106,0.898158949080035,"0.001 to 1",0.00242659690808002,-0.00337324845873344,174,"success","pgls5_castespolymorphic"
"OG0005395_00",0.00294935618568276,0.845790399065094,0.850454163909654,"1e-05 to 1",0.000234196000565696,-0.0055783958831519,174,"success","pgls5_castespolymorphic"
"OG0005396_00",-0.00470199545642645,0.324245048783595,1e-05,"1e-05 to 1",0.006036163751783,0.000257304238711842,174,"success","pgls5_castespolymorphic"
"OG0005397_00",0.0103238370871601,0.411555215845697,1,"1e-05 to 1",0.00419243018960534,-0.00159714870464112,174,"success","pgls5_castespolymorphic"
"OG0005398_00",-0.0324992325364072,0.181851649075566,0.845143285101941,"1e-05 to 1",0.0110439380756772,0.00529419352960558,174,"success","pgls5_castespolymorphic"
"OG0005399_00",0.015218337842302,0.0152565064447356,1e-05,"1e-05 to 1",0.0360117029029645,0.0304071197803073,174,"success","pgls5_castespolymorphic"
"OG0005400_00",0.00824129848350599,0.553518958930362,1e-05,"1e-05 to 1",0.00218482966694791,-0.00361642132336049,174,"success","pgls5_castespolymorphic"
"OG0005401_00",-0.0169645163269706,0.280219046383078,1e-05,"1e-05 to 1",0.0072385924116666,0.00146672376289725,174,"success","pgls5_castespolymorphic"
"OG0005402_00",-0.00416883105299419,0.528525549558809,1e-05,"1e-05 to 1",0.0024718523363693,-0.0033277299174892,174,"success","pgls5_castespolymorphic"
"OG0005403_00",0.00253391957899347,0.829033783115257,0.772836832634091,"1e-05 to 1",0.000288690601405292,-0.00552358445323775,174,"success","pgls5_castespolymorphic"
"OG0005404_00",-0.0346477237252162,0.0609052446115417,0.983973967444955,"1e-05 to 1",0.0215145644206292,0.0158256956091212,174,"success","pgls5_castespolymorphic"
"OG0005405_00",0.0214331671217973,0.179186209376712,0.905473300099045,"1e-05 to 1",0.0111102460918061,0.00536088705745608,174,"success","pgls5_castespolymorphic"
"OG0005406_00",-0.000247403195953222,0.980323165950103,0.640498357063976,"1e-05 to 1",3.76654320489933e-06,-0.00581016504666021,174,"success","pgls5_castespolymorphic"
"OG0005407_00",0.00061821651074966,0.973598503699295,0.879607896475188,"1e-05 to 1",6.78202565163247e-06,-0.00580713203233874,174,"success","pgls5_castespolymorphic"
"OG0005408_00",-0.00552720879440473,0.491687325798156,0.25114102100659,"1e-05 to 1",0.0029416402889007,-0.00285521063965222,174,"success","pgls5_castespolymorphic"
"OG0005409_00",0.0133371976946112,0.358192737389608,0.979279417375477,"0.001 to 1",0.00521369527431473,-0.000569946032229929,174,"success","pgls5_castespolymorphic"
"OG0005410_00",0.00389747176823382,0.868316092145303,1,"1e-05 to 1",0.000171254927410385,-0.0056417028927791,174,"success","pgls5_castespolymorphic"
"OG0005411_00",0.00403755669186889,0.633505309253214,1,"1e-05 to 1",0.00140666325343145,-0.00439911196021137,174,"success","pgls5_castespolymorphic"
"OG0005412_00",-0.0303906793039325,0.210028174416342,0.503650084953102,"1e-05 to 1",0.00992640494064167,0.00417016310890128,174,"success","pgls5_castespolymorphic"
"OG0005413_00",0.00331958955855598,0.809835312104203,1e-05,"1e-05 to 1",0.000367593295966607,-0.00544422302208014,174,"success","pgls5_castespolymorphic"
"OG0005414_00",0.0233203713391691,0.181683033001395,1e-05,"1e-05 to 1",0.0127055811100695,0.00696549727931406,174,"success","pgls5_castespolymorphic"
"OG0005415_00",0.00717462767028256,0.589398992918178,1,"1e-05 to 1",0.00181319704201062,-0.0039902146030939,174,"success","pgls5_castespolymorphic"
"OG0005416_00",0.00278291129592143,0.833252298989071,1,"1e-05 to 1",0.000279605043895987,-0.00553272283375583,174,"success","pgls5_castespolymorphic"
"OG0005417_00",-0.0170196923471507,0.565473510169979,0.638026216837961,"1e-05 to 1",0.00205591163354932,-0.003746088880209,174,"success","pgls5_castespolymorphic"
"OG0005418_00",-0.0170519072089306,0.264874931328228,0.889665773033997,"1e-05 to 1",0.00771518635198101,0.00194608859821332,174,"success","pgls5_castespolymorphic"
"OG0005419_00",0.00664552076789342,0.562686627098652,1e-05,"1e-05 to 1",0.00209855950445121,-0.00370319305656941,174,"success","pgls5_castespolymorphic"
"OG0005420_00",-0.00987390059677943,0.444074496073476,1,"1e-05 to 1",0.00373567520646725,-0.00205655924000681,174,"success","pgls5_castespolymorphic"
"OG0005421_00",-0.00123955936830378,0.904164290410223,0.871866869118915,"1e-05 to 1",9.03180245843257e-05,-0.00572311035899364,174,"success","pgls5_castespolymorphic"
"OG0005422_00",0.0116959635907889,0.515794782631285,1e-05,"1e-05 to 1",0.00266075188383931,-0.00313773211683599,174,"success","pgls5_castespolymorphic"
"OG0005423_00",-0.0137295765568982,0.331704890002803,0.881638174161522,"1e-05 to 1",0.00585335913293308,7.34368023106446e-05,174,"success","pgls5_castespolymorphic"
"OG0005424_00",0.0505905921160376,0.0388938850478944,1,"1e-05 to 1",0.0262259550424662,0.0205644780368991,174,"success","pgls5_castespolymorphic"
"OG0005425_00",-0.00162119005328796,0.876515461345319,0.678814619589164,"1e-05 to 1",0.000152324691127398,-0.00566074318857535,174,"success","pgls5_castespolymorphic"
"OG0005426_00",-0.00293825339108534,0.887682264011376,0.755580778577771,"1e-05 to 1",0.000124278599524872,-0.00568895233884992,174,"success","pgls5_castespolymorphic"
"OG0005427_00",-0.000686215189044336,0.893042795641739,0.989061064531017,"1e-05 to 1",0.000112629530814044,-0.00570066913470435,174,"success","pgls5_castespolymorphic"
"OG0005428_00",-0.00795846651313038,0.463585356775456,0.439912572291844,"1e-05 to 1",0.00338367019140886,-0.00241061079585037,174,"success","pgls5_castespolymorphic"
"OG0005430_00",-0.0165350020759131,0.423493596165955,1,"1e-05 to 1",0.00400822281227541,-0.00178242705509524,174,"success","pgls5_castespolymorphic"
"OG0005431_00",0.028376709160876,0.0484242730255608,0.709890303121758,"1e-05 to 1",0.0239767667210629,0.0183022130392088,174,"success","pgls5_castespolymorphic"
"OG0005432_00",-0.00633698784884514,0.561717445590839,1,"1e-05 to 1",0.00209585335241819,-0.00370591494204442,174,"success","pgls5_castespolymorphic"
"OG0005433_00",0.0201566770947772,0.284264856004385,0.55097865714902,"1e-05 to 1",0.00711833698354435,0.00134576917530904,174,"success","pgls5_castespolymorphic"
"OG0005434_00",-0.0374324787524122,0.228309306421253,1,"1e-05 to 1",0.00894644673423441,0.00318450747106136,174,"success","pgls5_castespolymorphic"
"OG0005435_00",-0.0104159593880208,0.260119940153281,0.916977868033479,"1e-05 to 1",0.00796877081632848,0.0022011473908421,174,"success","pgls5_castespolymorphic"
"OG0005436_00",0.013605891890898,0.387195102251577,1e-05,"1e-05 to 1",0.00464790580285053,-0.00113902497736551,174,"success","pgls5_castespolymorphic"
"OG0005437_00",0.0112351006216616,0.42262616476697,0.569773438938178,"1e-05 to 1",0.00402321547529682,-0.00176734722542804,174,"success","pgls5_castespolymorphic"
"OG0005438_00",0.0191581933949765,0.156195206675716,1e-05,"1e-05 to 1",0.0130981370414095,0.00736033551258042,174,"success","pgls5_castespolymorphic"
"OG0005439_00",0.00717291903937269,0.0862631053341012,1e-05,"1e-05 to 1",0.0183948505971193,0.0126878439145445,174,"success","pgls5_castespolymorphic"
"OG0005442_00",0.0116055888928718,0.26460748507942,1,"1e-05 to 1",0.00782087282253362,0.00205238952499021,174,"success","pgls5_castespolymorphic"
"OG0005443_00",-0.00309115140377478,0.828435887960462,0.753324802525672,"1e-05 to 1",0.000292556198819629,-0.00551969638141991,174,"success","pgls5_castespolymorphic"
"OG0005444_00",-0.00843567670552903,0.491177391355814,1,"1e-05 to 1",0.00293033220087875,-0.00286658447237187,174,"success","pgls5_castespolymorphic"
"OG0005445_00",-0.00784024160315877,0.388639575997642,1,"1e-05 to 1",0.00461976141083998,-0.00116733299956229,174,"success","pgls5_castespolymorphic"
"OG0005446_00",-0.0341463377586174,0.0141337423870651,0.776588255255123,"1e-05 to 1",0.0368207245962486,0.0312208450880871,174,"success","pgls5_castespolymorphic"
"OG0005447_00",0.0235318507481447,0.0987466626971469,0.226047519538082,"1e-05 to 1",0.0170494784453022,0.0113346498316121,174,"success","pgls5_castespolymorphic"
"OG0005448_00",-0.0148935627368522,0.176764248128506,0.503747866535286,"1e-05 to 1",0.0114457040430615,0.00569829534563737,174,"success","pgls5_castespolymorphic"
"OG0005449_00",0.0143374153709262,0.301851321778032,0.940781858729558,"1e-05 to 1",0.00666104020291136,0.0008858136924631,174,"success","pgls5_castespolymorphic"
"OG0005450_00",0.00895670944031084,0.477323890925326,1,"1e-05 to 1",0.00320101378307631,-0.00259432916004543,174,"success","pgls5_castespolymorphic"
"OG0005451_00",-0.0247138104682208,0.356023034103446,0.712925630756895,"1e-05 to 1",0.00529352609043317,-0.000489651083459774,174,"success","pgls5_castespolymorphic"
"OG0005453_00",-0.00609219742684493,0.802500413162142,1,"1e-05 to 1",0.000394596597919226,-0.00541706272418607,174,"success","pgls5_castespolymorphic"
"OG0005454_00",0.0402074415070165,0.00295268277975413,0.86342156201346,"1e-05 to 1",0.0535668022184154,0.0480642836266619,174,"success","pgls5_castespolymorphic"
"OG0005455_00",-0.0164837175408217,0.411938788217474,1e-05,"1e-05 to 1",0.00421175850531136,-0.00157770801500678,174,"success","pgls5_castespolymorphic"
"OG0005456_00",0.0117826673559774,0.0889333380515456,1,"1e-05 to 1",0.017977802114903,0.0122683707318502,174,"success","pgls5_castespolymorphic"
"OG0005457_00",0.01315831320666,0.342069771288308,0.494154790483218,"1e-05 to 1",0.00557359369201171,-0.000207955181871888,174,"success","pgls5_castespolymorphic"
"OG0005458_00",0.00549926568536511,0.101160653875237,0.127760912519958,"1e-05 to 1",0.0166028369298773,0.0108854115631906,174,"success","pgls5_castespolymorphic"
"OG0005459_00",0.0228170677625025,0.374052303435378,1,"1e-05 to 1",0.00500428196537375,-0.000780576860408999,174,"success","pgls5_castespolymorphic"
"OG0005460_00",0.00595725329936416,0.68729940725671,0.708691812794591,"1e-05 to 1",0.00100898391542826,-0.00479910338738909,174,"success","pgls5_castespolymorphic"
"OG0005461_00",0.0103964184708271,0.336569227817221,0.606427389790633,"1e-05 to 1",0.00577292651744204,-7.46344466606708e-06,174,"success","pgls5_castespolymorphic"
"OG0005462_00",-0.00564321861047422,0.485448935015892,1,"1e-05 to 1",0.00300843756863833,-0.00278802500363695,174,"success","pgls5_castespolymorphic"
"OG0005463_00",-0.000228513220159918,0.991260911269706,0.476866274470867,"1e-05 to 1",7.52153632920812e-07,-0.00581319696175298,174,"success","pgls5_castespolymorphic"
"OG0005464_00",0.00771056896609907,0.400047648945655,1e-05,"1e-05 to 1",0.00443015009468784,-0.00135804670708728,174,"success","pgls5_castespolymorphic"
"OG0005465_00",0.0119606498162779,0.188765392320926,1,"1e-05 to 1",0.0107037608171933,0.00495203849636316,174,"success","pgls5_castespolymorphic"
"OG0005466_00",-0.0274832793200797,0.0677583779300206,1e-05,"1e-05 to 1",0.0205734014965889,0.0148790608076156,174,"success","pgls5_castespolymorphic"
"OG0005467_00",0.0264490885486404,0.118974613638293,0.897294164584148,"1e-05 to 1",0.0152189395385814,0.00949346825682895,174,"success","pgls5_castespolymorphic"
"OG0005468_00",0.019746148558523,0.00630055763177184,1,"1e-05 to 1",0.0454288480460009,0.0398790157671985,174,"success","pgls5_castespolymorphic"
"OG0005470_00",-0.0237367677936881,0.0556253733975194,0.705486162391008,"1e-05 to 1",0.0245293499171769,0.0188580089283232,174,"success","pgls5_castespolymorphic"
"OG0005471_00",-0.00143358010703639,0.88646413409968,1,"1e-05 to 1",0.000127007236507468,-0.00568620783769891,174,"success","pgls5_castespolymorphic"
"OG0005472_00",-0.00344474632053253,0.770336085227109,0.796500888462296,"1e-05 to 1",0.00054096971002981,-0.00526983860560959,174,"success","pgls5_castespolymorphic"
"OG0005473_00",-0.0155877686944177,0.285397223448951,0.366779129058793,"1e-05 to 1",0.00717414288058235,0.00140189952523695,174,"success","pgls5_castespolymorphic"
"OG0005474_00",-0.0242058506601806,0.200070664333206,0.20784890115371,"1e-05 to 1",0.0101774271014463,0.00442264470087328,174,"success","pgls5_castespolymorphic"
"OG0005475_00",0.00294767770576152,0.792154231564066,1,"1e-05 to 1",0.000464369535162079,-0.00534688413033124,174,"success","pgls5_castespolymorphic"
"OG0005476_00",0.00298960235607865,0.62353856284892,1e-05,"1e-05 to 1",0.00150935563122635,-0.00429582253370842,174,"success","pgls5_castespolymorphic"
"OG0005477_00",0.00461740023960527,0.642954234562354,0.825060255239913,"1e-05 to 1",0.00133803313285922,-0.00446814109311244,174,"success","pgls5_castespolymorphic"
"OG0005481_00",-0.00262437356418205,0.901974072027663,0.469453667181759,"1e-05 to 1",9.51069446956191e-05,-0.00571829359632359,174,"success","pgls5_castespolymorphic"
"OG0005482_00",0.00640277885136629,0.329093195457126,0.873259380624003,"1e-05 to 1",0.00680437745873799,0.00102998430442836,174,"success","pgls5_castespolymorphic"
"OG0005483_00",0.00118062480952706,0.925673100053951,1,"1e-05 to 1",5.45627691915777e-05,-0.00575907349377824,174,"success","pgls5_castespolymorphic"
"OG0005484_00",0.00895967501946245,0.249845362823772,1,"1e-05 to 1",0.00842538204409943,0.00266041333505362,174,"success","pgls5_castespolymorphic"
"OG0005485_00",-0.0181738164855327,0.0517939872292876,1,"1e-05 to 1",0.0232906499782233,0.0176121072455385,174,"success","pgls5_castespolymorphic"
"OG0005487_00",0.0439882471007957,0.0463270766062123,1e-05,"1e-05 to 1",0.0438622368033243,0.0383032963196226,174,"success","pgls5_castespolymorphic"
"OG0005488_00",5.4857791030413e-05,0.997724189502768,1,"1e-05 to 1",5.06892767039713e-08,-0.0058139025043904,174,"success","pgls5_castespolymorphic"
"OG0005489_00",-0.00779666674725487,0.332955605502645,0.613324347039944,"1e-05 to 1",0.00608798307812387,0.000309424840206018,174,"success","pgls5_castespolymorphic"
"OG0005490_00",0.0107044118280369,0.276685074119819,0.833095413694084,"1e-05 to 1",0.00753246038777807,0.00176230027375357,174,"success","pgls5_castespolymorphic"
"OG0005491_00",0.0520365125490748,0.0675131007695371,0.541183765520784,"1e-05 to 1",0.0273566918462773,0.0217017888918952,174,"success","pgls5_castespolymorphic"
"OG0005492_00",-0.0067452200573731,0.638553805823063,0.833699040003882,"1e-05 to 1",0.00146495409431822,-0.00434048221908689,174,"success","pgls5_castespolymorphic"
"OG0005493_00",0.0351042689866484,0.00193046494859628,1,"1e-05 to 1",0.0588550078872916,0.0533832346773339,174,"success","pgls5_castespolymorphic"
"OG0005494_00",0.00907606598806321,0.604910627413142,0.724257394928347,"1e-05 to 1",0.0018253023898198,-0.00397803887535564,174,"success","pgls5_castespolymorphic"
"OG0005495_00",0.0208081661256528,0.275118127452079,0.839255766343481,"1e-05 to 1",0.00743952727322449,0.00166882685039438,174,"success","pgls5_castespolymorphic"
"OG0005496_00",-0.0073248136883985,0.450418919879153,1e-05,"1e-05 to 1",0.00377752301214915,-0.00201446813312889,174,"success","pgls5_castespolymorphic"
"OG0005497_00",0.0109240630098739,0.167846453384492,0.312676213041432,"1e-05 to 1",0.0117808844598625,0.00603542448579197,174,"success","pgls5_castespolymorphic"
"OG0005498_00",0.00856665508805239,0.528071024418675,1e-05,"1e-05 to 1",0.00407471374591461,-0.00171554954626019,174,"success","pgls5_castespolymorphic"
"OG0005499_00",-0.00462654584225998,0.696567400008958,1,"1e-05 to 1",0.0010032362705836,-0.00480488444877358,174,"success","pgls5_castespolymorphic"
"OG0005500_00",-0.00750848781256902,0.451215521629293,1,"1e-05 to 1",0.00357462607747566,-0.0022185447011438,174,"success","pgls5_castespolymorphic"
"OG0005501_00",0.00514422998032899,0.665404065259018,0.747450219132137,"1e-05 to 1",0.00116458191685726,-0.00464260074641687,174,"success","pgls5_castespolymorphic"
"OG0005502_00",0.0492002583444618,0.146168732205013,0.773530135188088,"1e-05 to 1",0.0130712495832103,0.00733329173194985,174,"success","pgls5_castespolymorphic"
"OG0005503_00",0.0296580637790059,0.0343833492133665,0.378648196358403,"1e-05 to 1",0.0274994549859887,0.0218453820498609,174,"success","pgls5_castespolymorphic"
"OG0005504_00",-0.0067725596339584,0.234965946348792,0.288794821474741,"1e-05 to 1",0.00885979092844396,0.00309734785244653,174,"success","pgls5_castespolymorphic"
"OG0005505_00",0.00164987651272622,0.906682812637796,0.523795118499889,"1e-05 to 1",8.66922636305851e-05,-0.00572675719995286,174,"success","pgls5_castespolymorphic"
"OG0005506_00",-0.0155823682640495,0.265132956364927,0.889331440135872,"1e-05 to 1",0.00775502153626365,0.00198615538240465,174,"success","pgls5_castespolymorphic"
"OG0005507_00",0.0122755514063638,0.332025491422888,1,"1e-05 to 1",0.00584562465874335,6.56573602476618e-05,174,"success","pgls5_castespolymorphic"
"OG0005508_00",-0.0153696791922466,0.160519233954997,0.925796804003361,"1e-05 to 1",0.0122708732724396,0.00652826207053514,174,"success","pgls5_castespolymorphic"
"OG0005509_00",-0.0045222388638583,0.850575699752351,1,"1e-05 to 1",0.000219717847812492,-0.00559295821121175,174,"success","pgls5_castespolymorphic"
"OG0005510_00",-0.0296201335631663,0.173804672531189,0.857338773100313,"1e-05 to 1",0.0117502401557694,0.00600460201714026,174,"success","pgls5_castespolymorphic"
"OG0005511_00",-0.00426486457372985,0.677978011390271,0.883999381679752,"1e-05 to 1",0.00107362882054644,-0.00473408263979924,174,"success","pgls5_castespolymorphic"
"OG0005512_00",0.00348795535199181,0.699531815295154,0.543829461062908,"1e-05 to 1",0.000939360342845841,-0.00486913174818415,174,"success","pgls5_castespolymorphic"
"OG0005513_00",-0.00423339230597704,0.832606446604589,0.890542141986888,"1e-05 to 1",0.000278296386673129,-0.00553403909945094,174,"success","pgls5_castespolymorphic"
"OG0005514_00",0.0138048877935685,0.270115836947342,1e-05,"1e-05 to 1",0.0100417226663138,0.00428615128646681,174,"success","pgls5_castespolymorphic"
"OG0005515_00",-0.00738262881713613,0.458913009354847,1,"1e-05 to 1",0.00339077957548236,-0.00240346007814862,174,"success","pgls5_castespolymorphic"
"OG0005516_00",-0.00365539654554394,0.673142646893275,1,"1e-05 to 1",0.00110809028862477,-0.00469942081434827,174,"success","pgls5_castespolymorphic"
"OG0005517_00",0.00754984818450054,0.367782291184584,1e-05,"1e-05 to 1",0.00513684766740801,-0.000647240427549045,174,"success","pgls5_castespolymorphic"
"OG0005518_00",-0.00702140966564187,0.744608921223972,0.727473524355442,"1e-05 to 1",0.000665085784227414,-0.00514500092632941,174,"success","pgls5_castespolymorphic"
"OG0005519_00",-0.0006363165376015,0.944752889029103,0.541682709874049,"1e-05 to 1",3.02967448364337e-05,-0.00578348059967038,174,"success","pgls5_castespolymorphic"
"OG0005520_00",0.00735394339670883,0.413519177496346,1,"1e-05 to 1",0.00413172625518028,-0.00165820556891738,174,"success","pgls5_castespolymorphic"
"OG0005521_00",-0.0167260189197423,0.382185355875925,0.928233244733518,"1e-05 to 1",0.00477636821512411,-0.00100981569060199,174,"success","pgls5_castespolymorphic"
"OG0005522_00",0.00702199550548971,0.685287637126396,0.755902218796053,"1e-05 to 1",0.00106243458428269,-0.00474534195883192,174,"success","pgls5_castespolymorphic"
"OG0005523_00",0.00590521887755867,0.584636252929278,1,"1e-05 to 1",0.00188338177102221,-0.00391962182333216,174,"success","pgls5_castespolymorphic"
"OG0005524_00",-0.0324112104325278,0.114277562828193,0.988870372809077,"1e-05 to 1",0.0155148993742069,0.00979114878917309,174,"success","pgls5_castespolymorphic"
"OG0005525_00",0.010919619410678,0.448609869532751,1,"1e-05 to 1",0.00359326784477411,-0.00219979455147712,174,"success","pgls5_castespolymorphic"
"OG0005526_00",0.00633512226595064,0.731398645837494,0.99368282267346,"1e-05 to 1",0.000747851430751267,-0.00506175408418619,174,"success","pgls5_castespolymorphic"
"OG0005527_00",-0.00655518443778347,0.297870606784733,1,"1e-05 to 1",0.00668772948686377,0.000912658146671186,174,"success","pgls5_castespolymorphic"
"OG0005528_00",-0.00428736829357987,0.41817278633726,1e-05,"1e-05 to 1",0.00405023249580359,-0.00174017312922081,174,"success","pgls5_castespolymorphic"
"OG0005529_00",-0.008850378913789,0.154463002418494,1,"1e-05 to 1",0.0126317461209336,0.00689123301698558,174,"success","pgls5_castespolymorphic"
"OG0005530_00",-0.0120853576338965,0.472111201967502,0.806931911795377,"1e-05 to 1",0.00435357547033162,-0.00143506653274783,174,"success","pgls5_castespolymorphic"
"OG0005531_00",0.0196797133775687,0.286404150409793,1,"1e-05 to 1",0.00705561653643335,0.00128268407443588,174,"success","pgls5_castespolymorphic"
"OG0005532_00",0.0349754703326103,0.169291460598802,0.93356518295931,"1e-05 to 1",0.0117745898198323,0.00602909324901735,174,"success","pgls5_castespolymorphic"
"OG0005533_00",0.0550559963257737,0.061797035693387,0.917886125001241,"1e-05 to 1",0.0216337205196204,0.0159455444761299,174,"success","pgls5_castespolymorphic"
"OG0005534_00",0.0345655567124328,0.188545872449003,0.98709777098847,"1e-05 to 1",0.0155245280889606,0.00980083348482663,174,"success","pgls5_castespolymorphic"
"OG0005535_00",-0.00835666303929546,0.700896359444958,0.845976836294074,"1e-05 to 1",0.000942305164589358,-0.00486616980538401,174,"success","pgls5_castespolymorphic"
"OG0005536_00",-0.0100421299410731,0.428717476774765,0.787359315041872,"1e-05 to 1",0.00409840644944748,-0.00169171909445098,174,"success","pgls5_castespolymorphic"
"OG0005537_00",0.00101719271819221,0.949775188880275,0.773181347424105,"1e-05 to 1",2.47199852547338e-05,-0.00578908978227277,174,"success","pgls5_castespolymorphic"
"OG0005538_00",0.00185547531611183,0.931052319986571,0.644258099200444,"1e-05 to 1",4.7831653177061e-05,-0.00576584374418809,174,"success","pgls5_castespolymorphic"
"OG0005539_00",0.0253026583567705,0.120754265597762,0.938499809587645,"1e-05 to 1",0.0151694095832507,0.00944365033664174,174,"success","pgls5_castespolymorphic"
"OG0005540_00",-0.0050647859741055,0.405312926750646,1,"1e-05 to 1",0.00430536549780507,-0.00148355679581247,174,"success","pgls5_castespolymorphic"
"OG0005541_00",-0.0242331726690741,0.0671041918332049,0.28225976158122,"1e-05 to 1",0.0214648827667046,0.0157757251083714,174,"success","pgls5_castespolymorphic"
"OG0005542_00",-0.0181243749537516,0.355062440828082,0.40560673931413,"1e-05 to 1",0.00531465195415565,-0.000468402394947942,174,"success","pgls5_castespolymorphic"
"OG0005543_00",-0.0156620550720307,0.269799868218061,0.7598326959209,"1e-05 to 1",0.00800576798997269,0.00223835966433295,174,"success","pgls5_castespolymorphic"
"OG0005544_00",-0.00949306939534789,0.153140548812685,0.361533436630581,"1e-05 to 1",0.0133794415565671,0.00764327551910537,174,"success","pgls5_castespolymorphic"
"OG0005545_00",-0.0217626933873063,0.047907602270133,0.97764143183072,"0.001 to 1",0.0254988099540533,0.019833105360763,174,"success","pgls5_castespolymorphic"
"OG0005546_00",0.012585302738538,0.218634437788481,1,"1e-05 to 1",0.00950220274384836,0.00374349462026613,174,"success","pgls5_castespolymorphic"
"OG0005547_00",-0.000130772628984047,0.99402787102682,1,"1e-05 to 1",3.51255753380749e-07,-0.00581360019043409,174,"success","pgls5_castespolymorphic"
"OG0005548_00",-0.0141687910874283,0.409449579893569,0.643953784837449,"1e-05 to 1",0.00428350750467364,-0.00150554187029917,174,"success","pgls5_castespolymorphic"
"OG0005549_00",-0.00976215199134855,0.612514235791162,1,"1e-05 to 1",0.00160703677843708,-0.00419757347285099,174,"success","pgls5_castespolymorphic"
"OG0005550_00",0.00889937375082154,0.043111644144944,1,"1e-05 to 1",0.0261312708708165,0.0204692433758793,174,"success","pgls5_castespolymorphic"
"OG0005551_00",0.0060980697576149,0.596954961325756,0.636109788287376,"1e-05 to 1",0.00214031765417848,-0.00366119212690208,174,"success","pgls5_castespolymorphic"
"OG0005552_00",-0.00174927143465269,0.901475412109843,1,"1e-05 to 1",9.98373714538549e-05,-0.00571353566708432,174,"success","pgls5_castespolymorphic"
"OG0005553_00",0.0132642582001353,0.446429599170905,0.851648983404542,"1e-05 to 1",0.00360530765103528,-0.00218768474634246,174,"success","pgls5_castespolymorphic"
"OG0005554_00",0.0173810994486937,0.108431451234462,1e-05,"1e-05 to 1",0.0159273207410155,0.0102059679546259,174,"success","pgls5_castespolymorphic"
"OG0005555_00",-0.0167340542200839,0.466236629538891,0.869324698886931,"1e-05 to 1",0.00332285644254412,-0.00247177811302235,174,"success","pgls5_castespolymorphic"
"OG0005556_00",0.00990830708773957,0.564417421637774,1,"1e-05 to 1",0.00208003655413465,-0.00372182369845753,174,"success","pgls5_castespolymorphic"
"OG0005557_00",0.00272015295434291,0.605605779710051,1e-05,"1e-05 to 1",0.0016807442647371,-0.00412343745465393,174,"success","pgls5_castespolymorphic"
"OG0005558_00",0.0204372764837397,0.126137041418742,0.575641072452931,"1e-05 to 1",0.0144699481208672,0.00874012223784904,174,"success","pgls5_castespolymorphic"
"OG0005559_00",0.0191589281424319,0.279943083336948,0.330024615126618,"1e-05 to 1",0.00724687429422482,0.00147505379593538,174,"success","pgls5_castespolymorphic"
"OG0005560_00",0.0443083442933403,0.139921567765181,0.857202126885859,"1e-05 to 1",0.0136523397018064,0.00791776028146807,174,"success","pgls5_castespolymorphic"
"OG0005562_00",-0.00193926260767018,0.940150587900143,0.724417067172741,"1e-05 to 1",3.53414937313348e-05,-0.00577840652083994,174,"success","pgls5_castespolymorphic"
"OG0005563_00",0.010814609581083,0.127333713489804,1,"1e-05 to 1",0.0143796781484213,0.00864932743998204,174,"success","pgls5_castespolymorphic"
"OG0005565_00",0.00892820866917956,0.508146838104087,0.501432689586782,"1e-05 to 1",0.00272449902745236,-0.00307361435029496,174,"success","pgls5_castespolymorphic"
"OG0005566_00",-0.00236255668684854,0.842358692732741,0.446214497295959,"1e-05 to 1",0.000246399565877408,-0.00556612136687917,174,"success","pgls5_castespolymorphic"
"OG0005567_00",0.0109924736167143,0.471059218701086,0.70273619895462,"1e-05 to 1",0.00327215650651966,-0.00252277281611679,174,"success","pgls5_castespolymorphic"
"OG0005568_00",0.00247164026598187,0.810426095123791,1,"1e-05 to 1",0.000365269022015718,-0.00544656080925154,174,"success","pgls5_castespolymorphic"
"OG0005569_00",-0.00409332057955074,0.86705217277183,0.815439113631386,"1e-05 to 1",0.000189974758942673,-0.00562287422501684,174,"success","pgls5_castespolymorphic"
"OG0005570_00",-0.0138641995858161,0.371766459402246,0.59944672877464,"1e-05 to 1",0.0049890593322262,-0.000795887997237621,174,"success","pgls5_castespolymorphic"
"OG0005571_00",-0.00894035922218313,0.525324551261918,1e-05,"1e-05 to 1",0.00254203173808711,-0.00325714249599396,174,"success","pgls5_castespolymorphic"
"OG0005572_00",-0.00134125243546856,0.918891586075369,1,"1e-05 to 1",6.54193364095899e-05,-0.00574815380698346,174,"success","pgls5_castespolymorphic"
"OG0005574_00",0.00342704028458735,0.533233300762886,1e-05,"1e-05 to 1",0.00241591808676911,-0.00338398936621487,174,"success","pgls5_castespolymorphic"
"OG0005575_00",-0.00274777997894541,0.862367683682425,1,"1e-05 to 1",0.000187234100004932,-0.00562563081801826,174,"success","pgls5_castespolymorphic"
"OG0005576_00",-0.00864536138852216,0.14792529404149,1,"1e-05 to 1",0.0130396197340084,0.00730147798827596,174,"success","pgls5_castespolymorphic"
"OG0005577_00",0.00357148141229319,0.64590783763833,1e-05,"1e-05 to 1",0.00132261863337009,-0.00448364521178468,174,"success","pgls5_castespolymorphic"
"OG0005578_00",0.00584399977860003,0.601020251771049,0.900341960604864,"1e-05 to 1",0.00174581194541319,-0.00405799147350883,174,"success","pgls5_castespolymorphic"
"OG0005579_00",0.021004771959402,0.0500061523711677,1,"1e-05 to 1",0.023648654930384,0.0179721936218398,174,"success","pgls5_castespolymorphic"
"OG0005580_00",-0.0141361266492986,0.260513545236519,0.72398189246164,"1e-05 to 1",0.00785692908404829,0.00208865541593228,174,"success","pgls5_castespolymorphic"
"OG0005581_00",0.0391175687830742,0.0648777441291979,0.553765551516298,"1e-05 to 1",0.0216782695652632,0.015990352527852,174,"success","pgls5_castespolymorphic"
"OG0005582_00",0.0152772849316052,0.0650974845416141,1,"1e-05 to 1",0.0216431718382246,0.0159550507442607,174,"success","pgls5_castespolymorphic"
"OG0005583_00",-0.00690616401927115,0.444469199885032,1,"1e-05 to 1",0.00368225015818715,-0.00211029489903281,174,"success","pgls5_castespolymorphic"
"OG0005584_00",-0.00563481865170346,0.587849905409979,1,"1e-05 to 1",0.00185136290856818,-0.00395182684196338,174,"success","pgls5_castespolymorphic"
"OG0005585_00",0.00915278760119075,0.358757856613685,1,"1e-05 to 1",0.0052996692800065,-0.000483472177667865,174,"success","pgls5_castespolymorphic"
"OG0005586_00",-0.00400566103983205,0.764197885880292,0.716745025391132,"1e-05 to 1",0.000563999130804461,-0.0052466752928535,174,"success","pgls5_castespolymorphic"
"OG0005587_00",-0.0184046357864431,0.321668860994884,0.873646164574011,"1e-05 to 1",0.00613871361211146,0.000360450319158545,174,"success","pgls5_castespolymorphic"
"OG0005588_00",-0.0232953394386207,0.0870525212897542,1e-05,"1e-05 to 1",0.0183037408676526,0.0125962044773483,174,"success","pgls5_castespolymorphic"
"OG0005589_00",-0.0108239451598834,0.626893003192733,0.622456529591509,"1e-05 to 1",0.00148971839693317,-0.00431557393796855,174,"success","pgls5_castespolymorphic"
"OG0005590_00",-0.00698048718683698,0.753537358241267,1,"1e-05 to 1",0.000617878040205078,-0.0051924831339798,174,"success","pgls5_castespolymorphic"
"OG0005591_00",-0.00362108512264423,0.684396967830352,1,"1e-05 to 1",0.00103530925830266,-0.0047726249901956,174,"success","pgls5_castespolymorphic"
"OG0005592_00",-0.0184517306552134,0.419799966330735,0.664695020317051,"1e-05 to 1",0.00407238277565756,-0.00171789406866996,174,"success","pgls5_castespolymorphic"
"OG0005593_00",-0.00336833602297379,0.742227352540366,1,"1e-05 to 1",0.000673779631897069,-0.00513625653303373,174,"success","pgls5_castespolymorphic"
"OG0005594_00",0.0044971541411901,0.756251297675845,0.564248483651261,"1e-05 to 1",0.000600144857407567,-0.00521031941667727,174,"success","pgls5_castespolymorphic"
"OG0005595_00",0.00200842649316565,0.815376770095697,1,"1e-05 to 1",0.00033962963390192,-0.00547234926357554,174,"success","pgls5_castespolymorphic"
"OG0005596_00",-0.0407921073868232,0.0109922517126173,0.923276471913894,"1e-05 to 1",0.0394887033964833,0.0339043353929745,174,"success","pgls5_castespolymorphic"
"OG0005597_00",0.0027765371364042,0.630297049567366,1,"1e-05 to 1",0.00146049024436178,-0.00434497202165929,174,"success","pgls5_castespolymorphic"
"OG0005598_00",-0.00775889864843836,0.355602735959704,1,"1e-05 to 1",0.0053359168089771,-0.00044701390724966,174,"success","pgls5_castespolymorphic"
"OG0005599_00",-0.0415769182089328,0.0734406339418281,1,"1e-05 to 1",0.0197669034077485,0.0140678737763982,174,"success","pgls5_castespolymorphic"
"OG0005600_00",0.00279746286499043,0.866225844286591,1,"1e-05 to 1",0.000179016968817603,-0.00563389572322426,174,"success","pgls5_castespolymorphic"
"OG0005601_00",0.0147355441135576,0.508874323319132,1,"1e-05 to 1",0.00271517762934143,-0.00308298994258105,174,"success","pgls5_castespolymorphic"
"OG0005602_00",0.000454699240456446,0.959619292053898,1,"1e-05 to 1",1.60720941222707e-05,-0.00579778795184205,174,"success","pgls5_castespolymorphic"
"OG0005603_00",0.0376883829391566,0.150115005133469,1,"1e-05 to 1",0.0129007932983857,0.00716184442221357,174,"success","pgls5_castespolymorphic"
"OG0005604_00",0.000929398270125401,0.86971645506642,1e-05,"1e-05 to 1",0.000167599590716931,-0.00564537948143018,174,"success","pgls5_castespolymorphic"
"OG0005605_00",0.00456003146704379,0.74120916747732,0.89139812930224,"1e-05 to 1",0.000692243817391508,-0.00511768499762377,174,"success","pgls5_castespolymorphic"
"OG0005606_00",0.0209515288352102,0.0592524496593012,0.903234542177342,"1e-05 to 1",0.0250068350456715,0.0193382701331463,174,"success","pgls5_castespolymorphic"
"OG0005607_00",-0.0141657032565752,0.539353319890882,1e-05,"1e-05 to 1",0.00238912553571526,-0.00341093768791434,174,"success","pgls5_castespolymorphic"
"OG0005608_00",0.00479538495935365,0.736581878210668,0.839369962068427,"1e-05 to 1",0.000718174368935693,-0.00509160368705897,174,"success","pgls5_castespolymorphic"
"OG0005609_00",-0.00139571381422501,0.929975353004388,0.785538307583025,"1e-05 to 1",4.87188517014173e-05,-0.00576495138753286,174,"success","pgls5_castespolymorphic"
"OG0005610_00",-0.0343768024212101,0.197255587236228,0.60038153416321,"1e-05 to 1",0.0103694702929068,0.00461580442251674,174,"success","pgls5_castespolymorphic"
"OG0005611_00",-0.00160837815214663,0.933784890454562,0.75767499699462,"1e-05 to 1",4.35503883249197e-05,-0.00577014990011504,174,"success","pgls5_castespolymorphic"
"OG0005612_00",0.0033549374921409,0.778254885448316,0.98051908397133,"1e-05 to 1",0.000503331942317864,-0.00530769519755236,174,"success","pgls5_castespolymorphic"
"OG0005613_00",-0.00596681766302951,0.76206250862645,1,"1e-05 to 1",0.000574576594135543,-0.00523603633264291,174,"success","pgls5_castespolymorphic"
"OG0005614_00",-0.0265103140501463,0.340977230444394,0.899678928777742,"1e-05 to 1",0.00574058799058597,-3.99899862129072e-05,174,"success","pgls5_castespolymorphic"
"OG0005615_00",0.0537425751751253,0.0411024526733805,0.897994627570596,"1e-05 to 1",0.0258160086787583,0.0201521482640999,174,"success","pgls5_castespolymorphic"
"OG0005616_00",-0.00250233862953399,0.758569484333036,1e-05,"1e-05 to 1",0.000595845083461476,-0.00521464418930906,174,"success","pgls5_castespolymorphic"
"OG0005617_00",-0.0118342810482484,0.588313854115071,0.9248025366128,"1e-05 to 1",0.00182377822633357,-0.00397957190025755,174,"success","pgls5_castespolymorphic"
"OG0005618_00",-0.0245352590445976,0.118888662587638,1,"1e-05 to 1",0.0151312456633301,0.0094052645334658,174,"success","pgls5_castespolymorphic"
"OG0005619_00",0.0213974332091331,0.330241671589496,0.560546267081877,"1e-05 to 1",0.00603883990820573,0.000259995954183578,174,"success","pgls5_castespolymorphic"
"OG0005620_00",-0.0210072356514851,0.16950334668432,1,"1e-05 to 1",0.011762965983041,0.00601740183177946,174,"success","pgls5_castespolymorphic"
"OG0005621_00",-0.00505513373009216,0.76731193464216,0.546072416685192,"1e-05 to 1",0.000548765473960934,-0.00526199751746947,174,"success","pgls5_castespolymorphic"
"OG0005622_00",-0.0143837042091001,0.445791191420849,0.945594447323296,"1e-05 to 1",0.00421890177402666,-0.00157052321565931,174,"success","pgls5_castespolymorphic"
"OG0005623_00",-0.0188144951721777,0.240560598260944,0.794381896461108,"1e-05 to 1",0.00859790902335897,0.00283394337814602,174,"success","pgls5_castespolymorphic"
"OG0005624_00",-0.0105037274617161,0.559122891896845,0.952971455372781,"1e-05 to 1",0.00217796481596311,-0.0036233260862697,174,"success","pgls5_castespolymorphic"
"OG0005625_00",0.0233592373376685,0.0487678184856506,0.132285358764472,"1e-05 to 1",0.0243542907766018,0.0186819320020472,174,"success","pgls5_castespolymorphic"
"OG0005626_00",-0.0329925283138112,0.051454895417903,1e-05,"1e-05 to 1",0.023502251763349,0.0178249392736011,174,"success","pgls5_castespolymorphic"
"OG0005627_00",-0.00260238684626688,0.786369076594094,1,"1e-05 to 1",0.000457565739425521,-0.00535372748301954,174,"success","pgls5_castespolymorphic"
"OG0005628_00",0.00291171057899524,0.700426727686131,1,"1e-05 to 1",0.00092764195839021,-0.00488091826278203,174,"success","pgls5_castespolymorphic"
"OG0005629_00",-0.0207741334028179,0.332429709511974,0.893577817062058,"1e-05 to 1",0.00757761804200293,0.00180772047247968,174,"success","pgls5_castespolymorphic"
"OG0005630_00",0.045155795000422,0.0245319657181211,1,"1e-05 to 1",0.0313990528387439,0.0257676519831553,174,"success","pgls5_castespolymorphic"
"OG0005631_00",-0.00742293057758582,0.376699667049512,1e-05,"1e-05 to 1",0.00485695115143561,-0.000928764248846692,174,"success","pgls5_castespolymorphic"
"OG0005633_00",-0.0110736695087597,0.448599529383957,1,"1e-05 to 1",0.00359343133517607,-0.00219963011054958,174,"success","pgls5_castespolymorphic"
"OG0005634_00",-0.00416974004597917,0.69562830566492,1e-05,"1e-05 to 1",0.000996629589602734,-0.00481152954069031,174,"success","pgls5_castespolymorphic"
"OG0005635_00",-0.0170717830218816,0.365174002212083,0.652394628229407,"1e-05 to 1",0.00512797266316651,-0.00065616703065241,174,"success","pgls5_castespolymorphic"
"OG0005636_00",-0.00827412721603486,0.600866066419575,1,"1e-05 to 1",0.00170378178624228,-0.00410026599407032,174,"success","pgls5_castespolymorphic"
"OG0005637_00",0.00127362321588197,0.864978717375871,1,"1e-05 to 1",0.000182402541560379,-0.00563049046691888,174,"success","pgls5_castespolymorphic"
"OG0005638_00",-0.0243878487537192,0.410610597331586,0.701868540567456,"1e-05 to 1",0.00420935897027221,-0.00158012150083087,174,"success","pgls5_castespolymorphic"
"OG0005639_00",-0.000330010455077802,0.985478376777372,0.875905701704519,"1e-05 to 1",2.0640516953971e-06,-0.00581187743637623,174,"success","pgls5_castespolymorphic"
"OG0005640_00",0.00151690073329875,0.869198606766974,1,"1e-05 to 1",0.000170005726256574,-0.0056429593567302,174,"success","pgls5_castespolymorphic"
"OG0005641_00",-0.0397738469496959,0.00957192999488976,0.924753060840917,"1e-05 to 1",0.0409615462334697,0.0353857412697108,174,"success","pgls5_castespolymorphic"
"OG0005642_00",-0.00311023542948793,0.775086980910195,0.589253927276859,"1e-05 to 1",0.000518212836068285,-0.00529272778697787,174,"success","pgls5_castespolymorphic"
"OG0005643_00",0.0167190386768094,0.277668312798559,0.787712993006781,"1e-05 to 1",0.00736122948273446,0.00159007384019216,174,"success","pgls5_castespolymorphic"
"OG0005644_00",0.00133863993315065,0.943673134092131,0.905414935960094,"1e-05 to 1",3.12970824727234e-05,-0.00578247444611746,174,"success","pgls5_castespolymorphic"
"OG0005645_00",-0.00726452114511052,0.520220331731181,1e-05,"1e-05 to 1",0.00262166280565177,-0.00317704845710609,174,"success","pgls5_castespolymorphic"
"OG0005646_00",0.0234513148932532,0.293848341775756,0.819503390821659,"1e-05 to 1",0.00895470881453145,0.00319281758670897,174,"success","pgls5_castespolymorphic"
"OG0005647_00",0.00380158460929197,0.778034251679543,1e-05,"1e-05 to 1",0.000510845997221298,-0.00530013745628333,174,"success","pgls5_castespolymorphic"
"OG0005648_00",0.006889852344168,0.529594409438148,1,"1e-05 to 1",0.00247447286028254,-0.00332509415797166,174,"success","pgls5_castespolymorphic"
"OG0005649_00",0.00435844494448566,0.752907243296166,1,"1e-05 to 1",0.000617278196076232,-0.00519308646557448,174,"success","pgls5_castespolymorphic"
"OG0005650_00",-0.031246587364734,0.107656222818876,0.405088265889169,"1e-05 to 1",0.0159969652299415,0.0102760173533714,174,"success","pgls5_castespolymorphic"
"OG0005651_00",-0.003448781247061,0.787197312516293,1e-05,"1e-05 to 1",0.000456783564726741,-0.0053545142052458,174,"success","pgls5_castespolymorphic"
"OG0005652_00",0.00170455964015063,0.900513423733667,0.712719018316649,"1e-05 to 1",9.79771486405131e-05,-0.00571540670514636,174,"success","pgls5_castespolymorphic"
"OG0005653_00",0.00376933554073018,0.836964190723821,0.899601556670024,"1e-05 to 1",0.000263793540853949,-0.0055486262641411,174,"success","pgls5_castespolymorphic"
"OG0005654_00",-0.0045068741838239,0.67484679172767,1e-05,"1e-05 to 1",0.00110273877838037,-0.00470480343802437,174,"success","pgls5_castespolymorphic"
"OG0005655_00",-0.0204685081337546,0.193416794851769,0.362906198904868,"1e-05 to 1",0.0105482668948305,0.00479564053956805,174,"success","pgls5_castespolymorphic"
"OG0005656_00",-0.0220410882657705,0.0620933955001552,0.684975243219212,"1e-05 to 1",0.0215851490998042,0.015896690664338,174,"success","pgls5_castespolymorphic"
"OG0005657_00",-0.00909189772725719,0.544150908213178,0.957118650411154,"1e-05 to 1",0.00228957734570056,-0.00351106464647555,174,"success","pgls5_castespolymorphic"
"OG0005658_00",-0.002089208774309,0.863280733770458,0.737805686760794,"1e-05 to 1",0.000184733736715513,-0.00562814571830361,174,"success","pgls5_castespolymorphic"
"OG0005659_00",-0.00524058428352557,0.589727039503291,1,"1e-05 to 1",0.00186815057680723,-0.00393494157100194,174,"success","pgls5_castespolymorphic"
"OG0005660_00",0.0110592327007094,0.538618827987607,0.136740234992635,"1e-05 to 1",0.00239777766404161,-0.00340223525651617,174,"success","pgls5_castespolymorphic"
"OG0005661_00",-0.000492286272571622,0.945638888388432,1,"1e-05 to 1",2.91474253854934e-05,-0.00578463660121109,174,"success","pgls5_castespolymorphic"
"OG0005662_00",0.000973762235402621,0.95872066955198,1,"1e-05 to 1",1.67960226396644e-05,-0.0057970598144379,174,"success","pgls5_castespolymorphic"
"OG0005663_00",0.0485750443471873,0.111500437601736,0.716402444466231,"1e-05 to 1",0.0159526653465505,0.0102314599125187,174,"success","pgls5_castespolymorphic"
"OG0005664_00",-0.000719665285218589,0.96747486831301,0.711856687758329,"1e-05 to 1",1.0423980339911e-05,-0.00580346890349537,174,"success","pgls5_castespolymorphic"
"OG0005665_00",-0.0191174954303123,0.419719417895992,0.555161246063406,"1e-05 to 1",0.00409944036701885,-0.00169067916573118,174,"success","pgls5_castespolymorphic"
"OG0005666_00",-0.0147568332991611,0.339813612903182,0.965081284967906,"1e-05 to 1",0.00569611991374516,-8.47165983841602e-05,174,"success","pgls5_castespolymorphic"
"OG0005667_00",0.0160555374904835,0.142769226404594,0.967095646550775,"1e-05 to 1",0.0132930198262731,0.00755635133689103,174,"success","pgls5_castespolymorphic"
"OG0005668_00",0.0102771105975634,0.177282403447693,0.847277017007098,"1e-05 to 1",0.011277023854702,0.00552863445850837,174,"success","pgls5_castespolymorphic"
"OG0005669_00",-0.00759135688528882,0.755734702498017,1,"1e-05 to 1",0.000610377968076066,-0.00520002681117937,174,"success","pgls5_castespolymorphic"
"OG0005670_00",0.0228494605201232,0.0510227386951168,0.901536100838431,"1e-05 to 1",0.0235887072259022,0.0179118973841924,174,"success","pgls5_castespolymorphic"
"OG0005671_00",0.0104597451878539,0.0635736577897403,1e-05,"1e-05 to 1",0.0212145753884126,0.0155239624546243,174,"success","pgls5_castespolymorphic"
"OG0005672_00",-0.0151088994706829,0.253857091510176,1,"1e-05 to 1",0.0089081289957742,0.00314596695505187,174,"success","pgls5_castespolymorphic"
"OG0005673_00",0.003236732542469,0.815859509687578,1,"1e-05 to 1",0.00033782376759276,-0.0054741656291073,174,"success","pgls5_castespolymorphic"
"OG0005674_00",0.0170275979390471,0.235564745497199,1e-05,"1e-05 to 1",0.00883725901234146,0.00307468493683183,174,"success","pgls5_castespolymorphic"
"OG0005675_00",0.00269847983187517,0.918769442343456,0.862156349283875,"1e-05 to 1",6.60337965850841e-05,-0.00574753577436504,174,"success","pgls5_castespolymorphic"
"OG0005676_00",0.0100177480984251,0.653996406003366,1,"1e-05 to 1",0.00124317514021088,-0.00456355058571822,174,"success","pgls5_castespolymorphic"
"OG0005677_00",-0.00714258217790475,0.493078061155476,1,"1e-05 to 1",0.00292282190522983,-0.00287413843253059,174,"success","pgls5_castespolymorphic"
"OG0005678_00",0.0234162094382569,0.069027233984466,1e-05,"1e-05 to 1",0.0203872451468121,0.0146918221534796,174,"success","pgls5_castespolymorphic"
"OG0005679_00",-0.0217585241879219,0.375236498075532,0.979474793843952,"1e-05 to 1",0.00491730594516496,-0.000868058555153928,174,"success","pgls5_castespolymorphic"
"OG0005680_00",-0.0055458495920512,0.512051285032011,1,"1e-05 to 1",0.00269148466072796,-0.00310682066101187,174,"success","pgls5_castespolymorphic"
"OG0005681_00",0.00615688000242777,0.233146949616616,1e-05,"1e-05 to 1",0.0089286621283016,0.00316661946625674,174,"success","pgls5_castespolymorphic"
"OG0005682_00",-0.0013828217870939,0.948998100750987,0.611929578901232,"1e-05 to 1",2.54918902021978e-05,-0.00578831338950603,174,"success","pgls5_castespolymorphic"
"OG0005683_00",0.00466578903146761,0.820207234268255,0.912635283522148,"1e-05 to 1",0.000327915912880532,-0.00548413108762613,174,"success","pgls5_castespolymorphic"
"OG0005684_00",0.0292222981131566,0.0119161199514954,1e-05,"1e-05 to 1",0.0386309887460831,0.0330416340294906,174,"success","pgls5_castespolymorphic"
"OG0005685_00",-0.00393384317284455,0.84341054422518,1,"1e-05 to 1",0.000244603617550632,-0.00556792775676596,174,"success","pgls5_castespolymorphic"
"OG0005686_00",0.0194317422471649,0.13464291517118,0.75242038385766,"1e-05 to 1",0.0140214016258944,0.00828896791441702,174,"success","pgls5_castespolymorphic"
"OG0005687_00",-0.0039687359657865,0.708458186870725,1,"1e-05 to 1",0.000887359127030474,-0.00492143529664957,174,"success","pgls5_castespolymorphic"
"OG0005688_00",0.0089623039413053,0.520958101164356,1e-05,"1e-05 to 1",0.00257970002416139,-0.00321925520825617,174,"success","pgls5_castespolymorphic"
"OG0005689_00",-0.00550035710433215,0.794829179747245,1,"1e-05 to 1",0.000421238277959311,-0.0053902661506573,174,"success","pgls5_castespolymorphic"
"OG0005690_00",0.0154249681266292,0.329530098121787,1,"1e-05 to 1",0.00586962602538666,8.97982697203314e-05,174,"success","pgls5_castespolymorphic"
"OG0005691_00",0.000738835065577446,0.969915576497574,0.782561883394848,"1e-05 to 1",8.91752619384355e-06,-0.00580498411609565,174,"success","pgls5_castespolymorphic"
"OG0005692_00",0.0030709166017036,0.899517959631767,1,"1e-05 to 1",9.93353317647892e-05,-0.00571404062560865,174,"success","pgls5_castespolymorphic"
"OG0005693_00",-0.00540359362643751,0.603876601135682,0.857634733056515,"1e-05 to 1",0.00168627029183005,-0.00411787929949647,174,"success","pgls5_castespolymorphic"
"OG0005694_00",-0.0096073863073485,0.346353732930881,0.206128293640471,"1e-05 to 1",0.00554423353372847,-0.000237486038749957,174,"success","pgls5_castespolymorphic"
"OG0005695_00",0.026250272981877,0.00278883413764275,1,"1e-05 to 1",0.0548457946230456,0.0493507120336446,174,"success","pgls5_castespolymorphic"
"OG0005696_00",0.00252154286803768,0.711109738510165,1e-05,"1e-05 to 1",0.0008596323969087,-0.00494932322869057,174,"success","pgls5_castespolymorphic"
"OG0005697_00",0.0235979879041489,0.0243189082175936,1,"1e-05 to 1",0.0312971264860731,0.0256651330354107,174,"success","pgls5_castespolymorphic"
"OG0005698_00",0.0335924768661009,0.00870505807014865,1,"1e-05 to 1",0.0419737091679146,0.0364037888723792,174,"success","pgls5_castespolymorphic"
"OG0005699_00",0.00828945599477029,0.611899252373343,0.651699241972355,"1e-05 to 1",0.001612598846118,-0.0041919790675673,174,"success","pgls5_castespolymorphic"
"OG0005700_00",-0.00617266999215173,0.628224809761258,0.787917330189257,"1e-05 to 1",0.00146897955825327,-0.00433643335129164,174,"success","pgls5_castespolymorphic"
"OG0005701_00",-0.00510337757686841,0.704986698277065,1,"1e-05 to 1",0.000915461748904947,-0.00489316928743855,174,"success","pgls5_castespolymorphic"
"OG0005702_00",-0.0382571483375572,0.0187104615132059,1,"1e-05 to 1",0.0340663978412079,0.028450504805401,174,"success","pgls5_castespolymorphic"
"OG0005703_00",0.00563019803626574,0.741544075379706,0.952600418989952,"1e-05 to 1",0.000690387558899298,-0.00511955204831627,174,"success","pgls5_castespolymorphic"
"OG0005704_00",-0.0149320243990296,0.409656021434664,0.886119076510763,"1e-05 to 1",0.00422652422019576,-0.00156285645294263,174,"success","pgls5_castespolymorphic"
"OG0005705_00",0.0111323837741872,0.127289506521434,0.442230933905271,"1e-05 to 1",0.0143829961968393,0.00865266477937909,174,"success","pgls5_castespolymorphic"
"OG0005706_00",-0.0110093294652156,0.162315121896723,1e-05,"1e-05 to 1",0.0120170479823827,0.00627296105204778,174,"success","pgls5_castespolymorphic"
"OG0005707_00",0.0116227843249934,0.582617070334017,0.794008728164681,"1e-05 to 1",0.00187998262584503,-0.00392304073098138,174,"success","pgls5_castespolymorphic"
"OG0005708_00",0.0165051815171012,0.375002661744868,0.721237184675274,"1e-05 to 1",0.00492211210669754,-0.000863224450821543,174,"success","pgls5_castespolymorphic"
"OG0005709_00",-0.00440156810529383,0.508035464018906,1,"1e-05 to 1",0.0027259281058896,-0.00307217696326223,174,"success","pgls5_castespolymorphic"
"OG0005710_00",-0.0047983514445909,0.833420617492226,1e-05,"1e-05 to 1",0.000279032537955723,-0.00553329866821906,174,"success","pgls5_castespolymorphic"
"OG0005711_00",-0.00744700260752329,0.495714895998155,0.824623881597845,"1e-05 to 1",0.00298008695409449,-0.00281654044733504,174,"success","pgls5_castespolymorphic"
"OG0005712_00",0.0146546614059789,0.152029250457935,0.79232493552561,"1e-05 to 1",0.0128613954429861,0.00712221750951503,174,"success","pgls5_castespolymorphic"
"OG0005713_00",0.00963876881164336,0.339648645042724,1,"1e-05 to 1",0.0057000016566185,-8.08122872382189e-05,174,"success","pgls5_castespolymorphic"
"OG0005714_00",-0.00721881344538343,0.163968807094792,1e-05,"1e-05 to 1",0.0124603640491707,0.00671885453782872,174,"success","pgls5_castespolymorphic"
"OG0005715_00",0.0385917102568301,0.0347940836908205,0.558306244078751,"1e-05 to 1",0.0278906293346916,0.0222388306680329,174,"success","pgls5_castespolymorphic"
"OG0005716_00",0.00233208657914884,0.87675691141982,0.929995583969813,"1e-05 to 1",0.000150773670608019,-0.00566230322665584,174,"success","pgls5_castespolymorphic"
"OG0005717_00",0.00384604501669789,0.553442742525686,1e-05,"1e-05 to 1",0.00219935653270927,-0.00360180999907711,174,"success","pgls5_castespolymorphic"
"OG0005718_00",0.00982327969907668,0.658469804678286,0.89398907163835,"1e-05 to 1",0.00121662188126098,-0.00459025822408043,174,"success","pgls5_castespolymorphic"
"OG0005719_00",-0.0136365927913435,0.389636164476337,0.891883154605106,"1e-05 to 1",0.00468785060568017,-0.00109884793731019,174,"success","pgls5_castespolymorphic"
"OG0005720_00",-0.0251370620865163,0.0843601374277783,1e-05,"1e-05 to 1",0.018275542471301,0.0125678421368319,174,"success","pgls5_castespolymorphic"
"OG0005721_00",0.01238144840183,0.423434032872449,0.914518641040721,"1e-05 to 1",0.00398432120720623,-0.00180646762298431,174,"success","pgls5_castespolymorphic"
"OG0005722_00",-0.00880479983339387,0.582792473644381,0.863423118546983,"1e-05 to 1",0.0018782355769552,-0.00392479793713219,174,"success","pgls5_castespolymorphic"
"OG0005723_00",-0.00377388806448643,0.730525336467389,1,"1e-05 to 1",0.000752917682313416,-0.00505665837767322,174,"success","pgls5_castespolymorphic"
"OG0005724_00",-0.024162118841036,0.231488384705534,0.831911410106718,"1e-05 to 1",0.0088257301862305,0.00306308908266206,174,"success","pgls5_castespolymorphic"
"OG0005725_00",0.013885834914655,0.174216688070154,0.59610484763336,"1e-05 to 1",0.0115085941195423,0.00576155106209775,174,"success","pgls5_castespolymorphic"
"OG0005726_00",-0.00330982206723556,0.742442824070673,0.426728556217741,"1e-05 to 1",0.000681096901306104,-0.00512889672136074,174,"success","pgls5_castespolymorphic"
"OG0005727_00",0.0142116048189717,0.178953820782862,1e-05,"1e-05 to 1",0.0112607361508314,0.005512252058685,174,"success","pgls5_castespolymorphic"
"OG0005728_00",-0.0258174076874643,0.202803976729564,0.690912470012852,"1e-05 to 1",0.0101180790911512,0.00436295164400669,174,"success","pgls5_castespolymorphic"
"OG0005729_00",-0.0272245327943998,0.108291982012473,0.855360431728865,"1e-05 to 1",0.0160389388044568,0.0103182349602966,174,"success","pgls5_castespolymorphic"
"OG0005730_00",0.0120119229542257,0.49971373995391,0.151660240968807,"1e-05 to 1",0.0028342423928587,-0.00296323294206657,174,"success","pgls5_castespolymorphic"
"OG0005731_00",0.0139339641884312,0.401450778379826,0.746051004104294,"1e-05 to 1",0.00440389275866555,-0.00138445670203979,174,"success","pgls5_castespolymorphic"
"OG0005732_00",-0.0117422628846063,0.569277296832018,0.735228963981555,"1e-05 to 1",0.00204139265993166,-0.00376069226646414,174,"success","pgls5_castespolymorphic"
"OG0005733_00",0.0340286000025904,0.150684661556931,1e-05,"1e-05 to 1",0.0130273434818359,0.0072891303625443,174,"success","pgls5_castespolymorphic"
"OG0005734_00",0.00985822402173594,0.467114684068715,0.592627551022385,"1e-05 to 1",0.00330980889847544,-0.00248490151490555,174,"success","pgls5_castespolymorphic"
"OG0005735_00",-0.00108341605469434,0.93038667404219,1,"1e-05 to 1",4.78448983871597e-05,-0.00576583042197121,174,"success","pgls5_castespolymorphic"
"OG0005736_00",-0.00881830303711328,0.379939293051903,1,"1e-05 to 1",0.00482152740061913,-0.00096439395170278,174,"success","pgls5_castespolymorphic"
"OG0005737_00",-0.0308681052901791,0.156202309992203,0.760023179730397,"1e-05 to 1",0.0124489379645988,0.00670736202253264,174,"success","pgls5_castespolymorphic"
"OG0005738_00",-0.0220682107537376,0.175233969484283,1,"1e-05 to 1",0.0113837627626419,0.00563599394149439,174,"success","pgls5_castespolymorphic"
"OG0005739_00",-0.00450564862122136,0.724408600719806,0.945690394435995,"1e-05 to 1",0.000774199060978423,-0.00503525327006238,174,"success","pgls5_castespolymorphic"
"OG0005740_00",0.0173543504261756,0.14749082731876,1,"1e-05 to 1",0.013149336880656,0.00741183302531101,174,"success","pgls5_castespolymorphic"
"OG0005741_00",-0.0101211993838524,0.375593269883395,0.746030786236004,"1e-05 to 1",0.00490998107624517,-0.000875426010520819,174,"success","pgls5_castespolymorphic"
"OG0005743_00",0.0153458978514134,0.527819328865083,0.761085073955,"1e-05 to 1",0.00251157787084282,-0.00328777342060582,174,"success","pgls5_castespolymorphic"
"OG0005744_00",0.0195357578192968,0.123015014024324,1,"1e-05 to 1",0.0147099688627166,0.00898153844912775,174,"success","pgls5_castespolymorphic"
"OG0005745_00",-0.00554473628213979,0.687087473291182,1,"1e-05 to 1",0.00102966391583176,-0.00477830315442507,174,"success","pgls5_castespolymorphic"
"OG0005746_00",-0.0361862929928764,0.118289670626089,1,"1e-05 to 1",0.0151801534909584,0.00945445670892908,174,"success","pgls5_castespolymorphic"
"OG0005747_00",-0.0107893031069746,0.444021627552102,0.975060418132708,"1e-05 to 1",0.00364358906266352,-0.00214918076836756,174,"success","pgls5_castespolymorphic"
"OG0005748_00",0.00517616589002215,0.742365054879361,0.71342378747241,"1e-05 to 1",0.00067725189170588,-0.00513276408566776,174,"success","pgls5_castespolymorphic"
"OG0005749_00",0.0332954778803679,0.0491150223697678,1,"1e-05 to 1",0.0247460869143331,0.0190760060243002,174,"success","pgls5_castespolymorphic"
"OG0005750_00",0.00667794355676613,0.741108034972554,1,"1e-05 to 1",0.000679859806815909,-0.0051301410082607,174,"success","pgls5_castespolymorphic"
"OG0005751_00",-0.0128950480282637,0.169462448733643,1,"1e-05 to 1",0.0116923362185304,0.00594636142910321,174,"success","pgls5_castespolymorphic"
"OG0005752_00",0.00335155462509224,0.752801205413494,1,"1e-05 to 1",0.000617825813938863,-0.00519253566388711,174,"success","pgls5_castespolymorphic"
"OG0005753_00",0.0116455556678454,0.353045168618856,1,"1e-05 to 1",0.00532617565116044,-0.000456811699704796,174,"success","pgls5_castespolymorphic"
"OG0005754_00",0.0495014178309681,0.0550860658413033,0.824234062340198,"1e-05 to 1",0.0235337772487094,0.0178566480466671,174,"success","pgls5_castespolymorphic"
"OG0005755_00",0.0376341928690997,0.0186011034668541,1,"1e-05 to 1",0.0341285116335185,0.028512979724411,174,"success","pgls5_castespolymorphic"
"OG0005756_00",0.0376311033804527,0.030028505009019,1e-05,"1e-05 to 1",0.029083428759537,0.0234385649732552,174,"success","pgls5_castespolymorphic"
"OG0005757_00",0.0169417900972949,0.488125032661144,1,"1e-05 to 1",0.00300896807772208,-0.00278749141019796,174,"success","pgls5_castespolymorphic"
"OG0005758_00",0.00983612454519626,0.621308130454531,0.607627987290275,"1e-05 to 1",0.00152881120460197,-0.00427625384653396,174,"success","pgls5_castespolymorphic"
"OG0005759_00",-0.00786948939441399,0.471918969325692,0.619245175038135,"1e-05 to 1",0.00323910773583304,-0.00255601373081915,174,"success","pgls5_castespolymorphic"
"OG0005760_00",0.0328553568628611,0.0563409808226105,0.557828998908858,"1e-05 to 1",0.0225745741163001,0.0168918681518598,174,"success","pgls5_castespolymorphic"
"OG0005761_00",-0.0056374196577833,0.564773434245914,0.789620668535964,"1e-05 to 1",0.00208932551147705,-0.00371248073554931,174,"success","pgls5_castespolymorphic"
"OG0005762_00",-0.0184399960190137,0.353148563009232,1,"1e-05 to 1",0.00549351667025986,-0.000288497767703788,174,"success","pgls5_castespolymorphic"
"OG0005763_00",0.00607066189063237,0.320727337856136,1e-05,"1e-05 to 1",0.00616257386851592,0.00038444929798398,174,"success","pgls5_castespolymorphic"
"OG0005764_00",0.00366969543901816,0.73384618330616,0.864462189313491,"1e-05 to 1",0.000720044434499155,-0.0050897227490212,174,"success","pgls5_castespolymorphic"
"OG0005765_00",-0.00392163943818299,0.837766096876124,1,"1e-05 to 1",0.000266142732152054,-0.00554626341475406,174,"success","pgls5_castespolymorphic"
"OG0005766_00",0.0304655158651941,0.0425991574152942,0.673650833606807,"1e-05 to 1",0.0259275327808326,0.0202643207621165,174,"success","pgls5_castespolymorphic"
"OG0005767_00",-0.00275631382793867,0.787256930191558,1,"1e-05 to 1",0.000459400986520695,-0.00535188156588329,174,"success","pgls5_castespolymorphic"
"OG0005768_00",-0.0289260970114438,0.182568453060451,0.382425992915079,"1e-05 to 1",0.011216475223215,0.00546773380009424,174,"success","pgls5_castespolymorphic"
"OG0005769_00",0.000981899847775596,0.897043852893337,0.825938629392295,"1e-05 to 1",0.000105630959495328,-0.00570770839539136,174,"success","pgls5_castespolymorphic"
"OG0005770_00",-0.0455252858055611,0.0377479771748708,0.931404697296653,"1e-05 to 1",0.0263722798008678,0.0207116535206403,174,"success","pgls5_castespolymorphic"
"OG0005771_00",-0.0191974380914365,0.166650952957491,0.800445343763143,"1e-05 to 1",0.0120713039530475,0.00632753246440254,174,"success","pgls5_castespolymorphic"
"OG0005773_00",0.006821564134584,0.387995081754608,1,"1e-05 to 1",0.00469061420132849,-0.00109606827424513,174,"success","pgls5_castespolymorphic"
"OG0005774_00",0.00141203181362139,0.955004437285168,1,"1e-05 to 1",2.03422529874997e-05,-0.0057934929664718,174,"success","pgls5_castespolymorphic"
"OG0005776_00",0.00774454211267334,0.733440816016822,1,"1e-05 to 1",0.000726852464619732,-0.00508287513733019,174,"success","pgls5_castespolymorphic"
"OG0005777_00",-0.0465733440012045,0.0395441805887311,0.798542140631021,"1e-05 to 1",0.0260550880949618,0.0203926176769091,174,"success","pgls5_castespolymorphic"
"OG0005778_00",-0.00196396251943386,0.927688510493244,0.949856316574212,"1e-05 to 1",5.26257326710024e-05,-0.00576102179213911,174,"success","pgls5_castespolymorphic"
"OG0005779_00",0.00216810698720792,0.800895567051669,0.830634811242455,"1e-05 to 1",0.000401172414433759,-0.00541044867618012,174,"success","pgls5_castespolymorphic"
"OG0005780_00",0.00338554120259007,0.685848610161464,1,"1e-05 to 1",0.00102527664923483,-0.00478271592838575,174,"success","pgls5_castespolymorphic"
"OG0005781_00",0.00707527554638227,0.32605033247289,1,"1e-05 to 1",0.00610519185109129,0.000326733664178902,174,"success","pgls5_castespolymorphic"
"OG0005782_00",0.00745806722965246,0.680017632377614,0.943726834787624,"1e-05 to 1",0.00105928350408207,-0.00474851135926624,174,"success","pgls5_castespolymorphic"
"OG0005783_00",0.00271373831948586,0.54235694775599,1,"1e-05 to 1",0.00232448425023507,-0.00347595479482177,174,"success","pgls5_castespolymorphic"
"OG0005784_00",0.0430947503579623,0.166228003780093,1,"1e-05 to 1",0.0167446144681694,0.0110280133894959,174,"success","pgls5_castespolymorphic"
"OG0005785_00",-0.00576595287232396,0.628703031418641,0.411983766259017,"1e-05 to 1",0.00147413254893274,-0.00433125040136417,174,"success","pgls5_castespolymorphic"
"OG0005786_00",0.00577168237644882,0.656924349400786,0.509635408867463,"1e-05 to 1",0.00123610196877851,-0.00457066488024016,174,"success","pgls5_castespolymorphic"
"OG0005787_00",0.00820245280731637,0.698512709405203,0.8720403785862,"1e-05 to 1",0.00094606902483398,-0.00486238406223105,174,"success","pgls5_castespolymorphic"
"OG0005788_00",0.00691887975995635,0.66144461062681,1e-05,"1e-05 to 1",0.00121686216571431,-0.0045900165426247,174,"success","pgls5_castespolymorphic"
"OG0005789_00",0.0034666744502686,0.53035520819062,1e-05,"1e-05 to 1",0.00243485618961277,-0.00336494115812203,174,"success","pgls5_castespolymorphic"
"OG0005790_00",0.0309575458198481,0.08019673257493,0.803926388945253,"1e-05 to 1",0.0223362018665653,0.0166521100169523,174,"success","pgls5_castespolymorphic"
"OG0005791_00",-0.0106840819967044,0.445874089548709,0.713719288420017,"1e-05 to 1",0.00361411073251911,-0.00217883048415213,174,"success","pgls5_castespolymorphic"
"OG0005792_00",-0.0117235433672691,0.360797167855726,1,"1e-05 to 1",0.00557045152901427,-0.000211115613258928,174,"success","pgls5_castespolymorphic"
"OG0005793_00",0.013927578846936,0.418809827614019,0.433982237474828,"1e-05 to 1",0.0041154737995648,-0.00167455251555393,174,"success","pgls5_castespolymorphic"
"OG0005794_00",0.0056082290951424,0.517774410070231,1,"1e-05 to 1",0.00266941345994623,-0.00312902018272854,174,"success","pgls5_castespolymorphic"
"OG0005795_00",0.0011857855498455,0.944593648688491,1,"1e-05 to 1",3.06653937183505e-05,-0.00578310980748098,174,"success","pgls5_castespolymorphic"
"OG0005796_00",0.0453625700309682,0.082372467249787,0.811517534442057,"1e-05 to 1",0.01885733568149,0.0131530178656846,174,"success","pgls5_castespolymorphic"
"OG0005797_00",0.0076830453496351,0.746136031538276,1,"1e-05 to 1",0.00066946305112911,-0.00514059821020152,174,"success","pgls5_castespolymorphic"
"OG0005798_00",0.000947738620518848,0.942141228896042,0.41221623095044,"1e-05 to 1",3.32339489623214e-05,-0.00578052631877624,174,"success","pgls5_castespolymorphic"
"OG0005799_00",-0.00330063334998786,0.744569947314781,1e-05,"1e-05 to 1",0.000669492061150382,-0.00514056903151738,174,"success","pgls5_castespolymorphic"
"OG0005800_00",0.00854016210093767,0.529176569103475,0.48412983243309,"1e-05 to 1",0.00246406427823077,-0.00333556325503537,174,"success","pgls5_castespolymorphic"
"OG0005801_00",0.0140590524181411,0.105694861328505,1,"1e-05 to 1",0.0161756331722589,0.0104557240627952,174,"success","pgls5_castespolymorphic"
"OG0005802_00",0.0424148077919511,0.000415416414917935,0.650360045451419,"1e-05 to 1",0.0747025978035702,0.0693229617442886,174,"success","pgls5_castespolymorphic"
"OG0005803_00",0.0293535964021148,0.0495316297466735,0.661418034749119,"1e-05 to 1",0.0237459270536136,0.0180700312806694,174,"success","pgls5_castespolymorphic"
"OG0005804_00",0.00532868052911093,0.577386541678584,0.831012477959291,"1e-05 to 1",0.00193256698800054,-0.0038701506457901,174,"success","pgls5_castespolymorphic"
"OG0005805_00",-0.00201704844200298,0.881527467356089,1,"1e-05 to 1",0.000139242798874387,-0.00567390113834154,174,"success","pgls5_castespolymorphic"
"OG0005806_00",-0.00217439219808379,0.683352734191305,1,"1e-05 to 1",0.0010425613510683,-0.00476533073410002,174,"success","pgls5_castespolymorphic"
"OG0005807_00",0.00141013858476001,0.875606565205068,1,"1e-05 to 1",0.000152667350213892,-0.00566039853728495,174,"success","pgls5_castespolymorphic"
"OG0005808_00",0.0290876498032479,0.0516936835110944,1,"1e-05 to 1",0.0234548063493863,0.0177772180142083,174,"success","pgls5_castespolymorphic"
"OG0005809_00",-0.0118165125276367,0.542083428048722,1,"1e-05 to 1",0.00231314588354978,-0.00348735908224351,174,"success","pgls5_castespolymorphic"
"OG0005810_00",-0.00191679524153354,0.785851217401691,1e-05,"1e-05 to 1",0.000462724051065273,-0.00534853918119604,174,"success","pgls5_castespolymorphic"
"OG0005811_00",-0.0442393825865714,0.000946665144461178,0.981589936810783,"1e-05 to 1",0.0662245732853735,0.0607956463858699,174,"success","pgls5_castespolymorphic"
"OG0005812_00",-0.00662831587306002,0.593703594801537,1e-05,"1e-05 to 1",0.00177161227029678,-0.0040320411467365,174,"success","pgls5_castespolymorphic"
"OG0005813_00",0.00175567444743982,0.832084805003393,0.786640204718533,"1e-05 to 1",0.000281815191046306,-0.00553049983691278,174,"success","pgls5_castespolymorphic"
"OG0005814_00",-0.00307971130712125,0.723714130618308,0.371100335383354,"1e-05 to 1",0.000788087585887314,-0.00502128399791557,174,"success","pgls5_castespolymorphic"
"OG0005815_00",-0.00245756160120165,0.54352655597215,1e-05,"1e-05 to 1",0.00231105978312126,-0.00348945731116301,174,"success","pgls5_castespolymorphic"
"OG0005816_00",-0.00116715077213836,0.542985598849252,1e-05,"1e-05 to 1",0.00231726214631736,-0.00348321888771586,174,"success","pgls5_castespolymorphic"
"OG0005817_00",-0.00348112324638527,0.720385453591808,1,"1e-05 to 1",0.000802956637778245,-0.00500632849804838,174,"success","pgls5_castespolymorphic"
"OG0005818_00",-0.000548800194778027,0.944248101749883,1,"1e-05 to 1",3.02806880593141e-05,-0.00578349674980072,174,"success","pgls5_castespolymorphic"
"OG0005819_00",0.00770324018138531,0.394712261297042,0.372019663193316,"1e-05 to 1",0.00450304929127341,-0.0012847236779634,174,"success","pgls5_castespolymorphic"
"OG0005820_00",0.00657914935206509,0.336444551851565,0.726842514600272,"1e-05 to 1",0.0058862898641015,0.000106558991218364,174,"success","pgls5_castespolymorphic"
"OG0005821_00",-0.0020006724529689,0.804616995492833,1,"1e-05 to 1",0.000381202979402798,-0.00543053421257733,174,"success","pgls5_castespolymorphic"
"OG0005822_00",-0.000284739646100664,0.989375699686378,0.766630090746488,"1e-05 to 1",1.12580515075939e-06,-0.00581282113784254,174,"success","pgls5_castespolymorphic"
"OG0005823_00",-0.0125695860123824,0.414651441674151,1e-05,"1e-05 to 1",0.00418943524130076,-0.0016001610654357,174,"success","pgls5_castespolymorphic"
"OG0005824_00",-0.00217379144105663,0.799187859905377,0.869966975359148,"1e-05 to 1",0.000405674262551019,-0.00540592065452716,174,"success","pgls5_castespolymorphic"
"OG0005825_00",-0.00148076714301328,0.940504219933702,0.717326308569472,"1e-05 to 1",3.47067253724637e-05,-0.0057790449797126,174,"success","pgls5_castespolymorphic"
"OG0005826_00",-0.00350713558613839,0.838831684036214,1,"1e-05 to 1",0.000256106683195201,-0.00555635781283281,174,"success","pgls5_castespolymorphic"
"OG0005827_00",-0.00704315851321947,0.49369908376099,0.561604588234828,"1e-05 to 1",0.00291444727192907,-0.00288256175555968,174,"success","pgls5_castespolymorphic"
"OG0005828_00",0.00473955987489922,0.380677642057566,1e-05,"1e-05 to 1",0.00496180703988502,-0.000823298733138911,174,"success","pgls5_castespolymorphic"
"OG0005829_00",-0.00858199619272637,0.524694046135416,1,"1e-05 to 1",0.00253380346940768,-0.00326541860344465,174,"success","pgls5_castespolymorphic"
"OG0005830_00",0.00197172981450729,0.88276323322819,1e-05,"1e-05 to 1",0.000137192347312244,-0.00567596351113364,174,"success","pgls5_castespolymorphic"
"OG0005831_00",0.0206154556069757,0.0774904830546963,0.952268157308109,"1e-05 to 1",0.0197182258926759,0.014018913252517,174,"success","pgls5_castespolymorphic"
"OG0005832_00",0.000655034207582968,0.967851487027526,0.826569296422401,"1e-05 to 1",1.01838441381014e-05,-0.00580371043583772,174,"success","pgls5_castespolymorphic"
"OG0005833_00",-0.00914841350183881,0.548805752241303,0.718432954209284,"1e-05 to 1",0.002279676567128,-0.00352102298771428,174,"success","pgls5_castespolymorphic"
"OG0005834_00",0.0256506664884168,0.0853803742400827,1e-05,"1e-05 to 1",0.0182694156859405,0.0125616797306263,174,"success","pgls5_castespolymorphic"
"OG0005835_00",0.0045512563573681,0.815178942978787,0.853257043233383,"1e-05 to 1",0.000340371145270106,-0.00547160344109465,174,"success","pgls5_castespolymorphic"
"OG0005836_00",0.0180271663779119,0.182149753194665,0.49987175922892,"1e-05 to 1",0.0110977262665071,0.0053482944424752,174,"success","pgls5_castespolymorphic"
"OG0005837_00",-0.0211076517917183,0.0581161737490621,1e-05,"1e-05 to 1",0.0221211705368892,0.0164358285051269,174,"success","pgls5_castespolymorphic"
"OG0005838_00",0.0279590210568652,0.0327392813860885,1,"1e-05 to 1",0.0280072058342666,0.0223560849379542,174,"success","pgls5_castespolymorphic"
"OG0005839_00",-0.00234530531770366,0.919551139713956,0.941743326049415,"1e-05 to 1",6.39526683734032e-05,-0.00574962900215925,174,"success","pgls5_castespolymorphic"
"OG0005840_00",0.0011807245416888,0.947064596434366,1,"1e-05 to 1",2.78107571501525e-05,-0.00578598104077321,174,"success","pgls5_castespolymorphic"
"OG0005841_00",0.00603191432320425,0.338754445823439,1e-05,"1e-05 to 1",0.00575707696701226,-2.34051436445171e-05,174,"success","pgls5_castespolymorphic"
"OG0005842_00",0.00518385666283542,0.801637775980749,0.677748856926067,"1e-05 to 1",0.000393164032942164,-0.0054185036180292,174,"success","pgls5_castespolymorphic"
"OG0005843_00",0.00425593806543279,0.83201236599248,1,"1e-05 to 1",0.000282062040844548,-0.00553025155194131,174,"success","pgls5_castespolymorphic"
"OG0005844_00",-0.0110670331610562,0.598522848809375,1e-05,"1e-05 to 1",0.00174754404469403,-0.00405624930388337,174,"success","pgls5_castespolymorphic"
"OG0005845_00",0.0288958118158492,0.188289490483794,1e-05,"1e-05 to 1",0.010861326057727,0.00511051981387645,174,"success","pgls5_castespolymorphic"
"OG0005846_00",-0.00189188407036826,0.94851946596706,1,"1e-05 to 1",2.59732623477341e-05,-0.00578782921868504,174,"success","pgls5_castespolymorphic"
"OG0005847_00",0.0017297637005407,0.884888828716945,1e-05,"1e-05 to 1",0.000130580791309793,-0.00568261350641519,174,"success","pgls5_castespolymorphic"
"OG0005848_00",0.0224762545172978,0.115596411555135,1e-05,"1e-05 to 1",0.0154998863826064,0.00977604851273783,174,"success","pgls5_castespolymorphic"
"OG0005849_00",0.000906573599539896,0.855622197339187,1,"1e-05 to 1",0.000207536645126394,-0.00560521023484384,174,"success","pgls5_castespolymorphic"
"OG0005850_00",0.00920762313952923,0.662618062961165,1e-05,"1e-05 to 1",0.0011853276806176,-0.00462173436775104,174,"success","pgls5_castespolymorphic"
"OG0005851_00",-0.00442407173212673,0.721709608819052,0.567766117811756,"1e-05 to 1",0.000795043596023855,-0.00501428754585964,174,"success","pgls5_castespolymorphic"
"OG0005852_00",-0.00272083236902255,0.507180361272343,1,"1e-05 to 1",0.00275405366052222,-0.00304388788796306,174,"success","pgls5_castespolymorphic"
"OG0005853_00",-0.0310974524375575,0.00695478375382597,0.78360954445902,"1e-05 to 1",0.0446435530282501,0.0390891550807398,174,"success","pgls5_castespolymorphic"
"OG0005854_00",-0.00200529143821168,0.497995111061406,1,"1e-05 to 1",0.002874880084524,-0.00292235898475202,174,"success","pgls5_castespolymorphic"
"OG0005855_00",-0.00193084882504919,0.847215098456922,1e-05,"1e-05 to 1",0.000232717032074572,-0.00557988345029714,174,"success","pgls5_castespolymorphic"
"OG0005856_00",-0.00664899690668072,0.484623626029373,0.810121492706515,"1e-05 to 1",0.00305762357164068,-0.00273855303550108,174,"success","pgls5_castespolymorphic"
"OG0005857_00",-0.0126927484813941,0.394752329647109,0.812298211652452,"1e-05 to 1",0.00455896854844522,-0.0012284793088313,174,"success","pgls5_castespolymorphic"
"OG0005858_00",0.00113125382457077,0.905497101336552,1,"1e-05 to 1",8.78116990286574e-05,-0.00572563125620951,174,"success","pgls5_castespolymorphic"
"OG0005859_00",0.0512432666272777,0.0407562545180471,0.661242258323428,"1e-05 to 1",0.0259035569983823,0.0202402055855823,174,"success","pgls5_castespolymorphic"
"OG0005860_00",-0.00169178628285384,0.873760897552661,1e-05,"1e-05 to 1",0.000158255475957819,-0.00565477792243763,174,"success","pgls5_castespolymorphic"
"OG0005861_00",-0.00441980229756868,0.795624127960657,0.690507759408993,"1e-05 to 1",0.000423179326959912,-0.00538831381648808,174,"success","pgls5_castespolymorphic"
"OG0005862_00",0.00809269734077397,0.251726609859532,1,"1e-05 to 1",0.00825398913198185,0.00248802395251668,174,"success","pgls5_castespolymorphic"
"OG0005863_00",0.0321551064366374,0.0229690140620236,0.848008515775247,"1e-05 to 1",0.0317032604246544,0.0260736282178209,174,"success","pgls5_castespolymorphic"
"OG0005864_00",0.00518145506801896,0.115419144681344,1e-05,"1e-05 to 1",0.0154183596386186,0.00969404777605232,174,"success","pgls5_castespolymorphic"
"OG0005865_00",0.00370810736863701,0.812199191548981,0.592498959138332,"1e-05 to 1",0.000353847562480277,-0.00545804867262167,174,"success","pgls5_castespolymorphic"
"OG0005866_00",0.0174891438864503,0.70842591012669,0.808314993792561,"1e-05 to 1",0.000881967697602758,-0.00492685807159732,174,"success","pgls5_castespolymorphic"
"OG0005867_00",0.0273877620431734,0.192911109849097,1e-05,"1e-05 to 1",0.0105721265184482,0.00481963888192749,174,"success","pgls5_castespolymorphic"
"OG0005868_00",0.00251494366526713,0.827733939719969,1,"1e-05 to 1",0.000293166630841618,-0.00551908240037435,174,"success","pgls5_castespolymorphic"
"OG0005869_00",-0.00324507768717937,0.600942741477547,1,"1e-05 to 1",0.00172453577236432,-0.00407939134523816,174,"success","pgls5_castespolymorphic"
"OG0005870_00",0.0194735627887449,0.124890266156311,1e-05,"1e-05 to 1",0.0147474275582763,0.00901921492780111,174,"success","pgls5_castespolymorphic"
"OG0005871_00",-0.00196499637795509,0.900666358780459,0.797306093234068,"1e-05 to 1",0.000149077469512489,-0.0056640092893856,174,"success","pgls5_castespolymorphic"
"OG0005872_00",-0.0176477757441992,0.100505737879768,1e-05,"1e-05 to 1",0.0167698611666631,0.0110534068711203,174,"success","pgls5_castespolymorphic"
"OG0005873_00",-0.0336915645034471,0.0372528225704962,1,"1e-05 to 1",0.0275163348067969,0.021862360009162,174,"success","pgls5_castespolymorphic"
"OG0005874_00",0.0390535205911805,0.0104575333042494,1,"1e-05 to 1",0.0407657285433963,0.035188785104695,174,"success","pgls5_castespolymorphic"
"OG0005875_00",0.0463201726132969,0.0207423473544832,1,"1e-05 to 1",0.0329753335607628,0.0273530971279765,174,"success","pgls5_castespolymorphic"
"OG0005876_00",0.0290442658514586,0.0859891228348839,0.632788884081599,"1e-05 to 1",0.0184266811730051,0.012719859551918,174,"success","pgls5_castespolymorphic"
"OG0005877_00",-0.00519893767811387,0.754472718639362,0.773547524556285,"1e-05 to 1",0.000616909444386637,-0.00519345736116916,174,"success","pgls5_castespolymorphic"
"OG0005878_00",0.000477980630229246,0.967462857717817,0.929993339526716,"1e-05 to 1",1.0431684545799e-05,-0.00580346115449748,174,"success","pgls5_castespolymorphic"
"OG0005879_00",0.0373618124739299,0.0350889490982345,0.506079543820599,"1e-05 to 1",0.0276287290269862,0.0219754076841198,174,"success","pgls5_castespolymorphic"
"OG0005880_00",-0.000778855670501004,0.946360138884587,0.697475570616793,"1e-05 to 1",2.85570009749156e-05,-0.00578523045832191,174,"success","pgls5_castespolymorphic"
"OG0005881_00",0.00165886221388408,0.0995034653627838,1e-05,"1e-05 to 1",0.0167641765843568,0.0110476892389171,174,"success","pgls5_castespolymorphic"
"OG0005882_00",0.0178213119318589,0.0517114958969731,1e-05,"1e-05 to 1",0.0235974711000549,0.0179207122111017,174,"success","pgls5_castespolymorphic"
"OG0005883_00",-0.0064009375607846,0.351741390048657,1e-05,"1e-05 to 1",0.00545609777948927,-0.000326134210164808,174,"success","pgls5_castespolymorphic"
"OG0005884_00",-0.0042216173594699,0.619090556291226,0.252730445614904,"1e-05 to 1",0.00154830824908278,-0.00425664344714338,174,"success","pgls5_castespolymorphic"
"OG0005885_00",-0.0124011823049846,0.445737488139397,1e-05,"1e-05 to 1",0.00363890905160648,-0.00215388798879124,174,"success","pgls5_castespolymorphic"
"OG0005886_00",-0.00592411082423899,0.564713874005932,0.837190223073781,"1e-05 to 1",0.00206394834376722,-0.00373800544493164,174,"success","pgls5_castespolymorphic"
"OG0005887_00",-0.00494477337004497,0.56085008048435,0.936945925527817,"1e-05 to 1",0.00210514972519015,-0.00369656452059375,174,"success","pgls5_castespolymorphic"
"OG0005888_00",-0.00687375574878252,0.39476384535985,1e-05,"1e-05 to 1",0.00450206888776916,-0.00128570978148801,174,"success","pgls5_castespolymorphic"
"OG0005889_00",-0.00307897537213759,0.528976229941536,1,"1e-05 to 1",0.00246645908479363,-0.00333315452517846,174,"success","pgls5_castespolymorphic"
"OG0005890_00",0.0109400547033822,0.203971844095551,1e-05,"1e-05 to 1",0.00994215146786487,0.00418600118570123,174,"success","pgls5_castespolymorphic"
"OG0005891_00",-0.00018371813068314,0.98359786775197,1,"1e-05 to 1",2.63332197005924e-06,-0.00581130485639059,174,"success","pgls5_castespolymorphic"
"OG0005892_00",-0.0143140514081936,0.36312902337613,0.244447194746594,"1e-05 to 1",0.00513962956891421,-0.000644442352196739,174,"success","pgls5_castespolymorphic"
"OG0005893_00",0.00926079064994585,0.0785599208663066,1,"1e-05 to 1",0.0193337751502775,0.0136322273313837,174,"success","pgls5_castespolymorphic"
"OG0005894_00",0.00805050784446285,0.668834201175266,0.93320377692289,"1e-05 to 1",0.00113228658396154,-0.00467508384287596,174,"success","pgls5_castespolymorphic"
"OG0005895_00",-0.00196862067003107,0.524650989483465,1,"1e-05 to 1",0.00251855899822533,-0.00328075170527331,174,"success","pgls5_castespolymorphic"
"OG0005896_00",0.00604258231328403,0.775263186879118,0.886595069982338,"1e-05 to 1",0.00050771089333871,-0.00530329078751413,174,"success","pgls5_castespolymorphic"
"OG0005897_00",-0.0010651260662979,0.97351141394663,0.898853113763481,"1e-05 to 1",6.82685906243564e-06,-0.0058070869382687,174,"success","pgls5_castespolymorphic"
"OG0005898_00",0.00297827560748139,0.615021679007354,1,"1e-05 to 1",0.00156487679482475,-0.00423997857264724,174,"success","pgls5_castespolymorphic"
"OG0005899_00",-0.0138114058977229,0.43093882301724,0.779962970369898,"1e-05 to 1",0.00383342828401636,-0.00195823783061155,174,"success","pgls5_castespolymorphic"
"OG0005900_00",-0.0150106301553544,0.312774394572729,0.417293892753671,"1e-05 to 1",0.00628922543612849,0.000511837211920052,174,"success","pgls5_castespolymorphic"
"OG0005901_00",-0.00244078586646081,0.743028219647254,1e-05,"1e-05 to 1",0.000669447843836831,-0.00514061350590844,174,"success","pgls5_castespolymorphic"
"OG0005902_00",0.0378729961754292,0.319296656279729,0.686192683340343,"1e-05 to 1",0.00631745942976555,0.000540235356682794,174,"success","pgls5_castespolymorphic"
"OG0005903_00",0.0113366679402933,0.627350163949449,1,"1e-05 to 1",0.0014857723203562,-0.004319542956851,174,"success","pgls5_castespolymorphic"
"OG0005904_00",-0.0221400167549442,0.370852759926615,1,"1e-05 to 1",0.00500810792161887,-0.000776728660232262,174,"success","pgls5_castespolymorphic"
"OG0005905_00",0.0322176784667096,0.0961444145971067,1,"1e-05 to 1",0.0171003105799267,0.0113857775019029,174,"success","pgls5_castespolymorphic"
"OG0005906_00",0.00735641715410278,0.62593445189972,1,"1e-05 to 1",0.00149801331335425,-0.00430723079528894,174,"success","pgls5_castespolymorphic"
"OG0005907_00",0.00496072377444093,0.760067643319807,1,"1e-05 to 1",0.000584554960080615,-0.00522599995294204,174,"success","pgls5_castespolymorphic"
"OG0005908_00",-0.0115643407119956,0.30583336382273,1,"1e-05 to 1",0.00655259009835225,0.000776733064040358,174,"success","pgls5_castespolymorphic"
"OG0005909_00",0.0219854115664758,0.0516510222920605,0.15708242815634,"1e-05 to 1",0.0234632659538578,0.0177857268024267,174,"success","pgls5_castespolymorphic"
"OG0005910_00",0.0056319067358457,0.384847060905914,1,"1e-05 to 1",0.00472333380619408,-0.00106315843911875,174,"success","pgls5_castespolymorphic"
"OG0005911_00",0.00260616506311359,0.802997837085901,1e-05,"1e-05 to 1",0.000387679288038014,-0.00542402025098498,174,"success","pgls5_castespolymorphic"
"OG0005912_00",0.00169901839655084,0.823133439342189,0.791616335483913,"1e-05 to 1",0.000311225320996647,-0.00550091871783476,174,"success","pgls5_castespolymorphic"
"OG0005913_00",0.015445282520765,0.0895267777647819,0.724771427289114,"1e-05 to 1",0.0176919961089607,0.0119809030630826,174,"success","pgls5_castespolymorphic"
"OG0005914_00",-0.00210653566063568,0.782930219335384,1,"1e-05 to 1",0.000472793119493251,-0.00533841157167259,174,"success","pgls5_castespolymorphic"
"OG0005915_00",0.00740846435419068,0.401220067569469,1,"1e-05 to 1",0.00440820103190948,-0.0013801233806956,174,"success","pgls5_castespolymorphic"
"OG0005916_00",0.0168848211452509,0.285420917748326,1,"1e-05 to 1",0.00708436966735483,0.00131160437472311,174,"success","pgls5_castespolymorphic"
"OG0005917_00",0.0120146234230642,0.381858192106667,1,"1e-05 to 1",0.00478292288466666,-0.00100322291251564,174,"success","pgls5_castespolymorphic"
"OG0005919_00",0.0267216396261091,0.212253587959887,1,"1e-05 to 1",0.00970791036875022,0.00395039821973131,174,"success","pgls5_castespolymorphic"
"OG0005920_00",0.0282850060435367,0.0130020409620188,0.470384474092972,"1e-05 to 1",0.037937135829589,0.0323437470844122,174,"success","pgls5_castespolymorphic"
"OG0005921_00",-0.00690783231910327,0.80234422259145,0.824728232927294,"1e-05 to 1",0.000392756604608076,-0.00541891341513279,174,"success","pgls5_castespolymorphic"
"OG0005922_00",0.010623025822134,0.520458468460751,0.623157503021465,"1e-05 to 1",0.0026353857502527,-0.00316324572794358,174,"success","pgls5_castespolymorphic"
"OG0005923_00",0.0064605309665021,0.713465776960887,0.945813446522181,"1e-05 to 1",0.000845029267157315,-0.00496401126035906,174,"success","pgls5_castespolymorphic"
"OG0005924_00",0.00949924372466843,0.574309186171604,0.958427886559674,"1e-05 to 1",0.00196394893377653,-0.00383858624684108,174,"success","pgls5_castespolymorphic"
"OG0005925_00",0.00981324519337634,0.520008694182713,0.305463160880267,"1e-05 to 1",0.00259145613201978,-0.00320743075093355,174,"success","pgls5_castespolymorphic"
"OG0005926_00",0.0122870305074208,0.484269087277988,0.911911338489224,"0.001 to 1",0.00304353030862719,-0.00275272823609019,174,"success","pgls5_castespolymorphic"
"OG0005927_00",-0.0233092847872866,0.00912014593838606,1,"1e-05 to 1",0.0425141168362566,0.0369473384457698,174,"success","pgls5_castespolymorphic"
"OG0005928_00",-0.0205647977312756,0.0894321013766193,1,"1e-05 to 1",0.0180343755852747,0.0123252731177472,174,"success","pgls5_castespolymorphic"
"OG0005929_00",0.00217608456147825,0.73470685222191,1,"1e-05 to 1",0.000719697147483336,-0.00509007205514767,174,"success","pgls5_castespolymorphic"
"OG0005930_00",0.0198492994491106,0.492908484894443,0.737468530106439,"1e-05 to 1",0.00292511174233678,-0.00287183528241708,174,"success","pgls5_castespolymorphic"
"OG0005931_00",0.0027884822587892,0.703634445670634,1,"1e-05 to 1",0.000906910368081849,-0.00490177038559203,174,"success","pgls5_castespolymorphic"
"OG0005932_00",0.0012533094484117,0.909929384202157,1,"1e-05 to 1",8.02337307902549e-05,-0.00573325328240282,174,"success","pgls5_castespolymorphic"
"OG0005933_00",-0.0180227396275013,0.129430469147686,0.520866114762667,"1e-05 to 1",0.0142237451314734,0.0084924878357262,174,"success","pgls5_castespolymorphic"
"OG0005934_00",-0.000837518975360966,0.957312938900201,0.671026817256405,"1e-05 to 1",1.79622335561461e-05,-0.00579588682322552,174,"success","pgls5_castespolymorphic"
"OG0005935_00",-0.0304819085074034,0.0785439408967643,0.92930509031387,"1e-05 to 1",0.0190971991264287,0.0133942758655359,174,"success","pgls5_castespolymorphic"
"OG0005936_00",0.00290139239305613,0.889421640759664,0.82349634933464,"1e-05 to 1",0.000120434717497644,-0.00569281856902859,174,"success","pgls5_castespolymorphic"
"OG0005937_00",-0.00161893205678696,0.431045879244207,1e-05,"1e-05 to 1",0.00385547780315137,-0.00193606011659786,174,"success","pgls5_castespolymorphic"
"OG0005938_00",0.0215070737174543,0.0135491707604862,1e-05,"1e-05 to 1",0.0374974677262468,0.0319015227711669,174,"success","pgls5_castespolymorphic"
"OG0005939_00",-0.0407633028434689,0.157299528951822,1,"1e-05 to 1",0.0123836230650208,0.00664166738516625,174,"success","pgls5_castespolymorphic"
"OG0005940_00",0.0107113989067383,0.446237757230496,0.981400341472664,"1e-05 to 1",0.00360834583069796,-0.00218462890284443,174,"success","pgls5_castespolymorphic"
"OG0005941_00",0.00283627270860819,0.872700864662012,1,"1e-05 to 1",0.000160947124743331,-0.00565207062453155,174,"success","pgls5_castespolymorphic"
"OG0005942_00",0.0183998185842264,0.561796048481562,1,"1e-05 to 1",0.00210813312233581,-0.00369356377811569,174,"success","pgls5_castespolymorphic"
"OG0005943_00",0.0364764038916823,0.00507384635029906,1,"1e-05 to 1",0.0486363973717868,0.0431052136355763,174,"success","pgls5_castespolymorphic"
"OG0005944_00",-0.00834643128541941,0.783623016848585,0.931158707368307,"1e-05 to 1",0.000475629238285936,-0.0053355589638171,174,"success","pgls5_castespolymorphic"
"OG0005945_00",-0.0134572882248236,0.653453874983214,0.928453023210978,"1e-05 to 1",0.00126297785860673,-0.00454363273523861,174,"success","pgls5_castespolymorphic"
"OG0005946_00",-0.0171935087810765,0.307780290209908,0.429048976777897,"1e-05 to 1",0.0072728516840831,0.00150118221713014,174,"success","pgls5_castespolymorphic"
"OG0005947_00",0.0207102787362227,0.027616999993372,1,"1e-05 to 1",0.0301466886076292,0.0245080065646502,174,"success","pgls5_castespolymorphic"
"OG0005948_00",-0.0527650875331043,0.0593166077465428,0.763696823640577,"1e-05 to 1",0.0220501385624731,0.0163643835541153,174,"success","pgls5_castespolymorphic"
"OG0005949_00",0.0130424778723101,0.369135355394168,0.863694130480184,"1e-05 to 1",0.0050758314179413,-0.000708611422652217,174,"success","pgls5_castespolymorphic"
"OG0005950_00",0.00022919828316126,0.978786173243542,1e-05,"1e-05 to 1",4.40536771841783e-06,-0.00580952250805056,174,"success","pgls5_castespolymorphic"
"OG0005951_00",0.00181224706623439,0.945474900604892,0.876069496991807,"1e-05 to 1",2.91411188648085e-05,-0.00578464294439751,174,"success","pgls5_castespolymorphic"
"OG0005952_00",-0.0149747324146559,0.371731753970334,1,"1e-05 to 1",0.00495877028368348,-0.000826353144899761,174,"success","pgls5_castespolymorphic"
"OG0005953_00",-0.032539230109225,0.0086806536935562,1,"1e-05 to 1",0.0425222275704442,0.0369554963353885,174,"success","pgls5_castespolymorphic"
"OG0005954_00",-0.00126394733600939,0.927773147292249,1e-05,"1e-05 to 1",5.1839813425172e-05,-0.00576181228068284,174,"success","pgls5_castespolymorphic"
"OG0005955_00",0.046572226131738,0.0261661756132188,1,"1e-05 to 1",0.0307167066526249,0.0250813386680472,174,"success","pgls5_castespolymorphic"
"OG0005956_00",0.017803653175362,0.401109318410795,0.562461833461724,"1e-05 to 1",0.00438285273817668,-0.00140561904822945,174,"success","pgls5_castespolymorphic"
"OG0005957_00",-0.00305765836200337,0.732619457233651,1e-05,"1e-05 to 1",0.000731515688990606,-0.0050781848011896,174,"success","pgls5_castespolymorphic"
"OG0005958_00",0.00492820000387183,0.760610339418959,1,"1e-05 to 1",0.000578207062268423,-0.00523238475713694,174,"success","pgls5_castespolymorphic"
"OG0005959_00",0.0264479317486216,0.182491822570205,0.884134342514772,"1e-05 to 1",0.0110804736559285,0.0053309415260212,174,"success","pgls5_castespolymorphic"
"OG0005960_00",0.00497175351335285,0.801111648644756,0.814151296860229,"1e-05 to 1",0.000397774570222735,-0.00541386627529916,174,"success","pgls5_castespolymorphic"
"OG0005961_00",-0.00034555996828489,0.979162042298498,1,"1e-05 to 1",4.27725545428741e-06,-0.00580965136515355,174,"success","pgls5_castespolymorphic"
"OG0005962_00",-0.00345426438496965,0.821170633893436,0.632365830862217,"1e-05 to 1",0.000320284985666342,-0.00549180638069613,174,"success","pgls5_castespolymorphic"
"OG0005963_00",-0.0021758037793031,0.800333478458997,0.531023294050235,"1e-05 to 1",0.000400960037869606,-0.00541066228749165,174,"success","pgls5_castespolymorphic"
"OG0005964_00",-0.0192904502786712,0.292101769057504,1e-05,"1e-05 to 1",0.00715808235961593,0.00138574562914862,174,"success","pgls5_castespolymorphic"
"OG0005965_00",-0.0286062364566712,0.253192825301688,0.726935003549515,"1e-05 to 1",0.00820333342159004,0.00243707373218072,174,"success","pgls5_castespolymorphic"
"OG0005966_00",-0.0145453654541625,0.305948891881292,1e-05,"1e-05 to 1",0.00659065540447989,0.000815019680087348,174,"success","pgls5_castespolymorphic"
"OG0005967_00",0.032318533295092,0.0993099307238148,0.898862581677012,"1e-05 to 1",0.0168875364456555,0.0111717663087118,174,"success","pgls5_castespolymorphic"
"OG0005968_00",0.0123514955462654,0.166854992478063,1e-05,"1e-05 to 1",0.0118356923989033,0.00609055107564105,174,"success","pgls5_castespolymorphic"
"OG0005969_00",-0.014826162686685,0.381106974754621,0.830478648060159,"1e-05 to 1",0.00473872708079781,-0.00104767566873254,174,"success","pgls5_castespolymorphic"
"OG0005970_00",0.0136971023495488,0.65392419562533,0.859615837035869,"1e-05 to 1",0.0016260988991644,-0.00417840052584051,174,"success","pgls5_castespolymorphic"
"OG0005971_00",-0.00626859115535697,0.606567496889991,1,"1e-05 to 1",0.00166132845573274,-0.00414296614626886,174,"success","pgls5_castespolymorphic"
"OG0005972_00",-0.00314027487897998,0.893744396178829,0.618370678304116,"1e-05 to 1",0.000111844858989323,-0.00570145836857483,174,"success","pgls5_castespolymorphic"
"OG0005973_00",-0.00405642518496071,0.735119899537113,0.883086763897874,"1e-05 to 1",0.000717371236265122,-0.00509241148910533,174,"success","pgls5_castespolymorphic"
"OG0005974_00",0.00744075464754294,0.354901827193339,1,"1e-05 to 1",0.00531819184703111,-0.00046484192130003,174,"success","pgls5_castespolymorphic"
"OG0005975_00",0.0280007493086557,0.0581277723792892,0.626953159446624,"1e-05 to 1",0.0222562703884561,0.0165717138209471,174,"success","pgls5_castespolymorphic"
"OG0005976_00",-0.0040281957655979,0.694004696502584,0.809423096012762,"1e-05 to 1",0.000963917761826572,-0.00484443155351166,174,"success","pgls5_castespolymorphic"
"OG0005977_00",-0.0201422444947488,0.409273026782176,1,"1e-05 to 1",0.00423342770881838,-0.00155591282775824,174,"success","pgls5_castespolymorphic"
"OG0005978_00",0.00578588632211712,0.641538796164072,1,"1e-05 to 1",0.0013494573267971,-0.00445665047944255,174,"success","pgls5_castespolymorphic"
"OG0005979_00",0.0114204640061364,0.346063039557182,1,"1e-05 to 1",0.00565700663878282,-0.000124057276108092,174,"success","pgls5_castespolymorphic"
"OG0005980_00",0.00603950769531367,0.781043906147666,0.909999739741103,"1e-05 to 1",0.000484276197254989,-0.00532686173183072,174,"success","pgls5_castespolymorphic"
"OG0005981_00",-0.0351678154830804,0.0312879618315169,1,"1e-05 to 1",0.0295672235634694,0.0239251725376757,174,"success","pgls5_castespolymorphic"
"OG0005982_00",0.0045520790268173,0.795804570790353,1,"1e-05 to 1",0.000417153075998746,-0.00539437510379193,174,"success","pgls5_castespolymorphic"
"OG0005983_00",-0.0384053752956204,0.096413624235943,0.735897229339557,"1e-05 to 1",0.0171790204625257,0.0114649450000985,174,"success","pgls5_castespolymorphic"
"OG0005984_00",0.0122760249476826,0.270399130390101,0.646534544424129,"1e-05 to 1",0.00753973671041187,0.0017696189005888,174,"success","pgls5_castespolymorphic"
"OG0005985_00",-0.00140479031270466,0.846533014830323,1,"1e-05 to 1",0.000233362573931998,-0.00557923415528938,174,"success","pgls5_castespolymorphic"
"OG0005986_00",-0.0207029435906681,0.126842042583177,0.834820762159127,"1e-05 to 1",0.0144166532669321,0.00868651753011196,174,"success","pgls5_castespolymorphic"
"OG0005987_00",0.00344852234400118,0.835042866556921,1,"1e-05 to 1",0.000271831347580501,-0.00554054172597995,174,"success","pgls5_castespolymorphic"
"OG0005988_00",0.00481616545079465,0.77134526498432,0.683908912773203,"1e-05 to 1",0.000526073744692915,-0.00528482117539619,174,"success","pgls5_castespolymorphic"
"OG0005989_00",0.0424516349405134,0.00311491803149222,1e-05,"1e-05 to 1",0.0536416378877889,0.0481395543871365,174,"success","pgls5_castespolymorphic"
"OG0005990_00",0.000397416832637181,0.954547579364313,1,"1e-05 to 1",2.03674591874971e-05,-0.00579346761372412,174,"success","pgls5_castespolymorphic"
"OG0005991_00",-0.0160551974541333,0.347518941016469,0.859199695207571,"1e-05 to 1",0.00548329480189326,-0.000298779065537547,174,"success","pgls5_castespolymorphic"
"OG0005992_00",-0.00981220085070023,0.18152543268334,1,"1e-05 to 1",0.0111293106791798,0.00538006248545408,174,"success","pgls5_castespolymorphic"
"OG0005993_00",0.00866273192356122,0.473087452550737,1,"1e-05 to 1",0.00318224852197921,-0.00261320352149763,174,"success","pgls5_castespolymorphic"
"OG0005994_00",0.00882688696650171,0.672744874836164,1,"1e-05 to 1",0.0011109536922373,-0.00469654076304038,174,"success","pgls5_castespolymorphic"
"OG0005995_00",-0.0200368205711787,0.158208230228343,1e-05,"1e-05 to 1",0.0124067385801662,0.00666491729284158,174,"success","pgls5_castespolymorphic"
"OG0005996_00",0.0209411247004552,0.282101131388398,0.426746420471072,"1e-05 to 1",0.0072726787318035,0.00150100825931387,174,"success","pgls5_castespolymorphic"
"OG0005997_00",0.0120760725216317,0.541460659410407,0.129769100869507,"1e-05 to 1",0.00233480764597326,-0.00346557137934078,174,"success","pgls5_castespolymorphic"
"OG0005998_00",0.0064617223559876,0.634227106755947,1e-05,"1e-05 to 1",0.00140941572509107,-0.00439634348580942,174,"success","pgls5_castespolymorphic"
"OG0005999_00",0.0185107753174852,0.0505031630322934,1e-05,"1e-05 to 1",0.0236936719167024,0.0180174723348228,174,"success","pgls5_castespolymorphic"
"OG0006000_00",-0.0144473313297385,0.0602747638835324,1,"1e-05 to 1",0.021619053495566,0.0159307921786798,174,"success","pgls5_castespolymorphic"
"OG0006001_00",-0.00740459422708262,0.580130884531752,1,"1e-05 to 1",0.00190485924371227,-0.00389801948161494,174,"success","pgls5_castespolymorphic"
"OG0006002_00",0.0319531277559572,0.11805387164769,0.884434770708929,"1e-05 to 1",0.015105500772045,0.00937936996258015,174,"success","pgls5_castespolymorphic"
"OG0006003_00",-0.000793512452120757,0.892991173283428,1,"1e-05 to 1",0.00011344570944668,-0.00569984821084724,174,"success","pgls5_castespolymorphic"
"OG0006004_00",0.00550740159143572,0.497895573227929,0.139797451339162,"1e-05 to 1",0.00287621010017181,-0.00292102123645499,174,"success","pgls5_castespolymorphic"
"OG0006005_00",-0.0163659693707016,0.472574815422104,0.603434735322018,"1e-05 to 1",0.00324988802137825,-0.00254517076919525,174,"success","pgls5_castespolymorphic"
"OG0006006_00",-0.0143914265285493,0.467472488112568,1,"1e-05 to 1",0.00332531694595378,-0.00246930330436035,174,"success","pgls5_castespolymorphic"
"OG0006007_00",0.0109394728461915,0.502711079278641,1,"1e-05 to 1",0.00279487808684379,-0.00300282611032565,174,"success","pgls5_castespolymorphic"
"OG0006008_00",-0.00552545372122895,0.781677790078666,0.979177023808426,"1e-05 to 1",0.000481404164725601,-0.00532975046222361,174,"success","pgls5_castespolymorphic"
"OG0006009_00",-0.00122980936116406,0.940107394033718,0.0844445983095878,"1e-05 to 1",3.6071053596302e-05,-0.00577767271934793,174,"success","pgls5_castespolymorphic"
"OG0006010_00",-0.00106673736343669,0.954414614106476,1,"1e-05 to 1",2.10139111336581e-05,-0.00579281740333637,174,"success","pgls5_castespolymorphic"
"OG0006011_00",0.00205068166330583,0.87180115982252,0.883345813380736,"1e-05 to 1",0.00016637902963208,-0.00564660713880039,174,"success","pgls5_castespolymorphic"
"OG0006012_00",-0.0153847638804099,0.275018382774654,0.873667528230428,"1e-05 to 1",0.00748938769784327,0.00171897716120284,174,"success","pgls5_castespolymorphic"
"OG0006013_00",-0.00681054608535958,0.232506590414254,0.857242749595417,"1e-05 to 1",0.0089530610716455,0.00319116026392263,174,"success","pgls5_castespolymorphic"
"OG0006014_00",-0.0239507326741738,0.211284059683634,0.646494985295605,"1e-05 to 1",0.0098102012486159,0.00405328381401482,174,"success","pgls5_castespolymorphic"
"OG0006015_00",0.0124464280055405,0.715844427085609,0.698416661955564,"1e-05 to 1",0.000830429685686382,-0.00497869572311771,174,"success","pgls5_castespolymorphic"
"OG0006016_00",-0.0127146411127324,0.442239300092795,1e-05,"1e-05 to 1",0.00367213047514227,-0.00212047341744404,174,"success","pgls5_castespolymorphic"
"OG0006017_00",0.0150896305390678,0.328064551788941,0.672005094341793,"1e-05 to 1",0.00609328484963591,0.00031475743597098,174,"success","pgls5_castespolymorphic"
"OG0006018_00",-0.026210567171372,0.331679085783051,1,"1e-05 to 1",0.00585398208742666,7.40633786328049e-05,174,"success","pgls5_castespolymorphic"
"OG0006019_00",-0.0151943958826169,0.259275366091752,0.85381370369257,"1e-05 to 1",0.00789770234361744,0.00212966572933615,174,"success","pgls5_castespolymorphic"
"OG0006020_00",-0.00528915811766946,0.529872074427717,0.974486082728539,"1e-05 to 1",0.00247114036198409,-0.00332844603126015,174,"success","pgls5_castespolymorphic"
"OG0006021_00",-0.00151706160908069,0.720113629486191,1e-05,"1e-05 to 1",0.000804586499087761,-0.00500468916080132,174,"success","pgls5_castespolymorphic"
"OG0006022_00",-0.000865430054095302,0.939695606830512,0.877495311075527,"1e-05 to 1",3.56583385853543e-05,-0.00577808783386469,174,"success","pgls5_castespolymorphic"
"OG0006023_00",-0.00233986476396783,0.794851863778938,1e-05,"1e-05 to 1",0.000421143029877658,-0.00539036195250686,174,"success","pgls5_castespolymorphic"
"OG0006024_00",0.0114850782342199,0.324603262732905,0.982455734304867,"1e-05 to 1",0.00606493263601522,0.000286240383899017,174,"success","pgls5_castespolymorphic"
"OG0006025_00",-0.0107083690236793,0.585265617066858,0.513686852872955,"1e-05 to 1",0.00185371468171971,-0.00394946139571228,174,"success","pgls5_castespolymorphic"
"OG0006026_00",-0.0136592254954814,0.361370888658914,1,"1e-05 to 1",0.00514534498489361,-0.000638693707054605,174,"success","pgls5_castespolymorphic"
"OG0006028_00",0.0408487880156434,0.0688444082352464,0.781792763819861,"1e-05 to 1",0.0206687454632806,0.014974959099695,174,"success","pgls5_castespolymorphic"
"OG0006029_00",0.0457368349026154,0.102284050591911,1,"1e-05 to 1",0.0165976378553656,0.0108801822615014,174,"success","pgls5_castespolymorphic"
"OG0006030_00",-0.0128838750826621,0.351569936358622,0.936902020776106,"1e-05 to 1",0.00539212082292448,-0.000390483125779273,174,"success","pgls5_castespolymorphic"
"OG0006031_00",-0.00112869967858534,0.701385949411387,1,"1e-05 to 1",0.00091567613590044,-0.00489295365400699,174,"success","pgls5_castespolymorphic"
"OG0006032_00",0.033001673369508,0.0149015011540308,1e-05,"1e-05 to 1",0.0364838972870415,0.0308820594805709,174,"success","pgls5_castespolymorphic"
"OG0006033_00",-0.00679648401397221,0.648899448488078,1,"1e-05 to 1",0.00129068902985723,-0.00451576045252744,174,"success","pgls5_castespolymorphic"
"OG0006034_00",0.0167816081102468,0.163673057915575,1e-05,"1e-05 to 1",0.0120141184391848,0.00627001447662179,174,"success","pgls5_castespolymorphic"
"OG0006035_00",-0.00312477957803825,0.676148417876903,1,"1e-05 to 1",0.00108659316254569,-0.00472104292371878,174,"success","pgls5_castespolymorphic"
"OG0006036_00",-0.0262381308261894,0.114534876222885,0.801802135523488,"1e-05 to 1",0.0153972663114663,0.00967283181327716,174,"success","pgls5_castespolymorphic"
"OG0006037_00",-0.0213214462170611,0.415811076624747,1,"1e-05 to 1",0.00411686139941252,-0.0016731568482653,174,"success","pgls5_castespolymorphic"
"OG0006038_00",-0.0110087499976405,0.327307433033018,1,"1e-05 to 1",0.00596045518951442,0.000181155510383557,174,"success","pgls5_castespolymorphic"
"OG0006039_00",-0.0354306597837069,0.339589950717667,1,"1e-05 to 1",0.00570138335937793,-7.9422551323427e-05,174,"success","pgls5_castespolymorphic"
"OG0006040_00",0.0334939329998696,0.0328863709086156,0.895494861814175,"1e-05 to 1",0.028133525627731,0.0224831391488225,174,"success","pgls5_castespolymorphic"
"OG0006041_00",-0.00808280227504961,0.503790201668426,0.766110888165299,"1e-05 to 1",0.00278080322560448,-0.00301698280215357,174,"success","pgls5_castespolymorphic"
"OG0006042_00",0.00215020654675441,0.866240702634598,0.444562116942184,"1e-05 to 1",0.00017674680768285,-0.00563617908296998,174,"success","pgls5_castespolymorphic"
"OG0006043_00",-0.0477861399802859,0.0647430030142508,1,"1e-05 to 1",0.0210310190237553,0.0153393389018005,174,"success","pgls5_castespolymorphic"
"OG0006044_00",0.0360217654201734,0.040218490402371,0.987921690182382,"1e-05 to 1",0.026203215748584,0.0205416065378199,174,"success","pgls5_castespolymorphic"
"OG0006045_00",0.0754508348616332,1.91822171504707e-05,0.993711953112007,"1e-05 to 1",0.109514368873497,0.104337126832064,174,"success","pgls5_castespolymorphic"
"OG0006046_00",-0.00749249089596842,0.693258557314031,0.825599489284079,"1e-05 to 1",0.000968873754254106,-0.00483944674717462,174,"success","pgls5_castespolymorphic"
"OG0006047_00",0.000805816297510172,0.90482724161566,1e-05,"1e-05 to 1",8.96252694339685e-05,-0.00572380714179022,174,"success","pgls5_castespolymorphic"
"OG0006048_00",0.00557884219496992,0.724416818934291,0.791727353496491,"1e-05 to 1",0.000779002615586984,-0.00503042178781077,174,"success","pgls5_castespolymorphic"
"OG0006049_00",0.001671195973158,0.941543155898884,0.888902108138056,"1e-05 to 1",3.32956071787237e-05,-0.00578046430208201,174,"success","pgls5_castespolymorphic"
"OG0006050_00",-0.00130287182634536,0.948244902482377,0.976558042490455,"1e-05 to 1",2.62514367402906e-05,-0.00578754942699944,174,"success","pgls5_castespolymorphic"
"OG0006051_00",-0.00574575552488227,0.745269484771287,0.77782020287634,"1e-05 to 1",0.000657407194517878,-0.00515272415900236,174,"success","pgls5_castespolymorphic"
"OG0006052_00",0.00627652111815231,0.681869927723675,1,"1e-05 to 1",0.00104635330454865,-0.00476151673437841,174,"success","pgls5_castespolymorphic"
"OG0006053_00",-0.0192121686041954,0.448955924894065,0.759500709875441,"1e-05 to 1",0.00356548591757936,-0.00222773800150455,174,"success","pgls5_castespolymorphic"
"OG0006054_00",-0.00150920981442144,0.913254651378036,1,"1e-05 to 1",7.39325321821055e-05,-0.00573959111588662,174,"success","pgls5_castespolymorphic"
"OG0006055_00",-0.0129311918792222,0.49829495184626,0.745468015707401,"1e-05 to 1",0.00288896273227624,-0.00290819446114088,174,"success","pgls5_castespolymorphic"
"OG0006056_00",0.00163799321315325,0.88237804412635,0.927684281948846,"1e-05 to 1",0.000136381130715947,-0.0056767794441055,174,"success","pgls5_castespolymorphic"
"OG0006057_00",0.0137736074325624,0.200851987509923,1,"1e-05 to 1",0.0101423354125831,0.00438734899056326,174,"success","pgls5_castespolymorphic"
"OG0006058_00",0.0063326495013255,0.4239566166923,1,"1e-05 to 1",0.00397536500166331,-0.00181547589948994,174,"success","pgls5_castespolymorphic"
"OG0006059_00",-0.00825719989950287,0.29660348441493,1,"1e-05 to 1",0.00676453066774629,0.00098990584604719,174,"success","pgls5_castespolymorphic"
"OG0006060_00",-0.00505260529804361,0.675715770880551,0.801145644926624,"1e-05 to 1",0.00110341427921828,-0.00470412400985598,174,"success","pgls5_castespolymorphic"
"OG0006061_00",0.0106512259439299,0.507292208015806,0.82040731824796,"1e-05 to 1",0.00276994769281723,-0.00302790144850373,174,"success","pgls5_castespolymorphic"
"OG0006062_00",0.00975978046998538,0.740838175472371,1,"1e-05 to 1",0.000689924393992438,-0.00512001790604244,174,"success","pgls5_castespolymorphic"
"OG0006063_00",-0.0238373986898211,0.045161718704765,0.774791674965966,"1e-05 to 1",0.0251546764922812,0.0194869711230503,174,"success","pgls5_castespolymorphic"
"OG0006064_00",-0.0119190709401034,0.00819396295215613,1,"1e-05 to 1",0.042361247303378,0.0367935801365371,174,"success","pgls5_castespolymorphic"
"OG0006065_00",-0.00215139910941344,0.769391728978952,1,"1e-05 to 1",0.000535361886997051,-0.00527547903226466,174,"success","pgls5_castespolymorphic"
"OG0006066_00",-0.00314108734796314,0.77404572284321,0.880415660871301,"1e-05 to 1",0.000516597030544854,-0.00529435298671932,174,"success","pgls5_castespolymorphic"
"OG0006067_00",-0.00890014765376301,0.127704469932131,1,"1e-05 to 1",0.0143519001505288,0.00862138794210165,174,"success","pgls5_castespolymorphic"
"OG0006068_00",0.00504100109294106,0.34045907924955,1,"1e-05 to 1",0.00564566126537767,-0.000135468610986456,174,"success","pgls5_castespolymorphic"
"OG0006069_00",0.00800795527963975,0.600301060603426,0.925933898028664,"1e-05 to 1",0.00171977713815067,-0.00408417764592972,174,"success","pgls5_castespolymorphic"
"OG0006070_00",-0.000449246350508035,0.960086748245186,1,"1e-05 to 1",1.58008968809926e-05,-0.00579806072581168,174,"success","pgls5_castespolymorphic"
"OG0006071_00",-0.00855490900410431,0.192963242889525,1e-05,"1e-05 to 1",0.0106359920368842,0.00488387571151727,174,"success","pgls5_castespolymorphic"
"OG0006072_00",0.0277306478274291,0.149457311357688,0.899061114567855,"1e-05 to 1",0.0128621361084587,0.00712296248118216,174,"success","pgls5_castespolymorphic"
"OG0006073_00",0.00725193029807568,0.6734070356311,0.733400439246634,"1e-05 to 1",0.00110618946308679,-0.00470133269119755,174,"success","pgls5_castespolymorphic"
"OG0006074_00",0.0193781027324767,0.186315363543917,0.231865926976425,"1e-05 to 1",0.0109584533155477,0.00520821176505681,174,"success","pgls5_castespolymorphic"
"OG0006075_00",-0.00711793546792914,0.225547005284159,1e-05,"1e-05 to 1",0.0091091251958837,0.00334813173772031,174,"success","pgls5_castespolymorphic"
"OG0006076_00",0.0216636828018909,0.305504004004497,0.587744818166229,"1e-05 to 1",0.00652074369610477,0.000744701508291534,174,"success","pgls5_castespolymorphic"
"OG0006077_00",0.0756496012182727,0.00585719463327394,0.959685505776345,"1e-05 to 1",0.0467795380071217,0.0412375585769305,174,"success","pgls5_castespolymorphic"
"OG0006078_00",0.0399781572142345,0.000930798452749126,1,"1e-05 to 1",0.0664078953990644,0.0609800343258032,174,"success","pgls5_castespolymorphic"
"OG0006079_00",0.00728963764881533,0.46462837364812,1,"1e-05 to 1",0.00336793628130154,-0.0024264361821793,174,"success","pgls5_castespolymorphic"
"OG0006080_00",0.000111878758800693,0.987128177859188,1,"1e-05 to 1",1.63182822256963e-06,-0.005812312172776,174,"success","pgls5_castespolymorphic"
"OG0006081_00",-0.00254751090497292,0.855381812962917,1,"1e-05 to 1",0.000208235940564605,-0.00560450687373448,174,"success","pgls5_castespolymorphic"
"OG0006082_00",-0.000463446296737597,0.961182142384492,0.713415681484201,"1e-05 to 1",1.49448372817804e-05,-0.00579892176250141,174,"success","pgls5_castespolymorphic"
"OG0006083_00",0.000686024805612858,0.975166848049669,0.338935572944485,"1e-05 to 1",6.1135163964784e-06,-0.00580780442827566,174,"success","pgls5_castespolymorphic"
"OG0006084_00",0.0166367421101861,0.465403999807517,1e-05,"1e-05 to 1",0.00342091188664796,-0.00237315257912729,174,"success","pgls5_castespolymorphic"
"OG0006085_00",-0.00450320153511932,0.706440389143904,1,"1e-05 to 1",0.000883458414094759,-0.00492535868814881,174,"success","pgls5_castespolymorphic"
"OG0006086_00",-0.00770858296263763,0.134524841541426,1,"1e-05 to 1",0.01402983956154,0.00829745490782796,174,"success","pgls5_castespolymorphic"
"OG0006087_00",-0.0238677145586818,0.204042053919847,0.690171554984392,"1e-05 to 1",0.0103205908452027,0.00456664079197711,174,"success","pgls5_castespolymorphic"
"OG0006088_00",0.00580061779504713,0.383178266704164,1,"1e-05 to 1",0.00472695857830338,-0.00105951259275283,174,"success","pgls5_castespolymorphic"
"OG0006089_00",0.00949030483051225,0.745962302282044,0.703507282988502,"1e-05 to 1",0.000653709619859136,-0.00515644323118813,174,"success","pgls5_castespolymorphic"
"OG0006090_00",0.00441404835790849,0.739752427955545,0.601995536530377,"1e-05 to 1",0.000683010053389993,-0.00512697244629967,174,"success","pgls5_castespolymorphic"
"OG0006091_00",-0.00458731362039243,0.600459049360486,0.731184651698217,"1e-05 to 1",0.00172911919266336,-0.00407478127714689,174,"success","pgls5_castespolymorphic"
"OG0006092_00",0.00386304522032771,0.657888410878186,1e-05,"1e-05 to 1",0.0012522357411296,-0.00455443730688709,174,"success","pgls5_castespolymorphic"
"OG0006093_00",-0.00966348070521407,0.602103056537294,0.579290562186049,"1e-05 to 1",0.00169223761044891,-0.00411187728716467,174,"success","pgls5_castespolymorphic"
"OG0006094_00",0.0134918664881777,0.410416140347881,1,"1e-05 to 1",0.00429292228396216,-0.00149607235392168,174,"success","pgls5_castespolymorphic"
"OG0006095_00",0.0381222986401068,0.179318238712584,0.851430346701285,"1e-05 to 1",0.0111723311642809,0.00542333308965459,174,"success","pgls5_castespolymorphic"
"OG0006096_00",-0.0105132917429722,0.261974956290159,1,"1e-05 to 1",0.0078091103584303,0.00204055867446762,174,"success","pgls5_castespolymorphic"
"OG0006097_00",-0.00384206496470605,0.816545100877954,1,"1e-05 to 1",0.000337369392159707,-0.00547462264625809,174,"success","pgls5_castespolymorphic"
"OG0006098_00",0.000196611201241191,0.979522973065883,1e-05,"1e-05 to 1",4.1046016003462e-06,-0.00580982502280891,174,"success","pgls5_castespolymorphic"
"OG0006099_00",0.0133534572059786,0.603512446405725,0.682408708203516,"1e-05 to 1",0.00168966371661682,-0.00411446614549593,174,"success","pgls5_castespolymorphic"
"OG0006100_00",0.00115973035982983,0.883878091154444,1e-05,"1e-05 to 1",0.000132900289561568,-0.00568028052270853,174,"success","pgls5_castespolymorphic"
"OG0006101_00",0.0106672746600732,0.345671355584604,1,"1e-05 to 1",0.00555990026391803,-0.00022172822291977,174,"success","pgls5_castespolymorphic"
"OG0006102_00",0.0163338538689191,0.0345782735123048,1e-05,"1e-05 to 1",0.0276105688627976,0.0219571419375812,174,"success","pgls5_castespolymorphic"
"OG0006103_00",0.0206968452021485,0.448770676700387,1,"1e-05 to 1",0.00356839413611077,-0.00222481287472576,174,"success","pgls5_castespolymorphic"
"OG0006104_00",0.0200327599290042,0.0920520656047485,1e-05,"1e-05 to 1",0.0178582273533429,0.0121481007681878,174,"success","pgls5_castespolymorphic"
"OG0006105_00",-0.000248337503117087,0.982954669876242,1e-05,"1e-05 to 1",2.87981595803316e-06,-0.00581105692929795,174,"success","pgls5_castespolymorphic"
"OG0006106_00",0.000697542691305212,0.951113693380887,1,"1e-05 to 1",2.35651594537758e-05,-0.00579025132217725,174,"success","pgls5_castespolymorphic"
"OG0006107_00",0.0243189543265116,0.0509045373730013,1,"1e-05 to 1",0.0240596240104347,0.018385552057007,174,"success","pgls5_castespolymorphic"
"OG0006108_00",-0.0181304983649435,0.314232824074175,0.774064527667406,"1e-05 to 1",0.00632968817944439,0.000552535203743432,174,"success","pgls5_castespolymorphic"
"OG0006109_00",0.00838753897690128,0.607075181420067,0.900669918718821,"1e-05 to 1",0.00165664905762725,-0.00414767275017724,174,"success","pgls5_castespolymorphic"
"OG0006110_00",0.00161748496647882,0.937844496991841,0.789860049455276,"1e-05 to 1",3.76509713877575e-05,-0.00577608361598791,174,"success","pgls5_castespolymorphic"
"OG0006111_00",-0.018920798963123,0.45019474666324,1,"1e-05 to 1",0.00356827787727972,-0.00222492980948008,174,"success","pgls5_castespolymorphic"
"OG0006112_00",-0.00987349556772213,0.401442516747629,1,"1e-05 to 1",0.00440404697387493,-0.0013843015902304,174,"success","pgls5_castespolymorphic"
"OG0006113_00",0.00180033844301829,0.914147394243089,1e-05,"1e-05 to 1",7.33264634802658e-05,-0.00574020070824366,174,"success","pgls5_castespolymorphic"
"OG0006114_00",-0.0543094236830633,0.0221203134477312,0.352097501846979,"1e-05 to 1",0.032295980525935,0.026669794366202,174,"success","pgls5_castespolymorphic"
"OG0006115_00",-0.0164272173108871,0.438792709590081,0.682740591050193,"1e-05 to 1",0.00379869627035145,-0.00199317177458846,174,"success","pgls5_castespolymorphic"
"OG0006116_00",0.016924734590216,0.315258391670597,0.855145610806297,"1e-05 to 1",0.00634264072521864,0.000565563055016427,174,"success","pgls5_castespolymorphic"
"OG0006117_00",0.00214394885568541,0.864002024106117,1,"1e-05 to 1",0.000183916514400496,-0.00562896769191124,174,"success","pgls5_castespolymorphic"
"OG0006118_00",0.00391238216009364,0.314026295661161,1,"1e-05 to 1",0.00629573025531664,0.00051837984982428,174,"success","pgls5_castespolymorphic"
"OG0006119_00",-0.0129094224907065,0.299321177050005,0.943143532160291,"1e-05 to 1",0.00677322749802082,0.000998653239288272,174,"success","pgls5_castespolymorphic"
"OG0006120_00",-0.0019945170298156,0.735786925599883,1,"1e-05 to 1",0.000718124688222339,-0.00509165365661368,174,"success","pgls5_castespolymorphic"
"OG0006121_00",-0.00447834043409036,0.741422639096254,0.964173902232357,"1e-05 to 1",0.000686701852314477,-0.00512325918342804,174,"success","pgls5_castespolymorphic"
"OG0006122_00",-0.0021175972496285,0.863264811779192,0.597587281432957,"1e-05 to 1",0.000185935548948003,-0.00562693691879068,174,"success","pgls5_castespolymorphic"
"OG0006123_00",-0.00549907635485262,0.549223483363292,0.66472387762018,"1e-05 to 1",0.00224642681271219,-0.00355446605465581,174,"success","pgls5_castespolymorphic"
"OG0006124_00",-0.027469117688707,0.340997223374696,1,"1e-05 to 1",0.00566834291341753,-0.000112655092899816,174,"success","pgls5_castespolymorphic"
"OG0006125_00",-0.0159951076562541,0.213058694205916,1e-05,"1e-05 to 1",0.00979619762580896,0.0040391987747963,174,"success","pgls5_castespolymorphic"
"OG0006126_00",0.0431486061492909,0.0697904246683554,0.703704140101186,"1e-05 to 1",0.0217525932387618,0.0160651083157314,174,"success","pgls5_castespolymorphic"
"OG0006127_00",-0.00347179336297164,0.66721785101165,1e-05,"1e-05 to 1",0.00116570972933595,-0.00464146637688878,174,"success","pgls5_castespolymorphic"
"OG0006128_00",-0.0115862114161443,0.418700707663401,1,"1e-05 to 1",0.00409163950221806,-0.00169852538439685,174,"success","pgls5_castespolymorphic"
"OG0006129_00",-0.0192857684622583,0.0916995002577201,0.995308781919636,"0.001 to 1",0.0180099967678808,0.0123007525630429,174,"success","pgls5_castespolymorphic"
"OG0006130_00",-0.00137957608780354,0.93520617769096,1,"1e-05 to 1",4.14354061940577e-05,-0.0057722771786537,174,"success","pgls5_castespolymorphic"
"OG0006131_00",0.016615924671222,0.196885432220814,0.894726816301755,"1e-05 to 1",0.0103865339073872,0.00463296724405804,174,"success","pgls5_castespolymorphic"
"OG0006132_00",-0.00760767464280291,0.70074111605988,0.825987740415003,"1e-05 to 1",0.000937346181697055,-0.00487115761957213,174,"success","pgls5_castespolymorphic"
"OG0006133_00",0.0157563626998974,0.11102753093487,1e-05,"1e-05 to 1",0.0157956202881262,0.0100735018014292,174,"success","pgls5_castespolymorphic"
"OG0006134_00",0.010738315870755,0.479472215619676,0.750427835853125,"1e-05 to 1",0.00311079431235146,-0.00268507316257671,174,"success","pgls5_castespolymorphic"
"OG0006135_00",-0.023880271599833,0.296940088382624,1e-05,"1e-05 to 1",0.00684008662162391,0.00106590107872639,174,"success","pgls5_castespolymorphic"
"OG0006136_00",-0.00687962353348355,0.469790735278862,1,"1e-05 to 1",0.00324994217775706,-0.00254511629795373,174,"success","pgls5_castespolymorphic"
"OG0006137_00",0.0494624772448808,0.0166647269137419,0.799187328707761,"1e-05 to 1",0.0350787644377999,0.0294687572542988,174,"success","pgls5_castespolymorphic"
"OG0006138_00",0.000137349694060191,0.98274328423837,1e-05,"1e-05 to 1",2.91491648969097e-06,-0.0058110216246936,174,"success","pgls5_castespolymorphic"
"OG0006139_00",-0.0125770677802126,0.202093737822291,1,"1e-05 to 1",0.0100868909103762,0.00433158213659934,174,"success","pgls5_castespolymorphic"
"OG0006140_00",0.014131077769055,0.610730869135622,1,"1e-05 to 1",0.00162319925787485,-0.00418131702550961,174,"success","pgls5_castespolymorphic"
"OG0006141_00",-0.00138296169856347,0.89502735594774,1e-05,"1e-05 to 1",0.000108464799551496,-0.00570485807952092,174,"success","pgls5_castespolymorphic"
"OG0006142_00",0.0133758561731584,0.349901689548938,1e-05,"1e-05 to 1",0.00539596651326016,-0.000386615076779062,174,"success","pgls5_castespolymorphic"
"OG0006143_00",-0.000958650166022878,0.91822894028158,1e-05,"1e-05 to 1",6.52612072127746e-05,-0.00574831285553601,174,"success","pgls5_castespolymorphic"
"OG0006144_00",-0.0118451397578582,0.483077387644814,0.876896925174184,"1e-05 to 1",0.00313822935788726,-0.00265747861096233,174,"success","pgls5_castespolymorphic"
"OG0006145_00",0.00953026487421812,0.44404908365854,1,"1e-05 to 1",0.00366594965556469,-0.00212669017201939,174,"success","pgls5_castespolymorphic"
"OG0006146_00",-0.000230745564662277,0.890223585243289,1,"1e-05 to 1",0.000119427253629025,-0.0056938318902453,174,"success","pgls5_castespolymorphic"
"OG0006147_00",-0.0161322300180403,0.214799528140708,1,"1e-05 to 1",0.00960106288229372,0.00384292952695819,174,"success","pgls5_castespolymorphic"
"OG0006148_00",0.00661911351656266,0.68046528068067,1,"1e-05 to 1",0.001076256240254,-0.00473143994439562,174,"success","pgls5_castespolymorphic"
"OG0006149_00",0.00203256240234315,0.736561644376545,1e-05,"1e-05 to 1",0.000732231019663194,-0.0050774653116179,174,"success","pgls5_castespolymorphic"
"OG0006150_00",-1.11949002419633e-05,0.998542340544171,1,"1e-05 to 1",2.07948294237425e-08,-0.00581393257264251,174,"success","pgls5_castespolymorphic"
"OG0006151_00",-0.0217604827049132,0.0442568937134928,0.982362169399139,"1e-05 to 1",0.0250519381756705,0.0193836354906454,174,"success","pgls5_castespolymorphic"
"OG0006152_00",0.00761944806300175,0.53343535456739,1e-05,"1e-05 to 1",0.00242865061250784,-0.0033711828141636,174,"success","pgls5_castespolymorphic"
"OG0006153_00",0.00423783793101604,0.799601182360521,0.993733187179573,"1e-05 to 1",0.000403970059357752,-0.00540763476587847,174,"success","pgls5_castespolymorphic"
"OG0006154_00",0.018950962463295,0.210395386707229,0.985391575506691,"1e-05 to 1",0.00972617361839658,0.00396876765106169,174,"success","pgls5_castespolymorphic"
"OG0006155_00",-0.026911981543827,0.14442389988342,0.982669342165628,"0.001 to 1",0.013184347418563,0.00744704711285693,174,"success","pgls5_castespolymorphic"
"OG0006156_00",-0.000797399305860241,0.943561323447738,0.73368014030277,"1e-05 to 1",3.16199020900379e-05,-0.00578214974964197,174,"success","pgls5_castespolymorphic"
"OG0006157_00",-0.0246839432592317,0.043585119737827,0.72782692516569,"1e-05 to 1",0.0252097978901743,0.0195424129941869,174,"success","pgls5_castespolymorphic"
"OG0006158_00",0.00131090320219132,0.876267833939909,0.483663428638218,"1e-05 to 1",0.000151982349025213,-0.00566108752103855,174,"success","pgls5_castespolymorphic"
"OG0006159_00",-0.000235477079466324,0.933085811459062,1,"1e-05 to 1",4.41981373388638e-05,-0.00576949838511842,174,"success","pgls5_castespolymorphic"
"OG0006160_00",0.00278523848607614,0.879610491638257,0.130036782974164,"1e-05 to 1",0.000144727235444057,-0.00566838481551279,174,"success","pgls5_castespolymorphic"
"OG0006161_00",-0.00798874177716122,0.67315229744839,1e-05,"1e-05 to 1",0.00112199421524864,-0.00468543605094163,174,"success","pgls5_castespolymorphic"
"OG0006162_00",-0.0180976697175682,0.349128585458248,1,"1e-05 to 1",0.00544689603171761,-0.000335389456469937,174,"success","pgls5_castespolymorphic"
"OG0006163_00",0.0123992766239125,0.322046820799552,0.661044483326794,"1e-05 to 1",0.00612916098746008,0.000350842155991904,174,"success","pgls5_castespolymorphic"
"OG0006164_00",0.00681530267224255,0.567234932230465,1e-05,"1e-05 to 1",0.00205011645033595,-0.00375191775634831,174,"success","pgls5_castespolymorphic"
"OG0006165_00",-0.00245736850709731,0.874264120813233,0.297188312198727,"1e-05 to 1",0.000156007809483115,-0.00565703865674072,174,"success","pgls5_castespolymorphic"
"OG0006166_00",-0.00502381576190182,0.502928176882204,0.624146460079105,"1e-05 to 1",0.0028095225416462,-0.0029880965133442,174,"success","pgls5_castespolymorphic"
"OG0006167_00",0.0433378520985364,0.0105755673325709,1,"1e-05 to 1",0.0401448509420297,0.0345642977498322,174,"success","pgls5_castespolymorphic"
"OG0006168_00",-0.000589654556905449,0.941058264640533,1,"1e-05 to 1",3.44919658328693e-05,-0.0057792609878542,174,"success","pgls5_castespolymorphic"
"OG0006170_00",-0.011785309324525,0.599584783416859,0.980288011007745,"1e-05 to 1",0.0017157919779398,-0.00408818597567673,174,"success","pgls5_castespolymorphic"
"OG0006171_00",-0.00960755730819855,0.408717119478768,0.904903097897739,"1e-05 to 1",0.00427001235709027,-0.00151911547804295,174,"success","pgls5_castespolymorphic"
"OG0006172_00",-0.00809278969013645,0.458143353805253,1,"1e-05 to 1",0.00346668101805761,-0.00232711734811653,174,"success","pgls5_castespolymorphic"
"OG0006173_00",0.00527408321148354,0.618797965016563,1,"1e-05 to 1",0.00156066927825674,-0.0042442105515208,174,"success","pgls5_castespolymorphic"
"OG0006174_00",-0.00476886854106934,0.809756147887618,1,"1e-05 to 1",0.000365584616701658,-0.00544624337971289,174,"success","pgls5_castespolymorphic"
"OG0006175_00",-0.00805615880655401,0.645170441867633,0.872513447350197,"1e-05 to 1",0.00132853589985192,-0.00447769354259075,174,"success","pgls5_castespolymorphic"
"OG0006176_00",0.0154855981463839,0.0637515978793139,1e-05,"1e-05 to 1",0.0213178160109672,0.0156278033133564,174,"success","pgls5_castespolymorphic"
"OG0006177_00",-0.0173944425616212,0.197729595470152,0.908681374321661,"1e-05 to 1",0.0102835356241391,0.00452937013358179,174,"success","pgls5_castespolymorphic"
"OG0006178_00",-0.000961342457049622,0.954647818107172,0.599390506407407,"1e-05 to 1",2.09338476308609e-05,-0.00579289793232474,174,"success","pgls5_castespolymorphic"
"OG0006179_00",0.0190501154470835,0.169218306917889,0.43244657328049,"1e-05 to 1",0.0117786067940606,0.00603313357774693,174,"success","pgls5_castespolymorphic"
"OG0006180_00",-0.0044538384380815,0.811427379626184,1,"1e-05 to 1",0.000354594635469717,-0.0054572972561846,174,"success","pgls5_castespolymorphic"
"OG0006181_00",0.006952093232596,0.750510263351052,1e-05,"1e-05 to 1",0.000637665666885437,-0.00517258046295832,174,"success","pgls5_castespolymorphic"
"OG0006182_00",0.00944870465463133,0.578869495031637,0.550184898142764,"1e-05 to 1",0.00194173478945502,-0.00386092954316442,174,"success","pgls5_castespolymorphic"
"OG0006183_00",-0.0243860102377763,0.0477113401080445,0.752566128981174,"1e-05 to 1",0.0244290252997015,0.0187571010281881,174,"success","pgls5_castespolymorphic"
"OG0006184_00",-0.0555930875768392,0.00955468727557607,0.895249835677921,"1e-05 to 1",0.0414869724778448,0.0359142223178323,174,"success","pgls5_castespolymorphic"
"OG0006185_00",0.0442357734537948,0.000107706950636111,1e-05,"1e-05 to 1",0.0897350712911329,0.0844428333335232,174,"success","pgls5_castespolymorphic"
"OG0006186_00",-0.00158703260093473,0.932412758298319,0.977420349077515,"1e-05 to 1",4.5093863975826e-05,-0.00576859745076863,174,"success","pgls5_castespolymorphic"
"OG0006187_00",0.00408775388374233,0.694656947692442,1e-05,"1e-05 to 1",0.000965610710648953,-0.00484272876196368,174,"success","pgls5_castespolymorphic"
"OG0006188_00",-0.0117220664369492,0.252570045643751,0.479799519209218,"1e-05 to 1",0.00812273477464683,0.00235600648845291,174,"success","pgls5_castespolymorphic"
"OG0006189_00",-0.0358658816055673,0.088133901044297,0.903232403489631,"1e-05 to 1",0.0184105431247361,0.0127036276777869,174,"success","pgls5_castespolymorphic"
"OG0006190_00",-0.00154347294194839,0.782665136399264,1,"1e-05 to 1",0.000476948949208643,-0.00533423158015633,174,"success","pgls5_castespolymorphic"
"OG0006191_00",0.00425859603018123,0.784473312615085,0.979579088320429,"1e-05 to 1",0.000465927136713364,-0.00534531747295697,174,"success","pgls5_castespolymorphic"
"OG0006192_00",-0.00746817222460068,0.281414527283284,1e-05,"1e-05 to 1",0.00729338677633445,0.00152183669945272,174,"success","pgls5_castespolymorphic"
"OG0006193_00",-0.00815653815682727,0.506115148733908,1,"1e-05 to 1",0.00276787443443468,-0.00302998676071398,174,"success","pgls5_castespolymorphic"
"OG0006194_00",-0.00325177761502074,0.382884115941701,1e-05,"1e-05 to 1",0.00476239511153455,-0.00102387003316573,174,"success","pgls5_castespolymorphic"
"OG0006195_00",-0.0176593915265701,0.203964127378592,1e-05,"1e-05 to 1",0.0100041241759613,0.00424833420024018,174,"success","pgls5_castespolymorphic"
"OG0006196_00",0.00429317772839583,0.737423005316986,0.66259982789049,"1e-05 to 1",0.000700091266939505,-0.00510979192336913,174,"success","pgls5_castespolymorphic"
"OG0006197_00",0.0108880284346168,0.382685218976102,1e-05,"1e-05 to 1",0.00473674259783804,-0.00104967168938397,174,"success","pgls5_castespolymorphic"
"OG0006198_00",-0.00411987741774751,0.782126531994203,0.857240899668943,"1e-05 to 1",0.00047639051040517,-0.00533479326569708,174,"success","pgls5_castespolymorphic"
"OG0006199_00",0.00316285827577889,0.828770422343287,1,"1e-05 to 1",0.000291398624365814,-0.00552086068595758,174,"success","pgls5_castespolymorphic"
"OG0006200_00",0.00258247328366842,0.407171194764211,1,"1e-05 to 1",0.00424508963034606,-0.00154418310436122,174,"success","pgls5_castespolymorphic"
"OG0006201_00",0.011965451904763,0.406733312398452,0.339156189815083,"1e-05 to 1",0.00425300456489151,-0.0015362221527544,174,"success","pgls5_castespolymorphic"
"OG0006202_00",-0.00301010912076176,0.813681839778116,1,"1e-05 to 1",0.000348179299815486,-0.00546374989030185,174,"success","pgls5_castespolymorphic"
"OG0006203_00",0.0184223009227337,0.218812938109377,0.568003828290673,"1e-05 to 1",0.00937711794246454,0.00361768258166495,174,"success","pgls5_castespolymorphic"
"OG0006204_00",-0.00165687208858519,0.676162425754067,1,"1e-05 to 1",0.00109330163353235,-0.00471429544999347,174,"success","pgls5_castespolymorphic"
"OG0006205_00",-0.0160029244515352,0.538484201519227,0.889910303403014,"1e-05 to 1",0.00236931577397105,-0.00343086262269199,174,"success","pgls5_castespolymorphic"
"OG0006206_00",-0.00145556386282859,0.926166823730191,0.869296203565329,"1e-05 to 1",5.38382475725825e-05,-0.00575980222773231,174,"success","pgls5_castespolymorphic"
"OG0006207_00",0.00499354044947994,0.756986197763026,1,"1e-05 to 1",0.000596414985196671,-0.00521407097419169,174,"success","pgls5_castespolymorphic"
"OG0006208_00",-0.0171512084314425,0.216233284070729,0.628556769021815,"1e-05 to 1",0.00948238159233052,0.00372355822949533,174,"success","pgls5_castespolymorphic"
"OG0006209_00",-0.0059882212680464,0.603915680554268,1e-05,"1e-05 to 1",0.00167541120777536,-0.00412880151776074,174,"success","pgls5_castespolymorphic"
"OG0006210_00",0.020676191894804,0.394100235832726,0.491591553574487,"1e-05 to 1",0.00457153208265576,-0.00121584273081732,174,"success","pgls5_castespolymorphic"
"OG0006211_00",-0.0042371615561505,0.735935511147248,0.205797352438907,"1e-05 to 1",0.000726449362570943,-0.00508328058299545,174,"success","pgls5_castespolymorphic"
"OG0006212_00",0.0128388532970821,0.485036392000964,0.53195582482135,"1e-05 to 1",0.00311026799434232,-0.00268560254057437,174,"success","pgls5_castespolymorphic"
"OG0006213_00",0.00998022152819888,0.686941334608877,1,"1e-05 to 1",0.00101776202706478,-0.00479027424021972,174,"success","pgls5_castespolymorphic"
"OG0006214_00",-0.0211157973046565,0.217041650570606,1,"1e-05 to 1",0.00950819626465863,0.00374952298712761,174,"success","pgls5_castespolymorphic"
"OG0006215_00",-0.00372711506564792,0.80280109249934,0.43688466751924,"1e-05 to 1",0.000390905222022474,-0.0054207755615705,174,"success","pgls5_castespolymorphic"
"OG0006216_00",0.0145943516374305,0.540290694260614,0.945120111073273,"1e-05 to 1",0.00233371633232579,-0.0034666690378351,174,"success","pgls5_castespolymorphic"
"OG0006217_00",0.00744971046836673,0.371578863687355,1,"1e-05 to 1",0.00499296497432417,-0.000791959647918228,174,"success","pgls5_castespolymorphic"
"OG0006218_00",-0.0108504204543719,0.24318469349554,1,"1e-05 to 1",0.00850300169860749,0.0027384842666226,174,"success","pgls5_castespolymorphic"
"OG0006219_00",-0.00289774801536867,0.871228791115669,0.970992170834231,"1e-05 to 1",0.000162683912905538,-0.00565032373876351,174,"success","pgls5_castespolymorphic"
"OG0006220_00",0.014056921654628,0.271200642273403,0.611765082402148,"1e-05 to 1",0.00746829425258126,0.00169776107963115,174,"success","pgls5_castespolymorphic"
"OG0006221_00",0.0562120906023978,0.000640682972905093,0.936498159193605,"1e-05 to 1",0.0700348886019295,0.0646281146984523,174,"success","pgls5_castespolymorphic"
"OG0006222_00",-0.00225340207432012,0.714748991268097,1,"1e-05 to 1",0.000837135311019979,-0.00497195111159021,174,"success","pgls5_castespolymorphic"
"OG0006223_00",-0.0129725832991244,0.491384681259645,0.60449926057588,"1e-05 to 1",0.0029828615972514,-0.00281374967253201,174,"success","pgls5_castespolymorphic"
"OG0006224_00",-0.0138055880884941,0.307160247692432,1e-05,"1e-05 to 1",0.00695124052933581,0.00117770123008776,174,"success","pgls5_castespolymorphic"
"OG0006225_00",-0.00456526733891702,0.750177956396772,1,"1e-05 to 1",0.000635415921415504,-0.00517484328834383,174,"success","pgls5_castespolymorphic"
"OG0006226_00",0.00433517305059392,0.294977476783144,1e-05,"1e-05 to 1",0.00685262706204274,0.00107851442868245,174,"success","pgls5_castespolymorphic"
"OG0006227_00",-0.0101207221282415,0.323809198311941,0.109032967398653,"1e-05 to 1",0.00685617992274427,0.00108208794555098,174,"success","pgls5_castespolymorphic"
"OG0006228_00",-0.0294126960705953,0.11455068096366,0.727493640422484,"1e-05 to 1",0.0154917070518805,0.00976782162776357,174,"success","pgls5_castespolymorphic"
"OG0006229_00",0.0148242647502031,0.394643434658212,1e-05,"1e-05 to 1",0.00458995671824088,-0.00119731097525766,174,"success","pgls5_castespolymorphic"
"OG0006230_00",0.00750074258371996,0.349814199806258,0.397751513948329,"1e-05 to 1",0.00543146106778128,-0.000350914158568916,174,"success","pgls5_castespolymorphic"
"OG0006231_00",-0.0167049088633904,0.521830052448474,0.871286292821102,"1e-05 to 1",0.00256893615587041,-0.00323008165717686,174,"success","pgls5_castespolymorphic"
"OG0006232_00",0.0133622039619527,0.312917367816788,0.917020098546457,"1e-05 to 1",0.00636408477668797,0.00058713178120362,174,"success","pgls5_castespolymorphic"
"OG0006233_00",-0.0135474343840117,0.245289452528034,0.788865993210278,"1e-05 to 1",0.00837548037296058,0.00261022153791968,174,"success","pgls5_castespolymorphic"
"OG0006234_00",0.0118081351226306,0.167956167430497,1e-05,"1e-05 to 1",0.0119225289106064,0.00617789245078426,174,"success","pgls5_castespolymorphic"
"OG0006235_00",0.0417897174353712,0.0171045430105772,0.572263257361319,"1e-05 to 1",0.0350181463375041,0.0294077867231872,174,"success","pgls5_castespolymorphic"
"OG0006236_00",-0.00625441200392225,0.703665004852463,0.939577528624327,"1e-05 to 1",0.000901067446003238,-0.00490764727814796,174,"success","pgls5_castespolymorphic"
"OG0006237_00",0.00239191267006412,0.92033486923782,0.855479388325253,"1e-05 to 1",6.23178939724321e-05,-0.00575127328106273,174,"success","pgls5_castespolymorphic"
"OG0006238_00",-0.0469190258351812,0.0196925386011613,0.630683465807791,"1e-05 to 1",0.0333193220267705,0.0276990855269261,174,"success","pgls5_castespolymorphic"
"OG0006239_00",0.0255961985788146,0.101565975254923,1e-05,"1e-05 to 1",0.0166667875236302,0.010949733962721,174,"success","pgls5_castespolymorphic"
"OG0006240_00",-0.0273516360202767,0.103561215410952,0.92532113748191,"1e-05 to 1",0.0164759391601145,0.0107577760156966,174,"success","pgls5_castespolymorphic"
"OG0006241_00",-0.0211615551452825,0.144315925568178,1e-05,"1e-05 to 1",0.0133567298344301,0.00762043175207228,174,"success","pgls5_castespolymorphic"
"OG0006242_00",0.034319687711933,0.000858830487548534,1,"1e-05 to 1",0.0676904015193662,0.0622699968770369,174,"success","pgls5_castespolymorphic"
"OG0006243_00",-0.0200246114125823,0.491470877576982,0.935641878191962,"1e-05 to 1",0.00296301079357273,-0.00283371588785997,174,"success","pgls5_castespolymorphic"
"OG0006244_00",0.00955514718933163,0.140296018051609,1e-05,"1e-05 to 1",0.0135418981355176,0.00780667661304968,174,"success","pgls5_castespolymorphic"
"OG0006245_00",-0.00165215233072455,0.902399580991089,1e-05,"1e-05 to 1",9.36915821872807e-05,-0.00571971718768371,174,"success","pgls5_castespolymorphic"
"OG0006246_00",0.00735393444225566,0.46866047162542,1,"1e-05 to 1",0.0032462955516547,-0.00254878412537063,174,"success","pgls5_castespolymorphic"
"OG0006247_00",-0.0115265662514722,0.436383412074873,0.90468316040409,"1e-05 to 1",0.00376715743159165,-0.00202489397868977,174,"success","pgls5_castespolymorphic"
"OG0006248_00",0.0186012736457502,0.601181717653414,0.926291276976319,"1e-05 to 1",0.00172227411049413,-0.00408166615630545,174,"success","pgls5_castespolymorphic"
"OG0006249_00",-0.0456866250491857,0.00673669564596091,0.676551510700237,"1e-05 to 1",0.0447124979660879,0.0391585008612396,174,"success","pgls5_castespolymorphic"
"OG0006250_00",0.0239118649847911,0.192474545898018,0.633309808520452,"1e-05 to 1",0.0105927831958756,0.00484041565631688,174,"success","pgls5_castespolymorphic"
"OG0006252_00",-0.00573037852018882,0.458199363808316,1,"1e-05 to 1",0.00342270546131017,-0.0023713485767054,174,"success","pgls5_castespolymorphic"
"OG0006253_00",-0.0130414826435111,0.410380436992533,0.907572076770258,"1e-05 to 1",0.00423985286651124,-0.00154945031449749,174,"success","pgls5_castespolymorphic"
"OG0006254_00",0.00314742309022934,0.844102536294214,0.574251469344903,"1e-05 to 1",0.000245496681501652,-0.00556702950058274,174,"success","pgls5_castespolymorphic"
"OG0006255_00",-0.0137868313283336,0.382431567749479,1e-05,"1e-05 to 1",0.00477144061220035,-0.00101477194237987,174,"success","pgls5_castespolymorphic"
"OG0006256_00",0.0206968910568959,0.306679334126764,1,"1e-05 to 1",0.00652978394114344,0.000753794312894351,174,"success","pgls5_castespolymorphic"
"OG0006257_00",-0.00762085152012722,0.576756863718816,0.924351665207585,"1e-05 to 1",0.0019511058259941,-0.00385150402385492,174,"success","pgls5_castespolymorphic"
"OG0006258_00",-0.004686808838122,0.845065105848869,0.633781734817785,"1e-05 to 1",0.000237905134335971,-0.00557466518465044,174,"success","pgls5_castespolymorphic"
"OG0006259_00",-0.00701610754509673,0.412183979805491,1,"1e-05 to 1",0.00418119346812925,-0.00160845075589333,174,"success","pgls5_castespolymorphic"
"OG0006260_00",0.00969473508623424,0.4977252306545,0.087677107173143,"1e-05 to 1",0.00286057861865576,-0.00293674359867779,174,"success","pgls5_castespolymorphic"
"OG0006261_00",0.0122134982036496,0.255533822877263,1,"1e-05 to 1",0.008072471202305,0.00230545068603938,174,"success","pgls5_castespolymorphic"
"OG0006262_00",0.0225493197389962,0.231758776219298,1,"1e-05 to 1",0.00887023491917389,0.00310785256405288,174,"success","pgls5_castespolymorphic"
"OG0006263_00",0.00308704521258361,0.766162229583114,1e-05,"1e-05 to 1",0.000550910324442581,-0.00525984019692705,174,"success","pgls5_castespolymorphic"
"OG0006264_00",0.00961461411814027,0.549288207117484,1,"1e-05 to 1",0.00221792029325747,-0.0035831383096887,174,"success","pgls5_castespolymorphic"
"OG0006265_00",-0.000498022119143923,0.937151846590085,1,"1e-05 to 1",3.8736380652538e-05,-0.00577499189620401,174,"success","pgls5_castespolymorphic"
"OG0006266_00",0.0118870813889896,0.462509484382569,0.868133203401685,"1e-05 to 1",0.00335766330581392,-0.00243676888426858,174,"success","pgls5_castespolymorphic"
"OG0006267_00",0.0106725846311032,0.345092598151659,0.710067747643751,"1e-05 to 1",0.00553859330343302,-0.000243159061081855,174,"success","pgls5_castespolymorphic"
"OG0006268_00",0.000581319751382039,0.977145559583358,0.777567081468449,"1e-05 to 1",5.11330392550436e-06,-0.00580881045593529,174,"success","pgls5_castespolymorphic"
"OG0006269_00",0.0275320427413176,0.0225531298595647,1e-05,"1e-05 to 1",0.0329032742422163,0.0272806188599037,174,"success","pgls5_castespolymorphic"
"OG0006270_00",0.0259397876471169,0.20916015197273,0.526849689162466,"1e-05 to 1",0.0100916122108244,0.00433633088646879,174,"success","pgls5_castespolymorphic"
"OG0006271_00",-0.00983714888014448,0.162754506742499,1,"1e-05 to 1",0.0120663581120825,0.00632255786854807,174,"success","pgls5_castespolymorphic"
"OG0006272_00",-0.000175056758158404,0.992265151505108,0.912917889482654,"1e-05 to 1",5.92932900019449e-07,-0.00581335710818798,174,"success","pgls5_castespolymorphic"
"OG0006273_00",0.0177569647990385,0.0764723145317434,1e-05,"1e-05 to 1",0.0193633069386123,0.0136619308161624,174,"success","pgls5_castespolymorphic"
"OG0006274_00",0.0029808627253067,0.851546872469822,1,"1e-05 to 1",0.000218188744341543,-0.00559449620481933,174,"success","pgls5_castespolymorphic"
"OG0006275_00",-0.0165665849784687,0.153161406069621,0.855653852494217,"1e-05 to 1",0.0126326905366142,0.00689218292345495,174,"success","pgls5_castespolymorphic"
"OG0006276_00",-0.058476515646411,0.0148964386833057,0.798055170545131,"1e-05 to 1",0.0362643571426055,0.0306612429399463,174,"success","pgls5_castespolymorphic"
"OG0006277_00",-0.022188376875448,0.133636626233361,0.574943520575293,"1e-05 to 1",0.0138336021998602,0.00810007663125467,174,"success","pgls5_castespolymorphic"
"OG0006278_00",0.00759455170658647,0.49495902698125,0.720079296976992,"1e-05 to 1",0.00289751064102395,-0.00289959685524921,174,"success","pgls5_castespolymorphic"
"OG0006279_00",0.0204869243898791,0.239745706964036,0.623434811308322,"1e-05 to 1",0.00857411356281789,0.00281000957190403,174,"success","pgls5_castespolymorphic"
"OG0006280_00",-0.0136938590313198,0.48886375229966,0.466892797376882,"1e-05 to 1",0.003017667361834,-0.00277874154885294,174,"success","pgls5_castespolymorphic"
"OG0006281_00",-0.000978136794134409,0.867539260957622,1,"1e-05 to 1",0.000173300142692389,-0.0056396457867105,174,"success","pgls5_castespolymorphic"
"OG0006282_00",-0.00869607173678521,0.448447918366998,0.972448733944946,"1e-05 to 1",0.00357346557850048,-0.00221971194720583,174,"success","pgls5_castespolymorphic"
"OG0006283_00",-0.00575537055561062,0.741137870874941,0.862278901501823,"1e-05 to 1",0.000692639342010895,-0.0051172871734424,174,"success","pgls5_castespolymorphic"
"OG0006284_00",0.0243174227392104,0.246726288785101,1e-05,"1e-05 to 1",0.00881723770876005,0.00305454723032261,174,"success","pgls5_castespolymorphic"
"OG0006285_00",-0.0267473803288569,0.123740046199885,0.514981347375681,"1e-05 to 1",0.0147448255977893,0.00901659783963682,174,"success","pgls5_castespolymorphic"
"OG0006286_00",0.0169507331858702,0.365035276121687,0.897969140095676,"1e-05 to 1",0.00522903069206057,-0.000554521455078616,174,"success","pgls5_castespolymorphic"
"OG0006287_00",-0.00911659586329451,0.638730584729851,0.621544908662137,"1e-05 to 1",0.00139841820728328,-0.00440740494267455,174,"success","pgls5_castespolymorphic"
"OG0006288_00",-0.000481520873186692,0.963033055296935,1,"1e-05 to 1",1.36386759336502e-05,-0.00580023551781084,174,"success","pgls5_castespolymorphic"
"OG0006289_00",-0.00234171793229718,0.808724421907556,1,"1e-05 to 1",0.000365033254747129,-0.00544679794726011,174,"success","pgls5_castespolymorphic"
"OG0006290_00",-0.047704836648532,0.044496966693063,1,"1e-05 to 1",0.0253094812456586,0.0196426759040635,174,"success","pgls5_castespolymorphic"
"OG0006291_00",-0.00253681780917526,0.86751129299971,0.84718122707745,"1e-05 to 1",0.000176676045488583,-0.00563625025657255,174,"success","pgls5_castespolymorphic"
"OG0006292_00",0.0327182614325063,0.00177919303174034,0.314327269476594,"1e-05 to 1",0.0593816545122887,0.0539129432013137,174,"success","pgls5_castespolymorphic"
"OG0006293_00",-0.0196800973104631,0.371848709755966,0.856123082237781,"1e-05 to 1",0.00495635148583263,-0.000828786005528714,174,"success","pgls5_castespolymorphic"
"OG0006294_00",0.0206385558160869,0.0772601491313774,0.592716930094748,"1e-05 to 1",0.0196244608736183,0.0139246030879999,174,"success","pgls5_castespolymorphic"
"OG0006295_00",0.0103112028040764,0.709036338994062,1,"1e-05 to 1",0.00086716700122941,-0.00494174481853071,174,"success","pgls5_castespolymorphic"
"OG0006296_00",0.0106205784169569,0.421301376015247,0.774872180994906,"1e-05 to 1",0.00402104281394834,-0.00176953251852874,174,"success","pgls5_castespolymorphic"
"OG0006297_00",-0.0281756218166801,0.261596579477654,0.796934205623545,"1e-05 to 1",0.00787030285460903,0.00210210694097301,174,"success","pgls5_castespolymorphic"
"OG0006298_00",0.05064035012042,0.06168991621779,1,"1e-05 to 1",0.0216513371644426,0.0159632635433057,174,"success","pgls5_castespolymorphic"
"OG0006299_00",0.00750587934730713,0.479136253219498,1,"1e-05 to 1",0.00313504887862657,-0.00266067758138155,174,"success","pgls5_castespolymorphic"
"OG0006300_00",0.0058924791509041,0.60516780795781,1e-05,"1e-05 to 1",0.00170633973139214,-0.00409769317714614,174,"success","pgls5_castespolymorphic"
"OG0006301_00",-0.0136209959039747,0.483364664386978,0.828346840032714,"1e-05 to 1",0.00307525984185016,-0.00272081422883663,174,"success","pgls5_castespolymorphic"
"OG0006302_00",-0.0141399395388248,0.27217872812436,1e-05,"1e-05 to 1",0.00762616918585528,0.00185655389042416,174,"success","pgls5_castespolymorphic"
"OG0006303_00",0.00644718313540291,0.792456311745773,0.85392144260278,"1e-05 to 1",0.000436705849999109,-0.00537470865087286,174,"success","pgls5_castespolymorphic"
"OG0006304_00",-0.0039090416695774,0.684761711615468,1e-05,"1e-05 to 1",0.00105257021652652,-0.0047552636775634,174,"success","pgls5_castespolymorphic"
"OG0006305_00",0.0215033910365549,0.264681983389279,0.72927674690369,"1e-05 to 1",0.0077213960529743,0.0019523344021195,174,"success","pgls5_castespolymorphic"
"OG0006306_00",-9.47590780352967e-05,0.99296957855229,0.847390689224667,"1e-05 to 1",4.86777963932751e-07,-0.00581346388030379,174,"success","pgls5_castespolymorphic"
"OG0006307_00",0.022799052444154,0.000172868814757976,0.120091029404518,"1e-05 to 1",0.0841294015444297,0.0788045724836415,174,"success","pgls5_castespolymorphic"
"OG0006308_00",-0.0241564929613308,0.0695270552872995,0.358640232290627,"1e-05 to 1",0.0206978192343727,0.01500420190434,174,"success","pgls5_castespolymorphic"
"OG0006309_00",0.0021574540408667,0.879953984561701,0.898097575991649,"1e-05 to 1",0.00014122352715957,-0.00567190889419411,174,"success","pgls5_castespolymorphic"
"OG0006310_00",0.00511964598655028,0.874200596739877,0.841037650487999,"1e-05 to 1",0.000156166797001069,-0.00565687874487675,174,"success","pgls5_castespolymorphic"
"OG0006311_00",0.0373477579141136,0.00187996636092924,1e-05,"1e-05 to 1",0.0580779892390155,0.0526016984787773,174,"success","pgls5_castespolymorphic"
"OG0006312_00",-0.000265985146737813,0.987166382752012,1,"1e-05 to 1",1.61204812703944e-06,-0.00581233206787224,174,"success","pgls5_castespolymorphic"
"OG0006313_00",0.0349661373731511,0.029983645543143,0.127830423405461,"1e-05 to 1",0.0292799442587716,0.0236362230044621,174,"success","pgls5_castespolymorphic"
"OG0006314_00",0.0117511829376819,0.266300887260312,1e-05,"1e-05 to 1",0.00762216009350061,0.00185252148939297,174,"success","pgls5_castespolymorphic"
"OG0006315_00",0.00410944868121872,0.720995050964587,1e-05,"1e-05 to 1",0.000804349125534517,-0.0050049279144333,174,"success","pgls5_castespolymorphic"
"OG0006316_00",0.0228352318031067,0.161679391587012,1e-05,"1e-05 to 1",0.0125154360386369,0.0067742467132802,174,"success","pgls5_castespolymorphic"
"OG0006317_00",-0.0023728851612859,0.766584382846512,1e-05,"1e-05 to 1",0.000548864120193938,-0.00526189829771173,174,"success","pgls5_castespolymorphic"
"OG0006318_00",-0.000988771794887418,0.932053960355207,1,"1e-05 to 1",4.52911174783118e-05,-0.00576839905044335,174,"success","pgls5_castespolymorphic"
"OG0006319_00",0.0102328879087788,0.197278621851522,1,"1e-05 to 1",0.0104993763649834,0.0047464657624543,174,"success","pgls5_castespolymorphic"
"OG0006320_00",-0.0169936649925921,0.409266465708355,1,"1e-05 to 1",0.0042335460545992,-0.00155579379392057,174,"success","pgls5_castespolymorphic"
"OG0006321_00",-0.00849212843632853,0.612427859014775,0.736434663909449,"1e-05 to 1",0.0015978078245722,-0.00420685608342453,174,"success","pgls5_castespolymorphic"
"OG0006322_00",0.0113314668994025,0.173948048352888,1e-05,"1e-05 to 1",0.0114515003473935,0.00570412534941322,174,"success","pgls5_castespolymorphic"
"OG0006323_00",-0.0169060010027268,0.280572187559104,1,"1e-05 to 1",0.00722800924972982,0.00145607907094913,174,"success","pgls5_castespolymorphic"
"OG0006324_00",-0.00933757197967662,0.152857036951082,0.943629310430253,"1e-05 to 1",0.0126513081957601,0.00691090882480527,174,"success","pgls5_castespolymorphic"
"OG0006325_00",-0.0214724125305627,0.0126575045919677,0.815545091093958,"1e-05 to 1",0.0379901993866075,0.0323971191504832,174,"success","pgls5_castespolymorphic"
"OG0006326_00",0.00102332556294883,0.959389836740961,0.171972396878985,"1e-05 to 1",1.61541448107559e-05,-0.00579770542411473,174,"success","pgls5_castespolymorphic"
"OG0006327_00",0.0203781090188366,0.318662212102288,0.787844574142911,"1e-05 to 1",0.00621523090070217,0.000437412475706278,174,"success","pgls5_castespolymorphic"
"OG0006328_00",0.0231014050063068,0.159127618410632,0.266677535269008,"1e-05 to 1",0.0123524204734653,0.0066102833831948,174,"success","pgls5_castespolymorphic"
"OG0006329_00",-0.00668672816958712,0.506174835464745,1,"1e-05 to 1",0.00276709870345979,-0.00303076700175264,174,"success","pgls5_castespolymorphic"
"OG0006330_00",-0.00263846901594067,0.90801935429621,0.286806860064994,"1e-05 to 1",8.36878680813953e-05,-0.00572977906291805,174,"success","pgls5_castespolymorphic"
"OG0006331_00",0.0210506348227939,0.204776785604465,1e-05,"1e-05 to 1",0.0100935851699389,0.00433831531627571,174,"success","pgls5_castespolymorphic"
"OG0006332_00",0.0128076396941421,0.541814893491954,0.661227798870915,"1e-05 to 1",0.00234541131708755,-0.00345490605897592,174,"success","pgls5_castespolymorphic"
"OG0006333_00",-0.00986091616251288,0.253528936938996,1,"1e-05 to 1",0.00809010898237772,0.00232319101134504,174,"success","pgls5_castespolymorphic"
"OG0006335_00",-0.0305508041257704,0.431122943582172,0.907131028011677,"1e-05 to 1",0.00387830786504996,-0.00191309732178113,174,"success","pgls5_castespolymorphic"
"OG0006337_00",-0.00479422081217021,0.829776963563265,0.903261836609711,"1e-05 to 1",0.000287930209683795,-0.00552434926584144,174,"success","pgls5_castespolymorphic"
"OG0006344_00",-0.00128744482929762,0.708126403115794,1,"1e-05 to 1",0.000900911055742285,-0.0049078045776545,174,"success","pgls5_castespolymorphic"
"OG0006345_00",0.0244712336058866,0.012764961078515,1e-05,"1e-05 to 1",0.0386082769962875,0.0330187902346379,174,"success","pgls5_castespolymorphic"
"OG0006346_00",-0.00491051563999731,0.34753281230463,1e-05,"1e-05 to 1",0.00551726077129707,-0.000264615619567365,174,"success","pgls5_castespolymorphic"
"OG0006347_00",0.00322951907562861,0.102782127562051,1e-05,"1e-05 to 1",0.0164477214888585,0.0107293942882123,174,"success","pgls5_castespolymorphic"
"OG0006348_00",0.00434924940000647,0.155089241245366,1,"1e-05 to 1",0.0125157265558231,0.00677453891951973,174,"success","pgls5_castespolymorphic"
"OG0006349_00",0.0141782707454467,0.586290033179609,0.939908041814834,"1e-05 to 1",0.00184361881795011,-0.00395961595636418,174,"success","pgls5_castespolymorphic"
"OG0006350_00",-0.0213684532500886,0.286389335243272,0.654587683520321,"1e-05 to 1",0.0071001293930937,0.00132745572677451,174,"success","pgls5_castespolymorphic"
"OG0006351_00",0.0281972176842164,0.0580948923106099,0.739004694647905,"1e-05 to 1",0.0222620343165729,0.0165775112602738,174,"success","pgls5_castespolymorphic"
"OG0006352_00",-0.0406043090301591,0.0678399014258906,0.848012105250781,"1e-05 to 1",0.0205613304445528,0.0148669195750445,174,"success","pgls5_castespolymorphic"
"OG0006353_00",0.00632365828745146,0.700540389827101,1e-05,"1e-05 to 1",0.000921130391646952,-0.00488746768747128,174,"success","pgls5_castespolymorphic"
"OG0006354_00",0.00492560336630992,0.825725983989905,1,"1e-05 to 1",0.000305832137803984,-0.00550634325674371,174,"success","pgls5_castespolymorphic"
"OG0006355_00",0.000286254463229045,0.993156464174306,0.830503578522851,"1e-05 to 1",4.58368087706328e-07,-0.00581349245535367,174,"success","pgls5_castespolymorphic"
"OG0006356_00",-0.0114496150577937,0.512700045628226,0.692199829760411,"1e-05 to 1",0.0027001342682328,-0.00309812076509153,174,"success","pgls5_castespolymorphic"
"OG0006357_00",-0.0159254086146849,0.434040873304366,0.968904970482802,"1e-05 to 1",0.00380571695019519,-0.00198611027683859,174,"success","pgls5_castespolymorphic"
"OG0006358_00",-0.00237071645231826,0.528005795788602,1e-05,"1e-05 to 1",0.00250931194678477,-0.00329005251864101,174,"success","pgls5_castespolymorphic"
"OG0006359_00",0.0434765696720499,0.00840465150058201,0.951819499503205,"1e-05 to 1",0.0426082197869981,0.0370419885066899,174,"success","pgls5_castespolymorphic"
"OG0006360_00",-0.0212874778979011,0.154393889685249,0.748951981184956,"1e-05 to 1",0.0126359558485535,0.00689546721976608,174,"success","pgls5_castespolymorphic"
"OG0006361_00",0.014403711943205,0.447296308749638,0.870502545841748,"1e-05 to 1",0.00363684367811684,-0.0021559653702663,174,"success","pgls5_castespolymorphic"
"OG0006362_00",0.000817748391570335,0.936027306972953,1e-05,"1e-05 to 1",4.06444362981506e-05,-0.00577307274721184,174,"success","pgls5_castespolymorphic"
"OG0006363_00",0.0240810539763884,0.192741673809764,1e-05,"1e-05 to 1",0.0109206546190137,0.00517019330865909,174,"success","pgls5_castespolymorphic"
"OG0006364_00",0.00234784889608429,0.499820905757972,1e-05,"1e-05 to 1",0.00285056322912586,-0.00294681721721646,174,"success","pgls5_castespolymorphic"
"OG0006365_00",-0.00715867014842404,0.346712364589483,1e-05,"1e-05 to 1",0.00550161952746065,-0.000280347800868164,174,"success","pgls5_castespolymorphic"
"OG0006366_00",-0.00361927543323995,0.842105563222403,0.626886908316415,"1e-05 to 1",0.000247201963143764,-0.00556531430451224,174,"success","pgls5_castespolymorphic"
"OG0006367_00",0.0132073943131887,0.538173906895903,0.908225633792077,"1e-05 to 1",0.00238788640171001,-0.00341218402618693,174,"success","pgls5_castespolymorphic"
"OG0006368_00",-0.00764815101321217,0.77446960513948,1,"1e-05 to 1",0.000514607248828939,-0.00529635433693376,174,"success","pgls5_castespolymorphic"
"OG0006369_00",-0.0163779209757145,0.456998953911002,0.919538450774887,"1e-05 to 1",0.00344099225868465,-0.00235295546074155,174,"success","pgls5_castespolymorphic"
"OG0006370_00",0.0241627391793742,0.0589874243315536,0.736864229720429,"1e-05 to 1",0.0221067772433316,0.0164213515296301,174,"success","pgls5_castespolymorphic"
"OG0006371_00",0.013312524846875,0.309238428083265,1,"1e-05 to 1",0.00638152610378519,0.000604674511365366,174,"success","pgls5_castespolymorphic"
"OG0006372_00",0.0153967986541803,0.346124444136912,0.766652508766972,"1e-05 to 1",0.00551501281913643,-0.000266876641217495,174,"success","pgls5_castespolymorphic"
"OG0006373_00",0.0332239696772288,0.197994280815966,1,"1e-05 to 1",0.0102714656531623,0.00451722998835513,174,"success","pgls5_castespolymorphic"
"OG0006374_00",0.00700173130584612,0.580757985368244,0.753046713611439,"1e-05 to 1",0.00191045615191027,-0.00389239003325303,174,"success","pgls5_castespolymorphic"
"OG0006375_00",-0.00946094258506434,0.466593402959488,1e-05,"1e-05 to 1",0.00333844590152457,-0.00245609801765267,174,"success","pgls5_castespolymorphic"
"OG0006376_00",-0.00839325678866834,0.743229349884395,0.979712732115999,"1e-05 to 1",0.000676793038340768,-0.00513322560678509,174,"success","pgls5_castespolymorphic"
"OG0006378_00",-0.0131655285305401,0.627925307630668,0.824516145171988,"1e-05 to 1",0.00147153983000325,-0.00433385819424092,174,"success","pgls5_castespolymorphic"
"OG0006379_00",0.0115708405060386,0.210085969282786,1e-05,"1e-05 to 1",0.00973931667762726,0.00398198712342746,174,"success","pgls5_castespolymorphic"
"OG0006380_00",0.00909886698032349,0.30717886324778,0.982210207764947,"1e-05 to 1",0.00681444112177599,0.00104010647713515,174,"success","pgls5_castespolymorphic"
"OG0006381_00",-0.0037105633930346,0.586265367086093,0.517883117908418,"1e-05 to 1",0.00185541089373783,-0.0039477553219962,174,"success","pgls5_castespolymorphic"
"OG0006382_00",0.00474420517515373,0.76951280828381,0.977936461720157,"1e-05 to 1",0.000548448349851203,-0.00526231648532405,174,"success","pgls5_castespolymorphic"
"OG0006383_00",-0.00460630538165029,0.750607039177047,0.809871664478071,"1e-05 to 1",0.000633160842852546,-0.00517711147782851,174,"success","pgls5_castespolymorphic"
"OG0006384_00",0.0237268858675594,0.115586057903394,1e-05,"1e-05 to 1",0.0155984053486289,0.00987514026344638,174,"success","pgls5_castespolymorphic"
"OG0006385_00",-0.0372962703088602,0.0348259385097009,0.838266439571696,"1e-05 to 1",0.0278809828937937,0.0222291281431761,174,"success","pgls5_castespolymorphic"
"OG0006386_00",0.00176282395035343,0.822281703999799,1,"1e-05 to 1",0.000316250711688404,-0.00549586410975511,174,"success","pgls5_castespolymorphic"
"OG0006387_00",0.00822115747198507,0.553129318516759,0.496261796856913,"1e-05 to 1",0.00220282998298837,-0.00359831635431984,174,"success","pgls5_castespolymorphic"
"OG0006388_00",0.008586363830666,0.601016002308911,0.683450096301677,"1e-05 to 1",0.00171304382427445,-0.00409095010697991,174,"success","pgls5_castespolymorphic"
"OG0006389_00",-0.0145329529921874,0.476143301556641,0.721174818012877,"1e-05 to 1",0.00319790865865196,-0.00259745233751851,174,"success","pgls5_castespolymorphic"
"OG0006390_00",0.0667305456044512,0.00368361034847009,0.898785879408478,"0.001 to 1",0.0511878968632036,0.0456715474263617,174,"success","pgls5_castespolymorphic"
"OG0006391_00",0.00644480942758983,0.694556587586548,0.948671583801119,"1e-05 to 1",0.000966278904777462,-0.00484205668298543,174,"success","pgls5_castespolymorphic"
"OG0006392_00",0.00861574098859036,0.57204933154837,0.943896176211079,"1e-05 to 1",0.00199965230121957,-0.00380267530168021,174,"success","pgls5_castespolymorphic"
"OG0006393_00",-0.00927652520063358,0.45846049589039,0.592056378036958,"1e-05 to 1",0.0034618007862712,-0.00233202595334348,174,"success","pgls5_castespolymorphic"
"OG0006394_00",-0.00216155087980719,0.850972293774527,1e-05,"1e-05 to 1",0.000224088924361191,-0.0055885617214273,174,"success","pgls5_castespolymorphic"
"OG0006395_00",-0.0168267719500539,0.0193268670282087,1,"1e-05 to 1",0.0350178649474689,0.0294075036971635,174,"success","pgls5_castespolymorphic"
"OG0006396_00",-0.000263230216403747,0.97943453657407,1,"1e-05 to 1",7.68188917556717e-06,-0.00580622693705024,174,"success","pgls5_castespolymorphic"
"OG0006397_00",-0.00521358238508616,0.831277430294578,0.954218383252917,"1e-05 to 1",0.000284572858768674,-0.00552772613623853,174,"success","pgls5_castespolymorphic"
"OG0006398_00",-0.0172884931694665,0.351024938962324,1,"1e-05 to 1",0.00543809394431276,-0.000344242718801846,174,"success","pgls5_castespolymorphic"
"OG0006399_00",-0.00873036254968491,0.446417260562259,0.38279878380854,"1e-05 to 1",0.00376961101332511,-0.00202242613194636,174,"success","pgls5_castespolymorphic"
"OG0006400_00",0.0183687888566877,0.447474795955125,0.795921857888519,"1e-05 to 1",0.00361124965760808,-0.00218170819321983,174,"success","pgls5_castespolymorphic"
"OG0006401_00",0.0104532572298021,0.596129729041836,1,"1e-05 to 1",0.00178172032361675,-0.00402187432566437,174,"success","pgls5_castespolymorphic"
"OG0006402_00",0.00934704386012631,0.57864403527825,0.785313489625024,"1e-05 to 1",0.00193186335299633,-0.00387085837169554,174,"success","pgls5_castespolymorphic"
"OG0006403_00",0.0373795268503756,0.0831996467979503,0.937504811421854,"1e-05 to 1",0.0186405840758169,0.0129350060762577,174,"success","pgls5_castespolymorphic"
"OG0006404_00",-0.018306978275952,0.267797264562404,1e-05,"1e-05 to 1",0.00766941539524553,0.00190005153126449,174,"success","pgls5_castespolymorphic"
"OG0006405_00",-0.00611418620637095,0.576186925438202,0.959300254023235,"1e-05 to 1",0.00198176686526461,-0.00382066472272791,174,"success","pgls5_castespolymorphic"
"OG0006406_00",-0.0304472526051458,0.0546636190304253,0.306712353440025,"1e-05 to 1",0.0234648489847743,0.0177873190370114,174,"success","pgls5_castespolymorphic"
"OG0006407_00",0.00678301804129301,0.645561864592383,0.897688372167882,"1e-05 to 1",0.00131714054758467,-0.00448915514690618,174,"success","pgls5_castespolymorphic"
"OG0006408_00",-0.00610875953263233,0.426524241916878,1e-05,"1e-05 to 1",0.00395619905413763,-0.00183475327694294,174,"success","pgls5_castespolymorphic"
"OG0006409_00",0.00483136026693205,0.504207480029861,1e-05,"1e-05 to 1",0.00279275041053006,-0.00300496615685053,174,"success","pgls5_castespolymorphic"
"OG0006410_00",0.000436996059282175,0.972634794770208,1e-05,"1e-05 to 1",7.61649608869291e-06,-0.00580629271032929,174,"success","pgls5_castespolymorphic"
"OG0006411_00",-0.0243640395649674,0.282268916158351,0.867654917496402,"1e-05 to 1",0.00717739261247286,0.0014051681509174,174,"success","pgls5_castespolymorphic"
"OG0006412_00",0.0210783867946355,0.0296755341535762,1e-05,"1e-05 to 1",0.0292071784738313,0.0235630341626327,174,"success","pgls5_castespolymorphic"
"OG0006413_00",0.0140953058448965,0.218624083276943,1,"1e-05 to 1",0.00938477429516956,0.00362538344804852,174,"success","pgls5_castespolymorphic"
"OG0006415_00",0.00264700101996756,0.863384456244985,1,"1e-05 to 1",0.00018560710239711,-0.00562726727491447,174,"success","pgls5_castespolymorphic"
"OG0006416_00",0.009094459696084,0.591499884827586,0.978865086388602,"1e-05 to 1",0.00182694125751957,-0.00397639047935527,174,"success","pgls5_castespolymorphic"
"OG0006417_00",0.0275255820912516,0.0185680735082423,1,"1e-05 to 1",0.0343590360979278,0.0287448444473344,174,"success","pgls5_castespolymorphic"
"OG0006418_00",-0.000683692648760016,0.930486302545378,1e-05,"1e-05 to 1",4.77077036363838e-05,-0.00576596841436561,174,"success","pgls5_castespolymorphic"
"OG0006419_00",-0.0129076596371066,0.241388438719867,1,"1e-05 to 1",0.00856783344210223,0.00280369293885863,174,"success","pgls5_castespolymorphic"
"OG0006420_00",0.000175828451912291,0.991876049570861,0.62692604403589,"1e-05 to 1",6.49989666250542e-07,-0.00581329971969624,174,"success","pgls5_castespolymorphic"
"OG0006421_00",-0.0151176846981258,0.561103150312127,0.734212473600681,"1e-05 to 1",0.00208943007759457,-0.00371237556148918,174,"success","pgls5_castespolymorphic"
"OG0006423_00",0.00903657549673909,0.128165960230546,0.10535092496646,"1e-05 to 1",0.0143174481907644,0.00858673568024559,174,"success","pgls5_castespolymorphic"
"OG0006424_00",0.00756562248348713,0.204599780873032,1,"1e-05 to 1",0.0100384284380023,0.00428283790566508,174,"success","pgls5_castespolymorphic"
"OG0006425_00",-0.0318088458002203,0.149692539629752,0.871132677695038,"1e-05 to 1",0.0135167502008185,0.00778138246942794,174,"success","pgls5_castespolymorphic"
"OG0006426_00",-0.0289053666603608,0.073049403331725,0.887187786596821,"0.001 to 1",0.0207146854072191,0.0150211661363308,174,"success","pgls5_castespolymorphic"
"OG0006427_00",0.0139017410913357,0.580935641171886,1,"1e-05 to 1",0.00189678359752397,-0.00390614207923456,174,"success","pgls5_castespolymorphic"
"OG0006428_00",0.020174484165184,0.309390440045373,1,"1e-05 to 1",0.00670878747870791,0.00093383856870044,174,"success","pgls5_castespolymorphic"
"OG0006429_00",0.0100912001959874,0.476555027690905,0.685644967167731,"1e-05 to 1",0.00317197167112476,-0.00262354012148491,174,"success","pgls5_castespolymorphic"
"OG0006430_00",-0.0200312735434581,0.380082980521395,0.811465561043767,"1e-05 to 1",0.0048186272032145,-0.000967311010720229,174,"success","pgls5_castespolymorphic"
"OG0006431_00",0.00647839977199777,0.570342833643324,1,"1e-05 to 1",0.00203016001940288,-0.00377199021304242,174,"success","pgls5_castespolymorphic"
"OG0006432_00",0.0125052872569729,0.177371611347994,1,"1e-05 to 1",0.0114138290585137,0.00566623504141184,174,"success","pgls5_castespolymorphic"
"OG0006433_00",-0.0135097066964991,0.340511391879157,0.927264779107135,"1e-05 to 1",0.00571545998048772,-6.52640893932244e-05,174,"success","pgls5_castespolymorphic"
"OG0006434_00",-0.0031043877065452,0.888573113707959,1,"1e-05 to 1",0.000123068933892689,-0.00569016903742181,174,"success","pgls5_castespolymorphic"
"OG0006435_00",-0.00384650564831017,0.704157476828664,1e-05,"1e-05 to 1",0.000903555403182169,-0.0049051448561015,174,"success","pgls5_castespolymorphic"
"OG0006436_00",-0.00279003185074041,0.900138782704921,1,"1e-05 to 1",9.81052642858458e-05,-0.00571527784464276,174,"success","pgls5_castespolymorphic"
"OG0006437_00",-0.00521091581234545,0.745953748211221,1,"1e-05 to 1",0.000670458824007699,-0.00513959664794572,174,"success","pgls5_castespolymorphic"
"OG0006438_00",0.0026837079783316,0.793941029358596,1,"1e-05 to 1",0.000430337845058859,-0.00538111367909777,174,"success","pgls5_castespolymorphic"
"OG0006439_00",-0.0410840400843884,0.0115580752508397,0.713877253265989,"1e-05 to 1",0.0391944827639454,0.0336084041753638,174,"success","pgls5_castespolymorphic"
"OG0006440_00",0.02829908288351,0.0290653899274678,0.793023758127672,"1e-05 to 1",0.0294247141783981,0.0237818346096679,174,"success","pgls5_castespolymorphic"
"OG0006441_00",-0.0137864827953362,0.174186049118169,1e-05,"1e-05 to 1",0.0115824185665423,0.00583580472099898,174,"success","pgls5_castespolymorphic"
"OG0006442_00",-0.0205595619745938,0.211900780810378,0.841961281012752,"1e-05 to 1",0.00978387682520324,0.00402680634162877,174,"success","pgls5_castespolymorphic"
"OG0006443_00",0.00216081175605136,0.85810809564797,1e-05,"1e-05 to 1",0.000201640233944292,-0.00561114092748638,174,"success","pgls5_castespolymorphic"
"OG0006444_00",-0.00879441097111652,0.661307459356227,0.825747655713674,"1e-05 to 1",0.0011951623375535,-0.00461184253257696,174,"success","pgls5_castespolymorphic"
"OG0006445_00",-0.0246166635676172,0.0726601002933256,0.560448397955891,"1e-05 to 1",0.0199970270825604,0.014299335379552,174,"success","pgls5_castespolymorphic"
"OG0006446_00",-0.049063131633943,0.0309867477994348,1,"1e-05 to 1",0.0289336580506216,0.0232879235044045,174,"success","pgls5_castespolymorphic"
"OG0006447_00",-0.0130155661097722,0.297132804313704,0.619983541637124,"1e-05 to 1",0.00679194585312265,0.00101748042203598,174,"success","pgls5_castespolymorphic"
"OG0006448_00",0.00130297300986212,0.941995207594657,0.958624539122786,"1e-05 to 1",3.58931425544841e-05,-0.0057778516647562,174,"success","pgls5_castespolymorphic"
"OG0006449_00",0.00845582380504305,0.733243214719864,0.932439144880118,"1e-05 to 1",0.000732563975775133,-0.00507713041971436,174,"success","pgls5_castespolymorphic"
"OG0006450_00",0.0107830234549832,0.421117865182129,0.856965093722391,"1e-05 to 1",0.00404939429782271,-0.00174101620044587,174,"success","pgls5_castespolymorphic"
"OG0006451_00",0.00118509963121023,0.947143121288024,1e-05,"1e-05 to 1",2.75543488113949e-05,-0.00578623893985819,174,"success","pgls5_castespolymorphic"
"OG0006452_00",-0.000946784279295084,0.905258348732496,1,"1e-05 to 1",8.93716446594047e-05,-0.00572406224112765,174,"success","pgls5_castespolymorphic"
"OG0006453_00",-0.0187349745384739,0.13841372403044,0.866322784643687,"1e-05 to 1",0.01350236740509,0.007766916052794,174,"success","pgls5_castespolymorphic"
"OG0006454_00",-0.024813384182167,0.239027662156535,0.716050111789575,"1e-05 to 1",0.00865393205929453,0.00289029212940684,174,"success","pgls5_castespolymorphic"
"OG0006455_00",0.0319442897653199,0.14785644230597,0.621278977352436,"1e-05 to 1",0.0130440221516536,0.00730590600137249,174,"success","pgls5_castespolymorphic"
"OG0006456_00",0.00987867326103999,0.553780717992584,1,"1e-05 to 1",0.00220945212957825,-0.00359165570687758,174,"success","pgls5_castespolymorphic"
"OG0006457_00",0.00412190287406319,0.706287961960156,1e-05,"1e-05 to 1",0.000895575140052387,-0.00491317151611015,174,"success","pgls5_castespolymorphic"
"OG0006458_00",-0.00295266618513447,0.683423124772848,1e-05,"1e-05 to 1",0.00103558234120703,-0.00477235031959977,174,"success","pgls5_castespolymorphic"
"OG0006459_00",0.0134413441666435,0.339359242669725,1e-05,"1e-05 to 1",0.00574271858304256,-3.78470065909298e-05,174,"success","pgls5_castespolymorphic"
"OG0006460_00",-0.00260681436779903,0.858085306895646,0.942640618818018,"0.001 to 1",0.000200441223598691,-0.00561234690882229,174,"success","pgls5_castespolymorphic"
"OG0006461_00",0.0111541107831368,0.0222716379344827,1,"1e-05 to 1",0.032026516035833,0.0263987632220879,174,"success","pgls5_castespolymorphic"
"OG0006462_00",0.00400810840919978,0.700610624316704,0.948027306120727,"1e-05 to 1",0.000932288472492536,-0.00487624473406267,174,"success","pgls5_castespolymorphic"
"OG0006463_00",0.0556625830014873,0.0309781397373665,1,"1e-05 to 1",0.0287577982267629,0.0231110412397093,174,"success","pgls5_castespolymorphic"
"OG0006464_00",-0.0011908300240192,0.938921616846406,1,"1e-05 to 1",3.70429112285283e-05,-0.00577669521138069,174,"success","pgls5_castespolymorphic"
"OG0006465_00",-0.0148775695865596,0.150112175358099,0.785843193047504,"1e-05 to 1",0.0129818334047323,0.0072433556919691,174,"success","pgls5_castespolymorphic"
"OG0006466_00",-0.0100685727049717,0.626229014155114,1e-05,"1e-05 to 1",0.00203403959119902,-0.00376808808559637,174,"success","pgls5_castespolymorphic"
"OG0006467_00",0.00344399981242153,0.899055165193554,1,"1e-05 to 1",0.000103480863397318,-0.00570987099204801,174,"success","pgls5_castespolymorphic"
"OG0006468_00",-0.0056680826348512,0.376197791538025,1,"1e-05 to 1",0.00489759182132743,-0.000887887295990542,174,"success","pgls5_castespolymorphic"
"OG0006469_00",-0.0208084848754222,0.106959111211841,0.811118333160424,"1e-05 to 1",0.0161599296457979,0.0104399292367617,174,"success","pgls5_castespolymorphic"
"OG0006470_00",-0.0110599317625693,0.146210279548419,1e-05,"1e-05 to 1",0.0129881841044462,0.00724974331435568,174,"success","pgls5_castespolymorphic"
"OG0006471_00",0.0117823823941051,0.468693346884685,0.963752780059874,"1e-05 to 1",0.0032864488294579,-0.0025083973982778,174,"success","pgls5_castespolymorphic"
"OG0006472_00",0.0107858984536847,0.554648564160156,0.283441363394776,"1e-05 to 1",0.0021860277024679,-0.0036152163225176,174,"success","pgls5_castespolymorphic"
"OG0006473_00",-0.00768050432370204,0.713804298289078,1,"1e-05 to 1",0.000842942707283418,-0.00496610995139513,174,"success","pgls5_castespolymorphic"
"OG0006474_00",0.0144938686361416,0.623114249136122,1,"1e-05 to 1",0.00151304493056444,-0.00429211178495548,174,"success","pgls5_castespolymorphic"
"OG0006475_00",0.0111529229988383,0.309800297753535,0.805189181504425,"1e-05 to 1",0.006486881779831,0.000710642720411436,174,"success","pgls5_castespolymorphic"
"OG0006476_00",-0.00886186224016992,0.360283899999527,1e-05,"1e-05 to 1",0.00523326886901881,-0.000550258637556755,174,"success","pgls5_castespolymorphic"
"OG0006477_00",0.0153527435599226,0.147035596427028,1e-05,"1e-05 to 1",0.0130966849053503,0.00735887493386977,174,"success","pgls5_castespolymorphic"
"OG0006478_00",-0.00690742450033575,0.676280999880402,0.718588024488314,"1e-05 to 1",0.00110631803023394,-0.00470120337656699,174,"success","pgls5_castespolymorphic"
"OG0006479_00",-0.0279883514651735,0.0150882911408248,1,"1e-05 to 1",0.0365764050044983,0.0309751050335942,174,"success","pgls5_castespolymorphic"
"OG0006480_00",-0.00257125006236733,0.541539846254269,1e-05,"1e-05 to 1",0.00231936995302691,-0.00348109882631586,174,"success","pgls5_castespolymorphic"
"OG0006481_00",0.0160059279694599,0.10623479139337,0.906420646410996,"1e-05 to 1",0.0162263690715254,0.0105067549382202,174,"success","pgls5_castespolymorphic"
"OG0006482_00",0.00584934531269675,0.630783640097446,1e-05,"1e-05 to 1",0.00145634132307467,-0.00434914506458184,174,"success","pgls5_castespolymorphic"
"OG0006483_00",-0.00958694612766153,0.423843016507675,1e-05,"1e-05 to 1",0.00634422125637882,0.000567152775311164,174,"success","pgls5_castespolymorphic"
"OG0006484_00",0.0083213140683726,0.671649332122428,1e-05,"1e-05 to 1",0.00112587335616529,-0.00468153435688023,174,"success","pgls5_castespolymorphic"
"OG0006485_00",-0.0220664515629156,0.181043231322486,1,"1e-05 to 1",0.0111537907910019,0.00540468492350765,174,"success","pgls5_castespolymorphic"
"OG0006486_00",0.0334192059674324,0.0251180305164498,1,"1e-05 to 1",0.0309568841493909,0.0253229125456083,174,"success","pgls5_castespolymorphic"
"OG0006487_00",-0.0352536255837793,0.0457669637078777,0.67283999330678,"1e-05 to 1",0.0247060185825025,0.0190357047370521,174,"success","pgls5_castespolymorphic"
"OG0006488_00",0.0348199768917576,0.035647796020333,1e-05,"1e-05 to 1",0.0276352118828313,0.0219819282309873,174,"success","pgls5_castespolymorphic"
"OG0006489_00",0.0135220534859808,0.252889178069399,1,"1e-05 to 1",0.0083715925931613,0.00260631115474941,174,"success","pgls5_castespolymorphic"
"OG0006490_00",-0.0117761335369195,0.187598760599126,1,"1e-05 to 1",0.0107601455873037,0.00500875108490439,174,"success","pgls5_castespolymorphic"
"OG0006491_00",0.00035092825013514,0.981533210325527,0.903927951917865,"1e-05 to 1",3.40170583874698e-06,-0.00581053200517379,174,"success","pgls5_castespolymorphic"
"OG0006492_00",0.00485622151808326,0.50999581017786,1,"1e-05 to 1",0.00276978749492,-0.00302806257778387,174,"success","pgls5_castespolymorphic"
"OG0006493_00",-0.0164206981540585,0.295245282983285,1e-05,"1e-05 to 1",0.00693167477806308,0.00115802172444723,174,"success","pgls5_castespolymorphic"
"OG0006494_00",-0.021938025901236,0.419806942869226,1,"1e-05 to 1",0.00415016014043315,-0.00163966450991326,174,"success","pgls5_castespolymorphic"
"OG0006495_00",0.0038402894113146,0.688774940146076,1,"1e-05 to 1",0.00101798253781966,-0.00479005244742559,174,"success","pgls5_castespolymorphic"
"OG0006496_00",-0.0150448553561762,0.503095886949967,0.965341974756252,"1e-05 to 1",0.0028429170433903,-0.00295450785752016,174,"success","pgls5_castespolymorphic"
"OG0006497_00",-0.00524379757769052,0.548914776955762,1,"1e-05 to 1",0.00226407597346612,-0.00353671428250224,174,"success","pgls5_castespolymorphic"
"OG0006498_00",-0.00140713925441333,0.922262458647865,1e-05,"1e-05 to 1",6.16332407164867e-05,-0.00575196191486071,174,"success","pgls5_castespolymorphic"
"OG0006499_00",-0.0033378857791433,0.839309882621402,1,"1e-05 to 1",0.000330209660685755,-0.00548182400407771,174,"success","pgls5_castespolymorphic"
"OG0006500_00",0.00702573003423775,0.674339962139711,0.61637639777402,"1e-05 to 1",0.00110638701692887,-0.00470113398878658,174,"success","pgls5_castespolymorphic"
"OG0006501_00",0.0210062835569035,0.00818133036708346,1,"1e-05 to 1",0.0431621342660874,0.0375991234187972,174,"success","pgls5_castespolymorphic"
"OG0006502_00",-0.0128056216772134,0.288718285826655,0.394633127851657,"1e-05 to 1",0.00721232506095254,0.00144030369502779,174,"success","pgls5_castespolymorphic"
"OG0006503_00",0.0255159269683143,0.0632696364350602,1,"1e-05 to 1",0.0213947535158392,0.0157051881293033,174,"success","pgls5_castespolymorphic"
"OG0006504_00",-0.00879867884229823,0.59656260158079,1,"1e-05 to 1",0.00175526043003492,-0.00404848805583691,174,"success","pgls5_castespolymorphic"
"OG0006505_00",0.00142321566216895,0.935499908022596,1,"1e-05 to 1",4.1318811436181e-05,-0.00577239445128797,174,"success","pgls5_castespolymorphic"
"OG0006506_00",0.0198025560419643,0.279384116669073,1,"1e-05 to 1",0.00735499687905453,0.0015838050004443,174,"success","pgls5_castespolymorphic"
"OG0006507_00",0.0090820182492385,0.189488831832274,1e-05,"1e-05 to 1",0.0106689978886398,0.00491707345775971,174,"success","pgls5_castespolymorphic"
"OG0006508_00",-0.00306107891288944,0.646609224624054,1e-05,"1e-05 to 1",0.00130070625322673,-0.00450568498948689,174,"success","pgls5_castespolymorphic"
"OG0006509_00",0.0134424878142511,0.0864175446525626,1,"1e-05 to 1",0.0189698282978931,0.0132661645089275,174,"success","pgls5_castespolymorphic"
"OG0006510_00",0.000491670909815179,0.961853449774691,0.889856825197264,"1e-05 to 1",1.44320143132821e-05,-0.00579943756699897,174,"success","pgls5_castespolymorphic"
"OG0006511_00",0.0064855220923528,0.701322678173392,0.864490943602913,"1e-05 to 1",0.000921824386591574,-0.00488676965767243,174,"success","pgls5_castespolymorphic"
"OG0006512_00",-0.0314958486071692,0.203384437605433,0.906563749568005,"1e-05 to 1",0.0102197399991739,0.00446520360382019,174,"success","pgls5_castespolymorphic"
"OG0006513_00",0.0460517580300703,0.00129616734457771,0.804397710939877,"1e-05 to 1",0.062437613967595,0.0569866698627555,174,"success","pgls5_castespolymorphic"
"OG0006514_00",0.0120314512151595,0.218173948670076,0.802046088884733,"1e-05 to 1",0.00940305479619789,0.00364377023105955,174,"success","pgls5_castespolymorphic"
"OG0006515_00",-0.00984486940260981,0.228713142371063,1e-05,"1e-05 to 1",0.00904247915252208,0.00328109821736233,174,"success","pgls5_castespolymorphic"
"OG0006516_00",0.0315282457959146,0.0427698544447377,0.872635878795275,"1e-05 to 1",0.0255630282538646,0.0198976970227823,174,"success","pgls5_castespolymorphic"
"OG0006517_00",-0.0454918119770138,0.0349249479078451,0.552408491369084,"1e-05 to 1",0.0275066854412605,0.0218526545426631,174,"success","pgls5_castespolymorphic"
"OG0006518_00",0.0264096327463083,0.00719736900913648,1,"1e-05 to 1",0.0445477223639695,0.0389927672614344,174,"success","pgls5_castespolymorphic"
"OG0006519_00",0.0147663678938789,0.254010747289783,0.900993265898664,"1e-05 to 1",0.00827927131739111,0.00251345312737605,174,"success","pgls5_castespolymorphic"
"OG0006520_00",0.0321121640059657,0.0938459919371906,0.295283988015147,"1e-05 to 1",0.0174454436667206,0.0117329171764109,174,"success","pgls5_castespolymorphic"
"OG0006521_00",5.07616183940719e-05,0.997092306794424,1e-05,"1e-05 to 1",8.37890979486108e-08,-0.00581386921212812,174,"success","pgls5_castespolymorphic"
"OG0006522_00",-0.000832629675133801,0.844462662872369,1,"1e-05 to 1",0.000239782595226178,-0.00557277680829005,174,"success","pgls5_castespolymorphic"
"OG0006523_00",0.00607668152102393,0.609096278660069,1,"1e-05 to 1",0.00163810277418735,-0.0041663268608465,174,"success","pgls5_castespolymorphic"
"OG0006524_00",0.0423833990979288,0.0205912941612616,0.211175507265527,"1e-05 to 1",0.0330525998983528,0.0274308126884595,174,"success","pgls5_castespolymorphic"
"OG0006525_00",-0.00130886717689566,0.732292302094029,1,"1e-05 to 1",0.000742686906558054,-0.00506694863468282,174,"success","pgls5_castespolymorphic"
"OG0006526_00",-0.00360052125555503,0.823195910599989,0.479028433631805,"1e-05 to 1",0.000312951373455048,-0.00549918263018778,174,"success","pgls5_castespolymorphic"
"OG0006527_00",-0.0128687748216098,0.179959903703274,1e-05,"1e-05 to 1",0.0112090625470759,0.00546027802700066,174,"success","pgls5_castespolymorphic"
"OG0006528_00",-0.00976550569344482,0.095266754204548,1,"1e-05 to 1",0.0172970646712238,0.0115836755123354,174,"success","pgls5_castespolymorphic"
"OG0006529_00",0.016862043643057,0.281796349650798,0.943741131086591,"1e-05 to 1",0.00728186315945672,0.00151024608480244,174,"success","pgls5_castespolymorphic"
"OG0006530_00",0.0208324135215431,0.277523360138747,1,"1e-05 to 1",0.00731993287574284,0.00154853713664838,174,"success","pgls5_castespolymorphic"
"OG0006531_00",-0.000785212576521213,0.940613700950221,1e-05,"1e-05 to 1",3.50151923340144e-05,-0.00577873471933832,174,"success","pgls5_castespolymorphic"
"OG0006532_00",-0.00603373988180783,0.722803778670285,0.720426966951143,"1e-05 to 1",0.000803647708917316,-0.00500563340905402,174,"success","pgls5_castespolymorphic"
"OG0006533_00",0.0253687026588149,0.0471235814789905,0.360310766184579,"1e-05 to 1",0.0242550595562508,0.0185821238559964,174,"success","pgls5_castespolymorphic"
"OG0006534_00",0.0212448038508669,0.239517613663738,0.519805312236227,"1e-05 to 1",0.00863597916744867,0.00287223486028265,174,"success","pgls5_castespolymorphic"
"OG0006535_00",-0.00162586119017672,0.786858902613375,1,"1e-05 to 1",0.000458273136707786,-0.00535301597296245,174,"success","pgls5_castespolymorphic"
"OG0006536_00",-0.000514443271292531,0.960486994491781,1,"1e-05 to 1",1.53882453935498e-05,-0.00579847577643555,174,"success","pgls5_castespolymorphic"
"OG0006537_00",-0.0124268674536642,0.182831684364093,1e-05,"1e-05 to 1",0.011063369157934,0.00531373758327092,174,"success","pgls5_castespolymorphic"
"OG0006538_00",0.0111267410343203,0.565682925969972,0.958113775070563,"1e-05 to 1",0.00209277643622591,-0.00370900974728428,174,"success","pgls5_castespolymorphic"
"OG0006539_00",-0.00344127901921818,0.837072898126549,0.910382787556419,"1e-05 to 1",0.000265088333516979,-0.00554732394361368,174,"success","pgls5_castespolymorphic"
"OG0006540_00",-0.00138537304444784,0.908836216996036,0.774989120006863,"1e-05 to 1",8.2201612462138e-05,-0.00573127395955852,174,"success","pgls5_castespolymorphic"
"OG0006541_00",-0.013255995807526,0.282088239369515,1e-05,"1e-05 to 1",0.00727306697318458,0.00150139875791255,174,"success","pgls5_castespolymorphic"
"OG0006542_00",-0.0115404210997238,0.131679703275074,1,"1e-05 to 1",0.0141470645301865,0.00841536141699006,174,"success","pgls5_castespolymorphic"
"OG0006543_00",0.0332499908270477,0.0343991141955604,0.59633440547404,"1e-05 to 1",0.0278367626360665,0.0221846507909274,174,"success","pgls5_castespolymorphic"
"OG0006544_00",0.00763865632389983,0.465383243494775,1,"1e-05 to 1",0.003356584044713,-0.00243785442014333,174,"success","pgls5_castespolymorphic"
"OG0006545_00",0.00366080263880891,0.786443153767499,1,"1e-05 to 1",0.00046010669028344,-0.00535117175919164,174,"success","pgls5_castespolymorphic"
"OG0006547_00",0.0240591499352149,0.0600794413610042,1,"1e-05 to 1",0.0221953819964189,0.0165104714266305,174,"success","pgls5_castespolymorphic"
"OG0006548_00",-0.0491727347778718,0.0554168901923604,0.373611911486159,"1e-05 to 1",0.0226032956392358,0.0169207566603942,174,"success","pgls5_castespolymorphic"
"OG0006549_00",-0.00982472278313688,0.574959906224172,1,"1e-05 to 1",0.00195728545093594,-0.00384528847086085,174,"success","pgls5_castespolymorphic"
"OG0006550_00",-0.0268283893012245,0.2170936670405,0.530659999133834,"1e-05 to 1",0.00956574171329284,0.00380740300232363,174,"success","pgls5_castespolymorphic"
"OG0006551_00",-0.0146121218838572,0.433726327549989,1,"1e-05 to 1",0.00393321337173839,-0.00185787259703063,174,"success","pgls5_castespolymorphic"
"OG0006552_00",-0.00837244383349604,0.730200302785598,0.832402406448323,"1e-05 to 1",0.000750047791343958,-0.00505954495405514,174,"success","pgls5_castespolymorphic"
"OG0006553_00",-0.00742807290478658,0.636078023199391,0.921003162585224,"1e-05 to 1",0.00141166549614086,-0.0043940806346956,174,"success","pgls5_castespolymorphic"
"OG0006554_00",0.00811657861210357,0.310492037910744,1e-05,"1e-05 to 1",0.00655081072927822,0.00077494334979733,174,"success","pgls5_castespolymorphic"
"OG0006555_00",-0.0241435702583089,0.26920560276928,1,"1e-05 to 1",0.00762458925611725,0.00185496477504821,174,"success","pgls5_castespolymorphic"
"OG0006556_00",-0.0130022224305461,0.308146953459646,1e-05,"1e-05 to 1",0.006572556033198,0.000796815079902591,174,"success","pgls5_castespolymorphic"
"OG0006557_00",-0.00149219753448235,0.595470090337436,1,"1e-05 to 1",0.00175472579532757,-0.00404902579888566,174,"success","pgls5_castespolymorphic"
"OG0006558_00",-0.00883613072850572,0.462750187699756,1e-05,"1e-05 to 1",0.00333332593066308,-0.0024612477557866,174,"success","pgls5_castespolymorphic"
"OG0006559_00",0.00283205501272474,0.76950164714029,0.972161464364845,"1e-05 to 1",0.000534836936867259,-0.00527600703442999,174,"success","pgls5_castespolymorphic"
"OG0006560_00",0.00217726727354922,0.922506643176367,0.785294840038231,"1e-05 to 1",6.04627840590691e-05,-0.00575313917649867,174,"success","pgls5_castespolymorphic"
"OG0006561_00",-0.000289532465652281,0.988233104318649,1,"1e-05 to 1",1.36367868723749e-06,-0.00581258188132039,174,"success","pgls5_castespolymorphic"
"OG0006562_00",-0.0482228067255891,0.0673654263913419,0.793387694278137,"1e-05 to 1",0.0207598000142355,0.015066543037574,174,"success","pgls5_castespolymorphic"
"OG0006563_00",0.0179382746628927,0.246794491672293,0.548291344100754,"1e-05 to 1",0.00837445022750976,0.00260918540325106,174,"success","pgls5_castespolymorphic"
"OG0006564_00",0.00455659750655153,0.605031047192442,1,"1e-05 to 1",0.00167554096859165,-0.00412867100252123,174,"success","pgls5_castespolymorphic"
"OG0006565_00",-0.00821874295629173,0.627446025083477,1,"1e-05 to 1",0.00147564266120703,-0.00432973150936733,174,"success","pgls5_castespolymorphic"
"OG0006566_00",-0.00983677181198509,0.298893216335801,1,"1e-05 to 1",0.00678519413754772,0.00101068945230087,174,"success","pgls5_castespolymorphic"
"OG0006567_00",-0.00222425215147964,0.828529033120906,1e-05,"1e-05 to 1",0.000297799121469797,-0.00551442297666127,174,"success","pgls5_castespolymorphic"
"OG0006568_00",-0.000322343905484897,0.975329100528072,0.36081326034345,"1e-05 to 1",6.0721741583352e-06,-0.00580784601087547,174,"success","pgls5_castespolymorphic"
"OG0006569_00",0.00499853455088385,0.721280336029982,1e-05,"1e-05 to 1",0.000797604060501264,-0.0050117121949611,174,"success","pgls5_castespolymorphic"
"OG0006570_00",0.026952473231148,0.140287150334691,0.557737208847747,"1e-05 to 1",0.0136273548936864,0.00789263021283582,174,"success","pgls5_castespolymorphic"
"OG0006571_00",0.0055725137364435,0.703089057675258,1,"1e-05 to 1",0.000910416313268513,-0.00489824405700312,174,"success","pgls5_castespolymorphic"
"OG0006572_00",0.00746556275535997,0.5948054049482,1,"1e-05 to 1",0.00210113439564766,-0.00370060319507526,174,"success","pgls5_castespolymorphic"
"OG0006573_00",-0.00330597102091751,0.896595748778309,1,"1e-05 to 1",0.000106557608511927,-0.00570677635888051,174,"success","pgls5_castespolymorphic"
"OG0006574_00",0.00330631960997878,0.673717299512918,1e-05,"1e-05 to 1",0.00111087873434869,-0.00469661615673056,174,"success","pgls5_castespolymorphic"
"OG0006575_00",-0.00181896013416903,0.933777078154443,1e-05,"1e-05 to 1",4.32875897024496e-05,-0.0057704142266366,174,"success","pgls5_castespolymorphic"
"OG0006576_00",0.00443148914168028,0.727733278170204,0.919664335265749,"1e-05 to 1",0.000759601504344188,-0.00504993569621193,174,"success","pgls5_castespolymorphic"
"OG0006577_00",0.0050325275793593,0.342362804587427,1e-05,"1e-05 to 1",0.00563645533980578,-0.000144728059381372,174,"success","pgls5_castespolymorphic"
"OG0006578_00",0.00145239771022089,0.953244111682433,0.940442575875504,"1e-05 to 1",2.18274289242708e-05,-0.00579199915579109,174,"success","pgls5_castespolymorphic"
"OG0006579_00",-0.0169560740370625,0.254439468044073,1e-05,"1e-05 to 1",0.0081095900378864,0.00234278532880428,174,"success","pgls5_castespolymorphic"
"OG0006580_00",-0.00225282400617364,0.777055571589644,1,"1e-05 to 1",0.000508938063634225,-0.00530205648250726,174,"success","pgls5_castespolymorphic"
"OG0006581_00",-0.00162319379521505,0.646919203592245,1,"1e-05 to 1",0.00131452883642793,-0.00449178204242995,174,"success","pgls5_castespolymorphic"
"OG0006582_00",0.00199574246738589,0.877148427027674,1,"1e-05 to 1",0.000150754751872887,-0.00566232225538377,174,"success","pgls5_castespolymorphic"
"OG0006583_00",0.00810083970192122,0.635697820323516,0.925761102908173,"1e-05 to 1",0.00141484540608427,-0.00439088223690365,174,"success","pgls5_castespolymorphic"
"OG0006584_00",-0.00246822617015766,0.844629975434816,1,"1e-05 to 1",0.000242279074844286,-0.00557026581425557,174,"success","pgls5_castespolymorphic"
"OG0006585_00",-0.0258823221593772,0.0542487786630734,1,"1e-05 to 1",0.0229610465268174,0.0172805874949965,174,"success","pgls5_castespolymorphic"
"OG0006586_00",0.00382067454814486,0.463367063106669,1,"1e-05 to 1",0.00334483617834115,-0.00244967058806389,174,"success","pgls5_castespolymorphic"
"OG0006587_00",0.00309918026820092,0.785019499425392,0.431831583904602,"1e-05 to 1",0.000469357078859096,-0.00534186758928712,174,"success","pgls5_castespolymorphic"
"OG0006588_00",0.00486179100394583,0.716933328174169,1,"1e-05 to 1",0.000828989511210704,-0.00498014427070093,174,"success","pgls5_castespolymorphic"
"OG0006589_00",-0.00657350989921758,0.640272160481943,1,"1e-05 to 1",0.00136824960569226,-0.00443774894311177,174,"success","pgls5_castespolymorphic"
"OG0006590_00",-0.0140292905123762,0.354925891197634,1,"1e-05 to 1",0.00538457934413607,-0.000398068450374822,174,"success","pgls5_castespolymorphic"
"OG0006591_00",0.0258419441106996,0.207537568506693,0.60840938796345,"1e-05 to 1",0.0102952246695923,0.00454112713860155,174,"success","pgls5_castespolymorphic"
"OG0006592_00",-0.00313273947102633,0.828070288094994,1,"1e-05 to 1",0.000297530984051845,-0.00551469267301763,174,"success","pgls5_castespolymorphic"
"OG0006593_00",-0.00104831503319353,0.932714266222419,1,"1e-05 to 1",4.46914860294443e-05,-0.0057690021681216,174,"success","pgls5_castespolymorphic"
"OG0006594_00",-0.0194258176943259,0.398570940799079,0.406491458993554,"1e-05 to 1",0.00448599041571867,-0.00130188173302725,174,"success","pgls5_castespolymorphic"
"OG0006595_00",0.0429574873242858,0.0204578511846658,0.767179216808618,"1e-05 to 1",0.0331213425614541,0.0274999550182069,174,"success","pgls5_castespolymorphic"
"OG0006596_00",0.00221441432085785,0.87595835399926,1e-05,"1e-05 to 1",0.000153713370021003,-0.00565934643596711,174,"success","pgls5_castespolymorphic"
"OG0006597_00",0.00709214858099235,0.604110440798841,1e-05,"1e-05 to 1",0.00170546033852781,-0.00409857768275979,174,"success","pgls5_castespolymorphic"
"OG0006598_00",0.0286323785183029,0.0916935977569584,1,"1e-05 to 1",0.0177854197925693,0.0120748699076425,174,"success","pgls5_castespolymorphic"
"OG0006600_00",-0.0131655301400685,0.112475217497504,1e-05,"1e-05 to 1",0.015866870477266,0.0101451662358547,174,"success","pgls5_castespolymorphic"
"OG0006601_00",-0.0331216698020511,0.194524103516876,0.810839258550475,"1e-05 to 1",0.0104962726805631,0.00474334403335708,174,"success","pgls5_castespolymorphic"
"OG0006602_00",-0.0300264150713553,0.0708915091199569,0.371583226715198,"1e-05 to 1",0.0204994912096799,0.0148047208097363,174,"success","pgls5_castespolymorphic"
"OG0006603_00",-0.00174613060325646,0.885226906297348,1e-05,"1e-05 to 1",0.000130623395553789,-0.00568257065447209,174,"success","pgls5_castespolymorphic"
"OG0006604_00",-0.00933266618583806,0.383649473232217,1,"1e-05 to 1",0.0047770097941227,-0.00100917038149295,174,"success","pgls5_castespolymorphic"
"OG0006605_00",-0.000182491158843576,0.991634891725505,0.829808736136524,"1e-05 to 1",6.93501404338742e-07,-0.00581325595498305,174,"success","pgls5_castespolymorphic"
"OG0006606_00",-0.0031002838517878,0.860237469687374,1,"1e-05 to 1",0.000195571739279576,-0.00561724470409675,174,"success","pgls5_castespolymorphic"
"OG0006607_00",-0.0234628548414488,0.158917512112808,1,"1e-05 to 1",0.0124423251801081,0.00670071079162016,174,"success","pgls5_castespolymorphic"
"OG0006608_00",0.046355668649519,0.0148041791214615,0.931945754171063,"1e-05 to 1",0.0370091128969628,0.0314103286696196,174,"success","pgls5_castespolymorphic"
"OG0006609_00",-0.00599636936662823,0.75317918116964,0.974320745798369,"1e-05 to 1",0.000615875029433511,-0.00519449779016279,174,"success","pgls5_castespolymorphic"
"OG0006610_00",0.00814392442598882,0.530776535422503,0.500596120728692,"1e-05 to 1",0.00246030678569515,-0.00333934259345781,174,"success","pgls5_castespolymorphic"
"OG0006611_00",-0.00636418781147608,0.790609968185595,0.861528409819683,"1e-05 to 1",0.000439154553755658,-0.00537224571046679,174,"success","pgls5_castespolymorphic"
"OG0006612_00",0.0111566243675616,0.534860364256639,1,"1e-05 to 1",0.00257291578887207,-0.00322607888677395,174,"success","pgls5_castespolymorphic"
"OG0006613_00",-0.0014637682901214,0.777148780526657,1,"1e-05 to 1",0.000505293797407501,-0.00530572193632861,174,"success","pgls5_castespolymorphic"
"OG0006614_00",-0.00171105845429595,0.826648498829389,1,"1e-05 to 1",0.000300654678404989,-0.00551155081765087,174,"success","pgls5_castespolymorphic"
"OG0006615_00",-0.00642676242014993,0.434048636155882,0.795383106677329,"1e-05 to 1",0.00387793445038863,-0.00191347290745791,174,"success","pgls5_castespolymorphic"
"OG0006616_00",-0.0315241206068632,0.0592245026420153,0.878751030986791,"1e-05 to 1",0.0223429953859369,0.0166589430335295,174,"success","pgls5_castespolymorphic"
"OG0006617_00",-0.00477577408940372,0.734609029640346,0.947565632962817,"1e-05 to 1",0.000715762731880762,-0.00509402934525927,174,"success","pgls5_castespolymorphic"
"OG0006618_00",-0.0018600188960063,0.817313024368554,1,"1e-05 to 1",0.0003345007212109,-0.00547750799552627,174,"success","pgls5_castespolymorphic"
"OG0006619_00",0.00494846758690337,0.117891788767493,1e-05,"1e-05 to 1",0.01530803054478,0.00958307723399365,174,"success","pgls5_castespolymorphic"
"OG0006620_00",0.0230654935551236,0.00338847805955611,1,"1e-05 to 1",0.0520858066586735,0.0465746776276191,174,"success","pgls5_castespolymorphic"
"OG0006621_00",0.017322177434479,0.0565102854067834,1e-05,"1e-05 to 1",0.0226845664230226,0.0170024999487378,174,"success","pgls5_castespolymorphic"
"OG0006622_00",0.00552302446920675,0.791815582070595,1,"1e-05 to 1",0.000439469401698313,-0.00537192903201267,174,"success","pgls5_castespolymorphic"
"OG0006623_00",-0.0244688741856056,0.147656743909783,1e-05,"1e-05 to 1",0.0131386363602857,0.00740107029261294,174,"success","pgls5_castespolymorphic"
"OG0006624_00",-0.0195891608899239,0.271629946276566,0.613986369961485,"1e-05 to 1",0.00764358214841888,0.00187406809114232,174,"success","pgls5_castespolymorphic"
"OG0006625_00",0.0106660268862674,0.566039593131467,0.685280074275141,"1e-05 to 1",0.00207577573652891,-0.00372610928825856,174,"success","pgls5_castespolymorphic"
"OG0006626_00",0.0593011024743801,0.00594461559645243,0.664635098976832,"1e-05 to 1",0.0463335284765954,0.0407889559677385,174,"success","pgls5_castespolymorphic"
"OG0006627_00",0.00727431501225359,0.419013908649779,1e-05,"1e-05 to 1",0.0040861452457598,-0.00170405158420661,174,"success","pgls5_castespolymorphic"
"OG0006628_00",0.0238404437058685,0.137173211407397,0.932238044706407,"1e-05 to 1",0.0136712204017395,0.00793675075291245,174,"success","pgls5_castespolymorphic"
"OG0006629_00",-0.00830132956116973,0.285787346829675,1,"1e-05 to 1",0.00711782946533432,0.00134525870641178,174,"success","pgls5_castespolymorphic"
"OG0006630_00",-0.00870751419070611,0.205678971392023,1,"1e-05 to 1",0.00999095471111168,0.00423508816873441,174,"success","pgls5_castespolymorphic"
"OG0006631_00",0.0207163481121699,0.157249275829709,1,"1e-05 to 1",0.0193272889908877,0.0136257034617649,174,"success","pgls5_castespolymorphic"
"OG0006632_00",0.073287127907128,5.37001390168435e-05,0.951088222592658,"1e-05 to 1",0.098387039491606,0.0931451036746966,174,"success","pgls5_castespolymorphic"
"OG0006633_00",0.018281981164396,0.286549442227085,1,"1e-05 to 1",0.00714003502828789,0.00136759337147552,174,"success","pgls5_castespolymorphic"
"OG0006634_00",-0.0174531686591034,0.18596519770106,1,"1e-05 to 1",0.0109073693363658,0.00515683078599583,174,"success","pgls5_castespolymorphic"
"OG0006635_00",0.0223747004864912,0.224587255641686,0.86197185698228,"1e-05 to 1",0.00920381537114309,0.00344337243725434,174,"success","pgls5_castespolymorphic"
"OG0006636_00",-0.00556403612686095,0.610092440741283,1,"1e-05 to 1",0.00162900998680032,-0.00417547251327632,174,"success","pgls5_castespolymorphic"
"OG0006638_00",0.0127796200807435,0.472716888830512,0.424620513016896,"1e-05 to 1",0.00324780644644873,-0.00254726444630449,174,"success","pgls5_castespolymorphic"
"OG0006639_00",-0.0131905443877686,0.372474163133312,1,"1e-05 to 1",0.00503735613400627,-0.000747310400098344,174,"success","pgls5_castespolymorphic"
"OG0006640_00",0.00771590246710466,0.613902506055654,1e-05,"1e-05 to 1",0.00159452517016937,-0.00421015782302736,174,"success","pgls5_castespolymorphic"
"OG0006641_00",-0.00679987980983883,0.671895231162652,1,"1e-05 to 1",0.0011240841664198,-0.00468333394889164,174,"success","pgls5_castespolymorphic"
"OG0006642_00",0.0544818254058615,0.0013317616478532,0.400265125320096,"1e-05 to 1",0.0625226766741265,0.0570722271199062,174,"success","pgls5_castespolymorphic"
"OG0006643_00",0.0410928327574397,0.0849056432352984,1,"1e-05 to 1",0.0192765138233614,0.0135746330897762,174,"success","pgls5_castespolymorphic"
"OG0006644_00",0.023953156651291,0.100112587916462,1e-05,"1e-05 to 1",0.0170199908067136,0.0113049907532643,174,"success","pgls5_castespolymorphic"
"OG0006645_00",0.004034510922227,0.787041249648868,1e-05,"1e-05 to 1",0.000460355733837494,-0.00535092126770986,174,"success","pgls5_castespolymorphic"
"OG0006646_00",0.0356379358809459,0.0471090867665502,0.853585668161005,"1e-05 to 1",0.0244084201139387,0.0187363760448336,174,"success","pgls5_castespolymorphic"
"OG0006647_00",0.0156378258958881,0.28941542647265,1e-05,"1e-05 to 1",0.00705594201974801,0.00128301145009546,174,"success","pgls5_castespolymorphic"
"OG0006648_00",0.00840074989854926,0.690704707293028,1,"1e-05 to 1",0.000992126448333032,-0.00481605886301395,174,"success","pgls5_castespolymorphic"
"OG0006649_00",0.00576954075468826,0.752307012538926,0.8841711772018,"1e-05 to 1",0.000628207141207363,-0.00518209398006464,174,"success","pgls5_castespolymorphic"
"OG0006650_00",-0.0369442156663655,0.208333284433355,1,"1e-05 to 1",0.00987542225533924,0.0041188840126376,174,"success","pgls5_castespolymorphic"
"OG0006651_00",-0.0302294799426518,0.199860221539492,0.690821096702006,"1e-05 to 1",0.0102504444014813,0.00449608652009448,174,"success","pgls5_castespolymorphic"
"OG0006652_00",0.0331041752964865,0.0187604208173395,1e-05,"1e-05 to 1",0.0340381450481877,0.0284220877519562,174,"success","pgls5_castespolymorphic"
"OG0006653_00",-0.0123947945864149,0.310349606830681,0.916958830125003,"1e-05 to 1",0.00643176987915696,0.000655210401710238,174,"success","pgls5_castespolymorphic"
"OG0006654_00",0.00286299328324247,0.84199304712702,1,"1e-05 to 1",0.00024911094975,-0.00556339421914687,174,"success","pgls5_castespolymorphic"
"OG0006655_00",0.00225556601441263,0.80072189055224,1,"1e-05 to 1",0.000399368370736813,-0.00541226320850319,174,"success","pgls5_castespolymorphic"
"OG0006656_00",0.0398152971326188,0.0924003425862745,0.894634559390941,"1e-05 to 1",0.0175989274443155,0.0118872933015498,174,"success","pgls5_castespolymorphic"
"OG0006657_00",-0.019449064724069,0.319176521853934,0.958025608968132,"1e-05 to 1",0.00620207531480819,0.00042418040384784,174,"success","pgls5_castespolymorphic"
"OG0006658_00",0.0119739104232878,0.194991092801496,1,"1e-05 to 1",0.010474447831503,0.00472139229563961,174,"success","pgls5_castespolymorphic"
"OG0006659_00",0.0068399073342144,0.357226765271946,1,"1e-05 to 1",0.00530009730860353,-0.00048304166053259,174,"success","pgls5_castespolymorphic"
"OG0006660_00",0.00035864242489316,0.974606321044762,0.631661356643166,"1e-05 to 1",6.3526305434424e-06,-0.00580756392393011,174,"success","pgls5_castespolymorphic"
"OG0006661_00",-0.0132477385719541,0.569967911281468,0.78057133105165,"1e-05 to 1",0.00202136770970658,-0.00378083364081827,174,"success","pgls5_castespolymorphic"
"OG0006662_00",-0.026849690067028,0.0992957011721209,1,"1e-05 to 1",0.0172098877023307,0.0114959917006,174,"success","pgls5_castespolymorphic"
"OG0006663_00",0.00188920220804192,0.920153336424983,0.963759915812189,"1e-05 to 1",6.260317025014e-05,-0.00575098634620197,174,"success","pgls5_castespolymorphic"
"OG0006664_00",-0.014234573736539,0.432621336339969,0.937261317589985,"1e-05 to 1",0.00382923717688435,-0.0019624533046454,174,"success","pgls5_castespolymorphic"
"OG0006665_00",0.0165889496688909,0.324792193885156,1,"1e-05 to 1",0.00621561440213956,0.00043779820680323,174,"success","pgls5_castespolymorphic"
"OG0006666_00",-0.0205720725524263,0.252007198825715,1,"1e-05 to 1",0.00819279221105962,0.00242647123554252,174,"success","pgls5_castespolymorphic"
"OG0006667_00",0.00132931029511466,0.927555822196558,0.63840272651323,"1e-05 to 1",5.15032412393633e-05,-0.00576215080968367,174,"success","pgls5_castespolymorphic"
"OG0006668_00",0.0098649159147761,0.666134391194404,0.826672244472658,"1e-05 to 1",0.001173797637786,-0.00463333144571521,174,"success","pgls5_castespolymorphic"
"OG0006669_00",-0.00195179747378412,0.610398500125853,1,"1e-05 to 1",0.00163647429342055,-0.00416796480952475,174,"success","pgls5_castespolymorphic"
"OG0006670_00",0.0161971967376091,0.20301867945777,0.586368803974247,"1e-05 to 1",0.0101085129094034,0.00435332984492309,174,"success","pgls5_castespolymorphic"
"OG0006671_00",-0.0315000078267067,0.00337484669359966,0.990337826437315,"1e-05 to 1",0.0524472494750654,0.0469382218557343,174,"success","pgls5_castespolymorphic"
"OG0006672_00",0.0241446714510737,0.0824619951181331,0.940230385302915,"1e-05 to 1",0.018729389071919,0.0130243273804767,174,"success","pgls5_castespolymorphic"
"OG0006673_00",0.00273287148872289,0.697554047786481,1,"1e-05 to 1",0.00094643654644598,-0.00486201440386536,174,"success","pgls5_castespolymorphic"
"OG0006674_00",0.0173784724216487,0.315002809378462,0.460933663509585,"1e-05 to 1",0.00630964120788602,0.000532371680024846,174,"success","pgls5_castespolymorphic"
"OG0006675_00",0.0305979838750444,0.158446831576031,1e-05,"1e-05 to 1",0.0125489800023505,0.0068079857000386,174,"success","pgls5_castespolymorphic"
"OG0006676_00",-0.0142146187597474,0.163439462302983,1e-05,"1e-05 to 1",0.0122550514734532,0.00651234828434533,174,"success","pgls5_castespolymorphic"
"OG0006677_00",-0.00182789031672663,0.531183384520375,1e-05,"1e-05 to 1",0.00245544435455943,-0.00334423329454192,174,"success","pgls5_castespolymorphic"
"OG0006678_00",0.00179219551409313,0.918803730131306,0.577902954963694,"1e-05 to 1",6.5977870399737e-05,-0.00574759202570263,174,"success","pgls5_castespolymorphic"
"OG0006679_00",-0.00864765363708176,0.565090011445898,1,"1e-05 to 1",0.00208593217806297,-0.00371589379764603,174,"success","pgls5_castespolymorphic"
"OG0006680_00",-0.00116766348291251,0.826591435815988,1e-05,"1e-05 to 1",0.000314663269198186,-0.00549746078156232,174,"success","pgls5_castespolymorphic"
"OG0006681_00",-0.00687708532963521,0.500362775946115,0.549604781410969,"1e-05 to 1",0.00286128854957006,-0.00293602954025807,174,"success","pgls5_castespolymorphic"
"OG0006682_00",-0.00848967547697665,0.336361047017377,1e-05,"1e-05 to 1",0.00581423551448568,3.40857209651935e-05,174,"success","pgls5_castespolymorphic"
"OG0006683_00",0.00215335019230024,0.829939321827885,1,"1e-05 to 1",0.000289174209269065,-0.00552309803370021,174,"success","pgls5_castespolymorphic"
"OG0006684_00",0.00689154970831058,0.527933117720734,1,"1e-05 to 1",0.00249447687386503,-0.00330497384198458,174,"success","pgls5_castespolymorphic"
"OG0006685_00",0.013387792267949,0.649062189642633,0.950919211388781,"1e-05 to 1",0.00130566685047463,-0.00450069555155763,174,"success","pgls5_castespolymorphic"
"OG0006686_00",-0.00729287104345731,0.664778825372723,0.992540804940557,"0.001 to 1",0.00118396346746937,-0.00462310651237074,174,"success","pgls5_castespolymorphic"
"OG0006687_00",-0.0157861575758655,0.40172109268103,0.901037678263768,"1e-05 to 1",0.00442654062315665,-0.001361677163918,174,"success","pgls5_castespolymorphic"
"OG0006688_00",-0.0322494631516842,0.000206790027257542,1,"1e-05 to 1",0.0842155119622545,0.0788911835434304,174,"success","pgls5_castespolymorphic"
"OG0006689_00",-0.0120424496075185,0.453052320522354,1,"1e-05 to 1",0.00356822730617985,-0.0022249806745982,174,"success","pgls5_castespolymorphic"
"OG0006690_00",-0.00524402092486671,0.758037354757333,1,"1e-05 to 1",0.000598558508495272,-0.00521191498854834,174,"success","pgls5_castespolymorphic"
"OG0006691_00",-0.0271393224082475,0.0648153979143875,1e-05,"1e-05 to 1",0.0211501494317798,0.0154591619284762,174,"success","pgls5_castespolymorphic"
"OG0006692_00",0.00436949708317837,0.722586750397101,0.930941387940081,"1e-05 to 1",0.000789826149507977,-0.00501953532636712,174,"success","pgls5_castespolymorphic"
"OG0006693_00",-0.0169162903996047,0.391902040817489,0.86800985412428,"1e-05 to 1",0.0045852416866974,-0.00120205341977542,174,"success","pgls5_castespolymorphic"
"OG0006694_00",-0.00245407676296589,0.857582559816327,0.978491306321567,"1e-05 to 1",0.00019937935283185,-0.00561341495325629,174,"success","pgls5_castespolymorphic"
"OG0006695_00",-0.00108590023700971,0.941622730674254,1,"1e-05 to 1",3.34117389442682e-05,-0.00578034749513168,174,"success","pgls5_castespolymorphic"
"OG0006696_00",-0.00434286854319118,0.776727799279135,1,"1e-05 to 1",0.000650964103258126,-0.00515920471009501,174,"success","pgls5_castespolymorphic"
"OG0006697_00",0.0050418357173031,0.692463600103612,1e-05,"1e-05 to 1",0.000974170150230834,-0.00483411955819801,174,"success","pgls5_castespolymorphic"
"OG0006698_00",0.00671964380441118,0.421755710250605,1,"1e-05 to 1",0.00401319659925067,-0.00177742435075379,174,"success","pgls5_castespolymorphic"
"OG0006699_00",0.00496995830017132,0.792962600283817,1,"1e-05 to 1",0.000429115275093287,-0.00538234335702814,174,"success","pgls5_castespolymorphic"
"OG0006700_00",-0.00332757227753141,0.688857343376367,0.432067914102235,"1e-05 to 1",0.000998406692113829,-0.0048097421061879,174,"success","pgls5_castespolymorphic"
"OG0006701_00",-0.0222870527579883,0.243814734281718,0.635685512107094,"1e-05 to 1",0.00858762122867924,0.00282359577070646,174,"success","pgls5_castespolymorphic"
"OG0006702_00",0.00831784528771853,0.634360426751024,0.7904608964146,"1e-05 to 1",0.00142606577301617,-0.0043795966352802,174,"success","pgls5_castespolymorphic"
"OG0006703_00",0.000293141115142934,0.989963374789173,1,"1e-05 to 1",1.00469729658755e-06,-0.00581294294981216,174,"success","pgls5_castespolymorphic"
"OG0006704_00",0.0202330315646185,0.131440085499098,1e-05,"1e-05 to 1",0.0141645163060886,0.00843291465670548,174,"success","pgls5_castespolymorphic"
"OG0006705_00",0.0541938143687394,0.000372051807620899,1,"1e-05 to 1",0.0768093685004889,0.07144198110805,174,"success","pgls5_castespolymorphic"
"OG0006706_00",-0.0133873672867918,0.209566471113068,1e-05,"1e-05 to 1",0.00982233230392854,0.00406548539871876,174,"success","pgls5_castespolymorphic"
"OG0006707_00",-0.0235986056303929,0.324237006330351,0.897370870244109,"1e-05 to 1",0.00607409369492033,0.000295454704774434,174,"success","pgls5_castespolymorphic"
"OG0006708_00",0.00218171931915282,0.864627822189348,1,"1e-05 to 1",0.000182211514298585,-0.00563068260480448,174,"success","pgls5_castespolymorphic"
"OG0006709_00",0.00538291210729574,0.557153099934094,0.445804278807676,"1e-05 to 1",0.0021585170888495,-0.00364288688156411,174,"success","pgls5_castespolymorphic"
"OG0006710_00",0.00703234555548344,0.322644031110778,1,"1e-05 to 1",0.00611409688577893,0.000335690472324179,174,"success","pgls5_castespolymorphic"
"OG0006711_00",0.0208621642618274,0.038509304818992,1,"1e-05 to 1",0.0263284058738781,0.0206675245126797,174,"success","pgls5_castespolymorphic"
"OG0006712_00",-0.00151087145361812,0.908460069904638,1,"1e-05 to 1",8.23679373950313e-05,-0.00573110666762,174,"success","pgls5_castespolymorphic"
"OG0006713_00",-0.0300333585092525,0.132432065841434,0.885867799944047,"1e-05 to 1",0.0142701624850529,0.00853917505764035,174,"success","pgls5_castespolymorphic"
"OG0006714_00",0.0148253121440328,0.00113345758159977,1,"1e-05 to 1",0.065060343100648,0.0596246474210006,174,"success","pgls5_castespolymorphic"
"OG0006715_00",0.00769826312118556,0.741912808691264,0.9627673964436,"0.001 to 1",0.000679718724434772,-0.00513028291088835,174,"success","pgls5_castespolymorphic"
"OG0006716_00",-0.0158399948270418,0.102344195687952,1e-05,"1e-05 to 1",0.0164893526494479,0.0107712674904331,174,"success","pgls5_castespolymorphic"
"OG0006717_00",0.0260161194701062,0.103609749795753,0.897430101141132,"1e-05 to 1",0.0165743988126245,0.0108568081080469,174,"success","pgls5_castespolymorphic"
"OG0006718_00",-0.00290448692179295,0.667714054221772,1e-05,"1e-05 to 1",0.00116939015962307,-0.0046377645487512,174,"success","pgls5_castespolymorphic"
"OG0006719_00",-0.0187606799753233,0.141263432434861,0.505709581850267,"1e-05 to 1",0.0134765421261215,0.00774094062685471,174,"success","pgls5_castespolymorphic"
"OG0006720_00",-0.0212431447325242,0.169659812020483,0.817166888278378,"1e-05 to 1",0.0117543930738086,0.00600877908005171,174,"success","pgls5_castespolymorphic"
"OG0006721_00",0.00101364252456463,0.905059179830335,1e-05,"1e-05 to 1",8.91869086979857e-05,-0.00572424805113525,174,"success","pgls5_castespolymorphic"
"OG0006722_00",0.000114876952919621,0.992748660993218,0.572325293943182,"1e-05 to 1",5.21118764975446e-07,-0.00581342933984685,174,"success","pgls5_castespolymorphic"
"OG0006723_00",0.0142056965023051,0.327529198838902,0.500010977803515,"1e-05 to 1",0.00602992298645253,0.000251027189862141,174,"success","pgls5_castespolymorphic"
"OG0006724_00",-0.0258751759921788,0.172312654079624,0.988556076482537,"1e-05 to 1",0.0115384774468997,0.00579160812973045,174,"success","pgls5_castespolymorphic"
"OG0006725_00",0.0559102359815372,0.0336612155158269,0.758394879085397,"1e-05 to 1",0.0280641235243005,0.0224133335447907,174,"success","pgls5_castespolymorphic"
"OG0006726_00",0.0113481219876354,0.42266162311877,1e-05,"1e-05 to 1",0.00399758923473476,-0.0017931224557608,174,"success","pgls5_castespolymorphic"
"OG0006727_00",-0.0119747663110202,0.0313919031784888,1,"1e-05 to 1",0.0286191272856618,0.0229715640722064,174,"success","pgls5_castespolymorphic"
"OG0006728_00",-0.00884329645047132,0.540108070936434,0.912097517819855,"1e-05 to 1",0.00233581882656875,-0.00346455431978843,174,"success","pgls5_castespolymorphic"
"OG0006729_00",0.0195514949140316,0.187955541093327,1e-05,"1e-05 to 1",0.0108776735994775,0.00512696239947441,174,"success","pgls5_castespolymorphic"
"OG0006730_00",-0.010943894868962,0.547216236178874,1,"1e-05 to 1",0.00228335660007137,-0.00351732155923035,174,"success","pgls5_castespolymorphic"
"OG0006731_00",-0.0125168639436272,0.461412759170647,0.732140640575438,"1e-05 to 1",0.00339524061942827,-0.0023989730979006,174,"success","pgls5_castespolymorphic"
"OG0006732_00",0.00378130976528241,0.687205661414336,1e-05,"1e-05 to 1",0.00101594908205643,-0.00479209772560596,174,"success","pgls5_castespolymorphic"
"OG0006733_00",-0.00609282670242661,0.670819217874046,0.880854127162128,"1e-05 to 1",0.00113192575018182,-0.00467544677452647,174,"success","pgls5_castespolymorphic"
"OG0006734_00",-0.00401074205700936,0.400153124806146,1e-05,"1e-05 to 1",0.00440064293551004,-0.00138772541951604,174,"success","pgls5_castespolymorphic"
"OG0006735_00",-0.0282156974193429,0.034962876997199,0.624705249167929,"1e-05 to 1",0.0276664307412774,0.0220133285944244,174,"success","pgls5_castespolymorphic"
"OG0006736_00",0.0105624864014922,0.199656743712495,1,"1e-05 to 1",0.0103240712048857,0.00457014138630951,174,"success","pgls5_castespolymorphic"
"OG0006737_00",0.00880331001421776,0.110416220799678,1,"1e-05 to 1",0.0159486162115721,0.010227387236058,174,"success","pgls5_castespolymorphic"
"OG0006738_00",0.0122408629673014,0.315882353490642,1e-05,"1e-05 to 1",0.00628681960881335,0.000509417397236755,174,"success","pgls5_castespolymorphic"
"OG0006739_00",-0.0123107506951156,0.487368984283757,0.981003445561613,"0.1 to 1",0.00301942526086537,-0.00277697342947847,174,"success","pgls5_castespolymorphic"
"OG0006740_00",-0.00790797564913166,0.388897266666979,0.60610069616409,"1e-05 to 1",0.00464362113485863,-0.00114333455621796,174,"success","pgls5_castespolymorphic"
"OG0006741_00",-0.0101565528811992,0.382253646286529,1e-05,"1e-05 to 1",0.00483548836400286,-0.00095035181992742,174,"success","pgls5_castespolymorphic"
"OG0006742_00",0.00723833116654299,0.752211293833125,0.67977460266574,"1e-05 to 1",0.00062476859125938,-0.00518555252158226,174,"success","pgls5_castespolymorphic"
"OG0006743_00",-0.00403520544969187,0.704671990843682,1,"1e-05 to 1",0.000905939256060176,-0.00490274714361383,174,"success","pgls5_castespolymorphic"
"OG0006744_00",-0.00543355122748943,0.764940830031515,0.899514475605982,"1e-05 to 1",0.000563878355771084,-0.00524679677006734,174,"success","pgls5_castespolymorphic"
"OG0006745_00",0.00838172041941054,0.445929549585168,0.944813216717766,"1e-05 to 1",0.00365873988177209,-0.00213394186310123,174,"success","pgls5_castespolymorphic"
"OG0006746_00",-0.00191197112603964,0.841382829482561,1e-05,"1e-05 to 1",0.000249500425339233,-0.00556300247916464,174,"success","pgls5_castespolymorphic"
"OG0006747_00",0.00836565845033592,0.228353146104761,0.951945972610537,"1e-05 to 1",0.00900024671034946,0.00323862023773536,174,"success","pgls5_castespolymorphic"
"OG0006748_00",0.0142947680078256,0.307579728671121,0.519622831081684,"1e-05 to 1",0.00658793640891127,0.000812284876404945,174,"success","pgls5_castespolymorphic"
"OG0006749_00",0.0281222736643913,0.135200862697381,1e-05,"1e-05 to 1",0.0139816395106563,0.00824897462409024,174,"success","pgls5_castespolymorphic"
"OG0006750_00",0.0191460499897203,0.298718266084617,1,"1e-05 to 1",0.0068330558860519,0.00105882946678471,174,"success","pgls5_castespolymorphic"
"OG0006751_00",-0.0108299135254528,0.31791249828593,0.499288680517491,"1e-05 to 1",0.00627366758359096,0.000496188906751294,174,"success","pgls5_castespolymorphic"
"OG0006752_00",0.00369688899293811,0.784822098128171,1,"1e-05 to 1",0.000470240973366588,-0.00534097855585802,174,"success","pgls5_castespolymorphic"
"OG0006753_00",0.0129509181223602,0.132414565336396,1,"1e-05 to 1",0.0140937615909109,0.00836174857690453,174,"success","pgls5_castespolymorphic"
"OG0006754_00",0.0049213793551063,0.829123564841855,0.947442351336107,"1e-05 to 1",0.000288382766882852,-0.00552389407749576,174,"success","pgls5_castespolymorphic"
"OG0006755_00",0.0294401283130058,0.0660550498126553,0.622864920745928,"1e-05 to 1",0.0209583974446786,0.0152662951042406,174,"success","pgls5_castespolymorphic"
"OG0006756_00",0.0384691286696338,0.075812062750479,1e-05,"1e-05 to 1",0.0198165042081779,0.0141177629535744,174,"success","pgls5_castespolymorphic"
"OG0006757_00",-0.00842455182554706,0.464392865764747,1e-05,"1e-05 to 1",0.00343641604716284,-0.00235755827814432,174,"success","pgls5_castespolymorphic"
"OG0006758_00",0.00726052004961708,0.382608906235934,0.804158156913623,"1e-05 to 1",0.00473825853297777,-0.00104814694066779,174,"success","pgls5_castespolymorphic"
"OG0006759_00",-0.0216725894504671,0.305569120204517,1e-05,"1e-05 to 1",0.00668505306192008,0.000909966161117381,174,"success","pgls5_castespolymorphic"
"OG0006760_00",-0.0236532787426302,0.126438286197202,1e-05,"1e-05 to 1",0.0145370498364604,0.00880761407969566,174,"success","pgls5_castespolymorphic"
"OG0006761_00",0.0101055358854584,0.33136653343922,0.908952561283087,"1e-05 to 1",0.00589817305232434,0.000118511267744759,174,"success","pgls5_castespolymorphic"
"OG0006762_00",-0.00670005207029807,0.797448165666251,0.754943341460824,"1e-05 to 1",0.000415493622992621,-0.00539604420478068,174,"success","pgls5_castespolymorphic"
"OG0006763_00",-0.0261573233116414,0.173200920846708,0.836150731418568,"1e-05 to 1",0.0115627448043614,0.00581601657647979,174,"success","pgls5_castespolymorphic"
"OG0006764_00",0.00748008693571408,0.634163935220072,0.821519923639361,"1e-05 to 1",0.00141877408642404,-0.0043869307153992,174,"success","pgls5_castespolymorphic"
"OG0006765_00",0.0131871277870076,0.305136038767051,1,"1e-05 to 1",0.00657145012711291,0.000795702744130988,174,"success","pgls5_castespolymorphic"
"OG0006766_00",0.0111383311282285,0.114136350249088,1e-05,"1e-05 to 1",0.01582218246838,0.0101002184129635,174,"success","pgls5_castespolymorphic"
"OG0006767_00",-0.0172303291262635,0.211790382759167,0.803165104123917,"1e-05 to 1",0.0099130521885795,0.00415673272455974,174,"success","pgls5_castespolymorphic"
"OG0006768_00",0.0210544876071357,0.370697058967353,0.692261690029606,"1e-05 to 1",0.00501136043743101,-0.000773457234444441,174,"success","pgls5_castespolymorphic"
"OG0006769_00",0.000994344569627146,0.908393499201676,0.800622718291698,"1e-05 to 1",8.24883073900893e-05,-0.00573098559779961,174,"success","pgls5_castespolymorphic"
"OG0006770_00",-0.00271671711022802,0.552416111208829,1e-05,"1e-05 to 1",0.00219698888924943,-0.00360419140790613,174,"success","pgls5_castespolymorphic"
"OG0006771_00",-0.000144209621821906,0.991779106702497,1,"1e-05 to 1",6.61448414962765e-07,-0.00581328819432669,174,"success","pgls5_castespolymorphic"
"OG0006772_00",-0.0172390148964886,0.388480559217655,0.782884420218386,"1e-05 to 1",0.00468104750804921,-0.00110569058783416,174,"success","pgls5_castespolymorphic"
"OG0006773_00",0.0029446385392904,0.820419120854293,1e-05,"1e-05 to 1",0.00032506663334046,-0.00548699693274468,174,"success","pgls5_castespolymorphic"
"OG0006774_00",-0.00810589557672745,0.534943682020045,0.58605574331225,"1e-05 to 1",0.00242600990399289,-0.00337383887563503,174,"success","pgls5_castespolymorphic"
"OG0006775_00",0.0254054375132308,0.20894244965748,0.72211073457398,"1e-05 to 1",0.00984915107709227,0.00409246009498243,174,"success","pgls5_castespolymorphic"
"OG0006776_00",0.0206650144183544,0.265044395575919,1e-05,"1e-05 to 1",0.00775788530032071,0.00198903579625287,174,"success","pgls5_castespolymorphic"
"OG0006777_00",0.00317932533673341,0.64105960745003,1e-05,"1e-05 to 1",0.00136181730373182,-0.0044442186421767,174,"success","pgls5_castespolymorphic"
"OG0006779_00",-0.00213955413049124,0.941499030934197,0.976122789673543,"1e-05 to 1",3.3764100973983e-05,-0.00577999308448551,174,"success","pgls5_castespolymorphic"
"OG0006780_00",-0.00726147162098247,0.688128643242579,1,"1e-05 to 1",0.00101599992792787,-0.00479204658411914,174,"success","pgls5_castespolymorphic"
"OG0006781_00",0.0481795614352103,0.0136178372925768,0.790581849228589,"1e-05 to 1",0.0376752908492953,0.0320803797495819,174,"success","pgls5_castespolymorphic"
"OG0006782_00",-0.0177747351902397,0.233192905556641,0.718083462707682,"1e-05 to 1",0.00887119589430279,0.00310881912624628,174,"success","pgls5_castespolymorphic"
"OG0006783_00",0.00864259076793807,0.434341478530715,0.587758325508861,"1e-05 to 1",0.00384861720836509,-0.00194296059856303,174,"success","pgls5_castespolymorphic"
"OG0006784_00",-0.00610652036959424,0.563315113837481,0.913201974547899,"1e-05 to 1",0.00211835515994752,-0.00368328231005277,174,"success","pgls5_castespolymorphic"
"OG0006785_00",-1.71390140105553e-05,0.998392589428914,1,"1e-05 to 1",2.57686313721343e-08,-0.00581392756992316,174,"success","pgls5_castespolymorphic"
"OG0006786_00",-0.00604763223789383,0.776875350282267,0.914641094828397,"1e-05 to 1",0.000509783393789063,-0.00530120623764252,174,"success","pgls5_castespolymorphic"
"OG0006787_00",-0.00507948157074184,0.386368898614426,1,"1e-05 to 1",0.00469324348166199,-0.00109342370739807,174,"success","pgls5_castespolymorphic"
"OG0006788_00",0.0158592046976995,0.210931975688841,1,"1e-05 to 1",0.00976397254733939,0.0040067863412192,174,"success","pgls5_castespolymorphic"
"OG0006789_00",-0.00836391092017221,0.537427928034024,1,"1e-05 to 1",0.00238164563356786,-0.0034184610778647,174,"success","pgls5_castespolymorphic"
"OG0006790_00",-0.00929143156145001,0.355823241085175,0.514212985177249,"1e-05 to 1",0.00553883879870544,-0.000242912138511464,174,"success","pgls5_castespolymorphic"
"OG0006791_00",-0.00107096501861226,0.935299972771865,0.759745713219317,"1e-05 to 1",4.13152686276473e-05,-0.00577239801469442,174,"success","pgls5_castespolymorphic"
"OG0006792_00",-0.0128814212781831,0.583204135194977,0.772538101787867,"1e-05 to 1",0.0018858783733363,-0.0039171107058884,174,"success","pgls5_castespolymorphic"
"OG0006794_00",-0.00269333568708339,0.856387686637879,0.984117279239104,"1e-05 to 1",0.000205317873173911,-0.0056074419066332,174,"success","pgls5_castespolymorphic"
"OG0006795_00",-0.00144704163056795,0.848872073438863,1,"1e-05 to 1",0.000229072076331327,-0.00558354959764351,174,"success","pgls5_castespolymorphic"
"OG0006796_00",0.00498926317627954,0.709314700970695,1,"1e-05 to 1",0.000876345684916279,-0.00493251277040385,174,"success","pgls5_castespolymorphic"
"OG0006797_00",-0.0170863242749724,0.134431745105472,1e-05,"1e-05 to 1",0.0141249850168626,0.0083931535344024,174,"success","pgls5_castespolymorphic"
"OG0006798_00",0.00262795423170743,0.824778675630217,0.527731607631056,"1e-05 to 1",0.000307282138887949,-0.00550488482542089,174,"success","pgls5_castespolymorphic"
"OG0006799_00",0.00512050053669038,0.818635455987475,1,"1e-05 to 1",0.000329590830876766,-0.00548244643173446,174,"success","pgls5_castespolymorphic"
"OG0006800_00",-0.0154588554665795,0.545871668187154,1,"1e-05 to 1",0.00229869806823876,-0.00350189089648079,174,"success","pgls5_castespolymorphic"
"OG0006801_00",0.0144691552166278,0.380169775729248,0.960767430723647,"1e-05 to 1",0.0048168760689737,-0.000969072325974096,174,"success","pgls5_castespolymorphic"
"OG0006802_00",-0.0019989858227138,0.527032031880972,1,"1e-05 to 1",0.00250537409775924,-0.00329401326213752,174,"success","pgls5_castespolymorphic"
"OG0006803_00",0.00883784509074514,0.437153544752962,1,"1e-05 to 1",0.00375454922158079,-0.00203757549224703,174,"success","pgls5_castespolymorphic"
"OG0006804_00",0.00468955778739693,0.777776824028802,1,"1e-05 to 1",0.00050237376147371,-0.00530865894921551,174,"success","pgls5_castespolymorphic"
"OG0006805_00",-0.0502934517805259,0.04339340493615,1,"1e-05 to 1",0.0254126077980648,0.019746402029449,174,"success","pgls5_castespolymorphic"
"OG0006806_00",-0.0115915901451761,0.406775037937182,0.773879481537575,"1e-05 to 1",0.00430545398211718,-0.00148346779705655,174,"success","pgls5_castespolymorphic"
"OG0006807_00",-0.000699277890354112,0.975021552038242,0.80026979607814,"1e-05 to 1",6.1465091856401e-06,-0.00580777124366794,174,"success","pgls5_castespolymorphic"
"OG0006808_00",-0.00735783858578198,0.604415581926092,0.894000986111414,"1e-05 to 1",0.00169185385344657,-0.00411226327531233,174,"success","pgls5_castespolymorphic"
"OG0006809_00",0.0201543181381303,0.118293247739523,0.701339604904172,"1e-05 to 1",0.0151798606137706,0.0094541621289671,174,"success","pgls5_castespolymorphic"
"OG0006810_00",-0.0144366130690139,0.320075639189805,1,"1e-05 to 1",0.00617914306729421,0.000401114829313265,174,"success","pgls5_castespolymorphic"
"OG0006811_00",0.00898736422212215,0.676158343915623,0.719635116300942,"1e-05 to 1",0.00108652258133634,-0.00472111391528363,174,"success","pgls5_castespolymorphic"
"OG0006812_00",-0.000680396224138712,0.883543122469875,0.975452068366063,"1e-05 to 1",0.000134511609457068,-0.00567865983467408,174,"success","pgls5_castespolymorphic"
"OG0006813_00",0.0108066188284805,0.442596358920185,0.748081836391502,"1e-05 to 1",0.00368934265571479,-0.00210316116605447,174,"success","pgls5_castespolymorphic"
"OG0006814_00",0.00740829397768405,0.395926851635054,1,"1e-05 to 1",0.00448001347601402,-0.00130789342238136,174,"success","pgls5_castespolymorphic"
"OG0006815_00",0.01511993555563,0.485973681564874,0.279464909264094,"1e-05 to 1",0.00303879474114059,-0.00275749133594583,174,"success","pgls5_castespolymorphic"
"OG0006816_00",0.0200052685486738,0.145096027165615,1e-05,"1e-05 to 1",0.0133892109332953,0.00765310169453537,174,"success","pgls5_castespolymorphic"
"OG0006817_00",-0.0191834011277854,0.474010684972457,0.333149999180869,"1e-05 to 1",0.00320868570447593,-0.00258661263445159,174,"success","pgls5_castespolymorphic"
"OG0006818_00",-0.00791596694694129,0.376595633708281,1e-05,"1e-05 to 1",0.00492022537737704,-0.000865122149498632,174,"success","pgls5_castespolymorphic"
"OG0006819_00",-0.0114796939332793,0.464945609698562,0.849443909226345,"1e-05 to 1",0.0033421117669771,-0.00245241083902892,174,"success","pgls5_castespolymorphic"
"OG0006820_00",-0.0256616566266969,0.297707561668655,0.96283639005267,"1e-05 to 1",0.00681846204821004,0.00104415078104847,174,"success","pgls5_castespolymorphic"
"OG0006821_00",0.000811481690797543,0.768656178886336,1,"1e-05 to 1",0.00054914343455329,-0.00526161735943176,174,"success","pgls5_castespolymorphic"
"OG0006822_00",-0.00950943459832523,0.227208711470201,1e-05,"1e-05 to 1",0.00915805692032833,0.00339734794893498,174,"success","pgls5_castespolymorphic"
"OG0006823_00",0.00395918795374947,0.630784321233797,1,"1e-05 to 1",0.00146557521612652,-0.0043398574861051,174,"success","pgls5_castespolymorphic"
"OG0006824_00",-0.0362696383783846,0.115858102158409,0.832336210791231,"1e-05 to 1",0.0154778037218923,0.00975383746446157,174,"success","pgls5_castespolymorphic"
"OG0006825_00",-0.0237157800486532,0.438715854042264,1,"1e-05 to 1",0.00377604059014551,-0.00201595917386532,174,"success","pgls5_castespolymorphic"
"OG0006826_00",-0.0156038054142013,0.405825972345455,1,"1e-05 to 1",0.00437763606545836,-0.00141086605044016,174,"success","pgls5_castespolymorphic"
"OG0006827_00",0.00121163649245056,0.887156425332775,1,"1e-05 to 1",0.000126239262619166,-0.00568698027655179,174,"success","pgls5_castespolymorphic"
"OG0006828_00",0.0240948594239305,0.161849759990399,0.83393468073383,"1e-05 to 1",0.0121936494708541,0.00645058929335895,174,"success","pgls5_castespolymorphic"
"OG0006829_00",0.00857584967823509,0.507653347774057,1,"1e-05 to 1",0.0027652456681023,-0.00303263081057148,174,"success","pgls5_castespolymorphic"
"OG0006830_00",-0.0183364369711506,0.400355446470211,1,"1e-05 to 1",0.00450899860062415,-0.0012787397796048,174,"success","pgls5_castespolymorphic"
"OG0006831_00",-0.0120743272760741,0.123280169734574,0.148950986077033,"1e-05 to 1",0.0148732903602446,0.00914580949024613,174,"success","pgls5_castespolymorphic"
"OG0006832_00",0.0409492497220555,0.133238917380607,0.843866900700363,"1e-05 to 1",0.0140343558559268,0.00830199745974025,174,"success","pgls5_castespolymorphic"
"OG0006833_00",-0.00416141101883456,0.734873006953015,1,"1e-05 to 1",0.000723294092077444,-0.00508645419808484,174,"success","pgls5_castespolymorphic"
"OG0006834_00",0.0167262497642497,0.331414201903286,0.681757099994049,"1e-05 to 1",0.0059341077346939,0.000154654872686399,174,"success","pgls5_castespolymorphic"
"OG0006835_00",-0.00181169563175441,0.83491891258329,1,"1e-05 to 1",0.000275702517259319,-0.00553664804950071,174,"success","pgls5_castespolymorphic"
"OG0006836_00",-0.00746924086672692,0.469734957255503,1,"1e-05 to 1",0.0032917081876659,-0.00250310746240578,174,"success","pgls5_castespolymorphic"
"OG0006837_00",-0.00310039109036509,0.730428166644175,1e-05,"1e-05 to 1",0.000753482566480375,-0.00505609020929598,174,"success","pgls5_castespolymorphic"
"OG0006838_00",-0.000266045342425802,0.973676003310082,1e-05,"1e-05 to 1",6.91348307542369e-06,-0.0058069998106276,174,"success","pgls5_castespolymorphic"
"OG0006839_00",0.0195090128010997,0.152129263830804,1,"1e-05 to 1",0.0127750808150571,0.00703540105235412,174,"success","pgls5_castespolymorphic"
"OG0006840_00",0.0100132770899641,0.235958907426687,1e-05,"1e-05 to 1",0.00876739554607519,0.00300441528762219,174,"success","pgls5_castespolymorphic"
"OG0006841_00",0.0130565638466979,0.58271557779725,0.77866444566691,"1e-05 to 1",0.00190268831160415,-0.00390020303542138,174,"success","pgls5_castespolymorphic"
"OG0006842_00",-0.0235639789137145,0.29660016206182,0.829044382349515,"1e-05 to 1",0.00676462340785067,0.000989999125338148,174,"success","pgls5_castespolymorphic"
"OG0006843_00",-0.0177487101688451,0.0414028535076978,1,"1e-05 to 1",0.025740660789406,0.0200763623056236,174,"success","pgls5_castespolymorphic"
"OG0006844_00",-0.0115757083468465,0.450250495342965,1,"1e-05 to 1",0.00356740133148336,-0.00222581145147327,174,"success","pgls5_castespolymorphic"
"OG0006845_00",-0.0259953553676105,0.203980229884447,0.927767436340582,"1e-05 to 1",0.0100658151663158,0.00431038385914317,174,"success","pgls5_castespolymorphic"
"OG0006846_00",0.00495975562137453,0.492790503330855,1e-05,"1e-05 to 1",0.00292670565710521,-0.00287023210070236,174,"success","pgls5_castespolymorphic"
"OG0006847_00",0.0100868622575395,0.476598457440833,0.405453475906436,"1e-05 to 1",0.00319132406124975,-0.00260407521746386,174,"success","pgls5_castespolymorphic"
"OG0006848_00",0.00879447437182509,0.606160738689501,1,"1e-05 to 1",0.00167557995760099,-0.00412863178683143,174,"success","pgls5_castespolymorphic"
"OG0006849_00",0.0191885411746216,0.36422830920834,0.838210280654817,"1e-05 to 1",0.00521338631224614,-0.000570256790589641,174,"success","pgls5_castespolymorphic"
"OG0006850_00",0.00259223689568898,0.8628305414809,0.677425426253737,"1e-05 to 1",0.000188310723339417,-0.00562454793524569,174,"success","pgls5_castespolymorphic"
"OG0006851_00",0.00272189689275744,0.30363182680867,1e-05,"1e-05 to 1",0.00669600590606207,0.000920982684585736,174,"success","pgls5_castespolymorphic"
"OG0006852_00",-0.00806126004183102,0.481075311219199,1e-05,"1e-05 to 1",0.00340601634918981,-0.00238813471854749,174,"success","pgls5_castespolymorphic"
"OG0006853_00",-0.0343283920178471,0.0380432515382583,0.605253261076898,"1e-05 to 1",0.0266176180978721,0.0209584182030923,174,"success","pgls5_castespolymorphic"
"OG0006854_00",-0.00606575728561571,0.678625047776758,1,"1e-05 to 1",0.00107576470869446,-0.0047319343336969,174,"success","pgls5_castespolymorphic"
"OG0006855_00",-0.00598638049946813,0.670147744746722,0.872394935658886,"1e-05 to 1",0.00115126302599293,-0.00465599707269315,174,"success","pgls5_castespolymorphic"
"OG0006856_00",0.00471481411802623,0.721192879320279,1e-05,"1e-05 to 1",0.0008031597003719,-0.00500612425485847,174,"success","pgls5_castespolymorphic"
"OG0006857_00",-0.00222840500079697,0.838788800639597,1,"1e-05 to 1",0.000262751754170929,-0.00554967410772345,174,"success","pgls5_castespolymorphic"
"OG0006858_00",0.00936032469208603,0.320548438240137,1e-05,"1e-05 to 1",0.0062849635922454,0.000507550589874728,174,"success","pgls5_castespolymorphic"
"OG0006859_00",-0.00834837865533632,0.482472897590598,0.66967564195985,"1e-05 to 1",0.0031072487685615,-0.00268863931999341,174,"success","pgls5_castespolymorphic"
"OG0006860_00",-0.00349958230632678,0.723132380880755,1,"1e-05 to 1",0.000786590355267627,-0.00502278993336436,174,"success","pgls5_castespolymorphic"
"OG0006861_00",-0.00533062077346874,0.629538422516405,1,"1e-05 to 1",0.00147628030917038,-0.0043290901541484,174,"success","pgls5_castespolymorphic"
"OG0006862_00",0.000152987084752374,0.99260847021099,1,"1e-05 to 1",5.44901620689607e-07,-0.00581340541871866,174,"success","pgls5_castespolymorphic"
"OG0006863_00",-0.010361075162756,0.316706428727583,1e-05,"1e-05 to 1",0.00626551215864539,0.000487986066544432,174,"success","pgls5_castespolymorphic"
"OG0006864_00",-0.000560152763654494,0.971103991342692,0.963499213615673,"1e-05 to 1",8.17535484039642e-06,-0.00580573060239886,174,"success","pgls5_castespolymorphic"
"OG0006865_00",-0.02026289080171,0.0263103870869454,1,"1e-05 to 1",0.0326889977335106,0.0270650965575426,174,"success","pgls5_castespolymorphic"
"OG0006866_00",0.0502102969457159,0.0053413882736868,1,"1e-05 to 1",0.047779411217505,0.0422432450036532,174,"success","pgls5_castespolymorphic"
"OG0006868_00",0.0199728077450057,0.245400441592003,0.838131179133068,"1e-05 to 1",0.00842382308442902,0.00265884531166405,174,"success","pgls5_castespolymorphic"
"OG0006869_00",-0.00868617955226977,0.532624220768001,0.633801351352123,"1e-05 to 1",0.00242310475586675,-0.00337676091415751,174,"success","pgls5_castespolymorphic"
"OG0006870_00",-0.00762881721307051,0.406066181550554,1e-05,"1e-05 to 1",0.00429160348808963,-0.00149739881721223,174,"success","pgls5_castespolymorphic"
"OG0006871_00",-0.0144373912168463,0.367611030360274,0.584153744693436,"1e-05 to 1",0.00514051249704382,-0.000643554290763904,174,"success","pgls5_castespolymorphic"
"OG0006872_00",0.00853876218688916,0.422206543713342,0.963564119014019,"1e-05 to 1",0.00405586164064274,-0.00173451125679525,174,"success","pgls5_castespolymorphic"
"OG0006873_00",-0.0121470072090388,0.144519000868776,1e-05,"1e-05 to 1",0.0132602138452044,0.00752335462337428,174,"success","pgls5_castespolymorphic"
"OG0006874_00",-0.0107057194549804,0.456959962813821,0.881563452333215,"1e-05 to 1",0.00352939494568439,-0.00226403880463133,174,"success","pgls5_castespolymorphic"
"OG0006875_00",-0.00229072394002229,0.577466276457355,1,"1e-05 to 1",0.00362316154650517,-0.00216972704915475,174,"success","pgls5_castespolymorphic"
"OG0006876_00",-0.0112111947915362,0.328954211745495,1,"1e-05 to 1",0.00599460462240549,0.000215503486489355,174,"success","pgls5_castespolymorphic"
"OG0006877_00",-0.0055165546152104,0.369933397639442,1e-05,"1e-05 to 1",0.00505897790694268,-0.000725562919179801,174,"success","pgls5_castespolymorphic"
"OG0006878_00",-0.0125095879313571,0.631053157836002,0.811541940709831,"1e-05 to 1",0.00145404639683073,-0.00435145333342013,174,"success","pgls5_castespolymorphic"
"OG0006879_00",0.0360175356989535,0.0156338862545911,1,"1e-05 to 1",0.0359734126006261,0.0303686068599319,174,"success","pgls5_castespolymorphic"
"OG0006880_00",0.000232698599427469,0.984221977295045,1e-05,"1e-05 to 1",2.45198772499953e-06,-0.00581148724490443,174,"success","pgls5_castespolymorphic"
"OG0006881_00",-0.0193055137827693,0.265637058227252,0.859289814341619,"1e-05 to 1",0.0077387430182815,0.00196978222187605,174,"success","pgls5_castespolymorphic"
"OG0006882_00",-0.064908646634382,0.0195261856539599,0.787774160202341,"1e-05 to 1",0.0336144647510924,0.0279959441973198,174,"success","pgls5_castespolymorphic"
"OG0006883_00",0.00874137618026606,0.295191139037166,1,"1e-05 to 1",0.00684658642651562,0.00107243867318141,174,"success","pgls5_castespolymorphic"
"OG0006884_00",-0.0305702930368941,0.01212769771055,0.980415230576055,"1e-05 to 1",0.038680375823611,0.0330913082411901,174,"success","pgls5_castespolymorphic"
"OG0006885_00",-0.0437831765399602,0.115132724201296,0.944387761561689,"1e-05 to 1",0.0154424828274162,0.00971831121594768,174,"success","pgls5_castespolymorphic"
"OG0006886_00",-0.00885982613361729,0.453621763519499,0.784001285918575,"1e-05 to 1",0.00355925737470366,-0.00223400275683883,174,"success","pgls5_castespolymorphic"
"OG0006887_00",-0.00793132973864238,0.726008071293467,0.994920480997014,"1e-05 to 1",0.000764866122916137,-0.00504464046939246,174,"success","pgls5_castespolymorphic"
"OG0006888_00",0.0639399802672188,0.0472561613606857,1,"1e-05 to 1",0.0243763475470225,0.0187041170095053,174,"success","pgls5_castespolymorphic"
"OG0006889_00",0.033413117799981,0.0414669668927967,0.917021203909365,"1e-05 to 1",0.0257246531973948,0.0200602616462169,174,"success","pgls5_castespolymorphic"
"OG0006890_00",-0.00312940353955034,0.60113905489173,1,"1e-05 to 1",0.00171188660964658,-0.00409211404959975,174,"success","pgls5_castespolymorphic"
"OG0006891_00",0.0199656961771284,0.0132708112922995,1e-05,"1e-05 to 1",0.0374883106218754,0.0318923124278164,174,"success","pgls5_castespolymorphic"
"OG0006892_00",-0.0266966971560407,0.0652475029545041,0.82591255280356,"1e-05 to 1",0.0212144648718813,0.015523851295555,174,"success","pgls5_castespolymorphic"
"OG0006893_00",-0.00536973071861226,0.558668152617476,1,"1e-05 to 1",0.00214198860445003,-0.00365951146180321,174,"success","pgls5_castespolymorphic"
"OG0006894_00",0.0164448905353555,0.449016166427558,1,"1e-05 to 1",0.00358684841306247,-0.00220625130546614,174,"success","pgls5_castespolymorphic"
"OG0006895_00",-0.0185785700188189,0.141077389058809,1,"1e-05 to 1",0.0133231451754682,0.00758665183346496,174,"success","pgls5_castespolymorphic"
"OG0006896_00",0.0212996108819251,0.475376918813576,0.699184639693374,"1e-05 to 1",0.00314950314277936,-0.00264613928080903,174,"success","pgls5_castespolymorphic"
"OG0006897_00",-0.00525898881982298,0.43596751713672,1,"1e-05 to 1",0.00382150985563267,-0.0019702255521834,174,"success","pgls5_castespolymorphic"
"OG0006898_00",0.00795377298517971,0.662035634108709,0.286173354043347,"1e-05 to 1",0.00121233903234026,-0.00459456597328556,174,"success","pgls5_castespolymorphic"
"OG0006899_00",0.00458851503747532,0.742339463386648,1,"1e-05 to 1",0.000685990105817424,-0.00512397506798612,174,"success","pgls5_castespolymorphic"
"OG0006900_00",-0.00456420217522699,0.843863155480117,1,"1e-05 to 1",0.00024317341441828,-0.00556936627503268,174,"success","pgls5_castespolymorphic"
"OG0006901_00",-0.0128764178917803,0.266252574913371,1,"1e-05 to 1",0.00771891836607565,0.00194984231006445,174,"success","pgls5_castespolymorphic"
"OG0006902_00",-0.0314859523841018,0.205115974813226,0.954022254668607,"1e-05 to 1",0.0100156845212525,0.00425996175684118,174,"success","pgls5_castespolymorphic"
"OG0006903_00",-0.0189444874535469,0.113919230862575,1,"1e-05 to 1",0.015545419824138,0.00982184668358055,174,"success","pgls5_castespolymorphic"
"OG0006904_00",-0.025311377270669,0.102610239395082,1,"1e-05 to 1",0.0168812651277216,0.011165458529627,174,"success","pgls5_castespolymorphic"
"OG0006905_00",-0.0308838324130005,0.169804668950884,0.960055782168837,"1e-05 to 1",0.0116737075359717,0.00592762444025052,174,"success","pgls5_castespolymorphic"
"OG0006906_00",0.00311444308584924,0.359914742958934,1e-05,"1e-05 to 1",0.00570505962118637,-7.57249158997997e-05,174,"success","pgls5_castespolymorphic"
"OG0006907_00",0.0291973800012941,0.183840849335752,1,"1e-05 to 1",0.0112227102646114,0.00547400509173124,174,"success","pgls5_castespolymorphic"
"OG0006908_00",0.0156833288393814,0.225761824291314,1,"1e-05 to 1",0.00927327176307833,0.0035132326454218,174,"success","pgls5_castespolymorphic"
"OG0006909_00",-0.00720155554024378,0.724832552971831,0.510500882287394,"1e-05 to 1",0.000776555539351604,-0.00503288309123362,174,"success","pgls5_castespolymorphic"
"OG0006910_00",-0.010224497277491,0.211920332958065,1e-05,"1e-05 to 1",0.00984485058765568,0.00408813460270019,174,"success","pgls5_castespolymorphic"
"OG0006911_00",0.00322007592792454,0.777095625921745,1e-05,"1e-05 to 1",0.000502372644585875,-0.00530866007259689,174,"success","pgls5_castespolymorphic"
"OG0006912_00",0.00920564728604277,0.412147934935715,0.635885761982935,"1e-05 to 1",0.00426132006185163,-0.00152785830988189,174,"success","pgls5_castespolymorphic"
"OG0006913_00",-0.0203117183139874,0.0759088752226029,0.87741696774667,"1e-05 to 1",0.0195576727517905,0.0138574266631381,174,"success","pgls5_castespolymorphic"
"OG0006914_00",0.0112687730186101,0.18136736259254,1,"1e-05 to 1",0.0111373272522435,0.00538812566650071,174,"success","pgls5_castespolymorphic"
"OG0006915_00",0.00840187026820363,0.448650366528945,1,"1e-05 to 1",0.00361525272496889,-0.00217768185221145,174,"success","pgls5_castespolymorphic"
"OG0006916_00",0.000532546976203775,0.951067773740438,0.834076213196543,"1e-05 to 1",2.4373550047166e-05,-0.00578943823163858,174,"success","pgls5_castespolymorphic"
"OG0006917_00",0.00640995565085423,0.525258342829501,1e-05,"1e-05 to 1",0.00254284344664833,-0.00325632606819659,174,"success","pgls5_castespolymorphic"
"OG0006918_00",-0.00987759736207905,0.235923168353234,1e-05,"1e-05 to 1",0.00882380499761861,0.00306115270109319,174,"success","pgls5_castespolymorphic"
"OG0006919_00",-0.0112283207038368,0.491853024558117,0.895901655764976,"1e-05 to 1",0.00293939352463447,-0.00285747046650142,174,"success","pgls5_castespolymorphic"
"OG0006920_00",-0.00479740280859882,0.689354337300406,1e-05,"1e-05 to 1",0.00101398950809818,-0.00479406869243615,174,"success","pgls5_castespolymorphic"
"OG0006921_00",0.0264792908576552,0.250882130362849,0.80941626248364,"1e-05 to 1",0.00828332834386139,0.00251753374120944,174,"success","pgls5_castespolymorphic"
"OG0006923_00",-0.0095828600988966,0.204794684140178,1e-05,"1e-05 to 1",0.0100298329613452,0.00427419245530658,174,"success","pgls5_castespolymorphic"
"OG0006924_00",0.0173173302705438,0.180002078084549,1e-05,"1e-05 to 1",0.0112069036605699,0.00545810658882906,174,"success","pgls5_castespolymorphic"
"OG0006925_00",0.00538357643095731,0.734118082514031,1e-05,"1e-05 to 1",0.000727579751714041,-0.00508214362182247,174,"success","pgls5_castespolymorphic"
"OG0006926_00",0.00360337609342617,0.820366775647116,1e-05,"1e-05 to 1",0.000325259425344078,-0.00548680301985738,174,"success","pgls5_castespolymorphic"
"OG0006927_00",-0.0199761045783557,0.211416565519405,0.585764362713459,"1e-05 to 1",0.00974336859061306,0.00398606259404688,174,"success","pgls5_castespolymorphic"
"OG0006928_00",-0.00285592499011997,0.78687906864036,0.898936150447985,"1e-05 to 1",0.000466965243107122,-0.00534427333106091,174,"success","pgls5_castespolymorphic"
"OG0006929_00",-0.00143963399867936,0.935506525265854,1,"1e-05 to 1",4.10513245277431e-05,-0.00577266349335304,174,"success","pgls5_castespolymorphic"
"OG0006930_00",0.0221130969313445,0.200187027076546,1,"1e-05 to 1",0.0104308181835644,0.00467750898695729,174,"success","pgls5_castespolymorphic"
"OG0006931_00",-0.00807153591125158,0.60436040991744,0.950116636867039,"1e-05 to 1",0.00168176853666194,-0.00412240722765977,174,"success","pgls5_castespolymorphic"
"OG0006932_00",-0.00989356040603295,0.355099637523939,1e-05,"1e-05 to 1",0.0054147724967426,-0.000367699756183448,174,"success","pgls5_castespolymorphic"
"OG0006933_00",0.0102614257002843,0.537309157414278,0.490406165420813,"1e-05 to 1",0.00238303479682367,-0.00341706383807838,174,"success","pgls5_castespolymorphic"
"OG0006935_00",-0.0152531310775547,0.296166067391948,0.830578099561406,"1e-05 to 1",0.00690538466326499,0.00113157876014436,174,"success","pgls5_castespolymorphic"
"OG0006936_00",-0.00539503764718403,0.659043127477445,1e-05,"1e-05 to 1",0.00122755501469181,-0.00457926152592036,174,"success","pgls5_castespolymorphic"
"OG0006937_00",-0.00873080056938941,0.679823040474356,0.896197540753456,"1e-05 to 1",0.00108083893485472,-0.00472683060622159,174,"success","pgls5_castespolymorphic"
"OG0006938_00",0.0196346486452339,0.170911608134068,1e-05,"1e-05 to 1",0.0116861281329817,0.00594011725003396,174,"success","pgls5_castespolymorphic"
"OG0006939_00",0.0377342973600722,0.167095713165226,0.876744809506431,"1e-05 to 1",0.0119706305208111,0.00622627372151341,174,"success","pgls5_castespolymorphic"
"OG0006940_00",-0.0126822706605584,0.50249057140722,0.752294669385846,"1e-05 to 1",0.00279776046479658,-0.00299992697436147,174,"success","pgls5_castespolymorphic"
"OG0006941_00",0.0115718051935283,0.0524618058698691,1e-05,"1e-05 to 1",0.0233037286068576,0.0176252619127115,174,"success","pgls5_castespolymorphic"
"OG0006942_00",-0.0276748179428009,0.0769634242252812,0.809242853927473,"1e-05 to 1",0.0194193486016793,0.0137182983028519,174,"success","pgls5_castespolymorphic"
"OG0006943_00",0.00334582542454391,0.655476545599696,0.869620505170458,"1e-05 to 1",0.00124727190960162,-0.00455942999790082,174,"success","pgls5_castespolymorphic"
"OG0006944_00",0.00797032494635443,0.63338397202293,1,"1e-05 to 1",0.00142530632614364,-0.00438036049754142,174,"success","pgls5_castespolymorphic"
"OG0006945_00",-0.00150217620374856,0.81191175308217,0.974333766719975,"1e-05 to 1",0.000354952051402572,-0.00545693776225198,174,"success","pgls5_castespolymorphic"
"OG0006946_00",-0.020242726121158,0.327412738106999,0.720282206484717,"1e-05 to 1",0.006032818372853,0.00025393940990448,174,"success","pgls5_castespolymorphic"
"OG0006947_00",-0.0118317961087253,0.274204946563577,0.516020668518437,"1e-05 to 1",0.00746778497597664,0.00169724884211597,174,"success","pgls5_castespolymorphic"
"OG0006948_00",0.0600298620082703,0.0129959611883304,1e-05,"1e-05 to 1",0.0377102484885337,0.0321155406309089,174,"success","pgls5_castespolymorphic"
"OG0006949_00",0.0152531479935506,0.49831044469494,0.959924389171458,"1e-05 to 1",0.00287066957931774,-0.0029265939696399,174,"success","pgls5_castespolymorphic"
"OG0006950_00",0.00801411773604589,0.633079457498055,1,"1e-05 to 1",0.0014368636648836,-0.00436873596497178,174,"success","pgls5_castespolymorphic"
"OG0006951_00",-0.0176455150412147,0.242908467104266,0.60832328676358,"1e-05 to 1",0.00851293371686857,0.00274847402917588,174,"success","pgls5_castespolymorphic"
"OG0006952_00",-0.00319855642551645,0.777363649550493,1,"1e-05 to 1",0.000507494773596059,-0.00530350816376668,174,"success","pgls5_castespolymorphic"
"OG0006953_00",-0.0131836989610129,0.546989236185942,0.860092451657258,"1e-05 to 1",0.00227162628582308,-0.00352912007298012,174,"success","pgls5_castespolymorphic"
"OG0006954_00",0.0177837406623607,0.273770262394414,0.672020563257163,"1e-05 to 1",0.00752829890447113,0.00175811459577624,174,"success","pgls5_castespolymorphic"
"OG0006955_00",0.0493082234198637,0.00126639151789698,1e-05,"1e-05 to 1",0.0634535474663874,0.0580085099516572,174,"success","pgls5_castespolymorphic"
"OG0006956_00",-0.0216010976207328,0.0977761256898413,1,"1e-05 to 1",0.0171473200071294,0.011433060239729,174,"success","pgls5_castespolymorphic"
"OG0006957_00",-0.00346821272729604,0.691779557424427,1,"1e-05 to 1",0.000978740931555344,-0.00482952220256339,174,"success","pgls5_castespolymorphic"
"OG0006958_00",0.00388166126111371,0.549410043857388,1e-05,"1e-05 to 1",0.0023168783067172,-0.00348360495894151,174,"success","pgls5_castespolymorphic"
"OG0006959_00",-0.00472898817985752,0.751699581324339,0.866244126391195,"1e-05 to 1",0.000631396114471888,-0.00517888646625786,174,"success","pgls5_castespolymorphic"
"OG0006960_00",0.0894220987474151,0.00141300032022662,0.887289651624885,"1e-05 to 1",0.062641106664371,0.0571913456566058,174,"success","pgls5_castespolymorphic"
"OG0006961_00",0.0108923740851797,0.286043465238901,1e-05,"1e-05 to 1",0.00711029315750363,0.00133767858283795,174,"success","pgls5_castespolymorphic"
"OG0006963_00",-0.0317371603053599,0.134300642438023,0.886169957464103,"1e-05 to 1",0.0139584412248873,0.00822564146456684,174,"success","pgls5_castespolymorphic"
"OG0006964_00",-0.0288276284793845,0.159516594085835,0.657031920345656,"1e-05 to 1",0.0123295460541134,0.00658727597303266,174,"success","pgls5_castespolymorphic"
"OG0006965_00",-0.00267508095576039,0.842794040652967,1,"1e-05 to 1",0.000246558710946401,-0.00556596129654796,174,"success","pgls5_castespolymorphic"
"OG0006966_00",0.0611720229242324,0.0346638874692862,1e-05,"1e-05 to 1",0.0279301512623534,0.0222785823743438,174,"success","pgls5_castespolymorphic"
"OG0006967_00",0.00533471127071501,0.637923503524696,1,"1e-05 to 1",0.00138754442137656,-0.00441834194826662,174,"success","pgls5_castespolymorphic"
"OG0006968_00",-0.0322509792641095,0.0700918111272384,1,"1e-05 to 1",0.0204865133533881,0.0147916675007915,174,"success","pgls5_castespolymorphic"
"OG0006969_00",-0.00781459554838157,0.59696842325073,0.188216236868862,"1e-05 to 1",0.00178492877181946,-0.00401864722369316,174,"success","pgls5_castespolymorphic"
"OG0006970_00",0.0178448284591592,0.452504028219519,0.923321054713535,"1e-05 to 1",0.00362280161005763,-0.00217008907825589,174,"success","pgls5_castespolymorphic"
"OG0006971_00",0.0122974475856599,0.439228959369276,1e-05,"1e-05 to 1",0.00376759969352678,-0.0020244491454644,174,"success","pgls5_castespolymorphic"
"OG0006972_00",0.0200711580598963,0.177963802034382,1e-05,"1e-05 to 1",0.0113119107542122,0.00556372418882967,174,"success","pgls5_castespolymorphic"
"OG0006973_00",0.0173656468094754,0.168303074731725,1e-05,"1e-05 to 1",0.0117557660295885,0.0060101600181327,174,"success","pgls5_castespolymorphic"
"OG0006974_00",-0.00610101376013542,0.729041425349035,1,"1e-05 to 1",0.000752024247918228,-0.00505755700645438,174,"success","pgls5_castespolymorphic"
"OG0006975_00",0.00484562453286856,0.543903853214683,1,"1e-05 to 1",0.00230674058692845,-0.0034938016189614,174,"success","pgls5_castespolymorphic"
"OG0006976_00",0.00515021860501784,0.767449191457394,1,"1e-05 to 1",0.000548099242054801,-0.00526266762281691,174,"success","pgls5_castespolymorphic"
"OG0006977_00",-0.000865113818772089,0.917573960797674,0.700001627865864,"1e-05 to 1",6.75696994111415e-05,-0.00574599094187134,174,"success","pgls5_castespolymorphic"
"OG0006978_00",0.00447450290691614,0.171418708739581,1,"1e-05 to 1",0.0115150933473888,0.0057680880761527,174,"success","pgls5_castespolymorphic"
"OG0006979_00",-0.0214772828634211,0.228625069118039,1,"1e-05 to 1",0.0091602257403078,0.00339952937833288,174,"success","pgls5_castespolymorphic"
"OG0006980_00",0.00859337240458975,0.43127531725823,0.545582124179177,"1e-05 to 1",0.00390015306094609,-0.00189112511893219,174,"success","pgls5_castespolymorphic"
"OG0006981_00",-0.00886209557677342,0.62119949222525,0.863869473288816,"1e-05 to 1",0.00153940674714002,-0.00426559670200444,174,"success","pgls5_castespolymorphic"
"OG0006982_00",-0.00610068903192266,0.534658051986029,0.462607977088728,"1e-05 to 1",0.00241418823273401,-0.00338572927754077,174,"success","pgls5_castespolymorphic"
"OG0006983_00",0.0108603794634302,0.418841612127369,1,"1e-05 to 1",0.00406374142834587,-0.00172658565637307,174,"success","pgls5_castespolymorphic"
"OG0006984_00",0.0193017945170982,0.0618730915483272,1,"1e-05 to 1",0.0216212320706469,0.0159329834198949,174,"success","pgls5_castespolymorphic"
"OG0006985_00",-0.00612946111294444,0.486921275481187,1e-05,"1e-05 to 1",0.00300680763795555,-0.00278966441066109,174,"success","pgls5_castespolymorphic"
"OG0006986_00",0.000408612745621862,0.964675967192762,1,"1e-05 to 1",1.25321344392099e-05,-0.00580134849268621,174,"success","pgls5_castespolymorphic"
"OG0006987_00",-0.00498379616514003,0.744338813125347,0.812901817818569,"1e-05 to 1",0.000670747709634554,-0.00513930608275137,174,"success","pgls5_castespolymorphic"
"OG0006988_00",-0.00371858034673645,0.849100820808055,0.9141581168281,"1e-05 to 1",0.000228370811384113,-0.00558425493971249,174,"success","pgls5_castespolymorphic"
"OG0006989_00",-0.0144251680742692,0.437344457043875,0.743373768954573,"1e-05 to 1",0.00377490413793084,-0.00201710223336016,174,"success","pgls5_castespolymorphic"
"OG0006990_00",0.0375233799491319,0.00854889495473299,1e-05,"1e-05 to 1",0.0424255273334982,0.0368582338877627,174,"success","pgls5_castespolymorphic"
"OG0006991_00",0.0106361489987495,0.529692513817423,1,"1e-05 to 1",0.00245790425263257,-0.00334175909473577,174,"success","pgls5_castespolymorphic"
"OG0006992_00",-0.00402791999772718,0.426788858697845,1e-05,"1e-05 to 1",0.0039516829216535,-0.00183929566601138,174,"success","pgls5_castespolymorphic"
"OG0006993_00",0.00520513496037541,0.189711178017491,1,"1e-05 to 1",0.010724807283552,0.00497320732589823,174,"success","pgls5_castespolymorphic"
"OG0006994_00",-0.00339261211029732,0.741394494799807,1,"1e-05 to 1",0.000682552040709376,-0.00512743312184472,174,"success","pgls5_castespolymorphic"
"OG0006995_00",-0.00527790179398975,0.476644773242713,1,"1e-05 to 1",0.00315095881969369,-0.0026446751406568,174,"success","pgls5_castespolymorphic"
"OG0006996_00",0.00207285712092658,0.832371086503417,0.319865541577082,"1e-05 to 1",0.000279091211421877,-0.00553323965362784,174,"success","pgls5_castespolymorphic"
"OG0006997_00",-0.00660678820296361,0.390687271605531,1,"1e-05 to 1",0.00460876630622464,-0.00117839202920411,174,"success","pgls5_castespolymorphic"
"OG0006998_00",-0.0114643244716682,0.302223003754656,0.842527023158611,"1e-05 to 1",0.00660953954559494,0.000834013612720508,174,"success","pgls5_castespolymorphic"
"OG0006999_00",0.0202756629136683,0.0239763850527941,1,"1e-05 to 1",0.0312536639249838,0.0256214177850128,174,"success","pgls5_castespolymorphic"
"OG0007000_00",0.00466993118404963,0.845183150293157,0.830701454380303,"1e-05 to 1",0.000239027231112626,-0.00557353656405546,174,"success","pgls5_castespolymorphic"
"OG0007001_00",-0.00638933476151802,0.337006357194413,1,"1e-05 to 1",0.00576252061177407,-1.79298497853253e-05,174,"success","pgls5_castespolymorphic"
"OG0007002_00",-0.0238780454366349,0.293010281843013,0.799839972136132,"1e-05 to 1",0.00690850613354882,0.0011347183785112,174,"success","pgls5_castespolymorphic"
"OG0007003_00",-0.00386096624682062,0.818034756590408,0.906072569851177,"1e-05 to 1",0.000333909464480822,-0.00547810268979543,174,"success","pgls5_castespolymorphic"
"OG0007004_00",0.038909251010757,0.0425190283289154,1,"1e-05 to 1",0.0254655942015879,0.0197996964934576,174,"success","pgls5_castespolymorphic"
"OG0007006_00",-0.0132536954708977,0.333279682807886,0.770487712866244,"1e-05 to 1",0.00585181548121595,7.18841758741151e-05,174,"success","pgls5_castespolymorphic"
"OG0007007_00",-0.0112428534076445,0.394218000743884,0.707756812168828,"1e-05 to 1",0.00459820498763077,-0.00118901475081312,174,"success","pgls5_castespolymorphic"
"OG0007008_00",0.0135625399545455,0.315615693705598,1e-05,"1e-05 to 1",0.00637339400554943,0.000596495133488695,174,"success","pgls5_castespolymorphic"
"OG0007009_00",0.022503541455474,0.0279208598505751,0.334391110834411,"1e-05 to 1",0.030031212016333,0.0243918585978232,174,"success","pgls5_castespolymorphic"
"OG0007010_00",-0.00168062155366485,0.887525845092734,1,"1e-05 to 1",0.000126199759391144,-0.00568702000944965,174,"success","pgls5_castespolymorphic"
"OG0007011_00",0.0166121597822201,0.231811462351127,1e-05,"1e-05 to 1",0.00892359223029194,0.00316152009209592,174,"success","pgls5_castespolymorphic"
"OG0007012_00",-0.00706561387638457,0.676244087252876,0.478412054582077,"1e-05 to 1",0.00110658538720979,-0.00470093446519027,174,"success","pgls5_castespolymorphic"
"OG0007013_00",0.0163062134051819,0.436481888531971,1,"1e-05 to 1",0.00381296681804554,-0.00197881825859358,174,"success","pgls5_castespolymorphic"
"OG0007014_00",-0.00463833712607834,0.786291233247169,0.42344413690141,"1e-05 to 1",0.000460777676432269,-0.00535049687196065,174,"success","pgls5_castespolymorphic"
"OG0007015_00",0.0129727088719764,0.177829067631506,0.909297056893116,"1e-05 to 1",0.0113189004532004,0.00557075452560263,174,"success","pgls5_castespolymorphic"
"OG0007016_00",0.0181152469597063,0.346071261453126,0.887045648635819,"1e-05 to 1",0.00558563560239351,-0.000195843260383244,174,"success","pgls5_castespolymorphic"
"OG0007017_00",-0.000293231083004241,0.989702834428025,0.712457102355633,"1e-05 to 1",1.04427849186407e-06,-0.0058129031384937,174,"success","pgls5_castespolymorphic"
"OG0007018_00",-0.0134764236507096,0.55490148947854,1,"1e-05 to 1",0.00221093154039441,-0.00359016769483578,174,"success","pgls5_castespolymorphic"
"OG0007019_00",-0.0159318736034545,0.421140295878436,0.975524507509961,"1e-05 to 1",0.00404900395794873,-0.00174140880973761,174,"success","pgls5_castespolymorphic"
"OG0007020_00",0.0107608087422793,0.302055095183758,1,"1e-05 to 1",0.00673967300991024,0.000964903666944572,174,"success","pgls5_castespolymorphic"
"OG0007021_00",-0.00924075944444971,0.61396845251763,1,"1e-05 to 1",0.00159393235978345,-0.00421075407998517,174,"success","pgls5_castespolymorphic"
"OG0007022_00",0.019758653538384,0.352957053936189,1,"1e-05 to 1",0.00539474937566204,-0.000387839290758585,174,"success","pgls5_castespolymorphic"
"OG0007023_00",-0.000364698747435598,0.970171994917278,1e-05,"1e-05 to 1",8.87740453228058e-06,-0.00580502447102282,174,"success","pgls5_castespolymorphic"
"OG0007024_00",0.0461153660556059,0.00122497802208876,1e-05,"1e-05 to 1",0.0642081571771935,0.0587675069282236,174,"success","pgls5_castespolymorphic"
"OG0007025_00",0.0466386409436759,0.0209707896233025,1e-05,"1e-05 to 1",0.0330634137230192,0.0274416893841997,174,"success","pgls5_castespolymorphic"
"OG0007026_00",0.0188076139873125,0.228576196469339,0.663325732757905,"1e-05 to 1",0.00904777833231041,0.00328642820633551,174,"success","pgls5_castespolymorphic"
"OG0007027_00",0.0392963611396395,0.0363045180550208,0.505602101830067,"1e-05 to 1",0.0269370351741058,0.0212796923553505,174,"success","pgls5_castespolymorphic"
"OG0007028_00",-0.0221932207220226,0.144808894739508,0.936461432723338,"1e-05 to 1",0.0130783167562916,0.00734039999324676,174,"success","pgls5_castespolymorphic"
"OG0007029_00",0.00926481188669914,0.123683879053402,1,"1e-05 to 1",0.0148415628398422,0.00911389750751579,174,"success","pgls5_castespolymorphic"
"OG0007030_00",0.0146942407052201,0.221595574329681,0.994171935656797,"1e-05 to 1",0.00932302346766351,0.00356327360410336,174,"success","pgls5_castespolymorphic"
"OG0007031_00",-0.0027154877594762,0.859138289280334,1e-05,"1e-05 to 1",0.000217940499873191,-0.00559474589256936,174,"success","pgls5_castespolymorphic"
"OG0007032_00",-0.00980109493461418,0.298325495007774,0.75451897799358,"1e-05 to 1",0.00675860743542617,0.000983948176329852,174,"success","pgls5_castespolymorphic"
"OG0007036_00",-0.0163140390149561,0.0838477586649358,1e-05,"1e-05 to 1",0.0185632510933538,0.0128572234834314,174,"success","pgls5_castespolymorphic"
"OG0007037_00",-0.00863324329081302,0.375560355214843,0.979992105758595,"1e-05 to 1",0.00494156143609118,-0.000843662043931603,174,"success","pgls5_castespolymorphic"
"OG0007038_00",-0.0116425671035613,0.158746046269692,1e-05,"1e-05 to 1",0.0126912130364495,0.00695104567038241,174,"success","pgls5_castespolymorphic"
"OG0007039_00",0.00438140408870888,0.817892209586899,1,"1e-05 to 1",0.000332345634691771,-0.00547967561161822,174,"success","pgls5_castespolymorphic"
"OG0007040_00",-0.00613680412336964,0.62155782772431,0.80702391702366,"1e-05 to 1",0.00152662546259012,-0.00427845229634838,174,"success","pgls5_castespolymorphic"
"OG0007041_00",-0.00249626191568354,0.551727537559674,1,"1e-05 to 1",0.00223239069247758,-0.00356858378024061,174,"success","pgls5_castespolymorphic"
"OG0007043_00",-0.0538744260371938,0.0582912908347668,0.734520033195693,"1e-05 to 1",0.0223663106661564,0.0166823938677038,174,"success","pgls5_castespolymorphic"
"OG0007044_00",0.0157144677990443,0.143409667955669,1e-05,"1e-05 to 1",0.0135014724888454,0.00776601593354798,174,"success","pgls5_castespolymorphic"
"OG0007045_00",0.00616565365827268,0.717583586798132,0.963968856587494,"1e-05 to 1",0.000819846159583534,-0.00498934078134905,174,"success","pgls5_castespolymorphic"
"OG0007046_00",0.00635065527808508,0.19232341095146,1,"1e-05 to 1",0.0105999470252896,0.00484762113590176,174,"success","pgls5_castespolymorphic"
"OG0007047_00",-0.0543934237482862,0.124597918134565,0.846826593726535,"1e-05 to 1",0.0145874480759132,0.00885830533216847,174,"success","pgls5_castespolymorphic"
"OG0007048_00",-0.0108149232701351,0.150637497550133,1e-05,"1e-05 to 1",0.0129486597640008,0.0072099891812335,174,"success","pgls5_castespolymorphic"
"OG0007049_00",0.00459344287038413,0.608062464493233,1e-05,"1e-05 to 1",0.00164757296488312,-0.00415680161090237,174,"success","pgls5_castespolymorphic"
"OG0007050_00",-0.009889776222931,0.540147240964669,0.58536788878591,"1e-05 to 1",0.00242595051239696,-0.0033738986125309,174,"success","pgls5_castespolymorphic"
"OG0007051_00",0.0221129297084978,0.210900402684487,0.636030323786671,"1e-05 to 1",0.00982662311144761,0.0040698011527931,174,"success","pgls5_castespolymorphic"
"OG0007052_00",0.0479026075268181,0.033023667330399,0.959677933317237,"1e-05 to 1",0.0286207368959505,0.0229731830406943,174,"success","pgls5_castespolymorphic"
"OG0007053_00",0.0128641144093783,0.272242996162137,1,"1e-05 to 1",0.00757621436749732,0.00180630863707576,174,"success","pgls5_castespolymorphic"
"OG0007054_00",-0.0301824100126634,0.01848663605557,0.946788164278374,"1e-05 to 1",0.0341939285158947,0.0285787769374988,174,"success","pgls5_castespolymorphic"
"OG0007055_00",0.00131204263417344,0.92642323519974,0.673700434202268,"1e-05 to 1",5.38011990065615e-05,-0.00575983949169689,174,"success","pgls5_castespolymorphic"
"OG0007056_00",0.0147321447187083,0.347192506616475,0.510735041999251,"1e-05 to 1",0.00555979368998967,-0.000221835416463811,174,"success","pgls5_castespolymorphic"
"OG0007057_00",-0.00345092036292311,0.817749645083078,0.877384875805354,"1e-05 to 1",0.000332875421830941,-0.00547914274432126,174,"success","pgls5_castespolymorphic"
"OG0007058_00",0.0159453049530572,0.268811228460055,1e-05,"1e-05 to 1",0.00773371436382609,0.00196472433105765,174,"success","pgls5_castespolymorphic"
"OG0007059_00",0.00236738988574927,0.90062734274672,0.958718054044426,"1e-05 to 1",9.9625460560799e-05,-0.0057137488100174,174,"success","pgls5_castespolymorphic"
"OG0007061_00",-0.0145680274970943,0.21575850561436,0.647019454248373,"1e-05 to 1",0.00993306322045052,0.00417686009963925,174,"success","pgls5_castespolymorphic"
"OG0007062_00",0.00816311325231838,0.727534972484931,0.764384275527414,"1e-05 to 1",0.00075601581583906,-0.00505354223174326,174,"success","pgls5_castespolymorphic"
"OG0007064_00",0.00755025073960056,0.34017354163012,0.883217547174415,"1e-05 to 1",0.0057596743358794,-2.07926737956221e-05,174,"success","pgls5_castespolymorphic"
"OG0007065_00",-0.00317799935161349,0.627300276696409,1e-05,"1e-05 to 1",0.00147689171693975,-0.00432847519168278,174,"success","pgls5_castespolymorphic"
"OG0007067_00",-0.00273437230720453,0.555200026628345,1e-05,"1e-05 to 1",0.0022216914062952,-0.00357934527157511,174,"success","pgls5_castespolymorphic"
"OG0007068_00",-0.00409633755387018,0.570682651686641,1e-05,"1e-05 to 1",0.00203944027618204,-0.00376265600128201,174,"success","pgls5_castespolymorphic"
"OG0007069_00",-0.0276561142097584,0.14088408585153,0.640173137575142,"1e-05 to 1",0.0137591433752651,0.0080251849065166,174,"success","pgls5_castespolymorphic"
"OG0007070_00",0.0240718667320599,0.214764430626533,0.804341792843274,"1e-05 to 1",0.00972386590469582,0.00396644652042089,174,"success","pgls5_castespolymorphic"
"OG0007071_00",-0.00249905435359002,0.82742600572825,1,"1e-05 to 1",0.000313650306384253,-0.00549847963369476,174,"success","pgls5_castespolymorphic"
"OG0007072_00",0.00480513046491414,0.672545495629383,1e-05,"1e-05 to 1",0.00113356673465659,-0.00467379624944408,174,"success","pgls5_castespolymorphic"
"OG0007073_00",0.0187163807386514,0.357093879185116,1e-05,"1e-05 to 1",0.00530301988756573,-0.00048010208983218,174,"success","pgls5_castespolymorphic"
"OG0007074_00",-0.0108561580772804,0.459935865870466,1,"1e-05 to 1",0.00352804886098296,-0.0022653927154066,174,"success","pgls5_castespolymorphic"
"OG0007075_00",-0.00461024392762569,0.80548110289733,0.934736969583447,"1e-05 to 1",0.000380138389275423,-0.00543160499218232,174,"success","pgls5_castespolymorphic"
"OG0007076_00",0.00345058061216106,0.774586153642862,0.966806729007216,"1e-05 to 1",0.000517303290568324,-0.005293642620533,174,"success","pgls5_castespolymorphic"
"OG0007077_00",-0.00416176454093008,0.42747586070264,1e-05,"1e-05 to 1",0.00396478590205892,-0.00182611650548736,174,"success","pgls5_castespolymorphic"
"OG0007078_00",-0.00682199237455415,0.609649584178731,1,"1e-05 to 1",0.00163304836947844,-0.00417141065162929,174,"success","pgls5_castespolymorphic"
"OG0007079_00",-0.0144402406823636,0.534735670428045,1,"1e-05 to 1",0.00241327215734427,-0.00338665067895016,174,"success","pgls5_castespolymorphic"
"OG0007080_00",0.00351586959551963,0.898140548884865,1,"1e-05 to 1",0.000106056763594477,-0.005707280115687,174,"success","pgls5_castespolymorphic"
"OG0007081_00",0.0495485476653695,0.00372867153508638,1,"1e-05 to 1",0.0513689341894203,0.0458536372951728,174,"success","pgls5_castespolymorphic"
"OG0007082_00",-0.00605934185274479,0.707546702529436,0.834393259980109,"1e-05 to 1",0.000887549237886548,-0.00492124408049777,174,"success","pgls5_castespolymorphic"
"OG0007083_00",0.0090229156877406,0.590970466138065,0.976271729895066,"1e-05 to 1",0.00183215863840325,-0.00397114276486188,174,"success","pgls5_castespolymorphic"
"OG0007084_00",0.012913351241487,0.31395704915341,0.725827699928229,"1e-05 to 1",0.00637673571627148,0.000599856272761379,174,"success","pgls5_castespolymorphic"
"OG0007085_00",-0.0133143741921716,0.367043236970201,1e-05,"1e-05 to 1",0.00508823473678844,-0.000696135991486102,174,"success","pgls5_castespolymorphic"
"OG0007087_00",-0.00742128305608444,0.598581142622328,1e-05,"1e-05 to 1",0.00175806961145876,-0.00404566254196315,174,"success","pgls5_castespolymorphic"
"OG0007088_00",-0.00513260210992052,0.612249058057459,1e-05,"1e-05 to 1",0.0016094336353482,-0.00419516268072551,174,"success","pgls5_castespolymorphic"
"OG0007089_00",0.0114635703353883,0.689975034076903,0.319393223163312,"1e-05 to 1",0.00106372451016106,-0.00474404453338462,174,"success","pgls5_castespolymorphic"
"OG0007090_00",-0.0159907382690471,0.490274682950564,0.493644944875681,"1e-05 to 1",0.00472429339184792,-0.00106219327447854,174,"success","pgls5_castespolymorphic"
"OG0007091_00",0.00661946335898644,0.673259035374043,0.659560384858096,"1e-05 to 1",0.00137212434566303,-0.00443385167558308,174,"success","pgls5_castespolymorphic"
"OG0007092_00",0.0120845927630357,0.0950253497695877,1e-05,"1e-05 to 1",0.0212918489283213,0.0156016852592998,174,"success","pgls5_castespolymorphic"
"OG0007094_00",0.0145419452202962,0.219898155859071,1e-05,"1e-05 to 1",0.00945048342640032,0.00369147460911201,174,"success","pgls5_castespolymorphic"
"OG0007095_00",-0.0105757598167036,0.55666251875678,0.809074769188583,"1e-05 to 1",0.00219133486323273,-0.0036098783061671,174,"success","pgls5_castespolymorphic"
"OG0007096_00",-0.000363609776734259,0.981565040510278,0.850664354694908,"1e-05 to 1",3.38998721429907e-06,-0.0058105437919298,174,"success","pgls5_castespolymorphic"
"OG0007097_00",-0.0211466214564784,0.374705683659288,1,"1e-05 to 1",0.00502245396192844,-0.000762299212711426,174,"success","pgls5_castespolymorphic"
"OG0007098_00",-0.00447809165654561,0.531958231206509,1,"1e-05 to 1",0.00246161655447959,-0.00333802520973858,174,"success","pgls5_castespolymorphic"
"OG0007099_00",0.00617231117923716,0.311670277880795,0.575616550347874,"1e-05 to 1",0.0064370954142572,0.00066056689922378,174,"success","pgls5_castespolymorphic"
"OG0007100_00",-0.0112402991349712,0.343105043740052,1,"1e-05 to 1",0.00587636223826633,9.65736466284062e-05,174,"success","pgls5_castespolymorphic"
"OG0007101_00",-0.0046126561658047,0.812088546385522,1,"1e-05 to 1",0.000358770349390239,-0.00545309726485743,174,"success","pgls5_castespolymorphic"
"OG0007102_00",0.0171863773415768,0.360339293471208,1,"1e-05 to 1",0.00526498754566668,-0.000518355549998128,174,"success","pgls5_castespolymorphic"
"OG0007103_00",0.016892058087106,0.230544608185515,1e-05,"1e-05 to 1",0.0103999728345974,0.00464648430456593,174,"success","pgls5_castespolymorphic"
"OG0007104_00",0.0026056405238126,0.823159848034735,1,"1e-05 to 1",0.000321133336206709,-0.00549095309788505,174,"success","pgls5_castespolymorphic"
"OG0007105_00",-0.00955145399648406,0.46738142535863,1e-05,"1e-05 to 1",0.00334776122194288,-0.00244672853839467,174,"success","pgls5_castespolymorphic"
"OG0007106_00",-0.0106035968704559,0.53707227156614,0.887379995841988,"1e-05 to 1",0.00280778575066613,-0.00298984340194641,174,"success","pgls5_castespolymorphic"
"OG0007107_00",-0.00175134614304331,0.875513548163208,1,"1e-05 to 1",0.000154826753067098,-0.00565822657976378,174,"success","pgls5_castespolymorphic"
"OG0007108_00",-0.00394217738448146,0.820340150289162,1e-05,"1e-05 to 1",0.000327422914579372,-0.0054846269521962,174,"success","pgls5_castespolymorphic"
"OG0007109_00",0.00305869826036867,0.727697540960872,1e-05,"1e-05 to 1",0.000769453660125237,-0.00504002626045552,174,"success","pgls5_castespolymorphic"
"OG0007110_00",0.000209807327028314,0.967155798308099,1e-05,"1e-05 to 1",1.09030424529359e-05,-0.00580298705613758,174,"success","pgls5_castespolymorphic"
"OG0007111_00",0.0166248173509494,0.0447352630875519,1e-05,"1e-05 to 1",0.0252537122601657,0.019586582680283,174,"success","pgls5_castespolymorphic"
"OG0007112_00",7.96096303251216e-05,0.997048072510835,0.620600656222818,"1e-05 to 1",8.52817424133786e-08,-0.0058138677108055,174,"success","pgls5_castespolymorphic"
"OG0007113_00",-0.0292902103829403,0.0494047563147195,1,"1e-05 to 1",0.0242193639538977,0.0185462207210715,174,"success","pgls5_castespolymorphic"
"OG0007114_00",-0.0249407617191357,0.334818889451613,0.778833386774448,"1e-05 to 1",0.00585135267512962,7.14186790546911e-05,174,"success","pgls5_castespolymorphic"
"OG0007115_00",-0.00740642166938326,0.698817508360066,0.197292460694324,"1e-05 to 1",0.00095611845045068,-0.00485227620972117,174,"success","pgls5_castespolymorphic"
"OG0007116_00",0.00155808998009266,0.950768802132891,0.685781447277532,"1e-05 to 1",2.42027313760904e-05,-0.00578961004344158,174,"success","pgls5_castespolymorphic"
"OG0007117_00",0.0221996798120109,0.283914377618644,0.599341504269532,"1e-05 to 1",0.00760052333594973,0.00183075893674023,174,"success","pgls5_castespolymorphic"
"OG0007118_00",-0.0160632296836051,0.099702529345463,1e-05,"1e-05 to 1",0.0170608465085892,0.0113460839882903,174,"success","pgls5_castespolymorphic"
"OG0007119_00",0.00996626059061021,0.550333920561888,0.851124229855254,"1e-05 to 1",0.00224805177662035,-0.00355283164328291,174,"success","pgls5_castespolymorphic"
"OG0007120_00",0.0173473141096639,0.00191464142790121,1,"1e-05 to 1",0.0585862544212282,0.0531129186911191,174,"success","pgls5_castespolymorphic"
"OG0007121_00",-0.0177369650479488,0.33097257933818,0.842612607368707,"1e-05 to 1",0.00590776299257287,0.000128156963460024,174,"success","pgls5_castespolymorphic"
"OG0007122_00",0.00832263020763192,0.505255839441907,1,"1e-05 to 1",0.00281429951855076,-0.00298329176331813,174,"success","pgls5_castespolymorphic"
"OG0007123_00",-0.0191949212195725,0.39328551467449,0.738886084382293,"1e-05 to 1",0.00464575687448457,-0.001141186399501,174,"success","pgls5_castespolymorphic"
"OG0007124_00",-0.00250952602656638,0.919623342949114,0.917665990394566,"1e-05 to 1",6.38375376623922e-05,-0.005749744802235,174,"success","pgls5_castespolymorphic"
"OG0007125_00",0.0192221430873193,0.00348045930008656,1e-05,"1e-05 to 1",0.0524339273972403,0.0469248223239684,174,"success","pgls5_castespolymorphic"
"OG0007126_00",-0.0106260903779746,0.724819760364259,1,"1e-05 to 1",0.00077663077420268,-0.0050328074189705,174,"success","pgls5_castespolymorphic"
"OG0007127_00",0.0252217392680171,0.01988366928907,0.233596303492649,"1e-05 to 1",0.0336297368571321,0.0280113050946735,174,"success","pgls5_castespolymorphic"
"OG0007128_00",-0.0048172751033498,0.682458762462051,0.843300833719196,"1e-05 to 1",0.00106888702890566,-0.00473885199999602,174,"success","pgls5_castespolymorphic"
"OG0007129_00",0.00627251073655641,0.48020816034314,1e-05,"1e-05 to 1",0.00311981091358614,-0.00267600413924174,174,"success","pgls5_castespolymorphic"
"OG0007130_00",0.025907139480847,0.0365733811319187,1e-05,"1e-05 to 1",0.0277123857079622,0.0220595507411481,174,"success","pgls5_castespolymorphic"
"OG0007131_00",0.0199863914629802,0.462236550629539,0.803560142030113,"1e-05 to 1",0.00340410041632935,-0.00239006179055257,174,"success","pgls5_castespolymorphic"
"OG0007132_00",-0.0112784511213554,0.428301746113283,0.594317045360425,"1e-05 to 1",0.00400104936349613,-0.00178964220997191,174,"success","pgls5_castespolymorphic"
"OG0007133_00",0.00864649163712035,0.438654295603767,0.749853527633221,"1e-05 to 1",0.00377705427629363,-0.00201493959419308,174,"success","pgls5_castespolymorphic"
"OG0007134_00",-0.00763572111090659,0.616054883902307,1e-05,"1e-05 to 1",0.00161573565280874,-0.00418882402362852,174,"success","pgls5_castespolymorphic"
"OG0007135_00",0.0379465701897258,0.0645750189601242,0.79450443812207,"1e-05 to 1",0.0214539189007183,0.0157646974989782,174,"success","pgls5_castespolymorphic"
"OG0007136_00",-0.0183164742266021,0.151623620958529,1e-05,"1e-05 to 1",0.0132181526603109,0.00748104889670809,174,"success","pgls5_castespolymorphic"
"OG0007137_00",-0.00745154436776727,0.716528184822708,0.651464462450183,"1e-05 to 1",0.000836747259356735,-0.00497234141936787,174,"success","pgls5_castespolymorphic"
"OG0007138_00",0.0117682494287714,0.192397899444929,1e-05,"1e-05 to 1",0.0106629110618797,0.00491095124247209,174,"success","pgls5_castespolymorphic"
"OG0007139_00",0.0128094192717003,0.035325636367739,0.777851342658596,"1e-05 to 1",0.0279055395532594,0.0222538275739179,174,"success","pgls5_castespolymorphic"
"OG0007140_00",0.00447165903202118,0.609827600212378,1,"1e-05 to 1",0.00164170862910573,-0.00416270004165531,174,"success","pgls5_castespolymorphic"
"OG0007141_00",0.00365289825537003,0.761237638805376,1,"1e-05 to 1",0.000586037474777398,-0.00522450881897396,174,"success","pgls5_castespolymorphic"
"OG0007142_00",0.0117208841156938,0.261079189476839,0.924576644061697,"0.001 to 1",0.00814153788893506,0.00237491892317299,174,"success","pgls5_castespolymorphic"
"OG0007143_00",0.0039668767633003,0.691804715696442,1e-05,"1e-05 to 1",0.000997202590414289,-0.0048109532084788,174,"success","pgls5_castespolymorphic"
"OG0007144_00",-0.00664619427497431,0.702536691102997,1,"1e-05 to 1",0.000925575545200866,-0.00488299669000147,174,"success","pgls5_castespolymorphic"
"OG0007145_00",-0.00698222589390675,0.575406759856265,0.778484640678267,"1e-05 to 1",0.00198987538620014,-0.00381250905922892,174,"success","pgls5_castespolymorphic"
"OG0007146_00",-0.00700423796894787,0.578969543338058,0.590275303862317,"1e-05 to 1",0.00194071251740533,-0.00386195775865628,174,"success","pgls5_castespolymorphic"
"OG0007147_00",-0.0107855738850389,0.678900953168385,0.929069994368573,"1e-05 to 1",0.00108743838179219,-0.00472019279040681,174,"success","pgls5_castespolymorphic"
"OG0007148_00",0.00245818942139174,0.859861772669052,0.962075924145335,"1e-05 to 1",0.000196635491805696,-0.00561617476696297,174,"success","pgls5_castespolymorphic"
"OG0007149_00",0.00228470089724018,0.907774003949135,0.431933964346642,"1e-05 to 1",8.52052590037028e-05,-0.0057282528499556,174,"success","pgls5_castespolymorphic"
"OG0007150_00",-0.00983561337986168,0.191948857543511,1,"1e-05 to 1",0.0106843577284599,0.00493252259897414,174,"success","pgls5_castespolymorphic"
"OG0007151_00",-0.00866944838678537,0.666690815504205,0.864364162204499,"1e-05 to 1",0.00116963985683292,-0.00463751339981333,174,"success","pgls5_castespolymorphic"
"OG0007152_00",-0.023192572212885,0.0415682966462732,0.153300917442403,"1e-05 to 1",0.0260214569202593,0.0203587909721212,174,"success","pgls5_castespolymorphic"
"OG0007153_00",-0.00616566745916333,0.575332142530782,0.688646277948088,"1e-05 to 1",0.00211116871984837,-0.00369051053178038,174,"success","pgls5_castespolymorphic"
"OG0007154_00",0.00660013677269595,0.763032803187454,0.96564653192519,"1e-05 to 1",0.000576989867465691,-0.00523360902865377,174,"success","pgls5_castespolymorphic"
"OG0007155_00",-0.0287497569457663,0.16391737750756,0.487008199704875,"1e-05 to 1",0.0122274493179792,0.00648458565122323,174,"success","pgls5_castespolymorphic"
"OG0007156_00",-0.0169324810313086,0.386432839044769,1e-05,"1e-05 to 1",0.00472151495695606,-0.00106498786306175,174,"success","pgls5_castespolymorphic"
"OG0007157_00",-0.00386698287327143,0.786614292455733,1e-05,"1e-05 to 1",0.000465183069095733,-0.00534606586654918,174,"success","pgls5_castespolymorphic"
"OG0007158_00",0.00627767985466697,0.452972625004408,1,"1e-05 to 1",0.00363866735044712,-0.0021541310951898,174,"success","pgls5_castespolymorphic"
"OG0007159_00",-0.0425743444140184,0.000575370299200406,0.985413303460063,"1e-05 to 1",0.0720588114336905,0.0666638045234212,174,"success","pgls5_castespolymorphic"
"OG0007160_00",0.00941735511389188,0.590076323972099,0.947454063249224,"0.001 to 1",0.00193940994628323,-0.00386326790286606,174,"success","pgls5_castespolymorphic"
"OG0007161_00",-0.00297392984511033,0.846209403896576,0.944109235949357,"1e-05 to 1",0.000237316955396553,-0.00557525678323501,174,"success","pgls5_castespolymorphic"
"OG0007162_00",0.0116492370846589,0.244882646360016,0.95019494147786,"1e-05 to 1",0.00849528421539303,0.00273072191431967,174,"success","pgls5_castespolymorphic"
"OG0007163_00",0.0122997398902585,0.455073409657203,1,"1e-05 to 1",0.00349220383938346,-0.00230144613829464,174,"success","pgls5_castespolymorphic"
"OG0007164_00",-0.0161274938032435,0.394394333617833,1,"1e-05 to 1",0.00459478471836209,-0.00119245490536835,174,"success","pgls5_castespolymorphic"
"OG0007165_00",0.00511326613964796,0.511172331476685,1,"1e-05 to 1",0.00271972754922645,-0.00307841356967331,174,"success","pgls5_castespolymorphic"
"OG0007166_00",0.0247514083059617,0.4088596924134,0.881381222465744,"1e-05 to 1",0.00434904461162613,-0.00143962373365514,174,"success","pgls5_castespolymorphic"
"OG0007167_00",-0.00469299970265779,0.741004802669592,1e-05,"1e-05 to 1",0.000684686557963273,-0.00512528619460673,174,"success","pgls5_castespolymorphic"
"OG0007168_00",0.0186651383582999,0.192343725403909,0.699199900366853,"1e-05 to 1",0.0106654953883691,0.00491355059411558,174,"success","pgls5_castespolymorphic"
"OG0007169_00",-0.0132807381427209,0.485596375651355,0.445251265250051,"1e-05 to 1",0.0030632239216135,-0.00273292012535387,174,"success","pgls5_castespolymorphic"
"OG0007170_00",-0.00294865349366532,0.836852922600704,0.943979907418499,"1e-05 to 1",0.000269189684011785,-0.00554319874805786,174,"success","pgls5_castespolymorphic"
"OG0007171_00",-0.00529360613924715,0.719664399831913,1,"1e-05 to 1",0.000812375324093106,-0.00499685505192971,174,"success","pgls5_castespolymorphic"
"OG0007172_00",0.0020513231560585,0.90175804378123,0.614126741452582,"1e-05 to 1",9.61313851505203e-05,-0.00571726319981969,174,"success","pgls5_castespolymorphic"
"OG0007173_00",-0.00345470395543836,0.860016358389267,1,"1e-05 to 1",0.000198704476722967,-0.00561409375306354,174,"success","pgls5_castespolymorphic"
"OG0007174_00",-0.0010478693852667,0.853276113655814,1e-05,"1e-05 to 1",0.000214413534361172,-0.00559829336369488,174,"success","pgls5_castespolymorphic"
"OG0007175_00",0.00440572635294729,0.701547367570155,1,"1e-05 to 1",0.000920368725239506,-0.00488823378217185,174,"success","pgls5_castespolymorphic"
"OG0007176_00",-0.0534486180368014,0.0116256273113486,0.494062145038544,"1e-05 to 1",0.0393741431195828,0.0337891090679526,174,"success","pgls5_castespolymorphic"
"OG0007177_00",0.0305073152082722,0.201598887978285,1,"1e-05 to 1",0.010108938313477,0.00435375772227642,174,"success","pgls5_castespolymorphic"
"OG0007178_00",0.0287907589445372,0.284191416522886,0.745163699695767,"1e-05 to 1",0.00716498237138714,0.00139268575726736,174,"success","pgls5_castespolymorphic"
"OG0007179_00",-0.00359241343583237,0.838426100589813,1,"1e-05 to 1",0.00026395176788074,-0.0055484671171897,174,"success","pgls5_castespolymorphic"
"OG0007180_00",0.00294597100422984,0.102678695693631,1e-05,"1e-05 to 1",0.0166634590581856,0.0109463861457332,174,"success","pgls5_castespolymorphic"
"OG0007181_00",-0.0309631129071534,0.101285007033798,0.481745693944976,"1e-05 to 1",0.0170112578260321,0.0112962069994392,174,"success","pgls5_castespolymorphic"
"OG0007182_00",-0.00855730909494015,0.63947741094265,1,"1e-05 to 1",0.00137476026190403,-0.0044312004342475,174,"success","pgls5_castespolymorphic"
"OG0007183_00",0.0379544915665087,0.074308098596171,0.871544025465189,"1e-05 to 1",0.0198950937447083,0.0141968094060148,174,"success","pgls5_castespolymorphic"
"OG0007184_00",-0.000549132730349561,0.971455029834937,0.563021911200851,"1e-05 to 1",8.02786106187737e-06,-0.00580587895369922,174,"success","pgls5_castespolymorphic"
"OG0007185_00",0.010984613881975,0.149582914912392,0.838912466503338,"1e-05 to 1",0.0130153876367444,0.0072771050067254,174,"success","pgls5_castespolymorphic"
"OG0007186_00",0.000190016667709282,0.986786988931651,1,"1e-05 to 1",1.74132587023761e-06,-0.00581220203851429,174,"success","pgls5_castespolymorphic"
"OG0007187_00",-0.0107356948855864,0.653218268163719,0.924509049123671,"0.001 to 1",0.00128086568209899,-0.00452564091277252,174,"success","pgls5_castespolymorphic"
"OG0007188_00",-0.00490630962737326,0.75360220865809,0.988219064980121,"1e-05 to 1",0.000625381408874861,-0.0051849361410734,174,"success","pgls5_castespolymorphic"
"OG0007189_00",0.00407045907520508,0.771131666134906,1,"1e-05 to 1",0.000537121931144841,-0.00527370875530186,174,"success","pgls5_castespolymorphic"
"OG0007190_00",0.00707554825039834,0.427626798949448,1,"1e-05 to 1",0.00393740970253503,-0.0018536518689618,174,"success","pgls5_castespolymorphic"
"OG0007191_00",-0.0470620049980829,0.073758712163386,0.931449151536035,"1e-05 to 1",0.0220343652160313,0.016348518502171,174,"success","pgls5_castespolymorphic"
"OG0007192_00",0.0373495218017625,0.000267856616248618,1,"1e-05 to 1",0.0799022152236176,0.0745528094981736,174,"success","pgls5_castespolymorphic"
"OG0007193_00",0.0166924194000028,0.0101734758285676,1e-05,"1e-05 to 1",0.0413211021226182,0.0357473876000753,174,"success","pgls5_castespolymorphic"
"OG0007194_00",-0.0134366392287257,0.450339070229575,1,"1e-05 to 1",0.00358846679908871,-0.00220462351021888,174,"success","pgls5_castespolymorphic"
"OG0007195_00",-0.00862158883256,0.113197875387152,1,"1e-05 to 1",0.0159039616590987,0.0101824730640935,174,"success","pgls5_castespolymorphic"
"OG0007196_00",0.0147741496020571,0.292683425141577,0.886268052818857,"1e-05 to 1",0.00696132962784133,0.00118784898614277,174,"success","pgls5_castespolymorphic"
"OG0007197_00",0.0111778126972947,0.265972523375477,1e-05,"1e-05 to 1",0.00787548356916305,0.0021073177759604,174,"success","pgls5_castespolymorphic"
"OG0007198_00",0.0148798089268924,0.404738582525191,1,"1e-05 to 1",0.00437022306926428,-0.00141832214544935,174,"success","pgls5_castespolymorphic"
"OG0007199_00",-0.00140939449885077,0.933403462159463,1e-05,"1e-05 to 1",4.4334437727209e-05,-0.005769361292286,174,"success","pgls5_castespolymorphic"
"OG0007200_00",0.00811340592707708,0.691094279648389,0.940120327019158,"1e-05 to 1",0.00100845252036171,-0.00479963787196169,174,"success","pgls5_castespolymorphic"
"OG0007201_00",-0.0158423833078551,0.442857519995079,1,"1e-05 to 1",0.00370833511378795,-0.00208405828671321,174,"success","pgls5_castespolymorphic"
"OG0007202_00",0.0153469804414587,0.0149585835481547,1e-05,"1e-05 to 1",0.0366688518942018,0.0310680894052145,174,"success","pgls5_castespolymorphic"
"OG0007203_00",0.0295415701195196,0.00543912080296538,1e-05,"1e-05 to 1",0.0478774378282469,0.0423418415365506,174,"success","pgls5_castespolymorphic"
"OG0007204_00",0.00451612478438053,0.697122258066691,1e-05,"1e-05 to 1",0.000973686906714741,-0.00483460561126958,174,"success","pgls5_castespolymorphic"
"OG0007205_00",4.97668538018381e-05,0.996661686224121,0.635854237408724,"1e-05 to 1",1.11146028609661e-07,-0.00581384169614574,174,"success","pgls5_castespolymorphic"
"OG0007206_00",0.00287570105988178,0.688408410429556,1e-05,"1e-05 to 1",0.00101407801059897,-0.00479397967538597,174,"success","pgls5_castespolymorphic"
"OG0007207_00",0.0214989380462656,0.212479375502128,0.172518759724417,"1e-05 to 1",0.00975926168239323,0.00400204808752347,174,"success","pgls5_castespolymorphic"
"OG0007208_00",-0.00240529526021248,0.657768998398564,1,"1e-05 to 1",0.0012373660826057,-0.0045693934169142,174,"success","pgls5_castespolymorphic"
"OG0007209_00",-0.0154665435320462,0.445605287363603,0.822820574007171,"1e-05 to 1",0.00380782873821359,-0.00198398621098272,174,"success","pgls5_castespolymorphic"
"OG0007210_00",0.000639913596775679,0.903662357613076,0.672586737301712,"1e-05 to 1",9.30095729219868e-05,-0.00572040316211897,174,"success","pgls5_castespolymorphic"
"OG0007211_00",0.00333810610541541,0.81345091310181,1,"1e-05 to 1",0.000351260828222924,-0.0054606504460315,174,"success","pgls5_castespolymorphic"
"OG0007212_00",-0.0292310501727618,0.0526151280945899,1,"1e-05 to 1",0.0234189520657181,0.0177411552754024,174,"success","pgls5_castespolymorphic"
"OG0007213_00",0.0320242632001943,1.75726378350838e-05,1,"1e-05 to 1",0.110457876046155,0.10528611951154,174,"success","pgls5_castespolymorphic"
"OG0007214_00",0.0211355008058093,0.108218877745043,1e-05,"1e-05 to 1",0.0162476175251031,0.0105281269293189,174,"success","pgls5_castespolymorphic"
"OG0007215_00",0.00822152554903239,0.636565875316998,0.848653705981745,"1e-05 to 1",0.00140759163938452,-0.00439817817666555,174,"success","pgls5_castespolymorphic"
"OG0007216_00",0.0509729384849177,0.0100313325750199,1,"1e-05 to 1",0.040962134211226,0.0353863326659425,174,"success","pgls5_castespolymorphic"
"OG0007217_00",-0.00797276990239263,0.432809796663921,1,"1e-05 to 1",0.00392370647816087,-0.00186743476324525,174,"success","pgls5_castespolymorphic"
"OG0007218_00",-0.00318482006677797,0.813932104685398,0.860373659562819,"1e-05 to 1",0.000351635698786727,-0.00546027339598787,174,"success","pgls5_castespolymorphic"
"OG0007219_00",0.00400367396465743,0.474767684880272,1e-05,"1e-05 to 1",0.00317783755277023,-0.0026176401358764,174,"success","pgls5_castespolymorphic"
"OG0007220_00",0.0213493403539143,0.131866634882491,0.936225014138972,"1e-05 to 1",0.0141334743569009,0.0084016922310689,174,"success","pgls5_castespolymorphic"
"OG0007221_00",-0.00673285634589321,0.534967740903823,1,"1e-05 to 1",0.00245668562629477,-0.00334298480611062,174,"success","pgls5_castespolymorphic"
"OG0007222_00",0.0156229339974157,0.402494825913115,0.860274358393311,"1e-05 to 1",0.00441204161066354,-0.00137626047299544,174,"success","pgls5_castespolymorphic"
"OG0007223_00",0.00996979669769451,0.582774134730036,0.946128243622664,"1e-05 to 1",0.00190209781005435,-0.00390079697011969,174,"success","pgls5_castespolymorphic"
"OG0007224_00",0.00503028528795077,0.627897809470053,1,"1e-05 to 1",0.00149045010429799,-0.00431483797649079,174,"success","pgls5_castespolymorphic"
"OG0007225_00",0.0140683897942278,0.311575495625476,0.891958047116161,"1e-05 to 1",0.00639936585306071,0.000622617980113316,174,"success","pgls5_castespolymorphic"
"OG0007226_00",-0.0101074391792445,0.59694595825054,1,"1e-05 to 1",0.00177382310934574,-0.00402981745397213,174,"success","pgls5_castespolymorphic"
"OG0007227_00",-0.00895261929332158,0.617841259435459,1,"1e-05 to 1",0.00156919032683797,-0.00423563996195941,174,"success","pgls5_castespolymorphic"
"OG0007228_00",0.00634883179196989,0.762833616011908,0.863368272723736,"1e-05 to 1",0.000574344443473459,-0.00523626983301795,174,"success","pgls5_castespolymorphic"
"OG0007229_00",0.00577102802256289,0.727225979348636,1,"1e-05 to 1",0.000777163174204137,-0.00503227192362021,174,"success","pgls5_castespolymorphic"
"OG0007230_00",-0.00244910545865536,0.744939469764928,1,"1e-05 to 1",0.000671723858516368,-0.0051383242585854,174,"success","pgls5_castespolymorphic"
"OG0007231_00",0.0159345855642774,0.357690698005314,0.958532924729457,"1e-05 to 1",0.00532319099321036,-0.000459813710317558,174,"success","pgls5_castespolymorphic"
"OG0007232_00",-3.7094988751565e-05,0.993226978739969,1,"1e-05 to 1",4.54635829725184e-07,-0.00581349620931082,174,"success","pgls5_castespolymorphic"
"OG0007233_00",0.00931039383684401,0.575013971061018,0.976352293418822,"1e-05 to 1",0.00205927379920745,-0.00374270716707614,174,"success","pgls5_castespolymorphic"
"OG0007234_00",0.00609286480066345,0.698428844860034,1,"1e-05 to 1",0.000952629691884549,-0.00485578525176722,174,"success","pgls5_castespolymorphic"
"OG0007235_00",0.000862187300821376,0.951748256140554,0.982961162461424,"1e-05 to 1",2.28135962623426e-05,-0.0057910072549221,174,"success","pgls5_castespolymorphic"
"OG0007236_00",-0.000388202050558739,0.983139271990204,1,"1e-05 to 1",2.83565774986768e-06,-0.0058111013442399,174,"success","pgls5_castespolymorphic"
"OG0007237_00",-0.00423640835716597,0.65908083967665,1e-05,"1e-05 to 1",0.00123505259629364,-0.00457172035372788,174,"success","pgls5_castespolymorphic"
"OG0007238_00",0.00350956774745767,0.617968278549293,1,"1e-05 to 1",0.00155823403433429,-0.00424665995383799,174,"success","pgls5_castespolymorphic"
"OG0007239_00",0.0114361083273059,0.372079944065023,1,"1e-05 to 1",0.00718398971822183,0.00141180361193238,174,"success","pgls5_castespolymorphic"
"OG0007240_00",-0.0115484125229776,0.244733709768211,0.761424054326174,"1e-05 to 1",0.00844755701748222,0.00268271723270008,174,"success","pgls5_castespolymorphic"
"OG0007241_00",-0.00960600645328333,0.298175933865583,1e-05,"1e-05 to 1",0.00680529996089784,0.00103091216997275,174,"success","pgls5_castespolymorphic"
"OG0007242_00",0.032928669049469,0.0184587034406025,0.895097486768567,"1e-05 to 1",0.0344220262223466,0.0288082007934066,174,"success","pgls5_castespolymorphic"
"OG0007243_00",-0.00206009311334325,0.871658464037996,0.934399400106568,"1e-05 to 1",0.000162597377665052,-0.00565041077711603,174,"success","pgls5_castespolymorphic"
"OG0007244_00",-0.0352728473495339,0.0777406646276866,0.837098979097209,"1e-05 to 1",0.0191994847719075,0.013497156195,174,"success","pgls5_castespolymorphic"
"OG0007245_00",0.00447196428083625,0.817105230290248,1,"1e-05 to 1",0.000339532391065882,-0.00547244707177663,174,"success","pgls5_castespolymorphic"
"OG0007246_00",0.00510526333491506,0.647025041449065,1,"1e-05 to 1",0.00133884928787425,-0.00446732019301033,174,"success","pgls5_castespolymorphic"
"OG0007247_00",0.034817094980525,0.0264464231046559,0.686471003423635,"1e-05 to 1",0.0302285795725476,0.0245903736398299,174,"success","pgls5_castespolymorphic"
"OG0007248_00",0.000324810698715749,0.970090495725864,1,"1e-05 to 1",8.86969022991997e-06,-0.0058050322301757,174,"success","pgls5_castespolymorphic"
"OG0007249_00",-0.00677404377215897,0.281367658332332,1e-05,"1e-05 to 1",0.00734094780602937,0.00156967424676202,174,"success","pgls5_castespolymorphic"
"OG0007250_00",-0.00559417440058936,0.679069049517697,0.763702333641644,"1e-05 to 1",0.00107262051919041,-0.00473509680337236,174,"success","pgls5_castespolymorphic"
"OG0007251_00",-0.00512214317747715,0.874386592963492,0.953488619976642,"1e-05 to 1",0.000158666999532929,-0.00565436400628361,174,"success","pgls5_castespolymorphic"
"OG0007252_00",0.00381353083286721,0.717887767937054,0.241670208692754,"1e-05 to 1",0.000844464088842206,-0.00496457972459474,174,"success","pgls5_castespolymorphic"
"OG0007253_00",-0.00712186057385535,0.287257796800099,1e-05,"1e-05 to 1",0.00711915213810647,0.00134658906914187,174,"success","pgls5_castespolymorphic"
"OG0007254_00",-0.00384727907643966,0.825796208068661,0.823279624828199,"1e-05 to 1",0.000305581736435374,-0.00550659511393414,174,"success","pgls5_castespolymorphic"
"OG0007255_00",-0.00239749066990619,0.784339878508247,1e-05,"1e-05 to 1",0.000475402587205674,-0.00533578693263626,174,"success","pgls5_castespolymorphic"
"OG0007256_00",0.00144077661553968,0.849229825219176,1,"1e-05 to 1",0.000226546677668109,-0.0055860896788571,174,"success","pgls5_castespolymorphic"
"OG0007257_00",0.0012883033287348,0.927448976957653,1,"1e-05 to 1",5.23074739580149e-05,-0.00576134190119348,174,"success","pgls5_castespolymorphic"
"OG0007258_00",0.0142986140310041,0.505912429567592,0.875133598654896,"1e-05 to 1",0.00280564156459674,-0.00299200005421363,174,"success","pgls5_castespolymorphic"
"OG0007259_00",-0.00460079754541804,0.589900311519847,1e-05,"1e-05 to 1",0.0018311188739921,-0.00397218857441484,174,"success","pgls5_castespolymorphic"
"OG0007260_00",0.0238780613967913,0.125385567567252,1e-05,"1e-05 to 1",0.0151845262859081,0.00945885492710519,174,"success","pgls5_castespolymorphic"
"OG0007261_00",0.000543584933486384,0.84885028976914,1e-05,"1e-05 to 1",0.000227702486325407,-0.00558492715038184,174,"success","pgls5_castespolymorphic"
"OG0007262_00",0.00882866048638997,0.164980644344937,1,"1e-05 to 1",0.0120147320316712,0.00627063163650654,174,"success","pgls5_castespolymorphic"
"OG0007263_00",-0.0190544526182016,0.449212240574912,0.821257094860923,"1e-05 to 1",0.00360632303792451,-0.00218666345604102,174,"success","pgls5_castespolymorphic"
"OG0007264_00",0.00695153165917262,0.646386235367729,0.978535889956852,"1e-05 to 1",0.00132710306686747,-0.00447913470599959,174,"success","pgls5_castespolymorphic"
"OG0007265_00",-0.0257913810760538,0.24086555743627,0.960277256807096,"1e-05 to 1",0.00864075526267843,0.00287703872350786,174,"success","pgls5_castespolymorphic"
"OG0007266_00",-0.00671982925734138,0.714368991899294,0.845308870823642,"1e-05 to 1",0.000861053099078848,-0.00494789426662412,174,"success","pgls5_castespolymorphic"
"OG0007267_00",0.000165059340966583,0.988241932082133,1e-05,"1e-05 to 1",1.3702238440535e-06,-0.00581257529811041,174,"success","pgls5_castespolymorphic"
"OG0007268_00",-0.0185024721124138,0.261166802330902,1e-05,"1e-05 to 1",0.00793398940271448,0.00216616375970713,174,"success","pgls5_castespolymorphic"
"OG0007269_00",0.0209950572554011,0.272667121724241,0.917267947589973,"1e-05 to 1",0.00761070902973309,0.00184100384967334,174,"success","pgls5_castespolymorphic"
"OG0007270_00",-0.00669695614067332,0.641428315822985,0.574572480261187,"1e-05 to 1",0.00144963527845774,-0.00435589009783044,174,"success","pgls5_castespolymorphic"
"OG0007271_00",-0.0120304381058024,0.150539514740144,1e-05,"1e-05 to 1",0.0127944462610696,0.00705487908816893,174,"success","pgls5_castespolymorphic"
"OG0007272_00",-0.00428271691775205,0.82554024543552,0.680469816462941,"1e-05 to 1",0.000306494952786149,-0.00550567658818601,174,"success","pgls5_castespolymorphic"
"OG0007273_00",-0.0119884900699471,0.419762213509604,0.755849065957685,"1e-05 to 1",0.00412465662496768,-0.00166531630163136,174,"success","pgls5_castespolymorphic"
"OG0007274_00",-0.0157222927548757,0.351635781571631,0.701778333929932,"1e-05 to 1",0.00549304584755419,-0.000288971327750742,174,"success","pgls5_castespolymorphic"
"OG0007275_00",0.0328798622717605,0.0146667070199398,0.640370008037025,"1e-05 to 1",0.0368799034002013,0.0312803679548536,174,"success","pgls5_castespolymorphic"
"OG0007276_00",0.0252688985586658,0.20510638049406,0.875621079620306,"1e-05 to 1",0.0100789792547636,0.00432362448298906,174,"success","pgls5_castespolymorphic"
"OG0007277_00",-0.00273029345925709,0.838662333550021,1,"1e-05 to 1",0.000261509710802001,-0.00555092337227481,174,"success","pgls5_castespolymorphic"
"OG0007278_00",0.00462537977665728,0.533046752761335,1e-05,"1e-05 to 1",0.00243325962161771,-0.00336654700848915,174,"success","pgls5_castespolymorphic"
"OG0007279_00",-7.13913689249233e-05,0.993263616230346,1,"1e-05 to 1",4.46910871323127e-07,-0.00581350397918179,174,"success","pgls5_castespolymorphic"
"OG0007280_00",0.0452380349154007,0.0683819918460766,0.539970251203081,"1e-05 to 1",0.0207371900830321,0.0150438016532822,174,"success","pgls5_castespolymorphic"
"OG0007281_00",-0.0208756306578218,0.103499408834532,0.828249944493802,"1e-05 to 1",0.0166893234895028,0.0109724009516511,174,"success","pgls5_castespolymorphic"
"OG0007282_00",-0.00553054951223009,0.643146275056517,0.646808066977524,"1e-05 to 1",0.00132821780470092,-0.00447801348713228,174,"success","pgls5_castespolymorphic"
"OG0007283_00",-0.00607640711679187,0.583819277596947,1,"1e-05 to 1",0.00189157835762906,-0.00391137758215199,174,"success","pgls5_castespolymorphic"
"OG0007284_00",-0.0109832925912678,0.661440805208812,0.39310035732937,"1e-05 to 1",0.00120921849876459,-0.00459770464949849,174,"success","pgls5_castespolymorphic"
"OG0007285_00",0.00528248487055683,0.521878158373311,1,"1e-05 to 1",0.0025845261481134,-0.00321440102544401,174,"success","pgls5_castespolymorphic"
"OG0007286_00",-0.0122477005142043,0.257285031566397,0.973996333029719,"1e-05 to 1",0.00816645774306604,0.0023999836601768,174,"success","pgls5_castespolymorphic"
"OG0007287_00",-0.0193850202035689,0.30249016635522,1e-05,"1e-05 to 1",0.00681382657413077,0.00103948835653855,174,"success","pgls5_castespolymorphic"
"OG0007288_00",-0.0107651418545871,0.706204649852925,0.881648918576255,"1e-05 to 1",0.000890492132782489,-0.00491828407574801,174,"success","pgls5_castespolymorphic"
"OG0007289_00",0.00364378934819972,0.720964909083407,1,"1e-05 to 1",0.000799488428619372,-0.00500981687121427,174,"success","pgls5_castespolymorphic"
"OG0007290_00",0.013881791580284,0.27505774448803,0.851428202300909,"1e-05 to 1",0.00748816414528667,0.00171774649496859,174,"success","pgls5_castespolymorphic"
"OG0007291_00",-0.0274841200343503,0.185769110918767,1,"1e-05 to 1",0.0108493947374207,0.00509851912542902,174,"success","pgls5_castespolymorphic"
"OG0007292_00",-0.0060354209661295,0.653908604942799,0.81625953296588,"1e-05 to 1",0.00126737748396867,-0.00453920753065939,174,"success","pgls5_castespolymorphic"
"OG0007293_00",-0.00700374567661367,0.671110157537067,1,"1e-05 to 1",0.00113692628342232,-0.00467041716841821,174,"success","pgls5_castespolymorphic"
"OG0007294_00",-0.00218444083519958,0.312415478650593,0.481870276146023,"1e-05 to 1",0.00641736281998223,0.000640719580563442,174,"success","pgls5_castespolymorphic"
"OG0007295_00",-0.00478795472305619,0.831391243496853,0.904375127507681,"1e-05 to 1",0.000284183269149558,-0.00552811799091346,174,"success","pgls5_castespolymorphic"
"OG0007296_00",-0.001054845835615,0.958050630835201,1,"1e-05 to 1",1.73462104501604e-05,-0.00579650642786111,174,"success","pgls5_castespolymorphic"
"OG0007297_00",-0.00735714387207944,0.550962190239625,1,"1e-05 to 1",0.00224098228893352,-0.00355994223264244,174,"success","pgls5_castespolymorphic"
"OG0007298_00",0.0258008840880003,0.0222610185974386,1e-05,"1e-05 to 1",0.0328366036416686,0.0272135606395854,174,"success","pgls5_castespolymorphic"
"OG0007299_00",0.00573554545358525,0.483872516891776,1,"1e-05 to 1",0.00310703589891261,-0.00268885342725644,174,"success","pgls5_castespolymorphic"
"OG0007300_00",-0.000616849905422164,0.96433657942566,0.893070730676938,"1e-05 to 1",1.26130777910475e-05,-0.00580126707873352,174,"success","pgls5_castespolymorphic"
"OG0007301_00",-0.0182211262283439,0.200223285080368,0.923370422641389,"1e-05 to 1",0.0104291460484517,0.00467582713012893,174,"success","pgls5_castespolymorphic"
"OG0007302_00",-0.00972316177942417,0.574870225528493,1e-05,"1e-05 to 1",0.00203417136860743,-0.00376795554204024,174,"success","pgls5_castespolymorphic"
"OG0007303_00",-0.0249356545556113,0.116268012758744,1e-05,"1e-05 to 1",0.0157389025115177,0.0100164542703056,174,"success","pgls5_castespolymorphic"
"OG0007304_00",0.014211958522284,0.458192815351994,1,"1e-05 to 1",0.00342280501477779,-0.0023712484444387,174,"success","pgls5_castespolymorphic"
"OG0007305_00",-0.000839009998355094,0.96408076924906,0.863869465680758,"1e-05 to 1",1.28760285364842e-05,-0.00580100259920457,174,"success","pgls5_castespolymorphic"
"OG0007306_00",0.00388769826897348,0.801451964718508,1,"1e-05 to 1",0.000401418125280743,-0.00541020153678162,174,"success","pgls5_castespolymorphic"
"OG0007307_00",-0.00359414584846819,0.788110835466576,1,"1e-05 to 1",0.000455631454269084,-0.00535567301402007,174,"success","pgls5_castespolymorphic"
"OG0007308_00",-0.00484213744737158,0.755952754656493,0.896455213445788,"1e-05 to 1",0.00060925328519921,-0.0052011580329101,174,"success","pgls5_castespolymorphic"
"OG0007309_00",0.0150376404501827,0.21609671055753,0.503834540208599,"1e-05 to 1",0.00948799586352927,0.00372920514180552,174,"success","pgls5_castespolymorphic"
"OG0007310_00",0.006872292650262,0.663650616654446,0.449417586622423,"1e-05 to 1",0.00119246393801748,-0.00461455662048227,174,"success","pgls5_castespolymorphic"
"OG0007311_00",0.00301639934036757,0.72712907056686,0.843087465319788,"1e-05 to 1",0.000758362893758192,-0.00505118150802231,174,"success","pgls5_castespolymorphic"
"OG0007312_00",0.0110982384166163,0.648952365388263,1,"1e-05 to 1",0.00133173201593034,-0.00447447884444219,174,"success","pgls5_castespolymorphic"
"OG0007313_00",0.0147441215310055,0.0915866121749649,1e-05,"1e-05 to 1",0.0177970477574683,0.0120865654769884,174,"success","pgls5_castespolymorphic"
"OG0007314_00",-0.0161068089115071,0.339260309499511,0.832670560670452,"1e-05 to 1",0.00589336340618512,0.000113673658546531,174,"success","pgls5_castespolymorphic"
"OG0007315_00",-0.0199987179395457,0.293827564240574,0.688676398084475,"1e-05 to 1",0.00701675246991547,0.00124359405404295,174,"success","pgls5_castespolymorphic"
"OG0007316_00",0.00375147511062259,0.4818813218027,0.290646120762937,"1e-05 to 1",0.00313539019389568,-0.0026603342817213,174,"success","pgls5_castespolymorphic"
"OG0007317_00",-0.0162611443909014,0.300390635963285,0.23757509707092,"1e-05 to 1",0.00691739789654613,0.00114366183780512,174,"success","pgls5_castespolymorphic"
"OG0007318_00",-0.0118107413583852,0.415868922693438,1,"1e-05 to 1",0.00416766802689831,-0.00162205483341049,174,"success","pgls5_castespolymorphic"
"OG0007319_00",-0.0031994942827057,0.594105099028822,0.318919538655369,"1e-05 to 1",0.00176776506847956,-0.00403591071600595,174,"success","pgls5_castespolymorphic"
"OG0007320_00",-0.0112178597103594,0.633045611778711,1,"1e-05 to 1",0.00143714964325529,-0.00436844832393524,174,"success","pgls5_castespolymorphic"
"OG0007321_00",0.0217408632625011,0.0250388155452996,1,"1e-05 to 1",0.0311825469580599,0.025549887347351,174,"success","pgls5_castespolymorphic"
"OG0007322_00",0.0044593320825819,0.678869686904464,1e-05,"1e-05 to 1",0.00109460860934741,-0.004712980875482,174,"success","pgls5_castespolymorphic"
"OG0007323_00",-0.00553798427728652,0.435969369892617,1e-05,"1e-05 to 1",0.00379756577440119,-0.00199430884318952,174,"success","pgls5_castespolymorphic"
"OG0007324_00",-0.00138421451442515,0.861621146742294,1e-05,"1e-05 to 1",0.000192896499709865,-0.00561993549738471,174,"success","pgls5_castespolymorphic"
"OG0007325_00",-0.00301740189293747,0.619189570437995,1,"1e-05 to 1",0.00155718971489494,-0.00424771034490234,174,"success","pgls5_castespolymorphic"
"OG0007326_00",0.0313273479371542,0.0518796226294027,1e-05,"1e-05 to 1",0.0234180203138519,0.0177402181063744,174,"success","pgls5_castespolymorphic"
"OG0007327_00",0.0154249415477891,2.54654426155021e-05,1,"1e-05 to 1",0.10519781740234,0.0999954791314234,174,"success","pgls5_castespolymorphic"
"OG0007328_00",-0.0128115725762761,0.144066056836451,1e-05,"1e-05 to 1",0.0133732678669846,0.00763706593597868,174,"success","pgls5_castespolymorphic"
"OG0007329_00",0.00290000333837478,0.874750298877233,0.383303876803545,"1e-05 to 1",0.00015576416316336,-0.00565728371960894,174,"success","pgls5_castespolymorphic"
"OG0007330_00",0.0184043055583091,0.310152966930493,0.97904070251075,"1e-05 to 1",0.00647746261750006,0.000701168795508633,174,"success","pgls5_castespolymorphic"
"OG0007331_00",-0.0267026675198677,0.240681549807126,0.946816510384902,"1e-05 to 1",0.00864748887297307,0.00288381148269956,174,"success","pgls5_castespolymorphic"
"OG0007332_00",-0.00349328347720384,0.626637712587179,1,"1e-05 to 1",0.00151097631269456,-0.00429419242967333,174,"success","pgls5_castespolymorphic"
"OG0007333_00",-0.0104212823434583,0.398191245168362,1e-05,"1e-05 to 1",0.00449320178696541,-0.00129462843520334,174,"success","pgls5_castespolymorphic"
"OG0007334_00",-0.00293866701282048,0.841341446216278,0.927077604924992,"1e-05 to 1",0.000252781874031575,-0.00555970195228217,174,"success","pgls5_castespolymorphic"
"OG0007335_00",0.0172461416455376,0.273361014919512,1,"1e-05 to 1",0.00749400427213278,0.00172362057604059,174,"success","pgls5_castespolymorphic"
"OG0007336_00",8.72373828917777e-05,0.995506185756579,1e-05,"1e-05 to 1",2.00135085743024e-07,-0.00581375218971036,174,"success","pgls5_castespolymorphic"
"OG0007337_00",0.0259450980556479,0.0540936339726459,1e-05,"1e-05 to 1",0.0231336808335404,0.0174542254895493,174,"success","pgls5_castespolymorphic"
"OG0007338_00",0.00569298667821585,0.340440942500527,1,"1e-05 to 1",0.00582709794468045,4.70229327309557e-05,174,"success","pgls5_castespolymorphic"
"OG0007339_00",-0.00539002470380454,0.168133804244714,1,"1e-05 to 1",0.0119126334222574,0.00616793943052629,174,"success","pgls5_castespolymorphic"
"OG0007340_00",-0.0193748831563166,0.198898409670938,1,"1e-05 to 1",0.010358794559415,0.00460506662080695,174,"success","pgls5_castespolymorphic"
"OG0007341_00",0.0042559578161737,0.777875927531764,0.841673031802207,"1e-05 to 1",0.00050509973859666,-0.00530591712338824,174,"success","pgls5_castespolymorphic"
"OG0007342_00",-0.0102768454204089,0.574249779708811,1,"1e-05 to 1",0.00198932243799821,-0.00381306522224611,174,"success","pgls5_castespolymorphic"
"OG0007343_00",-0.00689213376103455,0.304293446374908,1e-05,"1e-05 to 1",0.00659431318057526,0.000818698722322764,174,"success","pgls5_castespolymorphic"
"OG0007344_00",0.00292256636172483,0.872941438281061,0.673131994500555,"1e-05 to 1",0.000165522541939586,-0.00564746860607235,174,"success","pgls5_castespolymorphic"
"OG0007345_00",0.00285968818220916,0.891067730661814,1e-05,"1e-05 to 1",0.000118328044487572,-0.00569493749013761,174,"success","pgls5_castespolymorphic"
"OG0007346_00",-0.00501117884260577,0.577142024631195,1e-05,"1e-05 to 1",0.0019844568525004,-0.00381795909603166,174,"success","pgls5_castespolymorphic"
"OG0007347_00",-0.01217226990705,0.514768041026521,1,"1e-05 to 1",0.00267377221070342,-0.00312463609039715,174,"success","pgls5_castespolymorphic"
"OG0007348_00",0.00219118191434715,0.809168147095935,0.0919014370142492,"1e-05 to 1",0.000370227446971846,-0.00544157355624364,174,"success","pgls5_castespolymorphic"
"OG0007349_00",0.00541437140282487,0.377838520807187,1,"1e-05 to 1",0.00489471880058385,-0.000890777020342792,174,"success","pgls5_castespolymorphic"
"OG0007350_00",0.0226365607862913,0.10119236080988,1e-05,"1e-05 to 1",0.0172388289850647,0.0115251012466058,174,"success","pgls5_castespolymorphic"
"OG0007351_00",-0.00686567116095227,0.725124738431873,0.836520267475067,"1e-05 to 1",0.000779724888341669,-0.005029695315796,174,"success","pgls5_castespolymorphic"
"OG0007352_00",-0.01468618980333,0.165616092786538,1e-05,"1e-05 to 1",0.0120540064313703,0.0063101343757388,174,"success","pgls5_castespolymorphic"
"OG0007353_00",0.00266167734836308,0.688692884119759,1e-05,"1e-05 to 1",0.00101212592369356,-0.00479594311163378,174,"success","pgls5_castespolymorphic"
"OG0007354_00",0.00156799396986051,0.781281663254153,1,"1e-05 to 1",0.000486245672880256,-0.00532488080576576,174,"success","pgls5_castespolymorphic"
"OG0007355_00",-0.00484238218917732,0.442511918624383,1e-05,"1e-05 to 1",0.00373748386927756,-0.00205474006171502,174,"success","pgls5_castespolymorphic"
"OG0007356_00",0.00488078558859919,0.547096273363705,1e-05,"1e-05 to 1",0.00228472253333227,-0.00351594768449726,174,"success","pgls5_castespolymorphic"
"OG0007357_00",0.00144251497270478,0.913403685144623,1e-05,"1e-05 to 1",7.46073590895014e-05,-0.00573891236556689,174,"success","pgls5_castespolymorphic"
"OG0007358_00",0.0171257682596458,0.0191157193628126,1,"1e-05 to 1",0.0338394093956758,0.0282221966596041,174,"success","pgls5_castespolymorphic"
"OG0007359_00",0.000587982811391984,0.967410316884567,0.736071758637745,"1e-05 to 1",1.05983126047864e-05,-0.00580329355767084,174,"success","pgls5_castespolymorphic"
"OG0007360_00",0.00995238433462431,0.544432394546742,0.944541029859944,"1e-05 to 1",0.00237506619827213,-0.00342507876569154,174,"success","pgls5_castespolymorphic"
"OG0007361_00",-0.0136901962944347,0.620708496766852,0.9708156431217,"1e-05 to 1",0.00153406807344153,-0.00427096641450375,174,"success","pgls5_castespolymorphic"
"OG0007362_00",-0.0095364122041972,0.171906717933091,1e-05,"1e-05 to 1",0.0116322662443622,0.00588594221089922,174,"success","pgls5_castespolymorphic"
"OG0007363_00",0.00600786700232374,0.756487007564373,0.568836406628887,"1e-05 to 1",0.000610352078538082,-0.00520005285123792,174,"success","pgls5_castespolymorphic"
"OG0007364_00",-0.0180451477120788,0.488801835529822,1,"1e-05 to 1",0.00311669472987824,-0.00267913844029688,174,"success","pgls5_castespolymorphic"
"OG0007365_00",0.00151152594236847,0.83371330385719,1e-05,"1e-05 to 1",0.000278038474740192,-0.00553429851087173,174,"success","pgls5_castespolymorphic"
"OG0007366_00",0.00170639073379551,0.859373614636668,1e-05,"1e-05 to 1",0.000195554811477136,-0.00561726173031651,174,"success","pgls5_castespolymorphic"
"OG0007367_00",0.00264601442109985,0.809043016257486,0.982201284619075,"1e-05 to 1",0.000366074944287088,-0.0054457502013856,174,"success","pgls5_castespolymorphic"
"OG0007368_00",0.0643250869235283,0.102156459853453,0.87008958993635,"1e-05 to 1",0.016713797787406,0.0109970175419839,174,"success","pgls5_castespolymorphic"
"OG0007369_00",-0.0136523308600298,0.383187682520592,0.885498264474376,"1e-05 to 1",0.00484728916887812,-0.000938482405721475,174,"success","pgls5_castespolymorphic"
"OG0007370_00",-0.00354384698834734,0.817189052593728,1,"1e-05 to 1",0.000334962959751506,-0.00547704306955232,174,"success","pgls5_castespolymorphic"
"OG0007371_00",0.00535965706331727,0.653647861989146,1,"1e-05 to 1",0.00132803353331222,-0.00447819882986611,174,"success","pgls5_castespolymorphic"
"OG0007372_00",2.50579963300828e-05,0.99767047179666,0.783185781140162,"1e-05 to 1",5.37805970639238e-08,-0.00581389939509713,174,"success","pgls5_castespolymorphic"
"OG0007373_00",0.00429807662070006,0.541241158619122,1,"1e-05 to 1",0.00232279483524701,-0.00347765403198985,174,"success","pgls5_castespolymorphic"
"OG0007374_00",0.0191379475791538,0.260756925830894,0.426567873372639,"1e-05 to 1",0.00799784468705017,0.00223039029569583,174,"success","pgls5_castespolymorphic"
"OG0007375_00",0.0015178998769671,0.857052973574755,1,"1e-05 to 1",0.000204682669450811,-0.00560808080340114,174,"success","pgls5_castespolymorphic"
"OG0007376_00",0.000295567958091433,0.987275903285377,0.966066325462097,"1e-05 to 1",1.61483264846817e-06,-0.00581232926716169,174,"success","pgls5_castespolymorphic"
"OG0007377_00",-0.000219890110567032,0.973315234137279,1e-05,"1e-05 to 1",7.05952825433492e-06,-0.00580685291634886,174,"success","pgls5_castespolymorphic"
"OG0007378_00",0.00694643744942014,0.418411603594711,0.829832247988502,"1e-05 to 1",0.00407124406772274,-0.00171903939699969,174,"success","pgls5_castespolymorphic"
"OG0007379_00",-0.00884398542677393,0.56069676266356,0.83373383598857,"1e-05 to 1",0.00213335134026799,-0.00366819894263748,174,"success","pgls5_castespolymorphic"
"OG0007380_00",-0.00965894102536359,0.306904761663259,1,"1e-05 to 1",0.0065237204039424,0.000747695522569924,174,"success","pgls5_castespolymorphic"
"OG0007381_00",-0.00641548766529772,0.644244163263575,0.666354255134655,"1e-05 to 1",0.00135294483625193,-0.00445314269376973,174,"success","pgls5_castespolymorphic"
"OG0007382_00",-0.00809532188401397,0.657129596612696,1,"1e-05 to 1",0.00127444963235295,-0.00453209426513346,174,"success","pgls5_castespolymorphic"
"OG0007383_00",0.0261369935703316,0.347632450268061,0.945257029221117,"1e-05 to 1",0.00558482185354527,-0.000196661740329507,174,"success","pgls5_castespolymorphic"
"OG0007384_00",0.00869126014393864,0.0776048943777439,1,"1e-05 to 1",0.0195793061928446,0.0138791858800124,174,"success","pgls5_castespolymorphic"
"OG0007385_00",-0.0213948608914474,0.38666050141003,0.739520712182919,"1e-05 to 1",0.00471700084185325,-0.00106952822301976,174,"success","pgls5_castespolymorphic"
"OG0007386_00",-0.00450042620712224,0.714764316702991,0.775031289412462,"1e-05 to 1",0.000847665765332878,-0.0049613594337059,174,"success","pgls5_castespolymorphic"
"OG0007387_00",0.00150950191145287,0.814887896325973,1,"1e-05 to 1",0.000347966490242638,-0.00546396393713966,174,"success","pgls5_castespolymorphic"
"OG0007388_00",0.00953757747599568,0.407137934654313,0.937473361685857,"1e-05 to 1",0.0043258754238246,-0.00146292762603695,174,"success","pgls5_castespolymorphic"
"OG0007389_00",0.0140585815317777,0.179688231514688,0.529688767407821,"1e-05 to 1",0.0113646821637689,0.00561680240890694,174,"success","pgls5_castespolymorphic"
"OG0007390_00",-0.0136793244435293,0.461391845925561,1e-05,"1e-05 to 1",0.00341694322178469,-0.0023771443176237,174,"success","pgls5_castespolymorphic"
"OG0007391_00",0.0532999311833939,0.0180851952947354,0.746078183033348,"1e-05 to 1",0.0344266638420038,0.0288128653759688,174,"success","pgls5_castespolymorphic"
"OG0007392_00",0.000787950989223904,0.960159004128923,0.975325895328368,"1e-05 to 1",1.58436502426977e-05,-0.00579801772388389,174,"success","pgls5_castespolymorphic"
"OG0007393_00",0.0106336194389179,0.307140290311124,1e-05,"1e-05 to 1",0.00655837480264705,0.000782551400336784,174,"success","pgls5_castespolymorphic"
"OG0007394_00",0.012690006321592,0.124358873024038,1,"1e-05 to 1",0.0149763368520674,0.00924945508957942,174,"success","pgls5_castespolymorphic"
"OG0007395_00",0.00262378102869465,0.800571007486461,1,"1e-05 to 1",0.00040250931123538,-0.00540910400672256,174,"success","pgls5_castespolymorphic"
"OG0007396_00",-0.00807177992522708,0.564486683793458,0.693578951048698,"1e-05 to 1",0.00210567325000972,-0.003696037952025,174,"success","pgls5_castespolymorphic"
"OG0007397_00",-0.0132745735340786,0.42864531325106,1,"1e-05 to 1",0.00394480050579753,-0.00184621809591312,174,"success","pgls5_castespolymorphic"
"OG0007398_00",0.00784225848427769,0.18281201952679,1e-05,"1e-05 to 1",0.0112040653829955,0.0054552518096409,174,"success","pgls5_castespolymorphic"
"OG0007399_00",-0.00371611949974648,0.824847208799098,0.954842941731707,"1e-05 to 1",0.000308974719243187,-0.005503182404482,174,"success","pgls5_castespolymorphic"
"OG0007400_00",-0.0097653868158869,0.48158883396411,0.447206515190088,"1e-05 to 1",0.00313957134651883,-0.00265612882007127,174,"success","pgls5_castespolymorphic"
"OG0007401_00",0.00153588113401336,0.772902992873123,1,"1e-05 to 1",0.000531985192606937,-0.00527887535859883,174,"success","pgls5_castespolymorphic"
"OG0007402_00",0.0210997791678402,0.133693307395113,0.899210879265368,"1e-05 to 1",0.0139151574211364,0.00818210601079417,174,"success","pgls5_castespolymorphic"
"OG0007403_00",-0.0037004214294229,0.65084060016074,1,"1e-05 to 1",0.00129153681497009,-0.00451490773843144,174,"success","pgls5_castespolymorphic"
"OG0007404_00",-0.0177135303595062,0.459764024982156,0.55831156883875,"1e-05 to 1",0.00342025610086249,-0.00237381217762089,174,"success","pgls5_castespolymorphic"
"OG0007405_00",-0.0196588288434407,0.204141579014651,0.658330954513267,"1e-05 to 1",0.0101218119430808,0.00436670619856383,174,"success","pgls5_castespolymorphic"
"OG0007406_00",-0.0256475760938418,0.0168272166659018,1,"1e-05 to 1",0.035409752377009,0.0298016695419917,174,"success","pgls5_castespolymorphic"
"OG0007407_00",-0.0110422593232151,0.238699278802407,0.233353570788887,"1e-05 to 1",0.00872042472615379,0.0029571713815385,174,"success","pgls5_castespolymorphic"
"OG0007408_00",-0.00608379909681102,0.634973369092876,0.930651686666948,"1e-05 to 1",0.00142993176655315,-0.00437570816503663,174,"success","pgls5_castespolymorphic"
"OG0007409_00",-0.00513453701422199,0.761339710255063,0.925660758926257,"1e-05 to 1",0.000578181218392138,-0.00523241075126846,174,"success","pgls5_castespolymorphic"
"OG0007410_00",0.00324775399036182,0.816221282025722,1e-05,"1e-05 to 1",0.000340718708345486,-0.00547125385730363,174,"success","pgls5_castespolymorphic"
"OG0007411_00",-0.00934252803659915,0.57245855417758,0.986957542731335,"1e-05 to 1",0.00202071357936731,-0.0037814915742409,174,"success","pgls5_castespolymorphic"
"OG0007412_00",-0.000316541606914605,0.986685543995228,0.709526591206476,"1e-05 to 1",1.74599841409911e-06,-0.00581219733880456,174,"success","pgls5_castespolymorphic"
"OG0007414_00",0.0108084725017342,0.346873849962454,0.838654690722901,"1e-05 to 1",0.00556712648196177,-0.00021445999198022,174,"success","pgls5_castespolymorphic"
"OG0007415_00",-0.0273776747060917,0.132169048059435,0.925170504599264,"1e-05 to 1",0.014564867548714,0.00883559352283447,174,"success","pgls5_castespolymorphic"
"OG0007416_00",0.0390682697261414,0.0114286260101188,1,"1e-05 to 1",0.0398040545823514,0.0342215200159697,174,"success","pgls5_castespolymorphic"
"OG0007417_00",0.00156155736750505,0.816320046156649,1,"1e-05 to 1",0.000340346004315668,-0.00547162872821727,174,"success","pgls5_castespolymorphic"
"OG0007418_00",-0.0114635602733648,0.588352997642853,0.563528327681349,"1e-05 to 1",0.00181211582560901,-0.00399130210563747,174,"success","pgls5_castespolymorphic"
"OG0007419_00",-0.0221290153377891,0.318194082546774,1,"1e-05 to 1",0.00622722935107976,0.000449480684516224,174,"success","pgls5_castespolymorphic"
"OG0007420_00",0.0102084689630573,0.331523210997983,1,"1e-05 to 1",0.00593144069758993,0.000151972329552663,174,"success","pgls5_castespolymorphic"
"OG0007421_00",0.00338134047974278,0.822641884216578,0.692510399770667,"1e-05 to 1",0.000311049018110567,-0.00550109604573779,174,"success","pgls5_castespolymorphic"
"OG0007422_00",0.000416392753159925,0.980450944605727,0.813802868463786,"1e-05 to 1",3.81219206996267e-06,-0.00581011913239493,174,"success","pgls5_castespolymorphic"
"OG0007423_00",-0.00349507379521732,0.83168130148464,0.657032137958796,"1e-05 to 1",0.000284978069001186,-0.00552731857013256,174,"success","pgls5_castespolymorphic"
"OG0007424_00",0.005146557490911,0.375649333311126,0.846615609696648,"1e-05 to 1",0.00497100931059346,-0.00081404296085652,174,"success","pgls5_castespolymorphic"
"OG0007425_00",-0.0129658840390059,0.350731674376816,0.596143717999585,"1e-05 to 1",0.00554878104895645,-0.000232912084479953,174,"success","pgls5_castespolymorphic"
"OG0007426_00",-0.0196725973637595,0.153118494487699,1e-05,"1e-05 to 1",0.012874425558715,0.00713532338173095,174,"success","pgls5_castespolymorphic"
"OG0007427_00",0.0296518822238979,0.127674382916021,0.613439668831358,"1e-05 to 1",0.0146255494901854,0.00889662826629101,174,"success","pgls5_castespolymorphic"
"OG0007428_00",-0.0266274799201426,0.199508021286364,0.776192041844911,"1e-05 to 1",0.0103308689307027,0.00457697863378836,174,"success","pgls5_castespolymorphic"
"OG0007429_00",0.00187719564402312,0.820641069573831,1,"1e-05 to 1",0.000328392888745259,-0.00548365133864559,174,"success","pgls5_castespolymorphic"
"OG0007430_00",-0.00625552754559299,0.681046318715757,1,"1e-05 to 1",0.00106535955929919,-0.00474239997814685,174,"success","pgls5_castespolymorphic"
"OG0007431_00",-0.00332304866555297,0.843642148871345,0.915015050817632,"1e-05 to 1",0.000246967591210749,-0.005565550039073,174,"success","pgls5_castespolymorphic"
"OG0007432_00",-0.0219623638575118,0.0967895113484118,1e-05,"1e-05 to 1",0.0174663433542612,0.0117539383737626,174,"success","pgls5_castespolymorphic"
"OG0007433_00",-0.0345679727947548,0.0854971470314487,0.675080800571645,"1e-05 to 1",0.0187181007754349,0.0130129734543618,174,"success","pgls5_castespolymorphic"
"OG0007434_00",0.0261713192402496,0.272193360875406,0.696991784588125,"1e-05 to 1",0.00762570548319169,0.00185608749181487,174,"success","pgls5_castespolymorphic"
"OG0007435_00",0.0346224127198161,0.00440792021058756,1e-05,"1e-05 to 1",0.0498651224481823,0.044341082462416,174,"success","pgls5_castespolymorphic"
"OG0007436_00",-0.00343074505597921,0.772706304591692,1e-05,"1e-05 to 1",0.000529550141375983,-0.0052813245671044,174,"success","pgls5_castespolymorphic"
"OG0007437_00",0.0138767993279883,0.0860677586348375,1e-05,"1e-05 to 1",0.0184175343588812,0.0127106595586423,174,"success","pgls5_castespolymorphic"
"OG0007438_00",-0.00758584340070394,0.675963347882755,1e-05,"1e-05 to 1",0.00110162949330036,-0.00470591917243635,174,"success","pgls5_castespolymorphic"
"OG0007439_00",-0.016571357331072,0.207965318317921,1,"1e-05 to 1",0.00989133507807092,0.00413488935178064,174,"success","pgls5_castespolymorphic"
"OG0007440_00",-0.0410542965444045,0.0867150429240002,0.941445576614938,"1e-05 to 1",0.018116101220572,0.012407473902087,174,"success","pgls5_castespolymorphic"
"OG0007441_00",0.00178379731669146,0.763383464989616,1,"1e-05 to 1",0.000578905991622656,-0.00523168176423994,174,"success","pgls5_castespolymorphic"
"OG0007442_00",-0.0106939201185821,0.167085123396192,1,"1e-05 to 1",0.0120467711310226,0.00630285700969124,174,"success","pgls5_castespolymorphic"
"OG0007443_00",0.00800311071537251,0.563222658983795,0.636421851180494,"1e-05 to 1",0.0021193581148664,-0.00368227352400052,174,"success","pgls5_castespolymorphic"
"OG0007444_00",0.0238253640733005,0.0756462940638098,1,"1e-05 to 1",0.0199642256284344,0.0142663432192975,174,"success","pgls5_castespolymorphic"
"OG0007445_00",0.00116043397011997,0.947115545372524,0.163026522185656,"1e-05 to 1",2.79334026380334e-05,-0.00578585768223028,174,"success","pgls5_castespolymorphic"
"OG0007446_00",-0.0424439929509955,0.0371099969787019,0.169091793122254,"1e-05 to 1",0.027212118085839,0.0215563745863381,174,"success","pgls5_castespolymorphic"
"OG0007447_00",-0.0212178388201878,0.212886638237711,0.793249789681354,"1e-05 to 1",0.00980353153908909,0.00404657532710695,174,"success","pgls5_castespolymorphic"
"OG0007448_00",0.00343773575058222,0.739302559188982,1e-05,"1e-05 to 1",0.000702864034814918,-0.0051070030347502,174,"success","pgls5_castespolymorphic"
"OG0007449_00",-0.0186087580519538,0.0736762509846547,1,"1e-05 to 1",0.0206255067384338,0.014931468986913,174,"success","pgls5_castespolymorphic"
"OG0007450_00",-0.00120606626460381,0.93541903398602,0.849237288305989,"1e-05 to 1",4.19520647152287e-05,-0.00577175751630388,174,"success","pgls5_castespolymorphic"
"OG0007451_00",-0.0142348518176985,0.230946402878081,1,"1e-05 to 1",0.00901284586400491,0.00325129264228396,174,"success","pgls5_castespolymorphic"
"OG0007452_00",0.0149904097184263,0.528318605595118,0.451420574812025,"1e-05 to 1",0.00252140169370058,-0.00327789248249877,174,"success","pgls5_castespolymorphic"
"OG0007453_00",-0.00118716139847916,0.926975818381748,1,"1e-05 to 1",5.33303279701644e-05,-0.00576031310035563,174,"success","pgls5_castespolymorphic"
"OG0007454_00",-0.0093536116187792,0.501289188796681,1,"1e-05 to 1",0.00283111649641429,-0.0029663770123276,174,"success","pgls5_castespolymorphic"
"OG0007455_00",-0.0118338235402687,0.510788590762123,0.531271715782435,"1e-05 to 1",0.0027246650109172,-0.00307344740181015,174,"success","pgls5_castespolymorphic"
"OG0007456_00",-0.0174875720641081,0.280557912861028,0.800501772102135,"1e-05 to 1",0.00731931141807492,0.00154791206585436,174,"success","pgls5_castespolymorphic"
"OG0007457_00",-0.0383733257998753,0.014767512829883,1,"1e-05 to 1",0.0363563381270726,0.0307537586975788,174,"success","pgls5_castespolymorphic"
"OG0007458_00",-0.0358420338348218,0.165967212672063,1,"1e-05 to 1",0.0121100861986538,0.00636654018818072,174,"success","pgls5_castespolymorphic"
"OG0007459_00",0.0167977324911281,0.440803547232128,0.905241305108199,"1e-05 to 1",0.0037655028606602,-0.00202655816921982,174,"success","pgls5_castespolymorphic"
"OG0007460_00",-0.000821728307633773,0.57067206510332,1e-05,"1e-05 to 1",0.00202669760498254,-0.00377547275777923,174,"success","pgls5_castespolymorphic"
"OG0007461_00",-0.00956827666660804,0.331500123665741,1e-05,"1e-05 to 1",0.00593200545970547,0.000152540375168875,174,"success","pgls5_castespolymorphic"
"OG0007463_00",-0.0342401965050352,0.00383129639058932,0.815777083728764,"1e-05 to 1",0.0513891921165692,0.0458740130009679,174,"success","pgls5_castespolymorphic"
"OG0007464_00",0.00560942875604807,0.363447271751875,1e-05,"1e-05 to 1",0.00516493102325238,-0.000618993796379863,174,"success","pgls5_castespolymorphic"
"OG0007465_00",-0.00151804103250511,0.787043892889642,1,"1e-05 to 1",0.000466225584680951,-0.00534501728982684,174,"success","pgls5_castespolymorphic"
"OG0007466_00",0.00632823589236338,0.371865497759403,1e-05,"1e-05 to 1",0.00498699851123445,-0.000797960799746811,174,"success","pgls5_castespolymorphic"
"OG0007467_00",-0.00521444819486472,0.738642440132464,0.918589448073508,"1e-05 to 1",0.000702105758753654,-0.0051077657193932,174,"success","pgls5_castespolymorphic"
"OG0007470_00",0.0132495122421302,0.425907673583561,1,"1e-05 to 1",0.00401700749630786,-0.00177359129731824,174,"success","pgls5_castespolymorphic"
"OG0007471_00",0.00266550349813594,0.719372575115633,0.894898964516625,"1e-05 to 1",0.000819308535504686,-0.00498988153114932,174,"success","pgls5_castespolymorphic"
"OG0007472_00",-0.00685249659363717,0.357897795499081,0.6590294213255,"1e-05 to 1",0.00535229681653687,-0.000430538667087976,174,"success","pgls5_castespolymorphic"
"OG0007473_00",0.00391416792322608,0.762070697279173,1e-05,"1e-05 to 1",0.000589310373081999,-0.00522121689219079,174,"success","pgls5_castespolymorphic"
"OG0007474_00",-0.00650572002170438,0.234743773671555,1,"1e-05 to 1",0.00892422151587477,0.00316215303631595,174,"success","pgls5_castespolymorphic"
"OG0007475_00",-0.00216338386976559,0.829298965026679,0.967225749101854,"1e-05 to 1",0.000293227990262775,-0.00551902068421239,174,"success","pgls5_castespolymorphic"
"OG0007476_00",-0.0279683939291545,0.15136193371257,1e-05,"1e-05 to 1",0.0129031245048642,0.00716418918221817,174,"success","pgls5_castespolymorphic"
"OG0007477_00",0.00948107407565301,0.32404229462208,1,"1e-05 to 1",0.00615592365278081,0.000377760418204032,174,"success","pgls5_castespolymorphic"
"OG0007478_00",0.0078350729429648,0.585305900354332,0.88929914904779,"1e-05 to 1",0.00187668049819698,-0.003926362057046,174,"success","pgls5_castespolymorphic"
"OG0007479_00",0.0179827320820926,0.0266190449698769,1e-05,"1e-05 to 1",0.0307262183567948,0.0250909056728227,174,"success","pgls5_castespolymorphic"
"OG0007480_00",0.000576223941184817,0.913704985390714,1e-05,"1e-05 to 1",7.40870754805577e-05,-0.00573943567408053,174,"success","pgls5_castespolymorphic"
"OG0007481_00",-0.00190372435896844,0.932432720144107,0.806775578677691,"1e-05 to 1",4.56394304103363e-05,-0.00576804871243608,174,"success","pgls5_castespolymorphic"
"OG0007482_00",-0.00727958296493754,0.370204128458559,1,"1e-05 to 1",0.00505327190345975,-0.000731302097101372,174,"success","pgls5_castespolymorphic"
"OG0007484_00",0.0038123835636804,0.776582485901741,1,"1e-05 to 1",0.000501606817605009,-0.00530943035206022,174,"success","pgls5_castespolymorphic"
"OG0007485_00",0.00243857125815178,0.854951509660125,1e-05,"1e-05 to 1",0.000210812313592428,-0.00560191552179368,174,"success","pgls5_castespolymorphic"
"OG0007486_00",0.0204787302394856,0.181719485142171,1,"1e-05 to 1",0.0110505852398324,0.00530087934006396,174,"success","pgls5_castespolymorphic"
"OG0007487_00",-0.0332178220778017,0.105264830329199,0.54035085160986,"1e-05 to 1",0.0165215794056204,0.0108036816114671,174,"success","pgls5_castespolymorphic"
"OG0007488_00",-0.0202735365271826,0.245281049471723,1,"1e-05 to 1",0.0088132139554607,0.0030505000831087,174,"success","pgls5_castespolymorphic"
"OG0007489_00",-0.0467380011452071,0.00343363482314252,1,"1e-05 to 1",0.0563898445533436,0.0509037389984212,174,"success","pgls5_castespolymorphic"
"OG0007491_00",0.00177194962513207,0.833633785098743,1,"1e-05 to 1",0.000318490399662781,-0.00549361140033922,174,"success","pgls5_castespolymorphic"
"OG0007492_00",0.00303124403851714,0.854087701807542,1,"1e-05 to 1",0.000216085314549056,-0.00559661186385463,174,"success","pgls5_castespolymorphic"
"OG0007495_00",0.00794101356650423,0.26570956277929,0.378647970684286,"1e-05 to 1",0.0077850237886275,0.00201633206646834,174,"success","pgls5_castespolymorphic"
"OG0007496_00",-0.0012054453202788,0.873070245858845,1e-05,"1e-05 to 1",0.000162038189718608,-0.00565097321615515,174,"success","pgls5_castespolymorphic"
"OG0007497_00",0.010253976703016,0.373777948749814,0.76634054478252,"1e-05 to 1",0.00497848810188381,-0.000806520688221513,174,"success","pgls5_castespolymorphic"
"OG0007498_00",-0.0221214706537239,0.153846861541419,0.891911171898219,"1e-05 to 1",0.0129106352335339,0.00717174357791495,174,"success","pgls5_castespolymorphic"
"OG0007499_00",-0.0040679002906793,0.744937238267676,1,"1e-05 to 1",0.00066331588976263,-0.0051467811108783,174,"success","pgls5_castespolymorphic"
"OG0007500_00",0.00278384491577955,0.561181411376855,1e-05,"1e-05 to 1",0.00214158234507581,-0.00365992008315064,174,"success","pgls5_castespolymorphic"
"OG0007502_00",0.00161712085149535,0.590747064570068,1e-05,"1e-05 to 1",0.00185793401377786,-0.00394521753265353,174,"success","pgls5_castespolymorphic"
"OG0007503_00",-0.00308844799742075,0.838412310402153,1e-05,"1e-05 to 1",0.000529597866967517,-0.00528127656403843,174,"success","pgls5_castespolymorphic"
"OG0007504_00",-0.0137095926984585,0.289058892636375,1,"1e-05 to 1",0.00820054296362156,0.00243426705061933,174,"success","pgls5_castespolymorphic"
"OG0007505_00",0.0100235306115047,0.097031978946442,1,"1e-05 to 1",0.0176649861540154,0.0119537360735156,174,"success","pgls5_castespolymorphic"
"OG0007506_00",0.0231348056647208,0.187905629976859,1,"1e-05 to 1",0.0109488192160249,0.00519852165332746,174,"success","pgls5_castespolymorphic"
"OG0007507_00",0.0235222141306154,0.196579222419975,0.745155776764723,"1e-05 to 1",0.0105320500756947,0.00477932943659987,174,"success","pgls5_castespolymorphic"
"OG0007508_00",-0.00729533453922588,0.74316862845038,1,"1e-05 to 1",0.000672880943489821,-0.00513716044637369,174,"success","pgls5_castespolymorphic"
"OG0007509_00",0.0041116960627542,0.715985589663787,1,"1e-05 to 1",0.000840097446807477,-0.00496897175408306,174,"success","pgls5_castespolymorphic"
"OG0007510_00",-0.00404185047085719,0.849806702586211,1,"1e-05 to 1",0.000226213826624732,-0.00558642446508095,174,"success","pgls5_castespolymorphic"
"OG0007511_00",-0.0077979258583679,0.572662372080726,0.920572216075038,"1e-05 to 1",0.00200584906719089,-0.00379644250799993,174,"success","pgls5_castespolymorphic"
"OG0007512_00",0.00389613463026502,0.751480115555196,1,"1e-05 to 1",0.000636565350869866,-0.00517368717616007,174,"success","pgls5_castespolymorphic"
"OG0007513_00",0.00240088418772203,0.812621094128327,1e-05,"1e-05 to 1",0.000356701597497561,-0.00545517804437745,174,"success","pgls5_castespolymorphic"
"OG0007514_00",-0.0271238283978728,0.278193068166563,0.688996108817864,"1e-05 to 1",0.00743815318283445,0.00166744477110681,174,"success","pgls5_castespolymorphic"
"OG0007515_00",0.00496555872762656,0.673482134446019,1,"1e-05 to 1",0.00113389298234723,-0.00467346810496472,174,"success","pgls5_castespolymorphic"
"OG0007516_00",-0.0291072814620111,0.0953839809191703,1e-05,"1e-05 to 1",0.0171781667779351,0.0114640863522254,174,"success","pgls5_castespolymorphic"
"OG0007517_00",-0.00311970196966515,0.855424180020638,1,"1e-05 to 1",0.000209425466164664,-0.0056033104322879,174,"success","pgls5_castespolymorphic"
"OG0007518_00",-0.00339870592049388,0.836606364286506,1,"1e-05 to 1",0.000271740549715205,-0.00554063305174002,174,"success","pgls5_castespolymorphic"
"OG0007519_00",0.0102677830963533,0.503417305216421,1e-05,"1e-05 to 1",0.00283864528889953,-0.00295880444779306,174,"success","pgls5_castespolymorphic"
"OG0007521_00",0.0208244976443296,0.385866633237944,0.945373078128911,"1e-05 to 1",0.00479309468506497,-0.000992991973742807,174,"success","pgls5_castespolymorphic"
"OG0007522_00",0.00830834763755525,0.265897069779559,1e-05,"1e-05 to 1",0.00787796012018857,0.00210980872553845,174,"success","pgls5_castespolymorphic"
"OG0007523_00",-0.00617285461920617,0.517272894418908,0.879644819936231,"1e-05 to 1",0.00267580577905049,-0.00312259069897824,174,"success","pgls5_castespolymorphic"
"OG0007524_00",0.0499504215876563,0.00718516625389198,0.404025747302668,"1e-05 to 1",0.0445660839693692,0.0390112356203539,174,"success","pgls5_castespolymorphic"
"OG0007525_00",0.0373975942467236,0.0862987425565449,1,"1e-05 to 1",0.0185063953180545,0.0128000371512991,174,"success","pgls5_castespolymorphic"
"OG0007526_00",-0.01814735872565,0.0233880884062554,1,"1e-05 to 1",0.0313217750461947,0.0256899249011144,174,"success","pgls5_castespolymorphic"
"OG0007527_00",-7.51784041437683e-06,0.999407731170008,1,"1e-05 to 1",3.58960807907699e-09,-0.00581394987789419,174,"success","pgls5_castespolymorphic"
"OG0007528_00",-0.0097964281979194,0.575546841293875,1,"1e-05 to 1",0.00206708472362142,-0.003734850830311,174,"success","pgls5_castespolymorphic"
"OG0007529_00",-0.0109628258870176,0.294827535584046,1e-05,"1e-05 to 1",0.0103482460120227,0.00459445674465064,174,"success","pgls5_castespolymorphic"
"OG0007530_00",-0.0148484688462153,0.410600396915082,0.932997825521116,"1e-05 to 1",0.00428955064514289,-0.00149946359529229,174,"success","pgls5_castespolymorphic"
"OG0007531_00",-0.00692800474774744,0.553812697322936,1,"1e-05 to 1",0.00223729544926867,-0.00356365050742169,174,"success","pgls5_castespolymorphic"
"OG0007532_00",-0.00576988787533017,0.72896489230703,0.781321533069167,"1e-05 to 1",0.000757211959144526,-0.00505233913411618,174,"success","pgls5_castespolymorphic"
"OG0007533_00",0.00154148977685464,0.894496381964733,0.851927597997418,"1e-05 to 1",0.000110258184218118,-0.00570305426819928,174,"success","pgls5_castespolymorphic"
"OG0007534_00",0.00329079994391937,0.819950156059579,0.977660742073478,"1e-05 to 1",0.000326796014074988,-0.00548525749747109,174,"success","pgls5_castespolymorphic"
"OG0007535_00",-0.0247791898499418,0.223021719538636,0.713551459668975,"1e-05 to 1",0.00944273779517027,0.00368368394514218,174,"success","pgls5_castespolymorphic"
"OG0007536_00",0.00613717061459395,0.376408301410579,1e-05,"1e-05 to 1",0.00588744925865373,0.000107725126436531,174,"success","pgls5_castespolymorphic"
"OG0007537_00",0.0104937905722257,0.498105163607574,0.69654779934059,"1e-05 to 1",0.0035378758325239,-0.00225550861031021,174,"success","pgls5_castespolymorphic"
"OG0007538_00",0.017023744883555,0.521174584440215,0.635162566118818,"1e-05 to 1",0.00286394284479658,-0.00293335981308251,174,"success","pgls5_castespolymorphic"
"OG0007540_00",0.00194569640340573,0.88478456668928,1,"1e-05 to 1",0.000149439414391907,-0.00566364524017549,174,"success","pgls5_castespolymorphic"
"OG0007541_00",0.00693231802840156,0.782646205194301,1,"1e-05 to 1",0.000486176270086292,-0.00532495061206451,174,"success","pgls5_castespolymorphic"
"OG0007542_00",-0.000781878773471911,0.849270252386727,1,"1e-05 to 1",0.000238378558969975,-0.00557418900754758,174,"success","pgls5_castespolymorphic"
"OG0007543_00",-0.0127895494068675,0.22628053571556,1e-05,"1e-05 to 1",0.00943147648568833,0.00367235716293068,174,"success","pgls5_castespolymorphic"
"OG0007544_00",-0.0172127388797572,0.0734939757476953,0.849570501188586,"1e-05 to 1",0.0201322026246413,0.0144352968259474,174,"success","pgls5_castespolymorphic"
"OG0007545_00",0.00959581072240711,0.680687436448481,1,"1e-05 to 1",0.00107467369840627,-0.00473303168706796,174,"success","pgls5_castespolymorphic"
"OG0007546_00",0.0243044709179209,0.126901515457131,1,"1e-05 to 1",0.014592692873351,0.00886358062261472,174,"success","pgls5_castespolymorphic"
"OG0007547_00",-0.00647339956168,0.629784318568058,1,"1e-05 to 1",0.00147416370926321,-0.004331219059869,174,"success","pgls5_castespolymorphic"
"OG0007549_00",0.000351794102677377,0.985160164389316,1,"1e-05 to 1",2.239220671092e-06,-0.00581170124897601,174,"success","pgls5_castespolymorphic"
"OG0007551_00",-0.00461476474757743,0.573628343375002,0.792163373345663,"1e-05 to 1",0.00198328137721598,-0.00381914140547468,174,"success","pgls5_castespolymorphic"
"OG0007552_00",0.0149123132343589,0.595403894532148,0.961331736578057,"1e-05 to 1",0.00176635224293601,-0.00403733175565146,174,"success","pgls5_castespolymorphic"
"OG0007553_00",-0.0314351777434203,0.0811032057196306,0.710615823312954,"1e-05 to 1",0.0191328422757828,0.0134301262425026,174,"success","pgls5_castespolymorphic"
"OG0007554_00",0.000644658767042094,0.932872119572037,1e-05,"1e-05 to 1",4.47621784214381e-05,-0.00576893106472731,174,"success","pgls5_castespolymorphic"
"OG0007555_00",0.034102281784422,0.0612777659886086,0.656768291240943,"1e-05 to 1",0.0219921617859861,0.0163060697033465,174,"success","pgls5_castespolymorphic"
"OG0007556_00",0.00665188602328889,0.411874539215541,0.98507924501218,"1e-05 to 1",0.00426629610616563,-0.00152285333507773,174,"success","pgls5_castespolymorphic"
"OG0007557_00",-0.021828552191888,0.262623363361299,0.364591257486087,"1e-05 to 1",0.00783663402087232,0.00206824235820291,174,"success","pgls5_castespolymorphic"
"OG0007558_00",-0.00313011500525706,0.673965087606376,1,"1e-05 to 1",0.00113033824073754,-0.00467704351367693,174,"success","pgls5_castespolymorphic"
"OG0007559_00",-0.00368809991650756,0.764880288478673,0.668518231357133,"1e-05 to 1",0.000586367991817874,-0.00522417638032269,174,"success","pgls5_castespolymorphic"
"OG0007560_00",0.00427547380588106,0.822723846460141,1,"1e-05 to 1",0.000318647681352469,-0.00549345320422101,174,"success","pgls5_castespolymorphic"
"OG0007561_00",-0.00825849768119764,0.660750350280803,0.470798945631952,"1e-05 to 1",0.00123789774023633,-0.00456885866825063,174,"success","pgls5_castespolymorphic"
"OG0007562_00",-0.000434903001026143,0.923807343247636,1,"1e-05 to 1",5.77065983820331e-05,-0.0057559113865111,174,"success","pgls5_castespolymorphic"
"OG0007563_00",0.00128700740543894,0.900770801886797,0.634932794152747,"1e-05 to 1",9.8705869435616e-05,-0.00571467374760259,174,"success","pgls5_castespolymorphic"
"OG0007564_00",0.0107678772609809,0.617681981318778,1,"1e-05 to 1",0.00179720799745157,-0.00400629660721452,174,"success","pgls5_castespolymorphic"
"OG0007565_00",-0.0103693896481649,0.544769299228982,0.848738102668118,"1e-05 to 1",0.00229685401517001,-0.00350374567078826,174,"success","pgls5_castespolymorphic"
"OG0007566_00",-0.0199037748937782,0.098969266306199,0.227095312259172,"1e-05 to 1",0.0171343594686695,0.0114200243493014,174,"success","pgls5_castespolymorphic"
"OG0007567_00",0.0357721237532906,0.129685914525467,0.895263185159109,"1e-05 to 1",0.0144735368382141,0.00874373181983157,174,"success","pgls5_castespolymorphic"
"OG0007568_00",-0.0110865352317123,0.503181210616698,1,"1e-05 to 1",0.00284178261145516,-0.00295564888498978,174,"success","pgls5_castespolymorphic"
"OG0007569_00",-0.0056137630033284,0.701133441958549,1,"1e-05 to 1",0.000946783974380076,-0.0048616649560016,174,"success","pgls5_castespolymorphic"
"OG0007570_00",-0.00470626736970246,0.672516281996241,0.978297645762887,"1e-05 to 1",0.00113378137096565,-0.00467358036524979,174,"success","pgls5_castespolymorphic"
"OG0007571_00",0.00549985255869967,0.682743463421407,1e-05,"1e-05 to 1",0.00106009188622353,-0.00474769827722854,174,"success","pgls5_castespolymorphic"
"OG0007572_00",0.0140035493762471,0.309786243858487,1e-05,"1e-05 to 1",0.00648725742135174,0.000711020545894336,174,"success","pgls5_castespolymorphic"
"OG0007573_00",-4.61030714542926e-06,0.999697138137391,1e-05,"1e-05 to 1",9.20645840237657e-10,-0.00581395256237371,174,"success","pgls5_castespolymorphic"
"OG0007574_00",1.38352488299525e-05,0.999190548373292,0.632155993550076,"1e-05 to 1",6.70488197413484e-09,-0.00581394674450819,174,"success","pgls5_castespolymorphic"
"OG0007575_00",0.00672220342215302,0.434424672464704,1e-05,"1e-05 to 1",0.0038716057588031,-0.00191983839376197,174,"success","pgls5_castespolymorphic"
"OG0007576_00",0.00601852576501909,0.6466917247246,1,"1e-05 to 1",0.00135891655931932,-0.00444713625138249,174,"success","pgls5_castespolymorphic"
"OG0007577_00",-0.00755447794618061,0.47888592848918,1e-05,"1e-05 to 1",0.00317840700178268,-0.00261706737611411,174,"success","pgls5_castespolymorphic"
"OG0007579_00",-0.01462656887521,0.425826214950344,0.963721381720676,"1e-05 to 1",0.00406999710636711,-0.00172029360813064,174,"success","pgls5_castespolymorphic"
"OG0007580_00",0.0240370863697124,0.406014679144356,0.857030776141082,"1e-05 to 1",0.0043741259051221,-0.00141439661868525,174,"success","pgls5_castespolymorphic"
"OG0007581_00",-0.0105359389186457,0.449704438793281,0.858045603742179,"1e-05 to 1",0.00362132092823069,-0.00217157836869819,174,"success","pgls5_castespolymorphic"
"OG0007582_00",0.00233133713289209,0.772315073395429,1e-05,"1e-05 to 1",0.000524764144496294,-0.00528613838954728,174,"success","pgls5_castespolymorphic"
"OG0007583_00",-0.00920164548135391,0.692692692546311,0.779986467390813,"1e-05 to 1",0.00097873713546697,-0.00482952602072206,174,"success","pgls5_castespolymorphic"
"OG0007584_00",-0.0284036705977942,0.20302549893529,0.970033954008136,"0.001 to 1",0.0102359063311276,0.00448146392607607,174,"success","pgls5_castespolymorphic"
"OG0007585_00",-0.0148079689207371,0.130552185289194,1e-05,"1e-05 to 1",0.0151740221798307,0.00944828975064371,174,"success","pgls5_castespolymorphic"
"OG0007586_00",-0.0105432994857082,0.439434327371034,0.813557057634158,"1e-05 to 1",0.00378807971394521,-0.00200385005515979,174,"success","pgls5_castespolymorphic"
"OG0007587_00",0.0172164576271697,0.0611990376234086,1,"1e-05 to 1",0.0218680810443549,0.0161812675620546,174,"success","pgls5_castespolymorphic"
"OG0007588_00",0.00119243258103026,0.942345576327661,1,"1e-05 to 1",3.29992049773899e-05,-0.00578076242755188,174,"success","pgls5_castespolymorphic"
"OG0007589_00",0.0172459516761785,0.358066048520675,0.540308331293719,"1e-05 to 1",0.00541716562920395,-0.000365292710161169,174,"success","pgls5_castespolymorphic"
"OG0007590_00",-0.00136004691807191,0.842086146142729,1e-05,"1e-05 to 1",0.000251972710705731,-0.0055605158200458,174,"success","pgls5_castespolymorphic"
"OG0007591_00",-0.0241715141723625,0.315104066838248,0.795949907688253,"1e-05 to 1",0.00638684129708821,0.000610020606955031,174,"success","pgls5_castespolymorphic"
"OG0007592_00",-0.000882074678896271,0.925392408317854,1,"1e-05 to 1",5.5674944258624e-05,-0.00575795485257702,174,"success","pgls5_castespolymorphic"
"OG0007593_00",-0.00623656369207744,0.810478570221252,0.860786465141492,"1e-05 to 1",0.000415132766430796,-0.00539640715934575,174,"success","pgls5_castespolymorphic"
"OG0007594_00",-0.0111970570778479,0.293740623116783,1,"1e-05 to 1",0.00697486095042375,0.00120145897920521,174,"success","pgls5_castespolymorphic"
"OG0007595_00",0.00569645615728526,0.550213574677419,0.826320268335716,"1e-05 to 1",0.002235320726366,-0.0035656367112713,174,"success","pgls5_castespolymorphic"
"OG0007596_00",-0.0145007418422031,0.366241364233625,0.860138221774151,"1e-05 to 1",0.0052028552974229,-0.000580849032243203,174,"success","pgls5_castespolymorphic"
"OG0007597_00",0.0134635039919411,0.379176984774452,0.331816882421153,"1e-05 to 1",0.00710238334325693,0.00132972278129917,174,"success","pgls5_castespolymorphic"
"OG0007598_00",-0.00899017341086418,0.241942051557499,1e-05,"1e-05 to 1",0.00865586069961406,0.00289223198275135,174,"success","pgls5_castespolymorphic"
"OG0007599_00",0.0225588410431133,0.127069653902975,0.264878677194028,"1e-05 to 1",0.0146717664029991,0.00894311388208624,174,"success","pgls5_castespolymorphic"
"OG0007600_00",0.00747524748566141,0.754811823450496,0.707257532157123,"1e-05 to 1",0.000623009459611153,-0.00518732188073989,174,"success","pgls5_castespolymorphic"
"OG0007601_00",-0.00139239226175309,0.888920807437762,1e-05,"1e-05 to 1",0.000122297130804565,-0.00569094532773717,174,"success","pgls5_castespolymorphic"
"OG0007602_00",0.0149208573224619,0.533890241661775,0.422090004093904,"1e-05 to 1",0.00250158678125374,-0.00329782259792499,174,"success","pgls5_castespolymorphic"
"OG0007603_00",0.0118361500878363,0.589166204585285,0.672902666933502,"1e-05 to 1",0.0018383503567602,-0.00396491504814245,174,"success","pgls5_castespolymorphic"
"OG0007604_00",0.0163761662563105,0.099842679956305,1,"1e-05 to 1",0.0171548462254705,0.0114406302151536,174,"success","pgls5_castespolymorphic"
"OG0007605_00",0.0042618604108649,0.535021474282183,1e-05,"1e-05 to 1",0.00244046528948843,-0.0033592994472007,174,"success","pgls5_castespolymorphic"
"OG0007606_00",-0.0341957743285225,0.12085463989348,0.847791584014645,"1e-05 to 1",0.0151612783203806,0.0094354717989874,174,"success","pgls5_castespolymorphic"
"OG0007607_00",0.00965067491482666,0.624428641729386,1,"1e-05 to 1",0.00151110150946102,-0.00429406650501885,174,"success","pgls5_castespolymorphic"
"OG0007609_00",0.0132447683157997,0.0389597401248851,1e-05,"1e-05 to 1",0.0270397181769512,0.0213829723523986,174,"success","pgls5_castespolymorphic"
"OG0007610_00",-0.00900305748466926,0.460861071644657,1,"1e-05 to 1",0.00342503210181959,-0.0023690084092165,174,"success","pgls5_castespolymorphic"
"OG0007611_00",-0.00137558416427388,0.859953328739633,1,"1e-05 to 1",0.000197622680688936,-0.00561518183860943,174,"success","pgls5_castespolymorphic"
"OG0007612_00",-0.0116220144133836,0.237208466888719,1e-05,"1e-05 to 1",0.00883123198141043,0.0030686228650233,174,"success","pgls5_castespolymorphic"
"OG0007614_00",-0.0047771436215116,0.768378371419423,0.942695603100783,"1e-05 to 1",0.00054702933148862,-0.00526374375379346,174,"success","pgls5_castespolymorphic"
"OG0007615_00",0.00673712683214495,0.558332451004282,0.893741922930172,"1e-05 to 1",0.00222941788051708,-0.00357157387599161,174,"success","pgls5_castespolymorphic"
"OG0007616_00",-0.020691602405066,0.361657153438799,0.852683393084189,"1e-05 to 1",0.00530298333656005,-0.000480138853343748,174,"success","pgls5_castespolymorphic"
"OG0007617_00",0.0011567453763548,0.908933463206407,1,"1e-05 to 1",8.46799840755924e-05,-0.00572878117880782,174,"success","pgls5_castespolymorphic"
"OG0007618_00",-0.0045828492303929,0.670081945917228,1,"1e-05 to 1",0.00119733698798583,-0.00460965523882817,174,"success","pgls5_castespolymorphic"
"OG0007619_00",0.00287968624516419,0.912815057120821,0.888726999038926,"1e-05 to 1",7.56291130998982e-05,-0.00573788467112646,174,"success","pgls5_castespolymorphic"
"OG0007620_00",0.000499680517361436,0.951330786567857,1e-05,"1e-05 to 1",2.35034255849799e-05,-0.00579031341496394,174,"success","pgls5_castespolymorphic"
"OG0007621_00",0.00893362773320165,0.361883399814036,1,"1e-05 to 1",0.0053663980960019,-0.000416355403439983,174,"success","pgls5_castespolymorphic"
"OG0007622_00",0.0139911215934536,0.297426095074166,1,"1e-05 to 1",0.00691331916950717,0.00113955939723698,174,"success","pgls5_castespolymorphic"
"OG0007623_00",-0.0313449485114787,0.300331384864136,0.613775140906215,"1e-05 to 1",0.00696400573631676,0.00119054065338842,174,"success","pgls5_castespolymorphic"
"OG0007624_00",0.0105798323021864,0.298367643622654,0.886924408947086,"1e-05 to 1",0.00679992018733385,0.00102550111865551,174,"success","pgls5_castespolymorphic"
"OG0007625_00",-0.00635783547564713,0.532271911816254,0.695716681093002,"1e-05 to 1",0.00244246769913573,-0.00335728539563696,174,"success","pgls5_castespolymorphic"
"OG0007626_00",0.00919763989095641,0.125265481637166,1,"1e-05 to 1",0.0146267548748047,0.00889784065896049,174,"success","pgls5_castespolymorphic"
"OG0007627_00",-0.0115881893153716,0.359055279729144,0.946742774786174,"1e-05 to 1",0.00532664776404935,-0.000456336841973659,174,"success","pgls5_castespolymorphic"
"OG0007628_00",0.00856478986678689,0.721622861713449,0.607772469705199,"1e-05 to 1",0.000785712465390702,-0.00502367292725237,174,"success","pgls5_castespolymorphic"
"OG0007629_00",0.0368064234100981,0.0582395140504963,0.859224444976988,"1e-05 to 1",0.0226580952120084,0.016975874835334,174,"success","pgls5_castespolymorphic"
"OG0007630_00",0.0434828337540427,0.00826371747633292,0.397597956276215,"1e-05 to 1",0.043865979365828,0.0383070606412107,174,"success","pgls5_castespolymorphic"
"OG0007631_00",-0.0078211691680768,0.439034804320976,1,"1e-05 to 1",0.00377079189200213,-0.00202123838769563,174,"success","pgls5_castespolymorphic"
"OG0007632_00",-0.011540773950004,0.380899841481439,0.501705221892814,"1e-05 to 1",0.00495719101255026,-0.00082794159784183,174,"success","pgls5_castespolymorphic"
"OG0007633_00",-0.00448786207695299,0.711787122322359,1,"1e-05 to 1",0.000877413775474355,-0.00493143847001698,174,"success","pgls5_castespolymorphic"
"OG0007634_00",0.00411981165898957,0.737583913098613,0.77956046522741,"1e-05 to 1",0.000717065331042993,-0.00509271917284626,174,"success","pgls5_castespolymorphic"
"OG0007635_00",0.00447728858397606,0.706241573644114,1e-05,"1e-05 to 1",0.0009073152282331,-0.00490136317160283,174,"success","pgls5_castespolymorphic"
"OG0007636_00",0.0478848498731129,0.000108737476072651,1e-05,"1e-05 to 1",0.0978207439711118,0.0925755157383858,174,"success","pgls5_castespolymorphic"
"OG0007637_00",0.00825499583693038,0.790967462587185,0.863364000631145,"1e-05 to 1",0.000440364109398489,-0.00537102912252352,174,"success","pgls5_castespolymorphic"
"OG0007638_00",-0.0075591634007781,0.664201911893436,0.933893502881789,"1e-05 to 1",0.00117350700216431,-0.0046336237710789,174,"success","pgls5_castespolymorphic"
"OG0007639_00",-0.0107767208965209,0.588329709627865,0.357283833264659,"1e-05 to 1",0.00187018938738438,-0.00393289090687499,174,"success","pgls5_castespolymorphic"
"OG0007640_00",-0.00855681980451957,0.413030301390156,1,"1e-05 to 1",0.00424529319961531,-0.00154397835154985,174,"success","pgls5_castespolymorphic"
"OG0007641_00",-0.00675453856377832,0.525620092421728,1,"1e-05 to 1",0.00255450675227799,-0.0032445949526505,174,"success","pgls5_castespolymorphic"
"OG0007642_00",-0.0184579728823213,0.360969156827302,0.842655342106398,"1e-05 to 1",0.00528448478256503,-0.000498744957071251,174,"success","pgls5_castespolymorphic"
"OG0007643_00",0.0217376887556163,0.064116346228676,0.0925688710628648,"1e-05 to 1",0.021663081832447,0.0159750764942636,174,"success","pgls5_castespolymorphic"
"OG0007644_00",0.0243411659907176,0.0982752417509678,1,"1e-05 to 1",0.0170968727873575,0.0113823197221677,174,"success","pgls5_castespolymorphic"
"OG0007645_00",0.0100319955936853,0.611903959001357,1,"1e-05 to 1",0.00163301618582286,-0.00417144302239891,174,"success","pgls5_castespolymorphic"
"OG0007646_00",-0.00651534156391414,0.479162266049798,1,"1e-05 to 1",0.00315442412580861,-0.00264118968741345,174,"success","pgls5_castespolymorphic"
"OG0007647_00",-0.00341009107075055,0.372736517769849,1e-05,"1e-05 to 1",0.00509639650470682,-0.000687926771428593,174,"success","pgls5_castespolymorphic"
"OG0007648_00",-0.00456514572396889,0.406572135345251,1e-05,"1e-05 to 1",0.00433629887601745,-0.00145244357237773,174,"success","pgls5_castespolymorphic"
"OG0007649_00",0.00821002059353957,0.662450075351138,0.807161850736969,"1e-05 to 1",0.00120154907798754,-0.00460541865993114,174,"success","pgls5_castespolymorphic"
"OG0007650_00",0.00487771996834311,0.751029210889998,0.421075834389714,"1e-05 to 1",0.000643037192320166,-0.00516717770772446,174,"success","pgls5_castespolymorphic"
"OG0007651_00",-0.0206205174807757,0.314187940297467,0.851988500910522,"1e-05 to 1",0.00653506716390987,0.000759108252072149,174,"success","pgls5_castespolymorphic"
"OG0007652_00",-0.00532949163821299,0.686956258107469,0.901465282302375,"1e-05 to 1",0.00107136802498555,-0.00473635657952043,174,"success","pgls5_castespolymorphic"
"OG0007653_00",0.022129927189331,0.0601398436128973,0.494249733082752,"1e-05 to 1",0.0226108976424497,0.0169284028613012,174,"success","pgls5_castespolymorphic"
"OG0007654_00",-0.00327017347372746,0.768170420623779,0.929130122137703,"1e-05 to 1",0.000551519334896091,-0.00525922764571507,174,"success","pgls5_castespolymorphic"
"OG0007655_00",0.00100639896639163,0.916124509837776,0.289789093407987,"1e-05 to 1",7.04200713263985e-05,-0.00574312399802634,174,"success","pgls5_castespolymorphic"
"OG0007656_00",-0.00985782202395352,0.643781256739246,0.826671288433647,"1e-05 to 1",0.00135672761808896,-0.00444933791901514,174,"success","pgls5_castespolymorphic"
"OG0007657_00",-0.00306880379499915,0.777610444617731,1,"1e-05 to 1",0.00050634017835951,-0.00530466947176644,174,"success","pgls5_castespolymorphic"
"OG0007658_00",0.003432821848361,0.766035242359775,1,"1e-05 to 1",0.000558483962178967,-0.00525222252641311,174,"success","pgls5_castespolymorphic"
"OG0007659_00",-0.0240140131265118,0.0318064357551966,1e-05,"1e-05 to 1",0.0281343765097799,0.0224839949778601,174,"success","pgls5_castespolymorphic"
"OG0007660_00",0.030440595593256,0.0328009158497187,1,"1e-05 to 1",0.0279876995016629,0.0223364651964399,174,"success","pgls5_castespolymorphic"
"OG0007661_00",-0.0107109005170862,0.343323524950689,1e-05,"1e-05 to 1",0.00568521012991693,-9.56898111881266e-05,174,"success","pgls5_castespolymorphic"
"OG0007662_00",-0.0101299509948497,0.614756304653366,0.774937179542592,"1e-05 to 1",0.00163817287178516,-0.00416625635570456,174,"success","pgls5_castespolymorphic"
"OG0007663_00",0.0256417543431624,0.156753794622697,1,"1e-05 to 1",0.0125717228053889,0.006830860728676,174,"success","pgls5_castespolymorphic"
"OG0007664_00",0.0133270948871461,0.0254055430394071,1,"1e-05 to 1",0.0310286845838603,0.0253951304244642,174,"success","pgls5_castespolymorphic"
"OG0007665_00",-0.000604391322617744,0.933580518761915,1,"1e-05 to 1",4.35455299821165e-05,-0.00577015478670417,174,"success","pgls5_castespolymorphic"
"OG0007666_00",0.00923382827575592,0.722482656172421,0.918028955690534,"1e-05 to 1",0.000805590338847806,-0.00500367948476343,174,"success","pgls5_castespolymorphic"
"OG0007667_00",-0.00690898253113968,0.502693984218585,1,"1e-05 to 1",0.00284826499431751,-0.00294912881385501,174,"success","pgls5_castespolymorphic"
"OG0007668_00",0.000961436059816546,0.865467177538418,1,"1e-05 to 1",0.000183386425583223,-0.00562950086264014,174,"success","pgls5_castespolymorphic"
"OG0007669_00",-0.0349895283465908,0.33304108585395,0.850551854924293,"1e-05 to 1",0.00589442436766147,0.000114740788403789,174,"success","pgls5_castespolymorphic"
"OG0007670_00",0.0136976893567568,0.546435512900833,0.652434101173535,"1e-05 to 1",0.00232151575858195,-0.00347894054514719,174,"success","pgls5_castespolymorphic"
"OG0007671_00",0.0418407284526194,0.170256283483951,0.844181544653624,"1e-05 to 1",0.0120988298521373,0.00635521839778919,174,"success","pgls5_castespolymorphic"
"OG0007672_00",0.00500612535610382,0.666366834595082,0.862111624687047,"1e-05 to 1",0.00117205968370744,-0.00463507950417785,174,"success","pgls5_castespolymorphic"
"OG0007673_00",0.0125130883254672,0.381320664952541,1,"1e-05 to 1",0.00485443307849786,-0.000931296961743433,174,"success","pgls5_castespolymorphic"
"OG0007675_00",0.0251908643306776,0.0347275996142762,1e-05,"1e-05 to 1",0.0279107918614682,0.0222591104188024,174,"success","pgls5_castespolymorphic"
"OG0007676_00",0.00301296984492528,0.702593910994569,0.803879582590317,"1e-05 to 1",0.000925201848116957,-0.0048833725597428,174,"success","pgls5_castespolymorphic"
"OG0007677_00",-0.0138280408272973,0.0163133403679971,1,"1e-05 to 1",0.0361895910000595,0.030586042110525,174,"success","pgls5_castespolymorphic"
"OG0007679_00",-0.0194883060475312,0.306087944075167,0.474165054202901,"1e-05 to 1",0.00662856146521374,0.000853146124895288,174,"success","pgls5_castespolymorphic"
"OG0007680_00",0.0152504110126199,0.0304579974613457,1e-05,"1e-05 to 1",0.0294812495136888,0.0238386986387684,174,"success","pgls5_castespolymorphic"
"OG0007681_00",-0.00480177321806393,0.572832429092034,1e-05,"1e-05 to 1",0.00197912639997641,-0.00382332053955858,174,"success","pgls5_castespolymorphic"
"OG0007682_00",-0.0204810772864982,0.290003939669025,0.926432995069742,"1e-05 to 1",0.00699482911381286,0.00122154323656753,174,"success","pgls5_castespolymorphic"
"OG0007683_00",0.00103894491286332,0.875318083247559,1,"1e-05 to 1",0.000158313525778929,-0.00565471953511776,174,"success","pgls5_castespolymorphic"
"OG0007684_00",-0.00372607812327727,0.680802671959099,0.60236989224131,"1e-05 to 1",0.00107385334591324,-0.00473385680905225,174,"success","pgls5_castespolymorphic"
"OG0007685_00",0.0119284884682048,0.432918193734517,0.345852536645794,"1e-05 to 1",0.00389700990025078,-0.00189428655381763,174,"success","pgls5_castespolymorphic"
"OG0007686_00",0.00325505136596614,0.833653328676957,0.711431078207517,"1e-05 to 1",0.000281797291110934,-0.00553051784091751,174,"success","pgls5_castespolymorphic"
"OG0007687_00",-0.0131685823678963,0.277873245451778,0.432703707858683,"1e-05 to 1",0.0074480230609312,0.00167737203221574,174,"success","pgls5_castespolymorphic"
"OG0007688_00",0.0122397940686938,0.287878663251187,1,"1e-05 to 1",0.00719131987186978,0.00141917638275291,174,"success","pgls5_castespolymorphic"
"OG0007689_00",-0.000989947605720818,0.966661172913075,0.833597938810086,"1e-05 to 1",1.13068116841667e-05,-0.00580258093941066,174,"success","pgls5_castespolymorphic"
"OG0007690_00",0.017674454561157,0.00385035859625038,0.502104230097176,"1e-05 to 1",0.0513352180053096,0.0458197250867358,174,"success","pgls5_castespolymorphic"
"OG0007691_00",-0.00275740043613234,0.688010066735656,1e-05,"1e-05 to 1",0.00102980276082206,-0.0047781635021964,174,"success","pgls5_castespolymorphic"
"OG0007692_00",-0.00529620377694544,0.643044944227975,0.975968496320552,"0.001 to 1",0.00136275781355765,-0.00444327266427047,174,"success","pgls5_castespolymorphic"
"OG0007693_00",0.000194633428528613,0.987216586267869,0.707671005168871,"1e-05 to 1",1.62992502956281e-06,-0.00581231408703431,174,"success","pgls5_castespolymorphic"
"OG0007694_00",0.00488396848807423,0.609160094901063,1,"1e-05 to 1",0.00166888291012202,-0.00413536777063306,174,"success","pgls5_castespolymorphic"
"OG0007696_00",0.00996599118962479,0.648631325477088,1,"1e-05 to 1",0.0013091041471721,-0.0044972382705768,174,"success","pgls5_castespolymorphic"
"OG0007697_00",-0.0116729145849576,0.51795317915043,0.994309386315568,"1e-05 to 1",0.00265022593176113,-0.00314831926630998,174,"success","pgls5_castespolymorphic"
"OG0007698_00",-0.00299853033934868,0.817700512377407,1,"1e-05 to 1",0.000339441458965607,-0.00547253853255203,174,"success","pgls5_castespolymorphic"
"OG0007699_00",0.000289840173527345,0.978802037981211,1,"1e-05 to 1",4.45428397897315e-06,-0.00580947330739323,174,"success","pgls5_castespolymorphic"
"OG0007700_00",0.0230596415507878,0.260503060363386,0.745306404147797,"1e-05 to 1",0.0080063328701023,0.00223892782864954,174,"success","pgls5_castespolymorphic"
"OG0007701_00",-0.00611122164808901,0.386586377947638,1e-05,"1e-05 to 1",0.00474835708278026,-0.00103798967836632,174,"success","pgls5_castespolymorphic"
"OG0007702_00",0.00566271005099004,0.750489622772152,0.899771062357093,"1e-05 to 1",0.000641822797432387,-0.00516839916304757,174,"success","pgls5_castespolymorphic"
"OG0007703_00",0.0302858508889898,0.00220525444340369,0.89273627258315,"1e-05 to 1",0.0577578162991539,0.0522796640683351,174,"success","pgls5_castespolymorphic"
"OG0007704_00",0.00950746432396636,0.730504541192663,1,"1e-05 to 1",0.000757848426358166,-0.00505169896651192,174,"success","pgls5_castespolymorphic"
"OG0007705_00",0.0788932027903751,0.000447989986992248,0.970452415217695,"1e-05 to 1",0.0752426788683341,0.0698661828152429,174,"success","pgls5_castespolymorphic"
"OG0007706_00",-0.00397265309446486,0.879794972431103,1,"1e-05 to 1",0.000146124351792046,-0.00566697957639506,174,"success","pgls5_castespolymorphic"
"OG0007707_00",0.0419958024544656,0.0253542264041116,0.622618676899009,"1e-05 to 1",0.0310500769040239,0.0254166471185823,174,"success","pgls5_castespolymorphic"
"OG0007708_00",-0.0058026266772939,0.56651355660576,0.964882739125866,"1e-05 to 1",0.00207071866269445,-0.00373119576368519,174,"success","pgls5_castespolymorphic"
"OG0007709_00",-0.0105029345020539,0.417424407440511,0.880025207104773,"1e-05 to 1",0.00413999406941356,-0.00164988968599689,174,"success","pgls5_castespolymorphic"
"OG0007710_00",-0.0049487137929964,0.794921326084749,1e-05,"1e-05 to 1",0.000423489417552395,-0.00538800192304323,174,"success","pgls5_castespolymorphic"
"OG0007711_00",-0.0238427715751103,0.348605902228412,0.46852528579114,"1e-05 to 1",0.00559781675173848,-0.000183591290402463,174,"success","pgls5_castespolymorphic"
"OG0007712_00",0.0241510135773776,0.267699667854076,1,"1e-05 to 1",0.00776958077350595,0.00200079926637531,174,"success","pgls5_castespolymorphic"
"OG0007713_00",-0.00059329776973449,0.829638399680875,1,"1e-05 to 1",0.000290214304426727,-0.00552205189147781,174,"success","pgls5_castespolymorphic"
"OG0007714_00",-0.0349908618395572,0.177992648860689,0.855122761529983,"1e-05 to 1",0.0114532114423484,0.00570584639259475,174,"success","pgls5_castespolymorphic"
"OG0007715_00",-0.0256233214164729,0.255524718853193,0.791271141248863,"1e-05 to 1",0.00817486906468336,0.00240844388482686,174,"success","pgls5_castespolymorphic"
"OG0007716_00",-0.00147479665965822,0.699858277814471,1,"1e-05 to 1",0.000925543871132145,-0.00488302854822176,174,"success","pgls5_castespolymorphic"
"OG0007717_00",0.00223340309131469,0.828595309892964,0.582210069233679,"1e-05 to 1",0.000295688273224668,-0.00551654609727992,174,"success","pgls5_castespolymorphic"
"OG0007718_00",-0.00468554030294409,0.473929656006804,1e-05,"1e-05 to 1",0.00331356558663487,-0.00248112298553593,174,"success","pgls5_castespolymorphic"
"OG0007719_00",0.0133325217780941,0.509060216239384,0.919310742707264,"1e-05 to 1",0.00276439971421567,-0.0030334816827946,174,"success","pgls5_castespolymorphic"
"OG0007720_00",-0.00966373685217925,0.456730131742058,0.804997154038867,"1e-05 to 1",0.00364938061564471,-0.00214335554356659,174,"success","pgls5_castespolymorphic"
"OG0007721_00",0.0126731174963936,0.281962185228223,0.714874999548437,"1e-05 to 1",0.00732289634207562,0.00155151783243657,174,"success","pgls5_castespolymorphic"
"OG0007722_00",-0.0166311680439276,0.407391490143664,0.979143639597723,"1e-05 to 1",0.00432121113511877,-0.00146761903270032,174,"success","pgls5_castespolymorphic"
"OG0007723_00",-0.0301563145255832,0.0644322814418929,0.68389213323751,"1e-05 to 1",0.021476612717199,0.0157875232562524,174,"success","pgls5_castespolymorphic"
"OG0007724_00",-0.0244809394382115,0.104768790927219,1,"1e-05 to 1",0.0163623597128172,0.0106435362227755,174,"success","pgls5_castespolymorphic"
"OG0007725_00",0.0174400843972062,0.278406086611784,0.979726035844083,"1e-05 to 1",0.00729318870990761,0.00152163748147682,174,"success","pgls5_castespolymorphic"
"OG0007726_00",-0.012957510721535,0.319073811807435,0.640179774580464,"1e-05 to 1",0.0064048525505382,0.000628136576994898,174,"success","pgls5_castespolymorphic"
"OG0007727_00",-0.0188491725693575,0.282284594309494,0.766602590154993,"1e-05 to 1",0.00731312709134418,0.00154169178373564,174,"success","pgls5_castespolymorphic"
"OG0007728_00",-0.00767019004964483,0.46520532387365,0.469377290818267,"1e-05 to 1",0.00338054935159248,-0.00241374978008424,174,"success","pgls5_castespolymorphic"
"OG0007729_00",0.04095163463078,0.0220525018364466,0.860201730253272,"1e-05 to 1",0.032328385296294,0.0267023875363889,174,"success","pgls5_castespolymorphic"
"OG0007730_00",0.0218405313497171,0.425707875164167,1e-05,"1e-05 to 1",0.00402047083089462,-0.00177010782706533,174,"success","pgls5_castespolymorphic"
"OG0007731_00",-0.0180797920404724,0.202808293633548,1,"1e-05 to 1",0.0101813948382186,0.00442663550588263,174,"success","pgls5_castespolymorphic"
"OG0007732_00",0.00908827971053319,0.495804418164621,0.606851585379988,"1e-05 to 1",0.00294108042821563,-0.00285577375534118,174,"success","pgls5_castespolymorphic"
"OG0007733_00",0.00482402208206362,0.549112824322846,0.688208612438652,"1e-05 to 1",0.00226183509834147,-0.00353896818597055,174,"success","pgls5_castespolymorphic"
"OG0007734_00",0.00211084011380752,0.867395385409248,1,"1e-05 to 1",0.000176988172728149,-0.00563593631463966,174,"success","pgls5_castespolymorphic"
"OG0007735_00",0.00290832301196739,0.481331310724513,1e-05,"1e-05 to 1",0.00314325611599736,-0.00265242262751442,174,"success","pgls5_castespolymorphic"
"OG0007736_00",-0.00986572899798457,0.554211243599174,0.814439732898392,"1e-05 to 1",0.00221864461172416,-0.00358240978006807,174,"success","pgls5_castespolymorphic"
"OG0007737_00",0.0086358680207542,0.016931591126637,1,"1e-05 to 1",0.0355640511304623,0.0299568653812207,174,"success","pgls5_castespolymorphic"
"OG0007738_00",-0.00784416653912497,0.683267846133178,0.822190696264601,"1e-05 to 1",0.0010497300628364,-0.00475812034377499,174,"success","pgls5_castespolymorphic"
"OG0007739_00",-0.0085874010307217,0.499485051286959,0.731191370337366,"1e-05 to 1",0.00289122645712962,-0.00290591757509651,174,"success","pgls5_castespolymorphic"
"OG0007740_00",-0.0068042030243991,0.691761969704264,1e-05,"1e-05 to 1",0.00100386453937592,-0.00480425252725558,174,"success","pgls5_castespolymorphic"
"OG0007741_00",-0.00447139393796424,0.608598810886685,0.91652749868415,"1e-05 to 1",0.00165301057905804,-0.00415133238269161,174,"success","pgls5_castespolymorphic"
"OG0007742_00",0.000403171846006901,0.977032699369852,1e-05,"1e-05 to 1",5.29592779874431e-06,-0.00580862677029548,174,"success","pgls5_castespolymorphic"
"OG0007743_00",0.00579235206293874,0.712251358756845,0.828458244725118,"1e-05 to 1",0.000863359810820341,-0.00494557414376806,174,"success","pgls5_castespolymorphic"
"OG0007744_00",0.0250844630172082,0.403521579490544,0.762035370682309,"1e-05 to 1",0.00442069253114395,-0.00136755925646548,174,"success","pgls5_castespolymorphic"
"OG0007745_00",0.000734620207130367,0.943725714175769,1e-05,"1e-05 to 1",3.16352532361001e-05,-0.00578213430924501,174,"success","pgls5_castespolymorphic"
"OG0007746_00",0.030711811484476,0.16256942905956,1,"1e-05 to 1",0.0123836753910546,0.00664172001542129,174,"success","pgls5_castespolymorphic"
"OG0007747_00",-0.00683008422013692,0.731488405985374,0.942657393328936,"1e-05 to 1",0.00074261856866363,-0.00506701736989057,174,"success","pgls5_castespolymorphic"
"OG0007748_00",-0.00326746498342415,0.769185161617572,1e-05,"1e-05 to 1",0.000550053865087005,-0.00526070163569736,174,"success","pgls5_castespolymorphic"
"OG0007749_00",-0.00861133038674197,0.185816780022766,1e-05,"1e-05 to 1",0.0110525180104823,0.00530282334775267,174,"success","pgls5_castespolymorphic"
"OG0007750_00",0.00880579448264623,0.475699650905796,0.807772383551502,"1e-05 to 1",0.00320433663866882,-0.00259098698552496,174,"success","pgls5_castespolymorphic"
"OG0007751_00",0.0170908711700005,0.00254132614705727,1,"1e-05 to 1",0.05620273503879,0.0507155416378529,174,"success","pgls5_castespolymorphic"
"OG0007752_00",-0.00593689003727414,0.77412678817379,0.846533570465389,"1e-05 to 1",0.00052276951865894,-0.00528814461204652,174,"success","pgls5_castespolymorphic"
"OG0007753_00",0.00646475764201612,0.685450108986411,1e-05,"1e-05 to 1",0.001034507659178,-0.00477343124978025,174,"success","pgls5_castespolymorphic"
"OG0007754_00",-0.0136277853261176,0.494243425324018,1e-05,"1e-05 to 1",0.00296241216365769,-0.00283431799818157,174,"success","pgls5_castespolymorphic"
"OG0007755_00",-0.00975689547359415,0.521981541532567,1,"1e-05 to 1",0.00256706931542457,-0.00323195935134613,174,"success","pgls5_castespolymorphic"
"OG0007756_00",-0.0176398239083468,0.447451327405573,0.79512443227975,"1e-05 to 1",0.00363436672452636,-0.00215845672474968,174,"success","pgls5_castespolymorphic"
"OG0007757_00",-0.00969013045020685,0.601553213576289,0.966113333892722,"1e-05 to 1",0.00171876203014011,-0.00408519865573109,174,"success","pgls5_castespolymorphic"
"OG0007758_00",-0.0173079026090515,0.124215679783454,0.929216382420238,"1e-05 to 1",0.0148932050337194,0.00916583994670606,174,"success","pgls5_castespolymorphic"
"OG0007759_00",0.0182794430365641,0.00417336460335571,0.631284752991276,"1e-05 to 1",0.0507714692577202,0.0452526987301487,174,"success","pgls5_castespolymorphic"
"OG0007760_00",-0.000174986591347109,0.983523771944581,1e-05,"1e-05 to 1",2.70778307146658e-06,-0.00581122996237582,174,"success","pgls5_castespolymorphic"
"OG0007761_00",-0.0073748919571993,0.66543922854771,0.922124943491592,"1e-05 to 1",0.00117900439889895,-0.00462809441273526,174,"success","pgls5_castespolymorphic"
"OG0007762_00",0.00648780208097852,0.667598445109359,1,"1e-05 to 1",0.00116287648725439,-0.00464431609130811,174,"success","pgls5_castespolymorphic"
"OG0007763_00",-0.00937747081565241,0.558115284668944,0.49062770913651,"1e-05 to 1",0.00216154756654279,-0.00363983878481466,174,"success","pgls5_castespolymorphic"
"OG0007764_00",-0.0199328614068426,0.39114341940845,1,"1e-05 to 1",0.00471796543031074,-0.00106855802648975,174,"success","pgls5_castespolymorphic"
"OG0007765_00",0.016039226383405,0.410348927162769,1,"1e-05 to 1",0.00429415274325099,-0.00149483474079992,174,"success","pgls5_castespolymorphic"
"OG0007766_00",0.00358818188712634,0.774459890199588,0.904612096014818,"1e-05 to 1",0.000521186309225437,-0.00528973702618596,174,"success","pgls5_castespolymorphic"
"OG0007767_00",-0.0107178458208728,0.252648647035125,0.728008254774382,"1e-05 to 1",0.00827407859416746,0.00250823021390101,174,"success","pgls5_castespolymorphic"
"OG0007768_00",0.00740113708302221,0.520102127108882,1,"1e-05 to 1",0.00260661858830089,-0.00319218014083678,174,"success","pgls5_castespolymorphic"
"OG0007769_00",-0.00475222050450175,0.736567481475982,0.571101736309008,"1e-05 to 1",0.000722843659592909,-0.00508690724936289,174,"success","pgls5_castespolymorphic"
"OG0007770_00",0.00466169656240942,0.650498776423454,1e-05,"1e-05 to 1",0.00130245751975312,-0.00450392354117857,174,"success","pgls5_castespolymorphic"
"OG0007771_00",0.017374448105536,0.199945832363234,1,"1e-05 to 1",0.0103759986049519,0.00462237068986449,174,"success","pgls5_castespolymorphic"
"OG0007772_00",0.0166037774480596,0.0626486570244065,1,"1e-05 to 1",0.0216289339279756,0.0159407300554639,174,"success","pgls5_castespolymorphic"
"OG0007773_00",0.0258268394935426,0.00785856986220668,1,"1e-05 to 1",0.0441418048271638,0.0385844897389497,174,"success","pgls5_castespolymorphic"
"OG0007774_00",-0.011179178377127,0.370581110508183,0.66693723060147,"1e-05 to 1",0.00504533615081294,-0.000739283987845063,174,"success","pgls5_castespolymorphic"
"OG0007775_00",-0.0353953209784763,0.211883067494621,0.901560682862942,"0.001 to 1",0.00978463165051998,0.00402756555546491,174,"success","pgls5_castespolymorphic"
"OG0007776_00",-0.0427956915742042,0.00460699892606353,1,"1e-05 to 1",0.049690833299567,0.0441657800047971,174,"success","pgls5_castespolymorphic"
"OG0007777_00",-0.0196890803092851,0.119524050828995,1e-05,"1e-05 to 1",0.0151740731065386,0.00944834097343716,174,"success","pgls5_castespolymorphic"
"OG0007778_00",0.0122840675389015,0.588936274080002,1e-05,"1e-05 to 1",0.00187609572372489,-0.00392695023136969,174,"success","pgls5_castespolymorphic"
"OG0007779_00",0.00986638316689463,0.364957187736188,0.86330894023409,"1e-05 to 1",0.00519760543570108,-0.000586129416416892,174,"success","pgls5_castespolymorphic"
"OG0007780_00",0.0145504833567642,0.0996100431461451,1,"1e-05 to 1",0.0167537132278318,0.0110371650489238,174,"success","pgls5_castespolymorphic"
"OG0007781_00",0.00714742335134646,0.511769450817304,0.416952961323429,"1e-05 to 1",0.00274666816300398,-0.00305131632442035,174,"success","pgls5_castespolymorphic"
"OG0007782_00",0.016474421216779,0.26240031210684,0.522962728731367,"1e-05 to 1",0.00799369243694044,0.0022262139045971,174,"success","pgls5_castespolymorphic"
"OG0007783_00",0.0114277879143685,0.0412753537816153,1e-05,"1e-05 to 1",0.0260955266574381,0.0204332913473069,174,"success","pgls5_castespolymorphic"
"OG0007784_00",-0.0173520386781986,0.447421925218902,0.883008882213469,"1e-05 to 1",0.00365787221348483,-0.00213481457597164,174,"success","pgls5_castespolymorphic"
"OG0007785_00",-0.000878326699966589,0.929373476800838,1e-05,"1e-05 to 1",5.01954925602071e-05,-0.00576346616155288,174,"success","pgls5_castespolymorphic"
"OG0007786_00",0.0104551598710617,0.590754828793412,0.883322192248018,"1e-05 to 1",0.00183428647100982,-0.00396900256113542,174,"success","pgls5_castespolymorphic"
"OG0007787_00",-0.00867655570224995,0.566143182866197,1,"1e-05 to 1",0.00210115494067316,-0.00370058253060179,174,"success","pgls5_castespolymorphic"
"OG0007788_00",0.00570432598577366,0.55344448047753,0.737911079651472,"1e-05 to 1",0.00222723393878869,-0.00357377051505559,174,"success","pgls5_castespolymorphic"
"OG0007789_00",0.0111578661531001,0.581004041719917,1e-05,"1e-05 to 1",0.00192000052173541,-0.00388279017290571,174,"success","pgls5_castespolymorphic"
"OG0007790_00",-0.00309451106407053,0.825314655930241,0.889447904671394,"1e-05 to 1",0.000309251784520604,-0.00550290372836026,174,"success","pgls5_castespolymorphic"
"OG0007791_00",0.00195491672754375,0.78563358798742,1e-05,"1e-05 to 1",0.00047257474624328,-0.00533863121453448,174,"success","pgls5_castespolymorphic"
"OG0007792_00",0.0126007782117741,0.384047877741877,0.769622881936776,"1e-05 to 1",0.00476903155558005,-0.00101719500514341,174,"success","pgls5_castespolymorphic"
"OG0007793_00",-0.0161397972189295,0.18042696591777,1,"1e-05 to 1",0.0111158863967103,0.00536656015483072,174,"success","pgls5_castespolymorphic"
"OG0007794_00",-0.0166314909558156,0.00489696867361555,1,"1e-05 to 1",0.0490239341153592,0.0434950034997509,174,"success","pgls5_castespolymorphic"
"OG0007795_00",0.0234192433391015,0.0261205864199376,1,"1e-05 to 1",0.0311217360670178,0.0254887229046167,174,"success","pgls5_castespolymorphic"
"OG0007796_00",-0.0146433271465816,0.191870459072727,1e-05,"1e-05 to 1",0.0108931790648024,0.00514255801285357,174,"success","pgls5_castespolymorphic"
"OG0007797_00",0.00366020260683393,0.587840571959762,1e-05,"1e-05 to 1",0.00185145538788139,-0.00395173382497971,174,"success","pgls5_castespolymorphic"
"OG0007798_00",0.000146936276814848,0.989944343406628,0.130928440246156,"1e-05 to 1",1.0085113099612e-06,-0.00581293911362435,174,"success","pgls5_castespolymorphic"
"OG0007799_00",-0.00327637175686308,0.779244592780227,1,"1e-05 to 1",0.00051507826617246,-0.00529588058111718,174,"success","pgls5_castespolymorphic"
"OG0007800_00",-0.0224807150965085,0.151498138633728,0.879566833234606,"1e-05 to 1",0.0128945905029492,0.00715560556401285,174,"success","pgls5_castespolymorphic"
"OG0007801_00",0.0111613768934172,0.582015632091532,0.874414321159908,"1e-05 to 1",0.00190975594907294,-0.00389309430703721,174,"success","pgls5_castespolymorphic"
"OG0007802_00",0.0099759336414347,0.533379534307443,0.94364096894644,"1e-05 to 1",0.00246012238144993,-0.00333952806982074,174,"success","pgls5_castespolymorphic"
"OG0007803_00",0.0276793118171823,0.354863075968974,0.693427663584983,"1e-05 to 1",0.00538598162522841,-0.000396658016485363,174,"success","pgls5_castespolymorphic"
"OG0007804_00",-0.00563517385936405,0.622558808141975,1e-05,"1e-05 to 1",0.0015274519143105,-0.00427762103967622,174,"success","pgls5_castespolymorphic"
"OG0007805_00",-0.00400001336821418,0.840530539864164,0.967779952199936,"1e-05 to 1",0.000255407330839672,-0.00555706123119037,174,"success","pgls5_castespolymorphic"
"OG0007806_00",-0.00147389022354316,0.897922627698342,0.674554421299868,"1e-05 to 1",0.000104484824763861,-0.00570886119369685,174,"success","pgls5_castespolymorphic"
"OG0007807_00",0.0172246789694817,0.0190740299292735,1e-05,"1e-05 to 1",0.0340724880980981,0.0284566304707615,174,"success","pgls5_castespolymorphic"
"OG0007808_00",0.0109393017165523,0.536579225664601,0.718562945598407,"1e-05 to 1",0.00242191665212835,-0.00337795592547563,174,"success","pgls5_castespolymorphic"
"OG0007809_00",-0.00206386565238015,0.861223834117837,1,"1e-05 to 1",0.000192793085320586,-0.00562003951302059,174,"success","pgls5_castespolymorphic"
"OG0007810_00",0.00778401751758845,0.692804870129967,0.971837869608592,"1e-05 to 1",0.000984151886958186,-0.00482407978811761,174,"success","pgls5_castespolymorphic"
"OG0007811_00",-0.00738993034508323,0.627278037746214,1,"1e-05 to 1",0.00149582472456462,-0.00430943210843204,174,"success","pgls5_castespolymorphic"
"OG0007812_00",-0.00922526574902728,0.707048615190964,0.958626273290143,"1e-05 to 1",0.000896372958474891,-0.00491236905920833,174,"success","pgls5_castespolymorphic"
"OG0007813_00",-6.72358499187031e-05,0.99735584738215,1,"1e-05 to 1",7.10826696099764e-08,-0.00581388199243116,174,"success","pgls5_castespolymorphic"
"OG0007814_00",-0.0059768253237418,0.743641054942076,0.655157725000637,"1e-05 to 1",0.000683163571215795,-0.00512681803592829,174,"success","pgls5_castespolymorphic"
"OG0007815_00",-0.0178602051964329,0.0201034943742331,1,"1e-05 to 1",0.033933622187525,0.0283169572002433,174,"success","pgls5_castespolymorphic"
"OG0007816_00",0.0161753128668267,0.154655940092386,1,"1e-05 to 1",0.0127792283345235,0.00703957268530553,174,"success","pgls5_castespolymorphic"
"OG0007817_00",0.00125971191245074,0.929378785288812,0.790372139304743,"1e-05 to 1",4.98692852458781e-05,-0.00576379426542117,174,"success","pgls5_castespolymorphic"
"OG0007818_00",0.0224857595477341,0.336052968133569,0.654420278727107,"1e-05 to 1",0.00589580946630943,0.000116133939950691,174,"success","pgls5_castespolymorphic"
"OG0007819_00",-0.00570238393483187,0.59122261780597,1e-05,"1e-05 to 1",0.00188960436429041,-0.00391336305219636,174,"success","pgls5_castespolymorphic"
"OG0007820_00",0.0262707816760466,0.203228051882766,0.29332081583703,"1e-05 to 1",0.010291787785158,0.00453767027228102,174,"success","pgls5_castespolymorphic"
"OG0007821_00",0.0079558976102095,0.62153677288854,1e-05,"1e-05 to 1",0.00153643505414126,-0.00426858567228816,174,"success","pgls5_castespolymorphic"
"OG0007822_00",-0.00708216328926165,0.676448941794936,1e-05,"1e-05 to 1",0.00110510211053939,-0.00470242636556217,174,"success","pgls5_castespolymorphic"
"OG0007823_00",-0.0156912899688195,0.222876403066637,1,"1e-05 to 1",0.00921425400223596,0.003453871758063,174,"success","pgls5_castespolymorphic"
"OG0007824_00",0.0130904661922354,0.490831427170212,0.620701168442725,"1e-05 to 1",0.00300943310486228,-0.00278702367941186,174,"success","pgls5_castespolymorphic"
"OG0007826_00",-0.0170409246330034,0.321540119123126,0.699701177837112,"1e-05 to 1",0.00625933745525414,0.000481775463714973,174,"success","pgls5_castespolymorphic"
"OG0007827_00",0.00536154772549436,0.466032003227482,1e-05,"1e-05 to 1",0.00338954913455499,-0.00240469767280227,174,"success","pgls5_castespolymorphic"
"OG0007828_00",0.00311563643291639,0.866280555138282,1,"1e-05 to 1",0.000181154829832411,-0.00563174543278477,174,"success","pgls5_castespolymorphic"
"OG0007829_00",0.0124260455035857,0.629343495576804,0.949261112188927,"1e-05 to 1",0.00147795951009485,-0.00432740119042796,174,"success","pgls5_castespolymorphic"
"OG0007832_00",0.00102535422770742,0.931033446540143,0.280906286807322,"1e-05 to 1",4.81656653933049e-05,-0.00576550779004048,174,"success","pgls5_castespolymorphic"
"OG0007833_00",-0.00434282380531222,0.892916453276295,0.93269839866439,"0.001 to 1",0.000115782731927942,-0.005697497601026,174,"success","pgls5_castespolymorphic"
"OG0007834_00",-0.00577784001515507,0.265762944504839,1,"1e-05 to 1",0.00778329202213849,0.00201459023156958,174,"success","pgls5_castespolymorphic"
"OG0007835_00",0.00889680920135292,0.0827171792216475,1e-05,"1e-05 to 1",0.0189337473737743,0.0132298738119939,174,"success","pgls5_castespolymorphic"
"OG0007836_00",0.000194927919031917,0.987878393312804,0.908554037613783,"1e-05 to 1",1.47488034837028e-06,-0.0058124700331379,174,"success","pgls5_castespolymorphic"
"OG0007837_00",0.0481067845307034,0.092255912747385,0.792697526667491,"1e-05 to 1",0.0179490046703735,0.0122394058603176,174,"success","pgls5_castespolymorphic"
"OG0007838_00",-0.00396516398005289,0.817548744921278,0.893715128431068,"1e-05 to 1",0.000337858465752344,-0.0054741307292141,174,"success","pgls5_castespolymorphic"
"OG0007839_00",0.0199190969096548,0.242695732282046,1,"1e-05 to 1",0.00862832044767887,0.00286453161307243,174,"success","pgls5_castespolymorphic"
"OG0007840_00",0.00689773465891405,0.195385414677245,1,"1e-05 to 1",0.0116961122532887,0.00595015941755195,174,"success","pgls5_castespolymorphic"
"OG0007842_00",-0.00078232303506894,0.943304664456921,0.958907826276507,"1e-05 to 1",3.27347166378293e-05,-0.00578102845361439,174,"success","pgls5_castespolymorphic"
"OG0007843_00",0.0046783833339652,0.671277730437853,0.758570161254416,"1e-05 to 1",0.0011803528803159,-0.00462673809131009,174,"success","pgls5_castespolymorphic"
"OG0007844_00",0.00828226236842805,0.0643350709172748,1e-05,"1e-05 to 1",0.0304926015826075,0.0248559306615762,174,"success","pgls5_castespolymorphic"
"OG0007845_00",0.00860382886507736,0.0805720653921029,1e-05,"1e-05 to 1",0.0308300702068444,0.0251953613126982,174,"success","pgls5_castespolymorphic"
"OG0007846_00",0.0458997687890576,0.0236559139575834,0.452114819092447,"1e-05 to 1",0.0330139549715532,0.0273919430818528,174,"success","pgls5_castespolymorphic"
"OG0007847_00",0.0509717638818882,0.0537741158980471,0.521181974219513,"1e-05 to 1",0.0340092282885374,0.0283930028716103,174,"success","pgls5_castespolymorphic"
"OG0007848_00",0.0002761000621853,0.989211901985793,1e-05,"1e-05 to 1",1.17571813385568e-06,-0.00581277093466759,174,"success","pgls5_castespolymorphic"
"OG0007849_00",0.00799952649518151,0.103133727077707,1e-05,"1e-05 to 1",0.0173810096560687,0.011668108549418,174,"success","pgls5_castespolymorphic"
"OG0007850_00",-0.0144260674527241,0.0214889354562462,1,"1e-05 to 1",0.0330087820949386,0.0273867401303743,174,"success","pgls5_castespolymorphic"
"OG0007851_00",0.0033379877127618,0.859045201214714,1,"1e-05 to 1",0.000213793578855183,-0.00559891692359327,174,"success","pgls5_castespolymorphic"
"OG0007852_00",0.00153769512506079,0.92175536695156,0.755193445584268,"1e-05 to 1",6.01083134445446e-05,-0.005753495707989,174,"success","pgls5_castespolymorphic"
"OG0007853_00",-0.00100540848467603,0.958665945177841,0.929366452190285,"1e-05 to 1",2.30563071724894e-05,-0.00579076313290217,174,"success","pgls5_castespolymorphic"
"OG0007854_00",0.0215024137410553,0.10097083876103,0.574774192128289,"1e-05 to 1",0.0168291234382666,0.0111130136908146,174,"success","pgls5_castespolymorphic"
"OG0007855_00",0.00473582947757834,0.734129657042321,1,"1e-05 to 1",0.000746342016950213,-0.00506327227364878,174,"success","pgls5_castespolymorphic"
"OG0007856_00",-0.000908683318383508,0.899957902717286,1,"1e-05 to 1",9.9705206344378e-05,-0.00571366860059541,174,"success","pgls5_castespolymorphic"
"OG0007857_00",0.00564917486665707,0.8293762051879,0.69738418165438,"1e-05 to 1",0.000314802653378135,-0.00549732058700925,174,"success","pgls5_castespolymorphic"
"OG0007858_00",-0.00288810373969977,0.751725939096793,1e-05,"1e-05 to 1",0.000631257553757644,-0.00517902583255769,174,"success","pgls5_castespolymorphic"
"OG0007859_00",-0.0193029096660007,0.139491673585642,0.504750338230849,"1e-05 to 1",0.0137680792232069,0.00803417270706275,174,"success","pgls5_castespolymorphic"
"OG0007860_00",0.0091773769500028,0.450884158461938,1e-05,"1e-05 to 1",0.00360254194152997,-0.0021904665355541,174,"success","pgls5_castespolymorphic"
"OG0007861_00",0.00586618052029996,0.279721025618389,1,"1e-05 to 1",0.00743824622351973,0.00166753835272637,174,"success","pgls5_castespolymorphic"
"OG0007862_00",-0.0210457670883159,0.16343125950794,0.170191204831127,"1e-05 to 1",0.0124121684243252,0.00667037870586207,174,"success","pgls5_castespolymorphic"
"OG0007863_00",-0.00666496158183828,0.412235130071104,1e-05,"1e-05 to 1",0.00423291604657932,-0.00155642746477791,174,"success","pgls5_castespolymorphic"
"OG0007864_00",-0.0127017414361228,0.219532844422934,0.996201129064765,"1e-05 to 1",0.00952520774981615,0.00376663337626859,174,"success","pgls5_castespolymorphic"
"OG0007865_00",-0.0223355190220643,0.513241865110357,0.944208816634911,"1e-05 to 1",0.00276283942368476,-0.0030350510447823,174,"success","pgls5_castespolymorphic"
"OG0007866_00",0.0240708429125435,0.0636264912175706,0.723386883771835,"1e-05 to 1",0.021880548082092,0.0161938070825693,174,"success","pgls5_castespolymorphic"
"OG0007867_00",-0.00616848591786584,0.193545872039034,1,"1e-05 to 1",0.010881491042489,0.00513080203692207,174,"success","pgls5_castespolymorphic"
"OG0007868_00",0.000383150428300621,0.957509060466251,1e-05,"1e-05 to 1",1.89878445679769e-05,-0.00579485524935897,174,"success","pgls5_castespolymorphic"
"OG0007869_00",-0.00874802770736381,0.152053786556246,1e-05,"1e-05 to 1",0.0130231308142886,0.00728489320274373,174,"success","pgls5_castespolymorphic"
"OG0007870_00",0.0080365489388994,0.662784058248932,0.750932270962942,"1e-05 to 1",0.0012143309719228,-0.00459256245265904,174,"success","pgls5_castespolymorphic"
"OG0007871_00",-0.00207208445239624,0.883920561919295,0.805776722386546,"1e-05 to 1",0.000135331778610678,-0.00567783489709517,174,"success","pgls5_castespolymorphic"
"OG0007872_00",-0.00852049731421318,0.532422109677803,1,"1e-05 to 1",0.00361912666424776,-0.00217378539002988,174,"success","pgls5_castespolymorphic"
"OG0007873_00",0.00428218407269905,0.827514418894549,0.677966222559674,"1e-05 to 1",0.000313323927732835,-0.00549880790989654,174,"success","pgls5_castespolymorphic"
"OG0007874_00",-0.0127282784279966,0.208719559984656,1,"1e-05 to 1",0.0102421253333772,0.00448771908531542,174,"success","pgls5_castespolymorphic"
"OG0007875_00",0.0182013768294901,0.511827811536496,0.846762529566597,"1e-05 to 1",0.00281783120404463,-0.00297973954476904,174,"success","pgls5_castespolymorphic"
"OG0007876_00",0.0183104669298274,0.307118101683143,0.974318586527757,"1e-05 to 1",0.00677189389316277,0.000997311880913676,174,"success","pgls5_castespolymorphic"
"OG0007877_00",0.00235217828728239,0.879599707884853,1e-05,"1e-05 to 1",0.000146603090198546,-0.00566649805462593,174,"success","pgls5_castespolymorphic"
"OG0007878_00",0.0719388298034127,3.17257575104257e-05,1,"1e-05 to 1",0.10535135341285,0.100149907793157,174,"success","pgls5_castespolymorphic"
"OG0007879_00",-0.0135508722864211,0.177630804766499,0.784943207184856,"1e-05 to 1",0.0119238475997385,0.00617921880671379,174,"success","pgls5_castespolymorphic"
"OG0007880_00",0.0351041035587419,0.11513637391741,0.846844765112858,"1e-05 to 1",0.015836232229926,0.0101143498591697,174,"success","pgls5_castespolymorphic"
"OG0007881_00",-0.00517065174700606,0.658011970987849,0.86683260817538,"1e-05 to 1",0.00124333097141833,-0.00456339384851523,174,"success","pgls5_castespolymorphic"
"OG0007882_00",0.00786176707035749,0.440371629646393,0.509055363384828,"1e-05 to 1",0.00379667313303078,-0.00199520667433539,174,"success","pgls5_castespolymorphic"
"OG0007883_00",0.000911770926144001,0.96007528407293,0.850218422903746,"1e-05 to 1",1.61149927525723e-05,-0.00579774480380113,174,"success","pgls5_castespolymorphic"
"OG0007885_00",0.0091715274898568,0.641765622753862,1e-05,"1e-05 to 1",0.00142762131959897,-0.00437803204482212,174,"success","pgls5_castespolymorphic"
"OG0007886_00",0.0175824135436223,0.186430084027686,0.756373183248315,"1e-05 to 1",0.0111628970419626,0.005413844117788,174,"success","pgls5_castespolymorphic"
"OG0007887_00",-0.00700168910351379,0.399866557312834,0.786976860129003,"1e-05 to 1",0.0046365806299772,-0.00115041599426724,174,"success","pgls5_castespolymorphic"
"OG0007888_00",0.00732914293019277,0.345159120771759,1e-05,"1e-05 to 1",0.00557168806427276,-0.000209871888841917,174,"success","pgls5_castespolymorphic"
"OG0007889_00",-0.0131112107942826,0.242584894652434,0.966788809634344,"1e-05 to 1",0.00857813626679271,0.00281405566369264,174,"success","pgls5_castespolymorphic"
"OG0007890_00",-0.00541728920722938,0.615826907714955,1e-05,"1e-05 to 1",0.00159729563781488,-0.00420737124801174,174,"success","pgls5_castespolymorphic"
"OG0007891_00",-0.0145089417564287,0.275219894500378,1,"1e-05 to 1",0.00767611568003375,0.00190679077119671,174,"success","pgls5_castespolymorphic"
"OG0007892_00",-0.00939190433921855,0.202190666546156,0.290279880295215,"1e-05 to 1",0.0104050809559581,0.0046516221243067,174,"success","pgls5_castespolymorphic"
"OG0007893_00",0.00311764977567313,0.857998850300128,1,"1e-05 to 1",0.000204534744434958,-0.00560822958844631,174,"success","pgls5_castespolymorphic"
"OG0007894_00",-0.011961928626476,0.131542922918017,0.614115184889308,"1e-05 to 1",0.014898977700685,0.00917164617568911,174,"success","pgls5_castespolymorphic"
"OG0007895_00",0.00374248577113953,0.706626147931479,0.91176239849041,"1e-05 to 1",0.000882286905103126,-0.0049265370082392,174,"success","pgls5_castespolymorphic"
"OG0007896_00",0.0119287351414938,0.559798599346504,0.335918302288222,"1e-05 to 1",0.00230277422978257,-0.00349779103632342,174,"success","pgls5_castespolymorphic"
"OG0007897_00",0.00168004895322265,0.866939076127109,1,"1e-05 to 1",0.000178219717958136,-0.00563469760926294,174,"success","pgls5_castespolymorphic"
"OG0007898_00",-0.000707596467144324,0.925201746676597,0.37022566898499,"1e-05 to 1",5.5607645001928e-05,-0.00575802254310864,174,"success","pgls5_castespolymorphic"
"OG0007899_00",-0.00164730551278887,0.865175357349189,0.982812483346197,"1e-05 to 1",0.00017960053328156,-0.0056333087659437,174,"success","pgls5_castespolymorphic"
"OG0007900_00",-0.00448304557776727,0.58131868416628,1,"1e-05 to 1",0.00195375395200211,-0.00384884050176515,174,"success","pgls5_castespolymorphic"
"OG0007901_00",0.00426944606032046,0.202139826613246,1,"1e-05 to 1",0.0105422958337011,0.0047896347629669,174,"success","pgls5_castespolymorphic"
"OG0007902_00",0.00341945234855387,0.898355834844098,0.665906462723068,"1e-05 to 1",0.000103595075227933,-0.00570975611619517,174,"success","pgls5_castespolymorphic"
"OG0007903_00",-0.00378543983540383,0.847254870899304,0.826987408818099,"1e-05 to 1",0.0002355475942137,-0.00557703643140139,174,"success","pgls5_castespolymorphic"
"OG0007904_00",0.00789537517195964,0.453866514762325,1e-05,"1e-05 to 1",0.00360105314724975,-0.00219196398561494,174,"success","pgls5_castespolymorphic"
"OG0007905_00",0.0198328348945017,0.131389232048107,1e-05,"1e-05 to 1",0.0143468386189472,0.00861629698301081,174,"success","pgls5_castespolymorphic"
"OG0007906_00",-0.00319181131294758,0.808452031569555,1,"1e-05 to 1",0.000375449275597189,-0.00543632136814942,174,"success","pgls5_castespolymorphic"
"OG0007907_00",-0.0387694714426661,0.0854965621509114,1,"1e-05 to 1",0.0187181701200505,0.0130130432021438,174,"success","pgls5_castespolymorphic"
"OG0007908_00",-0.0389696419097449,0.106724541468122,0.964131643649516,"1e-05 to 1",0.0167006549331459,0.0109837982757806,174,"success","pgls5_castespolymorphic"
"OG0007909_00",0.00129255687127385,0.908100100745419,1,"1e-05 to 1",8.4601125911575e-05,-0.00572886049544929,174,"success","pgls5_castespolymorphic"
"OG0007910_00",0.0109840657980766,0.502586412386131,1,"1e-05 to 1",0.0028678802225308,-0.00292939954361726,174,"success","pgls5_castespolymorphic"
"OG0007911_00",-0.0218582537983933,0.203730149415126,0.873244817980543,"1e-05 to 1",0.0102690665046605,0.0045148168913155,174,"success","pgls5_castespolymorphic"
"OG0007912_00",-0.0124105058521582,0.0679399434199188,1,"1e-05 to 1",0.0210661082359567,0.0153746321210495,174,"success","pgls5_castespolymorphic"
"OG0007913_00",-0.0193398589129155,0.310223428145622,0.604869461451037,"1e-05 to 1",0.00655806435901899,0.000782239151803976,174,"success","pgls5_castespolymorphic"
"OG0007914_00",0.0567120207007711,0.000399703773350968,0.723233095766104,"1e-05 to 1",0.076961784338068,0.0715952830842196,174,"success","pgls5_castespolymorphic"
"OG0007915_00",0.0275858064147417,0.0167984501367435,0.328668678055957,"1e-05 to 1",0.0358725551614156,0.0302671630402611,174,"success","pgls5_castespolymorphic"
"OG0007916_00",-0.00531107421190615,0.870388305256842,0.932514848621367,"1e-05 to 1",0.000170099079896744,-0.00564286546033643,174,"success","pgls5_castespolymorphic"
"OG0007917_00",0.0139541618733873,0.23985525842544,0.885990420356932,"1e-05 to 1",0.00895919346737505,0.0031973283131157,174,"success","pgls5_castespolymorphic"
"OG0007918_00",-0.0191803757438868,0.223371701393723,0.41866432293667,"1e-05 to 1",0.0122280112823905,0.00648515088286949,174,"success","pgls5_castespolymorphic"
"OG0007919_00",-0.00377053742762972,0.415309187210417,1e-05,"1e-05 to 1",0.00420413248946698,-0.00158537836815253,174,"success","pgls5_castespolymorphic"
"OG0007920_00",-0.00540376113002671,0.561938689748701,0.66542211836626,"1e-05 to 1",0.00210659779112145,-0.00369510803567441,174,"success","pgls5_castespolymorphic"
"OG0007921_00",0.0302668441998752,0.0462925972371262,0.959935631128088,"1e-05 to 1",0.0248967017652714,0.0192274965429766,174,"success","pgls5_castespolymorphic"
"OG0007922_00",-0.00610160179693244,0.723167985418875,0.863294041374102,"0.001 to 1",0.000796361156189235,-0.00501296232546089,174,"success","pgls5_castespolymorphic"
"OG0007923_00",-0.0122754266869262,0.549135204691372,1,"1e-05 to 1",0.00224741886690797,-0.00355346823270297,174,"success","pgls5_castespolymorphic"
"OG0007924_00",0.00488953067098875,0.720629418792692,1,"1e-05 to 1",0.000806550065733017,-0.00500271417807086,174,"success","pgls5_castespolymorphic"
"OG0007925_00",0.0042249209837955,0.809474362404605,1,"1e-05 to 1",0.000371374664782425,-0.00544041966856179,174,"success","pgls5_castespolymorphic"
"OG0007926_00",0.0501344174649538,0.002926137147234,1,"1e-05 to 1",0.0546576680647129,0.0491614917162519,174,"success","pgls5_castespolymorphic"
"OG0007927_00",-0.0131705173296123,0.304679979077974,1e-05,"1e-05 to 1",0.0115742197595396,0.0058275582465136,174,"success","pgls5_castespolymorphic"
"OG0007928_00",-0.0130657121596508,0.265894561555343,1e-05,"1e-05 to 1",0.00777902404489659,0.0020102974405064,174,"success","pgls5_castespolymorphic"
"OG0007929_00",-0.0147987554314629,0.390810857839677,0.621064704500547,"1e-05 to 1",0.00466472443292155,-0.00112210856456163,174,"success","pgls5_castespolymorphic"
"OG0007930_00",-0.0124723434057891,0.371597325214478,1,"1e-05 to 1",0.00505581700640064,-0.000728742197050325,174,"success","pgls5_castespolymorphic"
"OG0007931_00",-0.0210539118137274,0.189989088841057,0.858713801391737,"1e-05 to 1",0.0107786427818648,0.00502735582129421,174,"success","pgls5_castespolymorphic"
"OG0007932_00",0.0235607216315152,0.188898657878912,0.93303373251955,"1e-05 to 1",0.0109692507905043,0.00521907201603056,174,"success","pgls5_castespolymorphic"
"OG0007934_00",-0.00274635320486145,0.838609196594896,0.920009345606524,"1e-05 to 1",0.000263345628583477,-0.00554907678055283,174,"success","pgls5_castespolymorphic"
"OG0007935_00",-0.00738103773308746,0.553068494014768,1,"1e-05 to 1",0.00224569624698271,-0.00355520086786054,174,"success","pgls5_castespolymorphic"
"OG0007936_00",0.00171079291320249,0.918972038533238,1e-05,"1e-05 to 1",6.65487194996746e-05,-0.00574701785771259,174,"success","pgls5_castespolymorphic"
"OG0007937_00",-0.0298508720849549,0.227240938128196,0.986105847971077,"0.001 to 1",0.0107027080462234,0.00495097960463176,174,"success","pgls5_castespolymorphic"
"OG0007938_00",-0.0029964024449497,0.828361335326033,0.376661739733074,"1e-05 to 1",0.000300297373367657,-0.00551191020004294,174,"success","pgls5_castespolymorphic"
"OG0007939_00",-0.00883055899582323,0.307424813786946,1,"1e-05 to 1",0.00663412502105168,0.000858742026988102,174,"success","pgls5_castespolymorphic"
"OG0007940_00",0.00108678215222964,0.931462797102023,1e-05,"1e-05 to 1",4.75663604643698e-05,-0.00576611057930054,174,"success","pgls5_castespolymorphic"
"OG0007941_00",-0.00326743347041827,0.634976303754861,0.890793740515976,"1e-05 to 1",0.00142990698459892,-0.00437573309107209,174,"success","pgls5_castespolymorphic"
"OG0007942_00",-0.023846279608029,0.303278081827656,0.580106892017565,"1e-05 to 1",0.00658085077860515,0.000805158050573906,174,"success","pgls5_castespolymorphic"
"OG0007943_00",-0.00909892605905888,0.660991901118069,0.322773115721509,"1e-05 to 1",0.00122812633953528,-0.00457868687942087,174,"success","pgls5_castespolymorphic"
"OG0007944_00",-0.00114551298601659,0.553093427369795,1e-05,"1e-05 to 1",0.0022454144477883,-0.00355548430542241,174,"success","pgls5_castespolymorphic"
"OG0007945_00",0.0248624032343549,0.0646695694802777,1e-05,"1e-05 to 1",0.0219913840171707,0.0163052874126194,174,"success","pgls5_castespolymorphic"
"OG0007946_00",-0.0345084980919073,0.0485366407094396,1,"1e-05 to 1",0.024557719011345,0.0188865429590853,174,"success","pgls5_castespolymorphic"
"OG0007947_00",0.00553873264396541,0.707215842430999,1,"1e-05 to 1",0.000901019004723061,-0.00490769600106344,174,"success","pgls5_castespolymorphic"
"OG0007948_00",-0.000301303578252274,0.972534005245995,1,"1e-05 to 1",7.6233848612376e-06,-0.00580628578150577,174,"success","pgls5_castespolymorphic"
"OG0007949_00",-0.000363952414269901,0.978947732995606,1,"1e-05 to 1",4.42114449599798e-06,-0.0058095066395476,174,"success","pgls5_castespolymorphic"
"OG0007950_00",-0.00183005300211064,0.844839147299823,1e-05,"1e-05 to 1",0.000244706225972533,-0.0055678245517834,174,"success","pgls5_castespolymorphic"
"OG0007951_00",0.0478189449186424,0.0261209401825235,0.869221914406623,"1e-05 to 1",0.0313185574285603,0.0256866885764008,174,"success","pgls5_castespolymorphic"
"OG0007952_00",0.0595547386847625,0.00116941124189474,0.93640176370756,"1e-05 to 1",0.0651173765605711,0.0596820124708071,174,"success","pgls5_castespolymorphic"
"OG0007953_00",-0.00925343519166703,0.18682691321045,1e-05,"1e-05 to 1",0.0110721139114404,0.00532253317836739,174,"success","pgls5_castespolymorphic"
"OG0007954_00",-0.0206367246894849,0.239807743196397,1e-05,"1e-05 to 1",0.00873441623011826,0.00297124423145612,174,"success","pgls5_castespolymorphic"
"OG0007955_00",0.00738587919329046,0.280669885268012,1,"1e-05 to 1",0.00736219525400785,0.00159104522641496,174,"success","pgls5_castespolymorphic"
"OG0007956_00",-0.0093309696513774,0.228006579720802,1e-05,"1e-05 to 1",0.00924291522851277,0.00348269961937619,174,"success","pgls5_castespolymorphic"
"OG0007957_00",7.68660170957872e-06,0.999417817561488,1,"1e-05 to 1",3.35897460591493e-09,-0.0058139501098684,174,"success","pgls5_castespolymorphic"
"OG0007958_00",0.00904573768425396,0.398306407488465,1,"1e-05 to 1",0.0044629199637171,-0.00132508631556361,174,"success","pgls5_castespolymorphic"
"OG0007959_00",0.00845590451334295,0.38268462365646,1,"1e-05 to 1",0.00485752558634104,-0.000928186474203452,174,"success","pgls5_castespolymorphic"
"OG0007960_00",0.0181886540945223,0.326490663738479,1,"1e-05 to 1",0.00613294196982521,0.000354645120812513,174,"success","pgls5_castespolymorphic"
"OG0007961_00",0.0158581957838504,0.113255125009342,1e-05,"1e-05 to 1",0.0161030934845203,0.0103827626326861,174,"success","pgls5_castespolymorphic"
"OG0007962_00",-0.0146130526710786,0.326355950647863,0.947731828068125,"1e-05 to 1",0.00621553448102212,0.000437717821028083,174,"success","pgls5_castespolymorphic"
"OG0007963_00",0.0616626070104016,0.0448819624002534,0.961521013914472,"1e-05 to 1",0.0253786147501632,0.0197122113475479,174,"success","pgls5_castespolymorphic"
"OG0007964_00",0.0504395110937092,0.0486067043117768,0.755695966583366,"1e-05 to 1",0.0245426193000937,0.0188713554588151,174,"success","pgls5_castespolymorphic"
"OG0007965_00",0.00222027087529382,0.878403831392549,0.422030364342513,"1e-05 to 1",0.000149552545813784,-0.00566353145101295,174,"success","pgls5_castespolymorphic"
"OG0007966_00",-0.0114232798951267,0.236548653962627,1e-05,"1e-05 to 1",0.00891234574973051,0.00315020822501966,174,"success","pgls5_castespolymorphic"
"OG0007967_00",0.00972255363828767,0.482502637564688,0.444777459127029,"1e-05 to 1",0.00314646825161961,-0.00264919181668488,174,"success","pgls5_castespolymorphic"
"OG0007968_00",-0.00398782193244113,0.726622777278458,0.875667659290031,"1e-05 to 1",0.000785765285583758,-0.00502361979996535,174,"success","pgls5_castespolymorphic"
"OG0007969_00",0.00105701378015049,0.896374227928544,1e-05,"1e-05 to 1",0.000108384762569618,-0.00570493858183418,174,"success","pgls5_castespolymorphic"
"OG0007970_00",-0.00163868532483095,0.94436188104286,0.682249870156649,"1e-05 to 1",3.11204792552765e-05,-0.00578265207609796,174,"success","pgls5_castespolymorphic"
"OG0007971_00",0.0101853560734992,0.439661329426504,1,"1e-05 to 1",0.00378432928151333,-0.00200762229243145,174,"success","pgls5_castespolymorphic"
"OG0007972_00",0.0127413114367357,0.54866238223637,0.94633165213939,"1e-05 to 1",0.00228131060136043,-0.00351937945328284,174,"success","pgls5_castespolymorphic"
"OG0007973_00",0.021795960950928,0.116771059079765,1,"1e-05 to 1",0.0154011893290496,0.00967677763910213,174,"success","pgls5_castespolymorphic"
"OG0007974_00",0.00175737255418004,0.916254056101561,0.969839740647224,"1e-05 to 1",6.97590210989549e-05,-0.00574378889156923,174,"success","pgls5_castespolymorphic"
"OG0007975_00",-0.011124870491326,0.358199916599361,0.935590008798571,"1e-05 to 1",0.00534559109901334,-0.000437283371341302,174,"success","pgls5_castespolymorphic"
"OG0007976_00",-0.00222520658704059,0.847502897065959,0.914154540473584,"1e-05 to 1",0.000236273813491712,-0.00557630598991832,174,"success","pgls5_castespolymorphic"
"OG0007977_00",0.00102432503396526,0.846219117946449,1e-05,"1e-05 to 1",0.000237286601383052,-0.00557528731372536,174,"success","pgls5_castespolymorphic"
"OG0007978_00",-0.017976825914172,0.33358060647334,0.704017339455697,"1e-05 to 1",0.00595625632114247,0.000176932229986382,174,"success","pgls5_castespolymorphic"
"OG0007979_00",-0.00131344322989821,0.877153993807221,0.959922661377495,"1e-05 to 1",0.000153648914260225,-0.00565941126647096,174,"success","pgls5_castespolymorphic"
"OG0007980_00",-0.000432263531751372,0.983787518245164,0.891627922646984,"1e-05 to 1",2.62177451751551e-06,-0.00581131647097943,174,"success","pgls5_castespolymorphic"
"OG0007981_00",-0.0106538044926302,0.374598351279626,0.853304214296414,"1e-05 to 1",0.00499288329955461,-0.000792041797540888,174,"success","pgls5_castespolymorphic"
"OG0007982_00",-0.00316154629343817,0.679869900686829,0.705293390608698,"1e-05 to 1",0.00110147305457266,-0.00470607652069144,174,"success","pgls5_castespolymorphic"
"OG0007983_00",-0.00284544034016877,0.445029044916934,1e-05,"1e-05 to 1",0.00369650173596575,-0.00209596046324378,174,"success","pgls5_castespolymorphic"
"OG0007984_00",-0.0212288566715627,0.351867557054229,1,"1e-05 to 1",0.00555816062984362,-0.000223477971145636,174,"success","pgls5_castespolymorphic"
"OG0007985_00",0.0259884368520507,0.0357791369166554,0.734820607143775,"1e-05 to 1",0.0277703391859422,0.0221178411579535,174,"success","pgls5_castespolymorphic"
"OG0007986_00",-0.0446446089668147,0.0103274722490718,1,"1e-05 to 1",0.0414163625050234,0.035843201821913,174,"success","pgls5_castespolymorphic"
"OG0007987_00",-0.00305028714632754,0.864286804088986,0.896548539835528,"1e-05 to 1",0.000187850108099639,-0.00562501122848125,174,"success","pgls5_castespolymorphic"
"OG0007988_00",0.000982267183634887,0.930209335692538,0.20342346653498,"1e-05 to 1",4.8700236108424e-05,-0.00576497011135602,174,"success","pgls5_castespolymorphic"
"OG0007989_00",-0.00318304499977103,0.730637045021763,1e-05,"1e-05 to 1",0.000747524221269035,-0.00506208319604928,174,"success","pgls5_castespolymorphic"
"OG0007990_00",-0.0471981053306543,0.100955922223092,0.708078662676159,"1e-05 to 1",0.0170438235375109,0.01132896204645,174,"success","pgls5_castespolymorphic"
"OG0007991_00",-0.000528875600429579,0.55449563215953,1e-05,"1e-05 to 1",0.0022015024135032,-0.0035996516422323,174,"success","pgls5_castespolymorphic"
"OG0007992_00",-0.0161603458350607,0.238720655562888,1e-05,"1e-05 to 1",0.00871963429672373,0.00295637635658841,174,"success","pgls5_castespolymorphic"
"OG0007993_00",-0.00476545678621805,0.422441904016595,1,"1e-05 to 1",0.00405175749354226,-0.00173863926521634,174,"success","pgls5_castespolymorphic"
"OG0007994_00",-0.00678941434527833,0.297881694156345,0.73297568561169,"1e-05 to 1",0.0068135655328346,0.00103922579756044,174,"success","pgls5_castespolymorphic"
"OG0007995_00",-0.00183572721053778,0.884780086286817,1e-05,"1e-05 to 1",0.000131649523493494,-0.00568153856067233,174,"success","pgls5_castespolymorphic"
"OG0007996_00",0.00851747739221243,0.7275530390852,0.921770972415913,"1e-05 to 1",0.000770304059420666,-0.00503917091697792,174,"success","pgls5_castespolymorphic"
"OG0007997_00",-0.00447239081817506,0.382916067673397,1e-05,"1e-05 to 1",0.00479172719765398,-0.000994367411661923,174,"success","pgls5_castespolymorphic"
"OG0007998_00",0.00217371791778907,0.897786039314571,1e-05,"1e-05 to 1",0.000105435550991872,-0.00570790493999085,174,"success","pgls5_castespolymorphic"
"OG0007999_00",0.00267379992662709,0.864864452104271,1,"1e-05 to 1",0.000185049136546547,-0.00562782848475263,174,"success","pgls5_castespolymorphic"
"OG0008000_00",0.00811942964097856,0.531517300921778,1,"1e-05 to 1",0.00251443851821275,-0.00328489614156502,174,"success","pgls5_castespolymorphic"
"OG0008001_00",-0.00283799256113523,0.718779996475703,1e-05,"1e-05 to 1",0.00083889673281785,-0.00497017944896805,174,"success","pgls5_castespolymorphic"
"OG0008002_00",-0.0237514145490077,0.271926108764696,1e-05,"1e-05 to 1",0.0077818355064629,0.00201312524777952,174,"success","pgls5_castespolymorphic"
"OG0008003_00",-0.0218657446764903,0.223656097784398,1e-05,"1e-05 to 1",0.00929874372439497,0.0035388526995368,174,"success","pgls5_castespolymorphic"
"OG0008005_00",-0.00973078746841201,0.66562245879891,0.77013469810344,"1e-05 to 1",0.00120033635596094,-0.00460663843266707,174,"success","pgls5_castespolymorphic"
"OG0008006_00",-0.0167727181049796,0.4092874700659,0.678998012317167,"1e-05 to 1",0.00434112664594603,-0.00144758773401943,174,"success","pgls5_castespolymorphic"
"OG0008007_00",-0.00162186462810377,0.927693363041568,1,"1e-05 to 1",5.26186506500005e-05,-0.00576102891533448,174,"success","pgls5_castespolymorphic"
"OG0008008_00",-0.0114026403635929,0.294313876219045,1e-05,"1e-05 to 1",0.00700268035697995,0.00122944012649728,174,"success","pgls5_castespolymorphic"
"OG0008009_00",-0.0223728290635232,0.141436490348422,1e-05,"1e-05 to 1",0.0135492758586801,0.00781409722995152,174,"success","pgls5_castespolymorphic"
"OG0008010_00",0.00423992135009414,0.803299367369093,1,"1e-05 to 1",0.000386468840250168,-0.00542523773626002,174,"success","pgls5_castespolymorphic"
"OG0008011_00",0.0207084861831924,0.0364429818768142,0.91688397901247,"1e-05 to 1",0.0272324295560519,0.021576804146494,174,"success","pgls5_castespolymorphic"
"OG0008012_00",0.00325935452238058,0.301454417294402,1,"1e-05 to 1",0.00667195037454531,0.000896787295327606,174,"success","pgls5_castespolymorphic"
"OG0008013_00",0.00818713237782331,0.706685926961927,0.810334974002729,"1e-05 to 1",0.000910254115884219,-0.00489840719739565,174,"success","pgls5_castespolymorphic"
"OG0008014_00",0.00599109824711949,0.508473868941144,1,"1e-05 to 1",0.00282579819348564,-0.00297172623562192,174,"success","pgls5_castespolymorphic"
"OG0008015_00",0.01034102622313,0.42064421983145,1,"1e-05 to 1",0.00405764391348476,-0.00173271862190205,174,"success","pgls5_castespolymorphic"
"OG0008016_00",0.0176721349199608,0.156156895579502,0.34774032604254,"1e-05 to 1",0.0127678599870513,0.00702813824279003,174,"success","pgls5_castespolymorphic"
"OG0008017_00",0.000806452802864144,0.955668020608535,1,"1e-05 to 1",1.98730461746476e-05,-0.0057939649012313,174,"success","pgls5_castespolymorphic"
"OG0008018_00",-0.00128893484624742,0.843697922008864,1e-05,"1e-05 to 1",0.000249962863859604,-0.00556253735204826,174,"success","pgls5_castespolymorphic"
"OG0008019_00",-0.00909298515671325,0.494375776475015,0.981321369701481,"1e-05 to 1",0.00290534193571246,-0.00289172002977756,174,"success","pgls5_castespolymorphic"
"OG0008020_00",0.0370663983597309,0.0365882067691894,1e-05,"1e-05 to 1",0.027361086109388,0.0217062087030473,174,"success","pgls5_castespolymorphic"
"OG0008021_00",0.0248853848860537,0.0115279040399323,1e-05,"1e-05 to 1",0.0394649308763433,0.033880424660508,174,"success","pgls5_castespolymorphic"
"OG0008024_00",-0.00394880449171031,0.608071910226957,0.948944072791534,"1e-05 to 1",0.00165787178433309,-0.00414644291459521,174,"success","pgls5_castespolymorphic"
"OG0008025_00",-0.000252693342644025,0.986429530133453,1,"1e-05 to 1",1.88469220232885e-06,-0.00581205783865713,174,"success","pgls5_castespolymorphic"
"OG0008026_00",-0.00776697467184905,0.578324797918246,0.515157238883825,"1e-05 to 1",0.0019596581465231,-0.00384290198053194,174,"success","pgls5_castespolymorphic"
"OG0008027_00",-0.00768645937465237,0.738918319620134,0.537926060666741,"1e-05 to 1",0.000718699741653557,-0.00509107525984853,174,"success","pgls5_castespolymorphic"
"OG0008028_00",0.0145394724145968,0.0771916903269843,0.826268485308164,"1e-05 to 1",0.0197576563906734,0.0140585729975958,174,"success","pgls5_castespolymorphic"
"OG0008030_00",-0.00164464676789797,0.835242689634675,1,"1e-05 to 1",0.000278137920394721,-0.00553419848704473,174,"success","pgls5_castespolymorphic"
"OG0008032_00",0.0072614565735146,0.673890517371859,0.627265406986792,"1e-05 to 1",0.00119177283982152,-0.00461525173669108,174,"success","pgls5_castespolymorphic"
"OG0008034_00",0.0170987397118324,0.220038601924906,1,"1e-05 to 1",0.0119133402919382,0.00616865040991454,174,"success","pgls5_castespolymorphic"
"OG0008036_00",-0.0085513950629697,0.65141132410505,0.91884381925226,"1e-05 to 1",0.00130345849188203,-0.00450291674944414,174,"success","pgls5_castespolymorphic"
"OG0008037_00",-0.0166162941616116,0.156852879523835,0.798433907208804,"1e-05 to 1",0.0127253092326208,0.00698534010025242,174,"success","pgls5_castespolymorphic"
"OG0008039_00",-0.000204561033119022,0.986235296145779,1,"1e-05 to 1",1.92648455196166e-06,-0.00581201580332857,174,"success","pgls5_castespolymorphic"
"OG0008040_00",-0.00220787870526976,0.914140335104276,0.560616404483386,"1e-05 to 1",8.70716070655443e-05,-0.00572637565103284,174,"success","pgls5_castespolymorphic"
"OG0008041_00",-0.0210400255536351,0.169007073909703,1,"1e-05 to 1",0.0120916563532027,0.00634800319246553,174,"success","pgls5_castespolymorphic"
"OG0008042_00",-0.00396591142174732,0.84458795682855,0.818387071232107,"1e-05 to 1",0.000247087942083758,-0.00556542898848567,174,"success","pgls5_castespolymorphic"
"OG0008043_00",0.0123035718498455,0.458936654208562,0.783513397572847,"1e-05 to 1",0.00461783655968325,-0.00116926904171399,174,"success","pgls5_castespolymorphic"
"OG0008044_00",-0.00797618346458374,0.670566057194931,0.947641905238352,"1e-05 to 1",0.00116292272034892,-0.00464426958941644,174,"success","pgls5_castespolymorphic"
"OG0008045_00",0.00619119585518261,0.750302699062996,0.628608463167688,"1e-05 to 1",0.000663886400051579,-0.00514620728366921,174,"success","pgls5_castespolymorphic"
"OG0008046_00",0.0154549422975866,0.035433193440336,0.553439392581393,"1e-05 to 1",0.0282289814295998,0.0225791499262835,174,"success","pgls5_castespolymorphic"
"OG0008047_00",0.0546294032460482,6.17224157362095e-05,0.320995005377589,"1e-05 to 1",0.0974638652104853,0.092216562101244,174,"success","pgls5_castespolymorphic"
"OG0008048_00",-0.00552677143606792,0.738668184093475,0.936833271245112,"1e-05 to 1",0.000701962252477956,-0.00510791006000755,174,"success","pgls5_castespolymorphic"
"OG0008049_00",-0.00382224552646521,0.851915891348634,0.34918206516167,"1e-05 to 1",0.00022552255940357,-0.00558711975129755,174,"success","pgls5_castespolymorphic"
"OG0008050_00",-0.00854640629225631,0.49728394742593,0.991625875052389,"1e-05 to 1",0.00305661500108062,-0.00273956746984338,174,"success","pgls5_castespolymorphic"
"OG0008051_00",0.0070528325856798,0.456910106437282,0.784883766154607,"1e-05 to 1",0.00348570902046485,-0.00230797871778821,174,"success","pgls5_castespolymorphic"
"OG0008053_00",0.00917502228275631,0.629332126904646,0.856123197228188,"1e-05 to 1",0.0014874948074551,-0.00431781045529234,174,"success","pgls5_castespolymorphic"
"OG0008054_00",-0.0147561811284663,0.457946942792467,1e-05,"1e-05 to 1",0.00360597099065454,-0.00218701755009754,174,"success","pgls5_castespolymorphic"
"OG0008055_00",-0.00317436193289502,0.805727674327768,1,"1e-05 to 1",0.000401824771669829,-0.00540979252616935,174,"success","pgls5_castespolymorphic"
"OG0008056_00",-0.0113771109086439,0.431679329435705,0.63191173920886,"1e-05 to 1",0.00448660400780441,-0.00130126457354551,174,"success","pgls5_castespolymorphic"
"OG0008057_00",0.00793503987530411,0.374222063606651,0.947064046252199,"1e-05 to 1",0.00503260839770171,-0.000752085739520902,174,"success","pgls5_castespolymorphic"
"OG0008058_00",-0.00339220057391509,0.750940732198053,1,"1e-05 to 1",0.000647646770234286,-0.00516254132993876,174,"success","pgls5_castespolymorphic"
"OG0008059_00",-0.00599745656781098,0.771287956589343,1,"1e-05 to 1",0.000557603923048888,-0.00525310768204967,174,"success","pgls5_castespolymorphic"
"OG0008060_00",-0.0207254008966287,0.175510333157965,1e-05,"1e-05 to 1",0.0202961193913389,0.0146001665971025,174,"success","pgls5_castespolymorphic"
"OG0008061_00",0.0160141862147143,0.319694797856039,1,"1e-05 to 1",0.00755891126358442,0.00178890493372152,174,"success","pgls5_castespolymorphic"
"OG0008062_00",-0.00352455397731426,0.815718078695769,1e-05,"1e-05 to 1",0.000466110180168117,-0.00534513336529607,174,"success","pgls5_castespolymorphic"
"OG0008063_00",-0.0186740625627742,0.358664792887128,0.732257527935118,"1e-05 to 1",0.00674465601812136,0.00096991564613369,174,"success","pgls5_castespolymorphic"
"OG0008064_00",0.0044932439015592,0.523634448211613,1e-05,"1e-05 to 1",0.00289066111968211,-0.00290648619938949,174,"success","pgls5_castespolymorphic"
"OG0008065_00",0.00809677964475196,0.184313437796964,1e-05,"1e-05 to 1",0.011342828540624,0.00559482172981374,174,"success","pgls5_castespolymorphic"
"OG0008066_00",-0.00560793438749075,0.623136556989081,0.992850796146993,"1e-05 to 1",0.00155173596960344,-0.0042531957980152,174,"success","pgls5_castespolymorphic"
"OG0008067_00",-0.00160034255016167,0.890904013001172,1,"1e-05 to 1",0.000123355492510816,-0.00568988081276522,174,"success","pgls5_castespolymorphic"
"OG0008068_00",0.00730684490061334,0.726553717081958,1,"1e-05 to 1",0.00079126522676699,-0.00501808788237956,174,"success","pgls5_castespolymorphic"
"OG0008069_00",0.00841486039134065,0.726926814597924,0.577285329250956,"1e-05 to 1",0.000778939177561145,-0.00503048559466235,174,"success","pgls5_castespolymorphic"
"OG0008070_00",0.0123547547170286,0.0266135838307913,1,"1e-05 to 1",0.0325600299666672,0.0269353789781014,174,"success","pgls5_castespolymorphic"
"OG0008071_00",0.0136440982575946,0.30125093682203,0.670833919318609,"1e-05 to 1",0.00684872870866189,0.00107459341045657,174,"success","pgls5_castespolymorphic"
"OG0008072_00",-0.00554667910489341,0.744356252211438,0.659682851719257,"1e-05 to 1",0.000715798058404939,-0.00509399381334852,174,"success","pgls5_castespolymorphic"
"OG0008073_00",0.0481796452496148,0.000225402382004969,1,"1e-05 to 1",0.0837803736497907,0.0784535153570569,174,"success","pgls5_castespolymorphic"
"OG0008074_00",0.000170385470948748,0.989672429850369,1,"1e-05 to 1",1.05708225404554e-06,-0.00581289026029097,174,"success","pgls5_castespolymorphic"
"OG0008075_00",0.0398519903242114,0.0457587520439933,0.857647917877251,"1e-05 to 1",0.0245558334770595,0.0188846464623913,174,"success","pgls5_castespolymorphic"
"OG0008076_00",0.0357522847686198,0.121784445843544,0.736221122210865,"1e-05 to 1",0.015278848582631,0.00955372560927403,174,"success","pgls5_castespolymorphic"
"OG0008077_00",0.00889395146609242,0.509251240876263,0.859176344163748,"1e-05 to 1",0.00272732656608148,-0.00307077037248793,174,"success","pgls5_castespolymorphic"
"OG0008078_00",-0.00708330027573626,0.551035330585344,0.453803026070097,"1e-05 to 1",0.00226875569159626,-0.00353200735670844,174,"success","pgls5_castespolymorphic"
"OG0008079_00",-0.0456253614036435,0.0776031570875122,0.750248422666508,"1e-05 to 1",0.02008458032626,0.0143873976537383,174,"success","pgls5_castespolymorphic"
"OG0008080_00",0.00503208463128253,0.513772998146492,1,"1e-05 to 1",0.00273819036354087,-0.00305984341341548,174,"success","pgls5_castespolymorphic"
"OG0008081_00",-0.000925302553957869,0.965590739442368,0.814169533192402,"1e-05 to 1",1.18910658712458e-05,-0.00580199328839681,174,"success","pgls5_castespolymorphic"
"OG0008082_00",-0.011294296896592,0.457358561368501,1e-05,"1e-05 to 1",0.0035686839128559,-0.00222452141323215,174,"success","pgls5_castespolymorphic"
"OG0008083_00",0.0205760228510518,0.279006262793814,0.742394966535227,"1e-05 to 1",0.00736652428026599,0.00159539942143039,174,"success","pgls5_castespolymorphic"
"OG0008084_00",-0.0351689211235799,0.0620776112043639,0.844794631873709,"1e-05 to 1",0.0227146067711162,0.0170327149500181,174,"success","pgls5_castespolymorphic"
"OG0008085_00",-0.0163078418893624,0.376765999500486,0.943659553021171,"1e-05 to 1",0.00583475074592984,5.47202270109182e-05,174,"success","pgls5_castespolymorphic"
"OG0008086_00",-0.0301017092858835,0.129995778999476,0.564860336552876,"1e-05 to 1",0.0155268739605944,0.00980319299524901,174,"success","pgls5_castespolymorphic"
"OG0008087_00",0.0086716370534464,0.0307204851799825,1,"1e-05 to 1",0.0301489640173128,0.02451029520346,174,"success","pgls5_castespolymorphic"
"OG0008088_00",-0.00373244208521828,0.655070128139408,1,"1e-05 to 1",0.00125830229778513,-0.00454833547955347,174,"success","pgls5_castespolymorphic"
"OG0008089_00",0.0166186626943588,0.299428859298952,0.785648585750925,"1e-05 to 1",0.00690038161585465,0.00112654662524903,174,"success","pgls5_castespolymorphic"
"OG0008090_00",-0.0387078721949708,0.208998667672376,0.764254926509815,"1e-05 to 1",0.0100987360780413,0.0043434961715183,174,"success","pgls5_castespolymorphic"
"OG0008091_00",0.0144767936278993,0.246606342040933,0.905739180539217,"1e-05 to 1",0.00843374731691686,0.00266882724317796,174,"success","pgls5_castespolymorphic"
"OG0008092_00",0.0505001402505356,0.00602351064879958,1,"1e-05 to 1",0.0461914626753909,0.0406460642025733,174,"success","pgls5_castespolymorphic"
"OG0008093_00",0.00905735246342939,0.226665678986337,1,"1e-05 to 1",0.00923740213192945,0.00347715446990582,174,"success","pgls5_castespolymorphic"
"OG0008094_00",-0.0223720864031276,0.206352427242217,0.895831939119808,"1e-05 to 1",0.0102164032959311,0.00446184750113998,174,"success","pgls5_castespolymorphic"
"OG0008095_00",-0.00377592797237267,0.567477868796555,1e-05,"1e-05 to 1",0.00207352344388436,-0.00372837467562803,174,"success","pgls5_castespolymorphic"
"OG0008096_00",0.00738424244757874,0.647326618583039,1,"1e-05 to 1",0.00131954594253878,-0.00448673576709746,174,"success","pgls5_castespolymorphic"
"OG0008097_00",0.0129503412803788,0.357556521807849,0.411031347386511,"1e-05 to 1",0.0053940363088733,-0.000388556503284621,174,"success","pgls5_castespolymorphic"
"OG0008098_00",-0.00798863973233235,0.472879816487445,1e-05,"1e-05 to 1",0.00324542056803211,-0.00254966419610714,174,"success","pgls5_castespolymorphic"
"OG0008099_00",0.0386950294505451,0.0134614615518172,1,"1e-05 to 1",0.0380345559825099,0.0324417336335709,174,"success","pgls5_castespolymorphic"
"OG0008100_00",-0.00122384734827635,0.928212913275675,0.837757000917654,"1e-05 to 1",5.28767507428116e-05,-0.00576076931465996,174,"success","pgls5_castespolymorphic"
"OG0008101_00",-0.00273081473237156,0.89945410570794,0.822357863103782,"1e-05 to 1",0.000102004301948796,-0.0057113561381561,174,"success","pgls5_castespolymorphic"
"OG0008102_00",-0.00286470124662649,0.704165805213582,1e-05,"1e-05 to 1",0.000903502038525665,-0.00490519853101778,174,"success","pgls5_castespolymorphic"
"OG0008103_00",-0.013594599400101,0.349841905671008,1,"1e-05 to 1",0.00560497064389837,-0.000176395805846274,174,"success","pgls5_castespolymorphic"
"OG0008104_00",0.0114379295479855,0.072540476857049,1e-05,"1e-05 to 1",0.0205230905608676,0.0148284573664541,174,"success","pgls5_castespolymorphic"
"OG0008105_00",0.0328291318648287,0.0434492641312674,0.874934773499798,"1e-05 to 1",0.0257196158384039,0.0200551950002551,174,"success","pgls5_castespolymorphic"
"OG0008106_00",-0.0124097147514096,0.0378971970151745,1,"1e-05 to 1",0.0269914368136916,0.0213344102835386,174,"success","pgls5_castespolymorphic"
"OG0008107_00",-0.0125444762746958,0.176488611127103,1e-05,"1e-05 to 1",0.0114602110966136,0.00571288674252413,174,"success","pgls5_castespolymorphic"
"OG0008108_00",0.0164585470121824,0.0950808984636258,1,"1e-05 to 1",0.0178716895843401,0.01216164126797,174,"success","pgls5_castespolymorphic"
"OG0008109_00",-0.0111406710207596,0.487806114652021,0.618664208127307,"1e-05 to 1",0.00323622451876639,-0.00255891371077577,174,"success","pgls5_castespolymorphic"
"OG0008110_00",0.00240504177295249,0.853717409795382,0.781197601658013,"1e-05 to 1",0.000215817005779587,-0.0055968817325589,174,"success","pgls5_castespolymorphic"
"OG0008111_00",0.0132791722768226,0.521112382124205,1,"1e-05 to 1",0.00261048393048795,-0.00318829232573026,174,"success","pgls5_castespolymorphic"
"OG0008112_00",0.00442992836624246,0.787260066124744,0.556637950622364,"1e-05 to 1",0.000471277701132666,-0.00533993580060499,174,"success","pgls5_castespolymorphic"
"OG0008113_00",0.00409394738005264,0.831902705442082,1,"1e-05 to 1",0.00029347404971047,-0.00551877319418659,174,"success","pgls5_castespolymorphic"
"OG0008114_00",-0.00182001664284164,0.906919116813563,0.9556536420278,"1e-05 to 1",8.79157097300211e-05,-0.00572552664079473,174,"success","pgls5_castespolymorphic"
"OG0008115_00",-0.0097074190702286,0.307263941192847,0.918551967561342,"1e-05 to 1",0.00676782563999501,0.000993219975111148,174,"success","pgls5_castespolymorphic"
"OG0008116_00",-0.0226917944789708,0.344328756528054,0.906405271517624,"1e-05 to 1",0.00569771237313357,-8.31148805109372e-05,174,"success","pgls5_castespolymorphic"
"OG0008117_00",-0.00502862930148435,0.762079958799375,0.787763982214278,"1e-05 to 1",0.000604816304795615,-0.00520562080971154,174,"success","pgls5_castespolymorphic"
"OG0008118_00",0.0012286617761426,0.928095979986675,1,"1e-05 to 1",5.41070432796469e-05,-0.00575953186925937,174,"success","pgls5_castespolymorphic"
"OG0008119_00",0.00302647797442259,0.820569805767163,0.878096126992844,"1e-05 to 1",0.000328658376544733,-0.00548338430731254,174,"success","pgls5_castespolymorphic"
"OG0008120_00",0.0485083675034602,0.00307418036937013,1e-05,"1e-05 to 1",0.0547936176102345,0.049298231666108,174,"success","pgls5_castespolymorphic"
"OG0008121_00",0.000791568841033167,0.863819728475781,1,"1e-05 to 1",0.00019544164503354,-0.00561737555470465,174,"success","pgls5_castespolymorphic"
"OG0008122_00",0.0199227222955609,0.519430594378409,1,"1e-05 to 1",0.00270006975126903,-0.0030981856571537,174,"success","pgls5_castespolymorphic"
"OG0008123_00",-0.00740082863222378,0.726678493930203,0.581943352074403,"1e-05 to 1",0.000780415068733595,-0.00502900112272742,174,"success","pgls5_castespolymorphic"
"OG0008124_00",-0.0434544086451382,0.0940546636181487,0.890760984034158,"0.001 to 1",0.0173158894305037,0.0116026097178903,174,"success","pgls5_castespolymorphic"
"OG0008125_00",0.0141004509532676,0.509658830777035,1,"1e-05 to 1",0.00279201102637799,-0.00300570983974779,174,"success","pgls5_castespolymorphic"
"OG0008126_00",0.00423245408529599,0.769531217619832,0.891985865006349,"1e-05 to 1",0.000577890527497014,-0.00523270313222701,174,"success","pgls5_castespolymorphic"
"OG0008127_00",-0.0082855161046445,0.370334546859518,1e-05,"1e-05 to 1",0.00514771053749271,-0.000636314401242677,174,"success","pgls5_castespolymorphic"
"OG0008128_00",-0.0259855511397538,0.0386764879179984,0.987163986165382,"1e-05 to 1",0.0271172924450076,0.0214609976336414,174,"success","pgls5_castespolymorphic"
"OG0008129_00",-0.00174214131873915,0.837737749777991,1,"1e-05 to 1",0.000266237045099792,-0.00554616855347523,174,"success","pgls5_castespolymorphic"
"OG0008130_00",-0.0080190416721087,0.524285015793508,0.594640701629728,"1e-05 to 1",0.00260402118961739,-0.00319479264067568,174,"success","pgls5_castespolymorphic"
"OG0008131_00",0.0015688747631696,0.890702455227043,1,"1e-05 to 1",0.00011838108101954,-0.00569488414525354,174,"success","pgls5_castespolymorphic"
"OG0008133_00",0.0116283145627501,0.195730456891893,0.797435556282938,"1e-05 to 1",0.0105718836460948,0.00481939459752567,174,"success","pgls5_castespolymorphic"
"OG0008134_00",0.0335942007123935,0.173487050404713,0.919651673441251,"1e-05 to 1",0.0119960953467511,0.00625188659876708,174,"success","pgls5_castespolymorphic"
"OG0008135_00",0.024832874051905,0.00126331612031994,1,"1e-05 to 1",0.0638699509806996,0.0584273344166338,174,"success","pgls5_castespolymorphic"
"OG0008136_00",-0.00767998307453291,0.545205416898308,0.568417891308811,"1e-05 to 1",0.0023507680825526,-0.00344951814952554,174,"success","pgls5_castespolymorphic"
"OG0008137_00",-0.00929275237656825,0.558675888879211,1,"1e-05 to 1",0.00216907338790138,-0.00363226920868054,174,"success","pgls5_castespolymorphic"
"OG0008138_00",-0.00110965465801283,0.815632571042271,1,"1e-05 to 1",0.000349559845063893,-0.00546236131862776,174,"success","pgls5_castespolymorphic"
"OG0008139_00",0.00359341735979663,0.691343778812756,1,"1e-05 to 1",0.00100034797790762,-0.00480778953384875,174,"success","pgls5_castespolymorphic"
"OG0008140_00",0.0133453649220255,0.346665489388605,1e-05,"1e-05 to 1",0.00567911582552198,-0.00010181954758548,174,"success","pgls5_castespolymorphic"
"OG0008141_00",-0.00466993824328764,0.465075512122117,1,"1e-05 to 1",0.00344807869415662,-0.00234582782506343,174,"success","pgls5_castespolymorphic"
"OG0008142_00",-0.0432302742219439,0.0532437887287365,0.592996995727771,"1e-05 to 1",0.0237407056460375,0.0180647795160727,174,"success","pgls5_castespolymorphic"
"OG0008143_00",0.0294846402550484,0.0398708180918006,0.386335378200455,"1e-05 to 1",0.0266252090564613,0.0209660532951617,174,"success","pgls5_castespolymorphic"
"OG0008144_00",-0.00148863722547283,0.916977330861904,0.742802639450022,"1e-05 to 1",6.85549580840232e-05,-0.00574499995495037,174,"success","pgls5_castespolymorphic"
"OG0008145_00",-0.00798550728551753,0.629668766438553,1e-05,"1e-05 to 1",0.00159672197158162,-0.00420794824951387,174,"success","pgls5_castespolymorphic"
"OG0008146_00",-0.0168588388430964,0.164480711868791,1e-05,"1e-05 to 1",0.0125108148383446,0.00676959864554427,174,"success","pgls5_castespolymorphic"
"OG0008147_00",0.00273988986172758,0.741109571753001,1e-05,"1e-05 to 1",0.000697221592362797,-0.00511267828210005,174,"success","pgls5_castespolymorphic"
"OG0008148_00",0.00501940441485177,0.876029179215986,1,"1e-05 to 1",0.000152573940746457,-0.00566049248983069,174,"success","pgls5_castespolymorphic"
"OG0008149_00",0.0256916540636774,0.138030374218729,1e-05,"1e-05 to 1",0.0142284915244174,0.00849726182397803,174,"success","pgls5_castespolymorphic"
"OG0008150_00",0.0160532949000453,0.0553460265658101,0.691246945997104,"1e-05 to 1",0.022616282917802,0.0169338194463937,174,"success","pgls5_castespolymorphic"
"OG0008151_00",-0.0310861041847739,0.259441740059273,1,"1e-05 to 1",0.0078922097458474,0.00212414119785809,174,"success","pgls5_castespolymorphic"
"OG0008152_00",-0.0178638628339216,0.130952454551948,1,"1e-05 to 1",0.0147510707636616,0.00902287931461321,174,"success","pgls5_castespolymorphic"
"OG0008153_00",-0.0200704602180223,0.162450905660806,1,"1e-05 to 1",0.0124698022422801,0.00672834760415386,174,"success","pgls5_castespolymorphic"
"OG0008154_00",-0.0160897018423432,0.296092982395758,0.92380251612855,"0.001 to 1",0.0068211508038733,0.00104685516901215,174,"success","pgls5_castespolymorphic"
"OG0008155_00",-0.0144851768556182,0.195913563021307,0.838631109495858,"1e-05 to 1",0.0107672739141258,0.00501592085548697,174,"success","pgls5_castespolymorphic"
"OG0008156_00",0.0107291580059204,0.480944892659616,0.888213625973883,"1e-05 to 1",0.00316887914821547,-0.00262665062417877,174,"success","pgls5_castespolymorphic"
"OG0008157_00",0.0062275326141287,0.160806673450095,1e-05,"1e-05 to 1",0.0125673536257512,0.00682646614683124,174,"success","pgls5_castespolymorphic"
"OG0008158_00",-0.0063216355717521,0.436448083357502,1e-05,"1e-05 to 1",0.00388695661678504,-0.0019043982866056,174,"success","pgls5_castespolymorphic"
"OG0008159_00",-0.0155829337280978,0.381800443463615,0.509668146153309,"1e-05 to 1",0.00484468276466444,-0.000941103963447931,174,"success","pgls5_castespolymorphic"
"OG0008160_00",0.0100623483153201,0.32801228962002,0.439638211925301,"1e-05 to 1",0.00609459766762302,0.000316077886620802,174,"success","pgls5_castespolymorphic"
"OG0008161_00",0.00542793460345641,0.0981024852859906,1,"1e-05 to 1",0.0174415793348564,0.0117290303775011,174,"success","pgls5_castespolymorphic"
"OG0008162_00",0.00836939775366154,0.297323630026118,1,"1e-05 to 1",0.00696056392130019,0.00118707882781943,174,"success","pgls5_castespolymorphic"
"OG0008163_00",-0.00837424960163077,0.439743549178201,1,"1e-05 to 1",0.003856284644887,-0.00193524858392191,174,"success","pgls5_castespolymorphic"
"OG0008164_00",0.0230919089162593,0.108558418555492,0.808354194593532,"1e-05 to 1",0.0169644645620641,0.011249141681611,174,"success","pgls5_castespolymorphic"
"OG0008165_00",-0.0335935190521443,0.083491153610979,1e-05,"1e-05 to 1",0.0190797212228302,0.0133766963462187,174,"success","pgls5_castespolymorphic"
"OG0008166_00",-0.0364169921202017,0.0856553277741661,0.729171417399999,"1e-05 to 1",0.018699365180027,0.0129941289310737,174,"success","pgls5_castespolymorphic"
"OG0008167_00",-0.0203968809854029,0.0593706785030472,1,"1e-05 to 1",0.0224585862418574,0.0167752059293101,174,"success","pgls5_castespolymorphic"
"OG0008168_00",-0.012484047604754,0.350745946412352,0.883071157587452,"1e-05 to 1",0.00565658327961133,-0.000124483096670014,174,"success","pgls5_castespolymorphic"
"OG0008169_00",-0.00211447282444364,0.808688200727454,1,"1e-05 to 1",0.000381823766346923,-0.00542990981640679,174,"success","pgls5_castespolymorphic"
"OG0008171_00",0.00276584439326609,0.834888371337901,1e-05,"1e-05 to 1",0.000288632211833827,-0.00552364318228338,174,"success","pgls5_castespolymorphic"
"OG0008173_00",-0.000470851965224027,0.879458118613606,1,"1e-05 to 1",0.000160262118422737,-0.00565275961344702,174,"success","pgls5_castespolymorphic"
"OG0008174_00",0.0395731834463858,0.0146010519969066,1,"1e-05 to 1",0.0376268089232527,0.0320316159518762,174,"success","pgls5_castespolymorphic"
"OG0008176_00",-0.00074428560009224,0.950920953712758,1,"1e-05 to 1",2.45202173609891e-05,-0.00578929071160772,174,"success","pgls5_castespolymorphic"
"OG0008177_00",-0.005097310716553,0.276061911384992,1e-05,"1e-05 to 1",0.00764934249595903,0.00187986192907519,174,"success","pgls5_castespolymorphic"
"OG0008178_00",-0.00302932359756648,0.808989913948038,1e-05,"1e-05 to 1",0.000373302555135984,-0.00543848056954332,174,"success","pgls5_castespolymorphic"
"OG0008179_00",0.0130886995708568,0.21764416439522,1e-05,"1e-05 to 1",0.0103205961967621,0.0045666461746503,174,"success","pgls5_castespolymorphic"
"OG0008181_00",0.0026462363513086,0.641416522916493,1,"1e-05 to 1",0.00138493891031203,-0.00442096260765146,174,"success","pgls5_castespolymorphic"
"OG0008182_00",0.00138287124390733,0.887761775210001,1e-05,"1e-05 to 1",0.000131473349004748,-0.00568171575943111,174,"success","pgls5_castespolymorphic"
"OG0008183_00",-0.0561306821401192,0.00222786605712821,0.777000819394162,"1e-05 to 1",0.0639511336369278,0.0585089890650495,174,"success","pgls5_castespolymorphic"
"OG0008184_00",0.0423124004406106,0.0561646193393908,0.887115488697564,"1e-05 to 1",0.0230348788646565,0.0173548490906139,174,"success","pgls5_castespolymorphic"
"OG0008186_00",0.0230769463090637,0.169402702601541,1,"1e-05 to 1",0.012069372284843,0.00632558956556872,174,"success","pgls5_castespolymorphic"
"OG0008187_00",-0.0144840680901927,0.306537916290194,1,"1e-05 to 1",0.00674431625521764,0.00096957390786423,174,"success","pgls5_castespolymorphic"
"OG0008188_00",0.0020708809165647,0.841434742856967,1,"1e-05 to 1",0.000255706858680971,-0.00555675996190819,174,"success","pgls5_castespolymorphic"
"OG0008189_00",0.0218135963026795,0.110970347783756,1,"1e-05 to 1",0.0165198774459661,0.0108019697566984,174,"success","pgls5_castespolymorphic"
"OG0008190_00",0.0207438923092051,0.079035210300912,1e-05,"1e-05 to 1",0.0197670529382251,0.014068024176238,174,"success","pgls5_castespolymorphic"
"OG0008191_00",-0.021235892364589,0.197965323254345,0.870594352337818,"1e-05 to 1",0.0108797082173274,0.00512900884649792,174,"success","pgls5_castespolymorphic"
"OG0008192_00",-0.00191260039672393,0.862513625475597,1e-05,"1e-05 to 1",0.000195352443143336,-0.00561746527521056,174,"success","pgls5_castespolymorphic"
"OG0008193_00",0.000458595359070362,0.985220021590929,0.708585777215579,"1e-05 to 1",4.26296700781696e-06,-0.00580966573667241,174,"success","pgls5_castespolymorphic"
"OG0008194_00",0.0266862411166391,0.183205861861172,0.93934413719923,"1e-05 to 1",0.0115485972963846,0.00580178681554966,174,"success","pgls5_castespolymorphic"
"OG0008195_00",0.0228991439418886,0.141183464323661,0.414059336394918,"1e-05 to 1",0.0145707110816908,0.00884147102984023,174,"success","pgls5_castespolymorphic"
"OG0008196_00",-0.00172263682872517,0.807407949253706,1e-05,"1e-05 to 1",0.000387052926865728,-0.00542465025379202,174,"success","pgls5_castespolymorphic"
"OG0008197_00",0.00764086058989794,0.207903467227683,1,"1e-05 to 1",0.0105523053322475,0.00479970245627226,174,"success","pgls5_castespolymorphic"
"OG0008199_00",0.00697897444574433,0.42101666029398,1,"1e-05 to 1",0.00418198506400237,-0.00160765455771861,174,"success","pgls5_castespolymorphic"
"OG0008200_00",0.00930227401951809,0.570498720461732,1e-05,"1e-05 to 1",0.00219449426517725,-0.00360670053560663,174,"success","pgls5_castespolymorphic"
"OG0008201_00",-0.0166102140921485,0.211678690476269,1e-05,"1e-05 to 1",0.0141445223292235,0.00841280443578873,174,"success","pgls5_castespolymorphic"
"OG0008202_00",-0.0113769569458699,0.58933282581547,1,"1e-05 to 1",0.0018964775580096,-0.00390644989804856,174,"success","pgls5_castespolymorphic"
"OG0008203_00",0.0095846043513316,0.552930778599862,0.951123730780765,"1e-05 to 1",0.00223300097915543,-0.00356796994538433,174,"success","pgls5_castespolymorphic"
"OG0008204_00",0.0126186728075088,0.252302671971879,0.372801594797318,"1e-05 to 1",0.00823404414899366,0.00246796301032504,174,"success","pgls5_castespolymorphic"
"OG0008205_00",-0.00881336928282239,0.508951697000693,1e-05,"1e-05 to 1",0.00283778434528314,-0.00295967039689549,174,"success","pgls5_castespolymorphic"
"OG0008206_00",-0.0193339868694589,0.36553449430086,1,"1e-05 to 1",0.00531989275533875,-0.000463131123990657,174,"success","pgls5_castespolymorphic"
"OG0008207_00",-0.00337082788156806,0.801714490193237,1,"1e-05 to 1",0.000397809683612519,-0.00541383095776182,174,"success","pgls5_castespolymorphic"
"OG0008209_00",-0.00856154328180264,0.694132891274029,0.818922877025615,"1e-05 to 1",0.00104790281954558,-0.00475995821057329,174,"success","pgls5_castespolymorphic"
"OG0008210_00",-0.0109546376933494,0.403282685466778,1e-05,"1e-05 to 1",0.00475664633301685,-0.00102965223481433,174,"success","pgls5_castespolymorphic"
"OG0008211_00",0.000382858208070471,0.978353239054025,1,"1e-05 to 1",4.99133471077118e-06,-0.00580893313427344,174,"success","pgls5_castespolymorphic"
"OG0008212_00",0.0127485499162313,0.189175386289583,1,"1e-05 to 1",0.0109556097466184,0.00520535166374991,174,"success","pgls5_castespolymorphic"
"OG0008213_00",0.0371449302791724,0.0223497040928824,1,"1e-05 to 1",0.0330012415251456,0.0273791557200593,174,"success","pgls5_castespolymorphic"
"OG0008214_00",0.0152932747943501,0.149907177384923,0.591418237487641,"1e-05 to 1",0.0130767777195139,0.00733885200858075,174,"success","pgls5_castespolymorphic"
"OG0008215_00",-0.0170226273874035,0.245489325138002,0.83695657090243,"1e-05 to 1",0.00852713530590034,0.0027627581855858,174,"success","pgls5_castespolymorphic"
"OG0008216_00",0.00333212974559911,0.898630459163259,0.898841321662056,"1e-05 to 1",0.00010238302488848,-0.00571097521333885,174,"success","pgls5_castespolymorphic"
"OG0008217_00",0.0218193093178612,0.116342886516883,1,"1e-05 to 1",0.0160394899162989,0.0103187892762775,174,"success","pgls5_castespolymorphic"
"OG0008218_00",0.00780724416262099,0.0762828227144992,1e-05,"1e-05 to 1",0.0201333179258043,0.0144364186114194,174,"success","pgls5_castespolymorphic"
"OG0008219_00",0.0104670441142439,0.142709655874553,1e-05,"1e-05 to 1",0.0138990903103523,0.00816594548657534,174,"success","pgls5_castespolymorphic"
"OG0008220_00",-0.00140835500493189,0.928812834251973,0.722060453688892,"1e-05 to 1",5.16578240438434e-05,-0.00576199532814203,174,"success","pgls5_castespolymorphic"
"OG0008221_00",-0.0125956690983339,0.522787375717188,0.722882046090311,"1e-05 to 1",0.00262284663640518,-0.00317585774361562,174,"success","pgls5_castespolymorphic"
"OG0008222_00",-0.00257661958030795,0.762773503085284,1,"1e-05 to 1",0.000581986036883031,-0.00522858381173985,174,"success","pgls5_castespolymorphic"
"OG0008223_00",0.0215444078280117,0.0733660077568459,0.428041628188086,"1e-05 to 1",0.0205371451340365,0.0148425936522576,174,"success","pgls5_castespolymorphic"
"OG0008224_00",0.0165798564753865,0.317438508675418,1,"1e-05 to 1",0.00628593018180353,0.000508522799139599,174,"success","pgls5_castespolymorphic"
"OG0008225_00",-0.0436587506144471,0.0350593610886358,0.407503776399943,"1e-05 to 1",0.0285248265152727,0.0228767150415242,174,"success","pgls5_castespolymorphic"
"OG0008226_00",-0.0223133907208291,0.323096559876936,0.685663350009327,"1e-05 to 1",0.00610270656675344,0.000324233930513618,174,"success","pgls5_castespolymorphic"
"OG0008227_00",-0.0210059869666782,0.0763297670457315,1,"1e-05 to 1",0.019998825599391,0.0143011443528758,174,"success","pgls5_castespolymorphic"
"OG0008228_00",0.0194751285678589,0.187210735749094,0.546708951531072,"1e-05 to 1",0.0109142545005756,0.00516375598023011,174,"success","pgls5_castespolymorphic"
"OG0008229_00",0.0161679061352746,0.0726091653131551,1,"1e-05 to 1",0.0202555053465177,0.0145593164241138,174,"success","pgls5_castespolymorphic"
"OG0008230_00",0.0444909811203956,0.0482184048807457,1e-05,"1e-05 to 1",0.0266441716017308,0.0209851260877874,174,"success","pgls5_castespolymorphic"
"OG0008231_00",-0.00181380969235308,0.897185287882049,1e-05,"1e-05 to 1",0.000108066391916058,-0.00570525880347983,174,"success","pgls5_castespolymorphic"
"OG0008232_00",0.0340763535360068,0.000971220282620422,0.971857526421145,"1e-05 to 1",0.0663487658911006,0.0609205610416302,174,"success","pgls5_castespolymorphic"
"OG0008233_00",0.0190862108167809,0.0970368151387804,0.902683374123089,"1e-05 to 1",0.0176644793829126,0.011953226356069,174,"success","pgls5_castespolymorphic"
"OG0008234_00",0.00551759451237324,0.650323700946556,0.775753736597902,"1e-05 to 1",0.00129563420327995,-0.00451078652809622,174,"success","pgls5_castespolymorphic"
"OG0008235_00",-0.0116069572366513,0.105889854621345,1e-05,"1e-05 to 1",0.0167798880204724,0.0110634920205914,174,"success","pgls5_castespolymorphic"
"OG0008236_00",-0.00188216714896871,0.546359271854908,1e-05,"1e-05 to 1",0.00235242484902515,-0.00344785175068973,174,"success","pgls5_castespolymorphic"
"OG0008237_00",-0.0234576255390084,0.203305532822316,1,"1e-05 to 1",0.0103540950825009,0.00460033982135277,174,"success","pgls5_castespolymorphic"
"OG0008238_00",0.0170279374424544,0.143186319964827,1,"1e-05 to 1",0.0135164512634181,0.00778108179401937,174,"success","pgls5_castespolymorphic"
"OG0008239_00",0.0274441383439797,0.13946651387368,1,"1e-05 to 1",0.0135141897498016,0.00777880713206802,174,"success","pgls5_castespolymorphic"
"OG0008240_00",-0.043966187748707,0.351915680166982,0.897169014408797,"1e-05 to 1",0.00555705301256755,-0.000224592028057025,174,"success","pgls5_castespolymorphic"
"OG0008241_00",0.0254060694742078,0.12090385250752,0.892651725198311,"1e-05 to 1",0.0154493200992194,0.00972518823933111,174,"success","pgls5_castespolymorphic"
"OG0008242_00",-0.00466642473142439,0.670474316246101,1e-05,"1e-05 to 1",0.00117113762409678,-0.00463600692460031,174,"success","pgls5_castespolymorphic"
"OG0008243_00",0.000843666308602534,0.915448098380575,1e-05,"1e-05 to 1",7.15647057590256e-05,-0.00574197270874244,174,"success","pgls5_castespolymorphic"
"OG0008244_00",0.0518851678427752,0.0458966266072742,0.859676767011295,"1e-05 to 1",0.0251439038026974,0.0194761358015503,174,"success","pgls5_castespolymorphic"
"OG0008245_00",-0.00555848025499176,0.623680787140474,1,"1e-05 to 1",0.00154688391859282,-0.0042580760586246,174,"success","pgls5_castespolymorphic"
"OG0008246_00",0.00815074746645177,0.34120159997521,1e-05,"1e-05 to 1",0.00580882020541187,2.86389275363508e-05,174,"success","pgls5_castespolymorphic"
"OG0008247_00",0.0152507150030085,0.567502193980538,0.841390832097957,"1e-05 to 1",0.00219877588680347,-0.00360239402083118,174,"success","pgls5_castespolymorphic"
"OG0008248_00",0.000984643095487211,0.929818924707139,1,"1e-05 to 1",4.92480225558982e-05,-0.00576441914010362,174,"success","pgls5_castespolymorphic"
"OG0008249_00",-0.00219687395734101,0.655015482534539,1,"1e-05 to 1",0.00127480393200878,-0.0045317379055958,174,"success","pgls5_castespolymorphic"
"OG0008250_00",0.00912998496389016,0.430012291679815,1e-05,"1e-05 to 1",0.00394639229653018,-0.00184461705058303,174,"success","pgls5_castespolymorphic"
"OG0008251_00",-0.00530659106733042,0.696507134085648,0.873020186953541,"1e-05 to 1",0.000965439833808238,-0.00484290063227411,174,"success","pgls5_castespolymorphic"
"OG0008252_00",0.0269835693160763,0.0585457569938825,0.652686876391342,"1e-05 to 1",0.0228929045572465,0.0172120493511841,174,"success","pgls5_castespolymorphic"
"OG0008253_00",0.00385131917548816,0.805470515161027,1,"1e-05 to 1",0.000382578744082627,-0.00542915044926584,174,"success","pgls5_castespolymorphic"
"OG0008254_00",0.00770390487786277,0.4099571503529,1,"1e-05 to 1",0.00432875542888504,-0.00146003087676116,174,"success","pgls5_castespolymorphic"
"OG0008255_00",-0.00398700005946936,0.757317822103129,1,"1e-05 to 1",0.000609932171345689,-0.0052004751997512,174,"success","pgls5_castespolymorphic"
"OG0008256_00",-0.00422574026232852,0.745321377860398,1,"1e-05 to 1",0.000682640463304549,-0.00512734418516447,174,"success","pgls5_castespolymorphic"
"OG0008257_00",-0.0116516231502426,0.478512673141601,0.698674054180777,"1e-05 to 1",0.00316374305925061,-0.00263181657412592,174,"success","pgls5_castespolymorphic"
"OG0008258_00",-0.00282001694436449,0.6316061158925,1,"1e-05 to 1",0.0014772856188339,-0.00432807899966137,174,"success","pgls5_castespolymorphic"
"OG0008260_00",0.0155246297695691,0.0921428402392515,1e-05,"1e-05 to 1",0.0181917444062929,0.0124835568737713,174,"success","pgls5_castespolymorphic"
"OG0008261_00",-0.0439852140224233,0.165457879631675,0.550741478674131,"1e-05 to 1",0.012616796372889,0.00687619635180114,174,"success","pgls5_castespolymorphic"
"OG0008262_00",0.00824325521849019,0.543806108385291,0.965906414840931,"1e-05 to 1",0.00247859740441667,-0.00332094563392982,174,"success","pgls5_castespolymorphic"
"OG0008263_00",0.00808504150623975,0.576246025940036,1e-05,"1e-05 to 1",0.00201958318579002,-0.00378262853987388,174,"success","pgls5_castespolymorphic"
"OG0008264_00",-0.0204168507725543,0.187925807273073,1,"1e-05 to 1",0.0111592091749052,0.00541013480964303,174,"success","pgls5_castespolymorphic"
"OG0008265_00",0.00957027873027591,0.538569952032517,1,"1e-05 to 1",0.00244486663931306,-0.00335487250813293,174,"success","pgls5_castespolymorphic"
"OG0008266_00",0.0106046086507032,0.128540394025913,1e-05,"1e-05 to 1",0.0149363362389816,0.00920922191478968,174,"success","pgls5_castespolymorphic"
"OG0008267_00",-4.69279782002126e-05,0.996919814116544,1,"1e-05 to 1",1.02426022305226e-07,-0.00581385046684968,174,"success","pgls5_castespolymorphic"
"OG0008268_00",0.0113170976032507,0.481433025252401,0.912061740814165,"1e-05 to 1",0.00320270764968071,-0.00259262544537919,174,"success","pgls5_castespolymorphic"
"OG0008269_00",0.0156275280183814,0.122593222088774,1,"1e-05 to 1",0.0156118378576951,0.00988865086849566,174,"success","pgls5_castespolymorphic"
"OG0008270_00",-0.0154996003277245,0.464941086581873,0.915793023682344,"1e-05 to 1",0.00345015241395237,-0.00234374204875731,174,"success","pgls5_castespolymorphic"
"OG0008271_00",-0.000342734283757586,0.968453136129326,1,"1e-05 to 1",9.99401347993498e-06,-0.00580390137016273,174,"success","pgls5_castespolymorphic"
"OG0008272_00",-0.0549538015175095,0.0343792225558819,0.395508958914805,"1e-05 to 1",0.0287365786578642,0.0230896983012239,174,"success","pgls5_castespolymorphic"
"OG0008273_00",-0.00104422414682247,0.943376577243792,1,"1e-05 to 1",3.18275956159403e-05,-0.00578194084859551,174,"success","pgls5_castespolymorphic"
"OG0008274_00",0.0174840638671365,0.39209322536242,0.962517074375425,"1e-05 to 1",0.00476020289542973,-0.00102607499471308,174,"success","pgls5_castespolymorphic"
"OG0008275_00",-0.0057010843651547,0.725840507362945,0.884770075032867,"1e-05 to 1",0.00078540719718792,-0.00502397997027026,174,"success","pgls5_castespolymorphic"
"OG0008276_00",0.0169050753658469,0.365391587205954,0.976856102925001,"1e-05 to 1",0.00525477395891387,-0.00052862851806923,174,"success","pgls5_castespolymorphic"
"OG0008277_00",0.00695732277861097,0.656172283519732,1,"1e-05 to 1",0.00128206134104521,-0.00452443830232085,174,"success","pgls5_castespolymorphic"
"OG0008278_00",-0.001465985780848,0.912028730581578,0.80155563005155,"1e-05 to 1",7.84905621453342e-05,-0.0057350065857491,174,"success","pgls5_castespolymorphic"
"OG0008281_00",-0.00844617587750189,0.459285022877628,0.38732149435975,"1e-05 to 1",0.00378267286788062,-0.00200928833637604,174,"success","pgls5_castespolymorphic"
"OG0008284_00",-0.0141661188995929,0.106688325381404,1,"1e-05 to 1",0.0170320131558991,0.0113170829998287,174,"success","pgls5_castespolymorphic"
"OG0008285_00",0.00127516062031631,0.932595720891687,0.576890553682713,"1e-05 to 1",4.63008649656564e-05,-0.00576738343233107,174,"success","pgls5_castespolymorphic"
"OG0008286_00",-0.0105412368035826,0.276692326717916,1e-05,"1e-05 to 1",0.00767887477218556,0.00190956590458202,174,"success","pgls5_castespolymorphic"
"OG0008287_00",-0.0132862189430429,0.289621340468878,1e-05,"1e-05 to 1",0.00723179929140663,0.00145989114775202,174,"success","pgls5_castespolymorphic"
"OG0008288_00",0.0105770446757933,0.316561039159842,1,"1e-05 to 1",0.00647149432692479,0.00069516580556972,174,"success","pgls5_castespolymorphic"
"OG0008289_00",-0.0316659965484899,0.0930675704301116,0.920041748939447,"1e-05 to 1",0.0175277692091109,0.0118157213556753,174,"success","pgls5_castespolymorphic"
"OG0008291_00",0.00198715856587639,0.92523115959407,1,"1e-05 to 1",5.73736177048796e-05,-0.00575624630312244,174,"success","pgls5_castespolymorphic"
"OG0008292_00",0.017734745035232,0.379490460459368,1,"1e-05 to 1",0.004922966414137,-0.00086236517647853,174,"success","pgls5_castespolymorphic"
"OG0008293_00",-0.00579733945446665,0.204802379856214,0.536946351034304,"1e-05 to 1",0.0103523819212508,0.00459861669986261,174,"success","pgls5_castespolymorphic"
"OG0008294_00",-0.00273839030031794,0.797025747602009,1,"1e-05 to 1",0.000425315198742064,-0.00538616552684656,174,"success","pgls5_castespolymorphic"
"OG0008295_00",0.0209654052769329,0.0526347200777357,1e-05,"1e-05 to 1",0.0249720059284038,0.0193032385210109,174,"success","pgls5_castespolymorphic"
"OG0008296_00",-0.00369680596416577,0.647045911559871,1,"1e-05 to 1",0.00143981143044082,-0.00436577106124281,174,"success","pgls5_castespolymorphic"
"OG0008297_00",0.0455388606797044,0.0256949385674441,0.923049921428573,"1e-05 to 1",0.0311020275283484,0.0254688997814201,174,"success","pgls5_castespolymorphic"
"OG0008299_00",0.0172111461447017,0.331287050266419,1e-05,"1e-05 to 1",0.00597480341842219,0.000195587159226962,174,"success","pgls5_castespolymorphic"
"OG0008301_00",0.025342356842701,0.140511398711243,0.866093913436624,"1e-05 to 1",0.0181647783350093,0.0124564340230036,174,"success","pgls5_castespolymorphic"
"OG0008302_00",0.00341662100741013,0.626296803274117,1e-05,"1e-05 to 1",0.00173559401705055,-0.0040682688084317,174,"success","pgls5_castespolymorphic"
"OG0008303_00",-0.0498880379591315,0.0260737257226005,1,"1e-05 to 1",0.0356213961510999,0.0300145438031412,174,"success","pgls5_castespolymorphic"
"OG0008305_00",-0.00252864695584912,0.77792806773477,0.964554337345266,"1e-05 to 1",0.000504856312043106,-0.00530616196521261,174,"success","pgls5_castespolymorphic"
"OG0008306_00",-0.00165725997117058,0.870235001114473,1,"1e-05 to 1",0.000172712242959377,-0.00564023710446526,174,"success","pgls5_castespolymorphic"
"OG0008307_00",0.0701257825033029,3.56413039437342e-05,1,"1e-05 to 1",0.106013327537413,0.100815730604491,174,"success","pgls5_castespolymorphic"
"OG0008308_00",0.0121622149161364,0.330032956589752,0.520176042094943,"1e-05 to 1",0.00616179707413287,0.000383667987354563,174,"success","pgls5_castespolymorphic"
"OG0008309_00",-0.0097546889151407,0.404000385444063,0.66143399002105,"1e-05 to 1",0.00455603152282135,-0.0012314334101855,174,"success","pgls5_castespolymorphic"
"OG0008310_00",-0.0107088144732762,0.34125007961717,1,"1e-05 to 1",0.00592156562781442,0.000142039846580788,174,"success","pgls5_castespolymorphic"
"OG0008311_00",-0.005216962045615,0.707878650577046,0.653877733700193,"1e-05 to 1",0.000914267725981894,-0.0048943702523554,174,"success","pgls5_castespolymorphic"
"OG0008312_00",-0.017557111849687,0.0769317793601649,0.0939285302341581,"1e-05 to 1",0.0203059075350404,0.0146100116486163,174,"success","pgls5_castespolymorphic"
"OG0008313_00",0.00368393534304001,0.895511830551778,1,"1e-05 to 1",0.000114599945309437,-0.00569868726431078,174,"success","pgls5_castespolymorphic"
"OG0008314_00",-0.0262781220535937,0.161139730387381,0.860457754126144,"1e-05 to 1",0.0128766420469903,0.0071375527565658,174,"success","pgls5_castespolymorphic"
"OG0008315_00",-0.000944185506480827,0.895716549139792,1,"1e-05 to 1",0.00011339536650927,-0.00569989884647626,174,"success","pgls5_castespolymorphic"
"OG0008316_00",0.00693515521976932,0.611420552608142,1,"1e-05 to 1",0.00169109308660359,-0.00411302846521866,174,"success","pgls5_castespolymorphic"
"OG0008317_00",0.00243408337185896,0.695524830880252,1,"1e-05 to 1",0.000990890645737915,-0.00481730185050799,174,"success","pgls5_castespolymorphic"
"OG0008318_00",0.0200089582662373,0.00364570647151963,1,"1e-05 to 1",0.0532372253344401,0.0477327905980125,174,"success","pgls5_castespolymorphic"
"OG0008319_00",0.0122813336364205,0.0955561710343984,1,"1e-05 to 1",0.0178209189560062,0.0121105754615644,174,"success","pgls5_castespolymorphic"
"OG0008320_00",-0.0306661588523528,0.106904547469824,0.489031537521543,"1e-05 to 1",0.0171232485676051,0.0114088488499747,174,"success","pgls5_castespolymorphic"
"OG0008321_00",0.00599731161844595,0.675161013611583,1,"1e-05 to 1",0.00112877240483941,-0.00467861845327211,174,"success","pgls5_castespolymorphic"
"OG0008322_00",0.0257930209780503,0.114900965602357,1,"1e-05 to 1",0.0159584171435408,0.0102372451501894,174,"success","pgls5_castespolymorphic"
"OG0008323_00",0.00855783211616399,0.561002559368351,1,"1e-05 to 1",0.00217107632410887,-0.00363025462749511,174,"success","pgls5_castespolymorphic"
"OG0008324_00",-0.0233298120312987,0.0800705378610373,0.717523044138847,"1e-05 to 1",0.0197594136742894,0.0140603404979771,174,"success","pgls5_castespolymorphic"
"OG0008325_00",-0.00128580799115591,0.888284376259817,0.81904731982047,"1e-05 to 1",0.000126083045778185,-0.00568713740163007,174,"success","pgls5_castespolymorphic"
"OG0008326_00",0.00401537444379426,0.875725068165947,1,"1e-05 to 1",0.000156268458877192,-0.00565677649194329,174,"success","pgls5_castespolymorphic"
"OG0008327_00",0.0018483382701423,0.788250940624105,1e-05,"1e-05 to 1",0.000472912339500681,-0.0053382916585254,174,"success","pgls5_castespolymorphic"
"OG0008328_00",0.00119811741079126,0.88231059761661,1e-05,"1e-05 to 1",0.00013913924987544,-0.00567400528936957,174,"success","pgls5_castespolymorphic"
"OG0008329_00",-0.012605366380076,0.552266299142436,0.876817181869926,"1e-05 to 1",0.0022404756456931,-0.00356045182148312,174,"success","pgls5_castespolymorphic"
"OG0008330_00",0.0254006430604437,0.0900797189811526,0.954291309033021,"1e-05 to 1",0.0181898438874167,0.0124816453053668,174,"success","pgls5_castespolymorphic"
"OG0008331_00",0.0222275298392739,0.13043675172023,0.156942244307028,"1e-05 to 1",0.0145089129824823,0.00877931363935713,174,"success","pgls5_castespolymorphic"
"OG0008332_00",0.00349861559183313,0.783838242438589,0.629020465413393,"1e-05 to 1",0.000493329983815749,-0.00531775530697609,174,"success","pgls5_castespolymorphic"
"OG0008333_00",-0.0065673220890097,0.577559133603606,0.805604514279098,"1e-05 to 1",0.00200572381760421,-0.00379656848578191,174,"success","pgls5_castespolymorphic"
"OG0008334_00",0.00511442089413739,0.104214773376192,1,"1e-05 to 1",0.0168329418738469,0.0111168543266018,174,"success","pgls5_castespolymorphic"
"OG0008335_00",0.0198022763554968,0.0885722203912607,1,"1e-05 to 1",0.0187158228816011,0.0130106823169591,174,"success","pgls5_castespolymorphic"
"OG0008336_00",-0.00550287496904113,0.587224731346775,1,"1e-05 to 1",0.00190560983487364,-0.00389726452655159,174,"success","pgls5_castespolymorphic"
"OG0008337_00",-0.0197051899317234,0.230687977192574,1,"1e-05 to 1",0.00925530713919495,0.00349516357605084,174,"success","pgls5_castespolymorphic"
"OG0008338_00",0.00440608019311536,0.744334556195236,0.674274863745784,"1e-05 to 1",0.000688130921010698,-0.00512182180619281,174,"success","pgls5_castespolymorphic"
"OG0008339_00",0.00303987276218778,0.797548233399094,0.91376353515941,"1e-05 to 1",0.000415074152269396,-0.00539646611428712,174,"success","pgls5_castespolymorphic"
"OG0008340_00",0.0144133063771064,0.169886922719996,1e-05,"1e-05 to 1",0.0121196460245727,0.00637615559448312,174,"success","pgls5_castespolymorphic"
"OG0008341_00",-0.0210055119383403,0.351589714829739,0.915943893870568,"1e-05 to 1",0.00556455955510799,-0.000217041842827337,174,"success","pgls5_castespolymorphic"
"OG0008342_00",0.000499913536067539,0.968158248526318,1,"1e-05 to 1",1.02473026505209e-05,-0.00580364660838062,174,"success","pgls5_castespolymorphic"
"OG0008343_00",-0.0142593905251498,0.444107274593257,0.948828111720906,"1e-05 to 1",0.00378339785881748,-0.00200855913037556,174,"success","pgls5_castespolymorphic"
"OG0008344_00",0.000510198914124332,0.971733149528072,0.84319200901758,"1e-05 to 1",8.23346240927763e-06,-0.00580567215699523,174,"success","pgls5_castespolymorphic"
"OG0008345_00",0.00248532824892892,0.8559286446422,1,"1e-05 to 1",0.000213333748896378,-0.00559937942698219,174,"success","pgls5_castespolymorphic"
"OG0008346_00",0.0137013080115875,0.403138214669773,0.912763333029002,"1e-05 to 1",0.00451367315683598,-0.00127403804574056,174,"success","pgls5_castespolymorphic"
"OG0008347_00",-0.0184122231374068,0.279913346312379,0.748536483570105,"1e-05 to 1",0.00972227409009459,0.00396484545108367,174,"success","pgls5_castespolymorphic"
"OG0008349_00",-0.0190167669032539,0.296233431812816,0.706702649127308,"1e-05 to 1",0.00784677061414996,0.00207843788516249,174,"success","pgls5_castespolymorphic"
"OG0008350_00",-0.00484897046255188,0.778274399500096,1,"1e-05 to 1",0.000788542778073302,-0.00502082615926347,174,"success","pgls5_castespolymorphic"
"OG0008352_00",-0.00132046222650088,0.779595872361105,1,"1e-05 to 1",0.000538089906269563,-0.00527273515241489,174,"success","pgls5_castespolymorphic"
"OG0008353_00",0.0147806260714219,0.573167021763317,0.397609076465668,"1e-05 to 1",0.00258774163265346,-0.00321116684622647,174,"success","pgls5_castespolymorphic"
"OG0008354_00",0.0145352790423949,0.238712174089626,1,"1e-05 to 1",0.00943081991602649,0.00367169677600332,174,"success","pgls5_castespolymorphic"
"OG0008356_00",-0.00967189108147992,0.657872570154291,1,"1e-05 to 1",0.00134697467613117,-0.0044591475641238,174,"success","pgls5_castespolymorphic"
"OG0008357_00",-0.00866540130710194,0.214294784981702,1,"1e-05 to 1",0.00968253842346085,0.00392487876313219,174,"success","pgls5_castespolymorphic"
"OG0008358_00",-0.0172722012758024,0.138399044445777,1,"1e-05 to 1",0.0148756040133551,0.00914813659482805,174,"success","pgls5_castespolymorphic"
"OG0008359_00",-0.0210467236740652,0.208061998541009,1,"1e-05 to 1",0.0118898300306854,0.00614500346109648,174,"success","pgls5_castespolymorphic"
"OG0008360_00",-0.00284337428051294,0.659079406284578,0.588791771347777,"1e-05 to 1",0.00134610049682199,-0.00446002682587099,174,"success","pgls5_castespolymorphic"
"OG0008361_00",-0.00420457203968603,0.518264930363873,1e-05,"1e-05 to 1",0.00275094312671576,-0.00304701650626837,174,"success","pgls5_castespolymorphic"
"OG0008362_00",0.00308968544175086,0.829945103047099,0.87218920655576,"1e-05 to 1",0.000292825471385771,-0.00551942554331553,174,"success","pgls5_castespolymorphic"
"OG0008363_00",0.00153193755365203,0.938228598297266,1,"1e-05 to 1",3.93806719466505e-05,-0.00577434385903053,174,"success","pgls5_castespolymorphic"
"OG0008364_00",0.010423277824084,0.472069575442466,0.960114361738074,"1e-05 to 1",0.00345304879797811,-0.0023408288252893,174,"success","pgls5_castespolymorphic"
"OG0008365_00",0.00239833531864204,0.758549032903527,1e-05,"1e-05 to 1",0.000619388909902816,-0.00519096348015591,174,"success","pgls5_castespolymorphic"
"OG0008366_00",-0.00374432360508652,0.769938192772062,0.933409002237009,"1e-05 to 1",0.000575792843956489,-0.005234813011602,174,"success","pgls5_castespolymorphic"
"OG0008367_00",0.0103450642571986,0.110776170158515,1e-05,"1e-05 to 1",0.0161184564002788,0.0103982148677224,174,"success","pgls5_castespolymorphic"
"OG0008368_00",0.0196998608064282,0.499536105487063,0.943141865369945,"1e-05 to 1",0.00290898207789091,-0.00288805872398168,174,"success","pgls5_castespolymorphic"
"OG0008369_00",-0.00226225767614435,0.725061025811628,1,"1e-05 to 1",0.000800290026640131,-0.00500901061273984,174,"success","pgls5_castespolymorphic"
"OG0008370_00",-0.0307530963309783,0.0480004733483566,1e-05,"1e-05 to 1",0.0347648258298402,0.0291529934218743,174,"success","pgls5_castespolymorphic"
"OG0008371_00",-0.00203305388271183,0.429045928520068,1e-05,"1e-05 to 1",0.0039881974338609,-0.0018025688601282,174,"success","pgls5_castespolymorphic"
"OG0008372_00",0.00482018246306694,0.664166425301425,1e-05,"1e-05 to 1",0.00124345589868742,-0.00456326819492481,174,"success","pgls5_castespolymorphic"
"OG0008373_00",0.00637019292602615,0.770112465335947,1,"1e-05 to 1",0.000685679455883657,-0.00512428752402405,174,"success","pgls5_castespolymorphic"
"OG0008374_00",8.91097176017763e-05,0.994182846383226,1,"1e-05 to 1",3.78328867712123e-07,-0.00581357295991802,174,"success","pgls5_castespolymorphic"
"OG0008375_00",-0.0212687347232964,0.209195360720845,0.989921668546847,"1e-05 to 1",0.0102875251244132,0.00453338282862492,174,"success","pgls5_castespolymorphic"
"OG0008376_00",-0.0176360742135843,0.536628768084918,1,"1e-05 to 1",0.00285599482070829,-0.00294135404661322,174,"success","pgls5_castespolymorphic"
"OG0008377_00",0.00703095186565347,0.751339824172039,1,"1e-05 to 1",0.000653910338104411,-0.00515624134597648,174,"success","pgls5_castespolymorphic"
"OG0008378_00",-0.014002134707558,0.163581772843192,0.636576635678849,"1e-05 to 1",0.0126458014862815,0.00690537009957382,174,"success","pgls5_castespolymorphic"
"OG0008379_00",-0.0419952975716961,0.0469358616534086,0.748773711954411,"1e-05 to 1",0.0257204518522931,0.0200560358746902,174,"success","pgls5_castespolymorphic"
"OG0008380_00",0.0158798515093604,0.210844064864973,0.398419623573811,"1e-05 to 1",0.0105581553383545,0.00480558647404261,174,"success","pgls5_castespolymorphic"
"OG0008381_00",0.00142577241623231,0.912411678263352,0.938075424006196,"1e-05 to 1",7.78059649602702e-05,-0.00573569516315042,174,"success","pgls5_castespolymorphic"
"OG0008382_00",0.0257094874942899,0.00121152482996489,1,"1e-05 to 1",0.0643293518067013,0.0588894061776704,174,"success","pgls5_castespolymorphic"
"OG0008383_00",-0.00581583356304819,0.60253041706013,0.341520179742434,"1e-05 to 1",0.00176518109201841,-0.00403850971558617,174,"success","pgls5_castespolymorphic"
"OG0008384_00",-0.00436315517253559,0.727985255456129,0.908840566556259,"1e-05 to 1",0.000808829185010717,-0.00500042180809968,174,"success","pgls5_castespolymorphic"
"OG0008385_00",-0.00986410041862161,0.204878187104807,1,"1e-05 to 1",0.0101528190959243,0.00439789362555165,174,"success","pgls5_castespolymorphic"
"OG0008386_00",0.0107524152491993,0.0820937569089883,1,"1e-05 to 1",0.0196272688018573,0.013927427341403,174,"success","pgls5_castespolymorphic"
"OG0008387_00",0.026527215309848,0.0146161068940689,0.821357237873555,"1e-05 to 1",0.040148156478306,0.0345676225043426,174,"success","pgls5_castespolymorphic"
"OG0008388_00",-0.0458865665476434,0.0466959432229817,0.948662788975452,"1e-05 to 1",0.0261161886971933,0.0204540735152002,174,"success","pgls5_castespolymorphic"
"OG0008389_00",-0.0113137821704724,0.356440741861517,0.7724636017009,"1e-05 to 1",0.00548901493715151,-0.000293025673679059,174,"success","pgls5_castespolymorphic"
"OG0008390_00",-0.00797033000131755,0.457209922130669,0.566305448783147,"1e-05 to 1",0.00366577434182724,-0.0021268665050227,174,"success","pgls5_castespolymorphic"
"OG0008391_00",-0.00866858581101029,0.305468069825583,1e-05,"1e-05 to 1",0.00677411658294706,0.000999547493313102,174,"success","pgls5_castespolymorphic"
"OG0008392_00",0.000949068973310454,0.923049850175868,1e-05,"1e-05 to 1",5.99988574157904e-05,-0.00575360580038975,174,"success","pgls5_castespolymorphic"
"OG0008393_00",-0.000779897859607067,0.965338548230587,1,"1e-05 to 1",1.20661169344079e-05,-0.00580181721959505,174,"success","pgls5_castespolymorphic"
"OG0008394_00",-0.00759750843591828,0.432960903431181,0.86713548659434,"1e-05 to 1",0.00413193485425228,-0.00165799575706016,174,"success","pgls5_castespolymorphic"
"OG0008395_00",0.00522322967130081,0.820604247389377,1,"1e-05 to 1",0.000334949691608298,-0.00547705641483587,174,"success","pgls5_castespolymorphic"
"OG0008396_00",-0.00212949091544686,0.838456291197578,1,"1e-05 to 1",0.000268974364350777,-0.00554341531957747,174,"success","pgls5_castespolymorphic"
"OG0008397_00",-0.00475629321759806,0.335701868151312,0.938517484912824,"1e-05 to 1",0.00662148631651281,0.000846029841608753,174,"success","pgls5_castespolymorphic"
"OG0008398_00",-0.00886138709036078,0.629324363470757,0.844367693426495,"1e-05 to 1",0.00146880563373889,-0.00433660828699511,174,"success","pgls5_castespolymorphic"
"OG0008399_00",-0.00651547648719681,0.835009854878153,1,"1e-05 to 1",0.000277153894479602,-0.00553518823404087,174,"success","pgls5_castespolymorphic"
"OG0008400_00",0.00217705960518641,0.779702489183419,1e-05,"1e-05 to 1",0.000512887718886183,-0.00529808386414365,174,"success","pgls5_castespolymorphic"
"OG0008401_00",0.0200844723482402,0.237757798871248,0.735123932485821,"1e-05 to 1",0.0089234763869665,0.00316140357526284,174,"success","pgls5_castespolymorphic"
"OG0008402_00",0.00508193323809417,0.5825066420404,1,"1e-05 to 1",0.00199271784781717,-0.00380965007167222,174,"success","pgls5_castespolymorphic"
"OG0008403_00",-0.000469552932736177,0.942143876113577,1,"1e-05 to 1",5.45802826167036e-05,-0.00575905587853076,174,"success","pgls5_castespolymorphic"
"OG0008404_00",0.0199874037862087,0.444206161338114,1,"1e-05 to 1",0.00378175890966686,-0.0020102076083004,174,"success","pgls5_castespolymorphic"
"OG0008405_00",0.00154935700044115,0.913754560056942,1,"1e-05 to 1",8.00629041323371e-05,-0.00573342510223895,174,"success","pgls5_castespolymorphic"
"OG0008406_00",-0.00212568119888224,0.547473894856131,1e-05,"1e-05 to 1",0.00232436835349726,-0.00347607136537764,174,"success","pgls5_castespolymorphic"
"OG0008407_00",-0.00193554053462586,0.90033362290017,1,"1e-05 to 1",0.000101515573928983,-0.0057118477076179,174,"success","pgls5_castespolymorphic"
"OG0008408_00",0.0143515325439206,0.209043460011639,1,"1e-05 to 1",0.0100967594199088,0.00434150802118738,174,"success","pgls5_castespolymorphic"
"OG0008409_00",-0.0111784028615336,0.107162965426947,1,"1e-05 to 1",0.0178018538522543,0.012091399514186,174,"success","pgls5_castespolymorphic"
"OG0008410_00",-0.000261090883708191,0.987483823047308,1,"1e-05 to 1",1.64609506121108e-06,-0.00581229782299086,174,"success","pgls5_castespolymorphic"
"OG0008411_00",0.00250207458197033,0.595005919141395,1,"1e-05 to 1",0.00178133041346891,-0.00402226650273163,174,"success","pgls5_castespolymorphic"
"OG0008412_00",0.0326735160278347,0.0669147169519644,0.763752184666285,"1e-05 to 1",0.0234457402780331,0.0177680992331379,174,"success","pgls5_castespolymorphic"
"OG0008413_00",0.0114501417053456,0.477052955171246,1e-05,"1e-05 to 1",0.00328832522750222,-0.00250651009094249,174,"success","pgls5_castespolymorphic"
"OG0008414_00",-0.00220669406882042,0.790229750419311,1e-05,"1e-05 to 1",0.000454958593873196,-0.00535634978639488,174,"success","pgls5_castespolymorphic"
"OG0008415_00",-0.00815313695126889,0.166874871240464,1e-05,"1e-05 to 1",0.0122127839505891,0.00646983502006926,174,"success","pgls5_castespolymorphic"
"OG0008416_00",-0.00465385033986877,0.665819189383187,1,"1e-05 to 1",0.00133624107744161,-0.00446994356745711,174,"success","pgls5_castespolymorphic"
"OG0008418_00",0.0162653480001773,0.0622443986684966,1e-05,"1e-05 to 1",0.0336709032291747,0.0280527108060884,174,"success","pgls5_castespolymorphic"
"OG0008419_00",-0.0122313201795,0.592515279572701,1,"1e-05 to 1",0.00276361021956386,-0.0030342757675319,174,"success","pgls5_castespolymorphic"
"OG0008420_00",-0.00931704807004985,0.351920768898671,1,"1e-05 to 1",0.00570323248277017,-7.7562677213816e-05,174,"success","pgls5_castespolymorphic"
"OG0008421_00",-0.0131535493100029,0.286263535778254,0.497668186016329,"1e-05 to 1",0.00733287338746863,0.00156155288390736,174,"success","pgls5_castespolymorphic"
"OG0008422_00",-0.0171556021881676,0.185541701925446,0.498555021590948,"1e-05 to 1",0.0132396936401455,0.0075027151147975,174,"success","pgls5_castespolymorphic"
"OG0008424_00",0.0180139649167839,0.412310249321842,0.623100690435565,"1e-05 to 1",0.00436909115101257,-0.00141946064462117,174,"success","pgls5_castespolymorphic"
"OG0008425_00",0.00471356476697046,0.622670474998866,0.81236815795282,"1e-05 to 1",0.00157615486438327,-0.00422863493291681,174,"success","pgls5_castespolymorphic"
"OG0008426_00",-0.0220084857414535,0.0350952349443103,0.152316579246708,"1e-05 to 1",0.0288846963287947,0.0232386771214039,174,"success","pgls5_castespolymorphic"
"OG0008427_00",-0.000515040195012213,0.959358872278039,1,"1e-05 to 1",1.68071013404022e-05,-0.00579704867132613,174,"success","pgls5_castespolymorphic"
"OG0008429_00",0.0169299546664584,0.29248072023818,1e-05,"1e-05 to 1",0.0072402782254715,0.00146841937794517,174,"success","pgls5_castespolymorphic"
"OG0008430_00",-0.0190527929767027,0.482159647231772,0.819780766670824,"1e-05 to 1",0.00604257541393564,0.000263753177970116,174,"success","pgls5_castespolymorphic"
"OG0008431_00",0.0113252982373206,0.0171878622799702,1e-05,"1e-05 to 1",0.0358496817821742,0.0302441566762566,174,"success","pgls5_castespolymorphic"
"OG0008432_00",-0.00705184453992954,0.445871750562941,1,"1e-05 to 1",0.00409843722841634,-0.00169168813653475,174,"success","pgls5_castespolymorphic"
"OG0008433_00",0.000875952772675187,0.934819443019891,1,"1e-05 to 1",4.44401254623837e-05,-0.00576925499008718,174,"success","pgls5_castespolymorphic"
"OG0008434_00",-0.00539973203158294,0.730024713502564,1,"1e-05 to 1",0.00076065822133155,-0.00504887283552113,174,"success","pgls5_castespolymorphic"
"OG0008435_00",0.00230699117296035,0.837478084510694,0.891276772866858,"1e-05 to 1",0.000370626902826801,-0.00544117177797077,174,"success","pgls5_castespolymorphic"
"OG0008436_00",-0.0049236276842636,0.794180990827065,0.737978599193002,"1e-05 to 1",0.000440425672095444,-0.005370967201904,174,"success","pgls5_castespolymorphic"
"OG0008438_00",0.000411717903089268,0.985548643084205,0.884741211188955,"0.001 to 1",2.33509763471466e-06,-0.00581160481458842,174,"success","pgls5_castespolymorphic"
"OG0008440_00",0.0197386611172632,0.28576020768455,0.797987498393146,"1e-05 to 1",0.00739584568046843,0.00162489129488985,174,"success","pgls5_castespolymorphic"
"OG0008441_00",-0.00174297577252394,0.886950218163553,0.591972913767261,"1e-05 to 1",0.00013165637778181,-0.00568153166653351,174,"success","pgls5_castespolymorphic"
"OG0008442_00",-0.00290417364216588,0.53976738715623,1e-05,"1e-05 to 1",0.00239947379832419,-0.00340052926098777,174,"success","pgls5_castespolymorphic"
"OG0008443_00",0.00517372613501219,0.610416135835025,0.92360952998631,"1e-05 to 1",0.00174640459325065,-0.00405739538004446,174,"success","pgls5_castespolymorphic"
"OG0008444_00",0.00758669267590735,0.697498364420335,0.380321144797839,"1e-05 to 1",0.000996773711654451,-0.00481138458071961,174,"success","pgls5_castespolymorphic"
"OG0008445_00",0.0181689802016695,0.085785128251572,1e-05,"1e-05 to 1",0.0188030340026447,0.0130984004794042,174,"success","pgls5_castespolymorphic"
"OG0008446_00",0.0104467169895684,0.431282560513228,1e-05,"1e-05 to 1",0.0041069123072227,-0.00168316378401445,174,"success","pgls5_castespolymorphic"
"OG0008447_00",-0.0247189178202919,0.0519805577630454,1,"1e-05 to 1",0.0244588549758288,0.018787104132665,174,"success","pgls5_castespolymorphic"
"OG0008448_00",0.0420524709037176,0.0024600288357961,0.95579599785333,"1e-05 to 1",0.0579893459833696,0.0525125398553659,174,"success","pgls5_castespolymorphic"
"OG0008449_00",-0.000739971443954518,0.552579747846174,1e-05,"1e-05 to 1",0.00228033340157783,-0.00352036233445951,174,"success","pgls5_castespolymorphic"
"OG0008450_00",0.011779074594851,0.254541978905794,1e-05,"1e-05 to 1",0.00836733383182434,0.00260202763317219,174,"success","pgls5_castespolymorphic"
"OG0008452_00",-0.0075021116065388,0.553727165093982,0.338827249557043,"1e-05 to 1",0.00221004840543063,-0.00359105596430531,174,"success","pgls5_castespolymorphic"
"OG0008453_00",-0.0140594957346012,0.227545067152811,1e-05,"1e-05 to 1",0.00962862376103359,0.00387065064336511,174,"success","pgls5_castespolymorphic"
"OG0008454_00",0.00603213793470465,0.403906000615239,1,"1e-05 to 1",0.00452823215954588,-0.00125939439766598,174,"success","pgls5_castespolymorphic"
"OG0008455_00",-0.0185215922722007,0.307418939236511,0.887743193134399,"1e-05 to 1",0.00646948335434226,0.000693143141286101,174,"success","pgls5_castespolymorphic"
"OG0008456_00",-0.00946243867264915,0.638197249177221,1,"1e-05 to 1",0.00147787881383,-0.004327482355857,174,"success","pgls5_castespolymorphic"
"OG0008457_00",0.00374853027604939,0.748588557803887,1,"1e-05 to 1",0.000635837362449642,-0.00517441939707108,174,"success","pgls5_castespolymorphic"
"OG0008458_00",0.00177790226494498,0.863347785853124,1,"1e-05 to 1",0.00018687927418793,-0.00562598770677614,174,"success","pgls5_castespolymorphic"
"OG0008459_00",0.0351080165854945,0.280688722804033,1,"1e-05 to 1",0.0074559488030767,0.00168534385425723,174,"success","pgls5_castespolymorphic"
"OG0008461_00",0.029354618069267,0.11618644078167,0.915893744095409,"1e-05 to 1",0.0157458836123312,0.0100234759589146,174,"success","pgls5_castespolymorphic"
"OG0008462_00",-0.00685617516515168,0.656334609110319,0.829799154157744,"1e-05 to 1",0.00125638876334946,-0.00455026013918935,174,"success","pgls5_castespolymorphic"
"OG0008463_00",0.0319119917157821,0.0399314843731766,1,"1e-05 to 1",0.0271220821314049,0.0214658151670525,174,"success","pgls5_castespolymorphic"
"OG0008464_00",0.00136863368624601,0.947304414971637,0.629527039823979,"1e-05 to 1",2.8456641729693e-05,-0.00578533140105097,174,"success","pgls5_castespolymorphic"
"OG0008465_00",-0.0223225567080682,0.117777542575257,0.973891300751104,"1e-05 to 1",0.0161250857995422,0.0104048828100046,174,"success","pgls5_castespolymorphic"
"OG0008466_00",-0.0516508174677167,0.156175497272851,0.739082838807629,"1e-05 to 1",0.0130993760613229,0.00736158173609802,174,"success","pgls5_castespolymorphic"
"OG0008467_00",-0.0182378897042792,0.111224367840456,1,"1e-05 to 1",0.0157783648597535,0.0100561460507986,174,"success","pgls5_castespolymorphic"
"OG0008468_00",0.0132727094842459,0.197329380909747,1,"1e-05 to 1",0.0107690654858066,0.00501772284328228,174,"success","pgls5_castespolymorphic"
"OG0008469_00",-0.00447239081817506,0.382916067673397,1e-05,"1e-05 to 1",0.00479172719765398,-0.000994367411661923,174,"success","pgls5_castespolymorphic"
"OG0008470_00",-0.00139059291140707,0.9367458843531,0.437231448979444,"1e-05 to 1",4.12978708652811e-05,-0.00577241551360652,174,"success","pgls5_castespolymorphic"
"OG0008471_00",-0.000400005757825179,0.982337996507189,1,"1e-05 to 1",3.19270929691894e-06,-0.00581074221681188,174,"success","pgls5_castespolymorphic"
"OG0008472_00",0.0507086320626987,0.000756384559801093,0.742090920729067,"1e-05 to 1",0.069927063539093,0.0645196627457156,174,"success","pgls5_castespolymorphic"
"OG0008475_00",0.00295124281886552,0.75357484376223,1e-05,"1e-05 to 1",0.000831304996106369,-0.00497781532368369,174,"success","pgls5_castespolymorphic"
"OG0008476_00",0.00214767725091704,0.869297962011529,1e-05,"1e-05 to 1",0.000182317670804383,-0.00563057583110971,174,"success","pgls5_castespolymorphic"
"OG0008478_00",0.00262808738414314,0.528459668950047,1,"1e-05 to 1",0.00258525310158808,-0.00321366984549565,174,"success","pgls5_castespolymorphic"
"OG0008479_00",-0.0136012309425377,0.423453750327185,0.846991899406153,"1e-05 to 1",0.00427648736071711,-0.00151260282904619,174,"success","pgls5_castespolymorphic"
"OG0008480_00",0.00157821658697355,0.898283098987151,1,"1e-05 to 1",0.000109295359465159,-0.00570402269077053,174,"success","pgls5_castespolymorphic"
"OG0008481_00",0.00413726230326044,0.714359631893475,1e-05,"1e-05 to 1",0.000872326779093143,-0.00493655504195867,174,"success","pgls5_castespolymorphic"
"OG0008482_00",0.0357879245045724,0.096540566739757,0.392095512365874,"1e-05 to 1",0.0184257956133309,0.012718968843641,174,"success","pgls5_castespolymorphic"
"OG0008484_00",-0.0226787002517157,0.268045049031919,1e-05,"1e-05 to 1",0.0137653577644008,0.00803143542582174,174,"success","pgls5_castespolymorphic"
"OG0008485_00",0.0264742201062264,0.435013808866537,0.561442494958674,"1e-05 to 1",0.00744924717143681,0.00167860325964286,174,"success","pgls5_castespolymorphic"
"OG0008486_00",-0.00757795343327883,0.678840261925063,0.33910000230307,"1e-05 to 1",0.00129299714811609,-0.00451343891497635,174,"success","pgls5_castespolymorphic"
"OG0008487_00",0.00179827732565443,0.889159295247768,0.916703676987666,"1e-05 to 1",0.000182361267554513,-0.00563053198088981,174,"success","pgls5_castespolymorphic"
"OG0008488_00",0.0301619874044166,0.0499008706487252,1,"1e-05 to 1",0.0253894348502807,0.0197230943552241,174,"success","pgls5_castespolymorphic"
"OG0008489_00",0.00278188112358605,0.658798482019031,1,"1e-05 to 1",0.00137703762074987,-0.00442890983494326,174,"success","pgls5_castespolymorphic"
"OG0008490_00",0.000676977675613073,0.974420403079765,0.881517872003273,"1e-05 to 1",6.56958769562257e-06,-0.00580734570539909,174,"success","pgls5_castespolymorphic"
"OG0008491_00",0.0123014579580216,0.0562543951022172,1e-05,"1e-05 to 1",0.0236148347884727,0.0179381768511964,174,"success","pgls5_castespolymorphic"
"OG0008492_00",-0.00767153974520992,0.409613650007544,1,"1e-05 to 1",0.00439109098815238,-0.00139733290145139,174,"success","pgls5_castespolymorphic"
"OG0008493_00",0.00256863461658999,0.824927039127867,0.804949416199388,"1e-05 to 1",0.000308688543141108,-0.00550347024439879,174,"success","pgls5_castespolymorphic"
"OG0008495_00",-0.0147339692402244,0.530937891284753,0.736362613450707,"1e-05 to 1",0.00262259969675961,-0.0031761061189568,174,"success","pgls5_castespolymorphic"
"OG0008496_00",-0.00153517067995208,0.827615862936281,0.886905749680361,"1e-05 to 1",0.00030687396977807,-0.00550529536760691,174,"success","pgls5_castespolymorphic"
"OG0008497_00",-0.00939813931752169,0.348198997634898,0.975118303849283,"0.001 to 1",0.00550207553849074,-0.0002798891386111,174,"success","pgls5_castespolymorphic"
"OG0008498_00",-0.00987983199102126,0.307195746992078,1e-05,"1e-05 to 1",0.00760961394299457,0.00183990239615139,174,"success","pgls5_castespolymorphic"
"OG0008499_00",5.00604262453764e-05,0.995594502432107,1,"1e-05 to 1",1.96056633670927e-07,-0.00581375629187431,174,"success","pgls5_castespolymorphic"
"OG0008500_00",0.0256850767064947,0.266864748000296,0.918913980044004,"1e-05 to 1",0.00815778831791988,0.0023912638313961,174,"success","pgls5_castespolymorphic"
"OG0008501_00",-0.0208693834554652,0.240281607606815,0.557744031015388,"1e-05 to 1",0.00894303082191582,0.00318107169878745,174,"success","pgls5_castespolymorphic"
"OG0008502_00",-0.0026535175574176,0.874984981262754,0.972765804880892,"1e-05 to 1",0.00017247638756336,-0.00564047433111359,174,"success","pgls5_castespolymorphic"
"OG0008503_00",0.015377110719292,0.31129372898865,0.852412463645094,"1e-05 to 1",0.00661344900635347,0.000837945802901863,174,"success","pgls5_castespolymorphic"
"OG0008504_00",-0.000167528545398522,0.979151636567043,1,"1e-05 to 1",4.62985244723902e-06,-0.00580929671817798,174,"success","pgls5_castespolymorphic"
"OG0008505_00",-6.46036532151941e-05,0.996972407571825,1,"1e-05 to 1",9.3193573195022e-08,-0.00581385975297599,174,"success","pgls5_castespolymorphic"
"OG0008506_00",0.00133920693055091,0.938711546418486,0.870421196170996,"1e-05 to 1",3.72986559080824e-05,-0.00577643797981331,174,"success","pgls5_castespolymorphic"
"OG0008507_00",0.00203521841445914,0.875845710654985,0.859289259925672,"1e-05 to 1",0.000164363998154583,-0.00564863388557701,174,"success","pgls5_castespolymorphic"
"OG0008508_00",0.0414452786299829,0.11837263582347,0.709167225744775,"1e-05 to 1",0.0160733922973218,0.0103528887641668,174,"success","pgls5_castespolymorphic"
"OG0008511_00",-0.019197463555298,0.148464959183523,1e-05,"1e-05 to 1",0.0218519187223229,0.0161650112730342,174,"success","pgls5_castespolymorphic"
"OG0008513_00",-0.00310442717949279,0.817305621885814,1e-05,"1e-05 to 1",0.000558647197828731,-0.0052520583417186,174,"success","pgls5_castespolymorphic"
"OG0008514_00",0.00249903503370013,0.857862478443724,0.943018803926983,"1e-05 to 1",0.000211694616933614,-0.00560102808878193,174,"success","pgls5_castespolymorphic"
"OG0008515_00",0.000872141031485176,0.902564710236832,1,"1e-05 to 1",9.82712225533623e-05,-0.00571511092150145,174,"success","pgls5_castespolymorphic"
"OG0008516_00",0.0099399611544,0.130108561012726,1,"1e-05 to 1",0.0168905298842079,0.0111747771509766,174,"success","pgls5_castespolymorphic"
"OG0008517_00",-0.0107272411952125,0.435251024813648,1,"1e-05 to 1",0.00403679160182184,-0.00175369216793508,174,"success","pgls5_castespolymorphic"
"OG0008518_00",-0.0028644907341983,0.928078104827636,0.791788895922983,"1e-05 to 1",6.05734761192159e-05,-0.00575302784088016,174,"success","pgls5_castespolymorphic"
"OG0008519_00",-0.00515058875431275,0.286245042951244,1e-05,"1e-05 to 1",0.00747810423161271,0.00170762809342428,174,"success","pgls5_castespolymorphic"
"OG0008520_00",-0.0193982093517233,0.299990793030535,0.0883594587347661,"1e-05 to 1",0.0069737932920517,0.00120038511351717,174,"success","pgls5_castespolymorphic"
"OG0008521_00",-0.000607588951960917,0.94468735108881,1,"1e-05 to 1",3.19830262832175e-05,-0.00578178451426159,174,"success","pgls5_castespolymorphic"
"OG0008522_00",0.00195865911307544,0.686620918847301,1e-05,"1e-05 to 1",0.00105295292930965,-0.00475487873970604,174,"success","pgls5_castespolymorphic"
"OG0008523_00",0.0303554074968042,0.148086624509176,1,"1e-05 to 1",0.0138947410350161,0.00816157092475467,174,"success","pgls5_castespolymorphic"
"OG0008524_00",-0.0385497707496802,0.290726639710256,0.870488165790008,"1e-05 to 1",0.007292916721313,0.00152136391155322,174,"success","pgls5_castespolymorphic"
"OG0008526_00",0.00620532162262599,0.642441810103255,0.830178081203317,"1e-05 to 1",0.00170258876570109,-0.00410146595077743,174,"success","pgls5_castespolymorphic"
"OG0008528_00",0.0893093369144536,0.00572312509566331,1e-05,"1e-05 to 1",0.0656166909994741,0.0601842299006339,174,"success","pgls5_castespolymorphic"
"OG0008529_00",0.00394988111634847,0.517042155481201,1e-05,"1e-05 to 1",0.00294153493735183,-0.00285531660370997,174,"success","pgls5_castespolymorphic"
"OG0008530_00",-0.00932714756096596,0.191355165816884,1,"1e-05 to 1",0.0124286029844,0.00668690881570466,174,"success","pgls5_castespolymorphic"
"OG0008531_00",0.00533224850547419,0.455042391915553,1,"1e-05 to 1",0.00375091162336887,-0.00204123423928593,174,"success","pgls5_castespolymorphic"
"OG0008532_00",-0.005431935433101,0.646172254134751,0.484785284565295,"1e-05 to 1",0.00139941133562066,-0.00440640604033504,174,"success","pgls5_castespolymorphic"
"OG0008534_00",0.0103408540541829,0.202523062023851,1,"1e-05 to 1",0.0111763180221072,0.00542734312688697,174,"success","pgls5_castespolymorphic"
"OG0008535_00",-0.00326646278777349,0.369952112215558,1,"1e-05 to 1",0.00532675700970833,-0.000456226961165429,174,"success","pgls5_castespolymorphic"
"OG0008536_00",0.0252149052410671,0.282158277018336,1e-05,"1e-05 to 1",0.00791800832123928,0.00215008976496733,174,"success","pgls5_castespolymorphic"
"OG0008537_00",0.000174930825300638,0.987108793825495,1,"1e-05 to 1",1.76990468103936e-06,-0.00581217329354744,174,"success","pgls5_castespolymorphic"
"OG0008538_00",0.00649894744910147,0.663106710537442,0.135676202430699,"1e-05 to 1",0.00118907739575635,-0.00461796285194271,174,"success","pgls5_castespolymorphic"
"OG0008539_00",-0.00468538468710799,0.770784673491052,1,"1e-05 to 1",0.000571443050913517,-0.00523918809413937,174,"success","pgls5_castespolymorphic"
"OG0008540_00",-0.00683823444496133,0.733536323748823,1,"1e-05 to 1",0.000754690299172167,-0.00505487545490246,174,"success","pgls5_castespolymorphic"
"OG0008541_00",-0.0163156947064455,0.379030279969873,0.735813940164328,"1e-05 to 1",0.00506150447767775,-0.000723021659079892,174,"success","pgls5_castespolymorphic"
"OG0008542_00",0.00784941453025544,0.503134932667249,0.678261027767864,"1e-05 to 1",0.00301440233129757,-0.00278202556212515,174,"success","pgls5_castespolymorphic"
"OG0008543_00",-0.00103817253638745,0.935970232649936,1,"1e-05 to 1",4.34589523574823e-05,-0.00577024186768704,174,"success","pgls5_castespolymorphic"
"OG0008544_00",-0.00770061923287614,0.687924808690731,1,"1e-05 to 1",0.00105052387707047,-0.00475732191434175,174,"success","pgls5_castespolymorphic"
"OG0008545_00",-0.00789393363524224,0.598192521585649,0.713761979751961,"1e-05 to 1",0.00183151522549497,-0.00397178991854297,174,"success","pgls5_castespolymorphic"
"OG0008546_00",0.0177266087783751,0.306553076906787,0.733112625142646,"1e-05 to 1",0.00657426498871079,0.00079853397120333,174,"success","pgls5_castespolymorphic"
"OG0008552_00",0.00272163123620888,0.806197761550437,1e-05,"1e-05 to 1",0.000756790211722082,-0.00505276333355864,174,"success","pgls5_castespolymorphic"
"OG0008553_00",0.0229486784402151,0.0422043635292646,1,"1e-05 to 1",0.0277771082368592,0.0221246495638178,174,"success","pgls5_castespolymorphic"
"OG0008554_00",-0.00734907795739502,0.477176487414411,1,"1e-05 to 1",0.0035151019852854,-0.00227841486363745,174,"success","pgls5_castespolymorphic"
"OG0008556_00",-0.0014630915981791,0.69009564407785,1,"1e-05 to 1",0.00106285220813121,-0.00474492190693776,174,"success","pgls5_castespolymorphic"
"OG0008557_00",0.00445095674172256,0.362495435677669,1,"1e-05 to 1",0.00553129146427073,-0.000250503352797526,174,"success","pgls5_castespolymorphic"
"OG0008558_00",0.00423159285317907,0.583096922093039,1e-05,"1e-05 to 1",0.00243631443285853,-0.00336347443671792,174,"success","pgls5_castespolymorphic"
"OG0008560_00",0.0456361442751754,0.00745006536528114,0.735997529490768,"1e-05 to 1",0.0490106619038958,0.0434816541242673,174,"success","pgls5_castespolymorphic"
"OG0008561_00",0.011456726307521,0.537320547312825,1,"1e-05 to 1",0.00250857188025224,-0.00329079688788592,174,"success","pgls5_castespolymorphic"
"OG0008562_00",-0.00211477697198665,0.562358601243686,1e-05,"1e-05 to 1",0.00238600658710306,-0.00341407476994871,174,"success","pgls5_castespolymorphic"
"OG0008563_00",0.00341220856468831,0.799894494586294,1,"1e-05 to 1",0.000426843084649243,-0.00538462875788182,174,"success","pgls5_castespolymorphic"
"OG0008564_00",0.00696469282291806,0.523857317219928,1,"1e-05 to 1",0.00264334084402179,-0.00315524438362913,174,"success","pgls5_castespolymorphic"
"OG0008565_00",-0.00045528386709374,0.986941610141436,1,"1e-05 to 1",1.8161135811798e-06,-0.00581212681599097,174,"success","pgls5_castespolymorphic"
"OG0008566_00",-0.0138356644937954,0.457025624221745,0.916206583165797,"1e-05 to 1",0.00364460088522611,-0.00214816306311572,174,"success","pgls5_castespolymorphic"
"OG0008567_00",0.0010995050380394,0.869340314682275,1e-05,"1e-05 to 1",0.00017741997322676,-0.00563550200367313,174,"success","pgls5_castespolymorphic"
"OG0008568_00",-0.00430405299536878,0.787808565070952,1e-05,"1e-05 to 1",0.000530593289860159,-0.00528027535380349,174,"success","pgls5_castespolymorphic"
"OG0008570_00",0.0339724516958137,0.0867119995305425,1,"1e-05 to 1",0.0222344257585991,0.0165497421874282,174,"success","pgls5_castespolymorphic"
"OG0008571_00",-0.0101005241649621,0.362317330859523,1,"1e-05 to 1",0.00638752160233479,0.000610704867464618,174,"success","pgls5_castespolymorphic"
"OG0008572_00",0.00920770564418376,0.708871633420157,0.662728651665494,"1e-05 to 1",0.00102829470336564,-0.0047796803274287,174,"success","pgls5_castespolymorphic"
"OG0008574_00",0.0200771735864,0.274518803207993,1,"1e-05 to 1",0.00834405689570802,0.00257861536603199,174,"success","pgls5_castespolymorphic"
"OG0008575_00",-0.00555587107219157,0.644910787046392,1e-05,"1e-05 to 1",0.00204982097978389,-0.00375221494475242,174,"success","pgls5_castespolymorphic"
"OG0008576_00",0.0203722969651924,0.434191439160029,1,"1e-05 to 1",0.00405541898094913,-0.00173495649009192,174,"success","pgls5_castespolymorphic"
"OG0008577_00",-0.0157090133903977,0.191055278083594,0.773275844788559,"1e-05 to 1",0.0113692988425266,0.00562144592882041,174,"success","pgls5_castespolymorphic"
"OG0008578_00",0.00528657259876911,0.588751166153945,1,"1e-05 to 1",0.00195325373911807,-0.00384934362286393,174,"success","pgls5_castespolymorphic"
"OG0008579_00",0.00129271125457421,0.941322383175028,1e-05,"1e-05 to 1",5.61440239464682e-05,-0.00575748304568169,174,"success","pgls5_castespolymorphic"
"OG0008580_00",-0.00261914696228432,0.681768792398791,1,"1e-05 to 1",0.00106698998915705,-0.00474076006904545,174,"success","pgls5_castespolymorphic"
"OG0008581_00",-0.00330955632695728,0.754767143499356,1,"1e-05 to 1",0.000643806255644763,-0.00516640417310144,174,"success","pgls5_castespolymorphic"
"OG0008583_00",0.00514681268262734,0.0604689028606413,1,"1e-05 to 1",0.0231460929043702,0.0174667097235817,174,"success","pgls5_castespolymorphic"
"OG0008584_00",-0.0122408066656284,0.273757747309224,0.906226215990029,"1e-05 to 1",0.00767337747158667,0.00190403664293326,174,"success","pgls5_castespolymorphic"
"OG0008585_00",-0.0294690513255818,0.114525073560158,0.0723136735483357,"1e-05 to 1",0.0163053160361421,0.0105861608968174,174,"success","pgls5_castespolymorphic"
"OG0008586_00",-0.00745789988274746,0.370197984659055,1,"1e-05 to 1",0.00532130107267312,-0.000461714618764875,174,"success","pgls5_castespolymorphic"
"OG0008587_00",0.00141702729689536,0.840632966224612,1e-05,"1e-05 to 1",0.000275965317519107,-0.00553638372133269,174,"success","pgls5_castespolymorphic"
"OG0008588_00",0.00243343115283359,0.818062586156659,1e-05,"1e-05 to 1",0.000368691254342896,-0.00544311868022485,174,"success","pgls5_castespolymorphic"
"OG0008589_00",0.00483494622282896,0.67423461911901,1,"1e-05 to 1",0.00118115817972597,-0.00462592810992679,174,"success","pgls5_castespolymorphic"
"OG0008590_00",0.00721138414385734,0.462983064524958,1,"1e-05 to 1",0.00362083445194787,-0.00217206767333167,174,"success","pgls5_castespolymorphic"
"OG0008591_00",0.00235362058074635,0.775979684964101,1,"1e-05 to 1",0.000545138174173445,-0.00526564590620926,174,"success","pgls5_castespolymorphic"
"OG0008592_00",0.0058379065399871,0.735224640402765,1,"1e-05 to 1",0.000754617274051806,-0.00505494890458746,174,"success","pgls5_castespolymorphic"
"OG0008593_00",-0.013749504567935,0.422472268567601,1e-05,"1e-05 to 1",0.00435269123645488,-0.00143595590751922,174,"success","pgls5_castespolymorphic"
"OG0008594_00",0.00917168162056355,0.600372064249494,0.631186043382435,"1e-05 to 1",0.00176328959192039,-0.00404041221277773,174,"success","pgls5_castespolymorphic"
"OG0008595_00",0.00293238780609524,0.266330224974503,1,"1e-05 to 1",0.00817597019048641,0.00240955141252408,174,"success","pgls5_castespolymorphic"
"OG0008597_00",-0.0162694134966175,0.133700120209607,1e-05,"1e-05 to 1",0.0152341988692529,0.00950881630453926,174,"success","pgls5_castespolymorphic"
"OG0008598_00",0.0199537442793508,0.180601779684896,1,"1e-05 to 1",0.0115358593109399,0.00578897477204998,174,"success","pgls5_castespolymorphic"
"OG0008599_00",-0.00871580760191611,0.556384899946438,0.789203124090834,"1e-05 to 1",0.00294033943040586,-0.00285651906127793,174,"success","pgls5_castespolymorphic"
"OG0008600_00",-0.0217596511885042,0.438837008128481,1,"1e-05 to 1",0.00458193251978598,-0.00120538182602914,174,"success","pgls5_castespolymorphic"
"OG0008602_00",-0.00238411650368127,0.768662754300665,1,"1e-05 to 1",0.000590328863814497,-0.00522019248000061,174,"success","pgls5_castespolymorphic"
"OG0008603_00",0.00725023101843561,0.152020160216477,1e-05,"1e-05 to 1",0.0137221029789558,0.00798792915906599,174,"success","pgls5_castespolymorphic"
"OG0008604_00",-0.00225764200523418,0.854082068761251,0.920383850182832,"1e-05 to 1",0.000223233398646612,-0.00558942222112879,174,"success","pgls5_castespolymorphic"
"OG0008605_00",-0.00528253934078416,0.396425898943433,1e-05,"1e-05 to 1",0.00473552355667877,-0.00105089781799172,174,"success","pgls5_castespolymorphic"
"OG0008606_00",-0.000445782927582661,0.978086337428062,0.926148479933908,"1e-05 to 1",5.44760048274352e-06,-0.00580847421579356,174,"success","pgls5_castespolymorphic"
"OG0008607_00",0.00120046708884406,0.733700731168708,1,"1e-05 to 1",0.000784370432111541,-0.00502502276305061,174,"success","pgls5_castespolymorphic"
"OG0008608_00",-0.00815277239310826,0.514284958544759,1,"1e-05 to 1",0.00274920051514582,-0.00304876924930109,174,"success","pgls5_castespolymorphic"
"OG0008609_00",-0.00144339344305929,0.872426847702294,1,"1e-05 to 1",0.000320251299508828,-0.00549184026270333,174,"success","pgls5_castespolymorphic"
"OG0008610_00",-0.0246164581897396,0.0644535299517743,1,"1e-05 to 1",0.025284293492427,0.0196173417104063,174,"success","pgls5_castespolymorphic"
"OG0008611_00",-0.0443453816733232,0.180171270915262,1,"1e-05 to 1",0.0134646824999343,0.0077290120493525,174,"success","pgls5_castespolymorphic"
"OG0008612_00",-0.0130524767177954,0.352679429033984,1,"1e-05 to 1",0.00572300819745578,-5.76719874427756e-05,174,"success","pgls5_castespolymorphic"
"OG0008613_00",-0.00155022499866425,0.932740047186386,0.834146072802259,"1e-05 to 1",4.70152178315886e-05,-0.00576666492625089,174,"success","pgls5_castespolymorphic"
"OG0008614_00",0.0120364100065762,0.192512327921966,1e-05,"1e-05 to 1",0.0114476685364883,0.00570027126053774,174,"success","pgls5_castespolymorphic"
"OG0008615_00",-0.0049186902541678,0.734823083023412,1e-05,"1e-05 to 1",0.000788200325008059,-0.00502117060333496,174,"success","pgls5_castespolymorphic"
"OG0008616_00",0.0276150390700807,0.0260714365656878,1,"1e-05 to 1",0.0317407513617885,0.0261113371255199,174,"success","pgls5_castespolymorphic"
"OG0008617_00",0.0316212996973802,0.0426093877157225,0.873048695211102,"1e-05 to 1",0.0276698790564352,0.0220167969579261,174,"success","pgls5_castespolymorphic"
"OG0008618_00",-0.0022795670695209,0.522951566313649,1e-05,"1e-05 to 1",0.0028006455143189,-0.00299702515129541,174,"success","pgls5_castespolymorphic"
"OG0008619_00",0.0203271364476812,0.22674399242685,1,"1e-05 to 1",0.00999206422922935,0.00423620413753889,174,"success","pgls5_castespolymorphic"
"OG0008620_00",-0.00398113659994316,0.790011455660698,0.563954988844059,"1e-05 to 1",0.000480650570650663,-0.00533050843765959,174,"success","pgls5_castespolymorphic"
"OG0008621_00",0.0173002544782698,0.0938558810708674,1e-05,"1e-05 to 1",0.0193704254356362,0.0136690906997968,174,"success","pgls5_castespolymorphic"
"OG0008622_00",-0.00203009009002991,0.858636005503035,1e-05,"1e-05 to 1",0.000215049771547597,-0.00559765342745489,174,"success","pgls5_castespolymorphic"
"OG0008623_00",-0.016821982931967,0.0110159234871814,1,"1e-05 to 1",0.0420321789650528,0.0364625986101984,174,"success","pgls5_castespolymorphic"
"OG0008624_00",-0.0879652035756046,0.0223752222494431,0.751485533791932,"1e-05 to 1",0.0325769061830233,0.0269523533119943,174,"success","pgls5_castespolymorphic"
"OG0008625_00",-0.0202691849718078,0.560281045364233,0.864639692787222,"1e-05 to 1",0.00228167385096474,-0.00351901409176203,174,"success","pgls5_castespolymorphic"
"OG0008626_00",-0.0133926727825243,0.460273025119384,0.940701759565448,"1e-05 to 1",0.00359239085180437,-0.00220067664324319,174,"success","pgls5_castespolymorphic"
"OG0008627_00",-0.0145538100147143,0.155461783059063,0.748467110994121,"1e-05 to 1",0.0131443622613654,0.00740682948381521,174,"success","pgls5_castespolymorphic"
"OG0008628_00",0.0148182787367292,0.713757041115615,0.842588128431542,"1e-05 to 1",0.000924331246570549,-0.0048842482229261,174,"success","pgls5_castespolymorphic"
"OG0008629_00",0.00907710485820989,0.546572677078244,1e-05,"1e-05 to 1",0.0024123067147902,-0.00338762173454232,174,"success","pgls5_castespolymorphic"
"OG0008630_00",0.00447983011900738,0.830607310596078,1,"1e-05 to 1",0.000306058015793648,-0.00550611606550988,174,"success","pgls5_castespolymorphic"
"OG0008631_00",0.0150279819040853,0.21048447643332,1e-05,"1e-05 to 1",0.0105747221174742,0.00482224957164556,174,"success","pgls5_castespolymorphic"
"OG0008632_00",0.00986373230600074,0.352529591747197,1,"1e-05 to 1",0.00703085264983202,0.00125777621174961,174,"success","pgls5_castespolymorphic"
"OG0008633_00",0.00192712777325174,0.851429947181841,1e-05,"1e-05 to 1",0.00023151732183323,-0.00558109013559793,174,"success","pgls5_castespolymorphic"
"OG0008636_00",-0.0288694021723741,0.0379714679186347,1,"1e-05 to 1",0.0280238813718057,0.022372857426293,174,"success","pgls5_castespolymorphic"
"OG0008637_00",-0.00930392833281367,0.0951193962527843,1,"1e-05 to 1",0.0185827247141084,0.0128768103229114,174,"success","pgls5_castespolymorphic"
"OG0008638_00",-0.018338953082446,0.294058242613738,0.807023163375288,"1e-05 to 1",0.00759000145054857,0.00182017587758654,174,"success","pgls5_castespolymorphic"
"OG0008639_00",0.00668109181476801,0.587879168061611,1e-05,"1e-05 to 1",0.00335052632478004,-0.00244394735937825,174,"success","pgls5_castespolymorphic"
"OG0008640_00",0.00994187615251082,0.15228041264781,0.913952455457905,"1e-05 to 1",0.0138905934589726,0.00815739923489678,174,"success","pgls5_castespolymorphic"
"OG0008641_00",-0.0239826250700462,0.365869281841432,0.94029480357252,"1e-05 to 1",0.00629391963804722,0.000516558705710324,174,"success","pgls5_castespolymorphic"
"OG0008642_00",-0.00813193421506795,0.287478522421617,1e-05,"1e-05 to 1",0.00764105415232207,0.00187152539739366,174,"success","pgls5_castespolymorphic"
"OG0008643_00",0.00253037682167784,0.904587132588538,0.820577927107419,"1e-05 to 1",0.000111810122931852,-0.00570149330658598,174,"success","pgls5_castespolymorphic"
"OG0008644_00",-0.0250458408869517,0.42706907479567,0.700906043249524,"1e-05 to 1",0.00474925485669826,-0.0010370866848326,174,"success","pgls5_castespolymorphic"
"OG0008645_00",0.00127547913652213,0.890644122572352,1,"1e-05 to 1",0.00012728600263111,-0.00568592745084207,174,"success","pgls5_castespolymorphic"
"OG0008646_00",-0.0116756050873955,0.339467863162675,0.710914296157989,"1e-05 to 1",0.00981553750874489,0.00405865109891201,174,"success","pgls5_castespolymorphic"
"OG0008647_00",-0.00367100057491094,0.75967883030301,1,"1e-05 to 1",0.000651883568508371,-0.00515827989911655,174,"success","pgls5_castespolymorphic"
"OG0008648_00",0.0133281845616626,0.372603886367788,1,"1e-05 to 1",0.00602704827162403,0.000248135761575341,174,"success","pgls5_castespolymorphic"
"OG0008649_00",0.00130728777093931,0.930950152349483,1e-05,"1e-05 to 1",5.46027180343782e-05,-0.00575903331267469,174,"success","pgls5_castespolymorphic"
"OG0008650_00",-0.0228096525623104,0.130588181388267,1,"1e-05 to 1",0.0186345947224466,0.0129289819010654,174,"success","pgls5_castespolymorphic"
"OG0008651_00",0.00637674792486028,0.792924191457856,1,"1e-05 to 1",0.000519968774059967,-0.00529096164004428,174,"success","pgls5_castespolymorphic"
"OG0008652_00",0.0053796871766912,0.534860722012566,1e-05,"1e-05 to 1",0.00364399351908321,-0.00214877396045687,174,"success","pgls5_castespolymorphic"
"OG0008653_00",0.0204613522442522,0.427627300907429,1,"1e-05 to 1",0.00724812654969413,0.00147631333195986,174,"success","pgls5_castespolymorphic"
"OG0008654_00",0.00334172189572113,0.738333886294373,1e-05,"1e-05 to 1",0.000874876249250553,-0.00493399074930045,174,"success","pgls5_castespolymorphic"
"OG0008655_00",0.0133830556827483,0.296525911608422,0.822788924197086,"1e-05 to 1",0.00751311704432371,0.00174284446899986,174,"success","pgls5_castespolymorphic"
"OG0008656_00",1.47267393111341e-05,0.998612336639542,1,"1e-05 to 1",2.95093417040806e-08,-0.00581392380746437,174,"success","pgls5_castespolymorphic"
"OG0008657_00",0.00124171057856414,0.86565068537171,1e-05,"1e-05 to 1",0.000239498526530478,-0.00557306252854795,174,"success","pgls5_castespolymorphic"
"OG0008658_00",-0.000850609497355831,0.917279694967201,1e-05,"1e-05 to 1",7.31297681090475e-05,-0.00574039854719266,174,"success","pgls5_castespolymorphic"
"OG0008659_00",0.0148868030393987,0.000222648892397981,1,"1e-05 to 1",0.0865798038755212,0.0812692213399139,174,"success","pgls5_castespolymorphic"
"OG0008660_00",-0.00140066093379296,0.665046699989725,1,"1e-05 to 1",0.00127003889189604,-0.00453653064943027,174,"success","pgls5_castespolymorphic"
"OG0008661_00",-0.00725527001458478,0.551437116567802,0.301216262474453,"1e-05 to 1",0.00238601537322001,-0.00341406593274973,174,"success","pgls5_castespolymorphic"
"OG0008662_00",0.00836750737595359,0.701260823616712,0.748962327466477,"1e-05 to 1",0.000970899523550846,-0.0048374092001493,174,"success","pgls5_castespolymorphic"
"OG0008663_00",-0.00880086235996364,0.507326923508042,0.689997134394252,"1e-05 to 1",0.00287830092611403,-0.00291891825454793,174,"success","pgls5_castespolymorphic"
"OG0008664_00",0.0135811427523065,0.258447097258715,1e-05,"1e-05 to 1",0.00828501021033142,0.00251922538597293,174,"success","pgls5_castespolymorphic"
"OG0008665_00",-0.00502903776373167,0.758307416248975,1e-05,"1e-05 to 1",0.000628914054997114,-0.00518138295631099,174,"success","pgls5_castespolymorphic"
"OG0008666_00",0.00302212527679046,0.711177099366635,0.6952747818325,"1e-05 to 1",0.000968457791043057,-0.00483986512877643,174,"success","pgls5_castespolymorphic"
"OG0008667_00",-0.00160896979730251,0.532182649720775,1e-05,"1e-05 to 1",0.00257239366732278,-0.00322660404391373,174,"success","pgls5_castespolymorphic"
"OG0008668_00",0.0136882430320103,0.210502579748734,1,"1e-05 to 1",0.0103642117644059,0.00461051532117562,174,"success","pgls5_castespolymorphic"
"OG0008669_00",0.00762025060272298,0.591706692731959,0.474127448718911,"1e-05 to 1",0.00192246450737784,-0.00388031186176518,174,"success","pgls5_castespolymorphic"
"OG0008670_00",-0.00655986556487293,0.781805552290369,0.871226501038674,"1e-05 to 1",0.000516433579208735,-0.00529451738835407,174,"success","pgls5_castespolymorphic"
"OG0008672_00",-0.0395994464522011,0.0888888100765777,1,"1e-05 to 1",0.0195627697379039,0.0138625532828918,174,"success","pgls5_castespolymorphic"
"OG0008675_00",0.00113135654582001,0.96989909039467,0.361622228445522,"1e-05 to 1",9.99230130458515e-06,-0.00580390309229251,174,"success","pgls5_castespolymorphic"
"OG0008676_00",0.0106922968736488,0.729902723364526,0.773235822993189,"1e-05 to 1",0.000830318628930748,-0.00497880742555212,174,"success","pgls5_castespolymorphic"
"OG0008677_00",0.00712002989351146,0.611964191890812,0.953118198216141,"1e-05 to 1",0.00175492896549856,-0.00404882144749275,174,"success","pgls5_castespolymorphic"
"OG0008678_00",0.0206543208047755,0.097775609084723,1e-05,"1e-05 to 1",0.018414288175841,0.0127073945024447,174,"success","pgls5_castespolymorphic"
"OG0008679_00",-0.010472790343644,0.459930028430894,1,"1e-05 to 1",0.0037459637864225,-0.00204621084272616,174,"success","pgls5_castespolymorphic"
"OG0008680_00",0.00898490741315215,0.431940898974114,1,"1e-05 to 1",0.00432461798114512,-0.00146419237942963,174,"success","pgls5_castespolymorphic"
"OG0008681_00",0.0119315694240671,0.53204609041231,1,"1e-05 to 1",0.00355965405695915,-0.00223360376829107,174,"success","pgls5_castespolymorphic"
"OG0008682_00",-0.0237118530801013,0.206995218608015,0.914680874840807,"1e-05 to 1",0.0140540338275225,0.00832178983814769,174,"success","pgls5_castespolymorphic"
"OG0008683_00",-0.0232594693524833,0.071598389204925,0.804243170812036,"1e-05 to 1",0.0281933947300512,0.022543356327319,174,"success","pgls5_castespolymorphic"
"OG0008684_00",-0.025678104500437,0.180175109223249,0.957269525972294,"1e-05 to 1",0.0152993763865776,0.00957437276091821,174,"success","pgls5_castespolymorphic"
"OG0008685_00",-0.00520859072245346,0.794627020612201,0.82296389677791,"1e-05 to 1",0.000503659170639955,-0.00530736606673998,174,"success","pgls5_castespolymorphic"
"OG0008686_00",-0.0411379737166831,0.185580604188635,1,"1e-05 to 1",0.012221826790888,0.00647893043502112,174,"success","pgls5_castespolymorphic"
"OG0008687_00",-0.00213564792470674,0.824032548974831,1e-05,"1e-05 to 1",0.000359530008600362,-0.00545233318902416,174,"success","pgls5_castespolymorphic"
"OG0008688_00",0.0266716810070139,0.0400680826785953,0.929039290570465,"1e-05 to 1",0.0355327959083033,0.0299254284426539,174,"success","pgls5_castespolymorphic"
"OG0008689_00",-0.00127902384342882,0.944099386652129,0.890036132892702,"1e-05 to 1",3.52435692957551e-05,-0.00577850501460375,174,"success","pgls5_castespolymorphic"
"OG0008690_00",0.0198719843949418,0.025359357179551,1e-05,"1e-05 to 1",0.0324589215469683,0.026833682718753,174,"success","pgls5_castespolymorphic"
"OG0008691_00",-0.0113066226541575,0.496048273310658,1e-05,"1e-05 to 1",0.00320162775609487,-0.00259371161741617,174,"success","pgls5_castespolymorphic"
"OG0008692_00",-0.00852438198095918,0.428451303676184,1e-05,"1e-05 to 1",0.00415753712385242,-0.00163224463705558,174,"success","pgls5_castespolymorphic"
"OG0008693_00",-0.00691441355775595,0.630396408276134,1e-05,"1e-05 to 1",0.001759072922646,-0.00404465339757132,174,"success","pgls5_castespolymorphic"
"OG0008694_00",0.00575723057911743,0.654606254381366,1,"1e-05 to 1",0.00132018939627996,-0.00448608857234634,174,"success","pgls5_castespolymorphic"
"OG0008695_00",-0.0308629240565885,0.231587433838376,0.692642574417244,"1e-05 to 1",0.00965527502967377,0.00389745686124165,174,"success","pgls5_castespolymorphic"
"OG0008696_00",0.00404953367089977,0.59608381169648,1e-05,"1e-05 to 1",0.00190287351745897,-0.00390001675278828,174,"success","pgls5_castespolymorphic"
"OG0008697_00",0.00393147888491472,0.636757392021686,0.576688153547193,"1e-05 to 1",0.00144236880454459,-0.00436319881868474,174,"success","pgls5_castespolymorphic"
"OG0008698_00",0.0040942928940564,0.835905063722905,0.722343189839071,"1e-05 to 1",0.000296871571087742,-0.00551535591977803,174,"success","pgls5_castespolymorphic"
"OG0008699_00",-0.00813980226373893,0.52150893122319,1,"1e-05 to 1",0.00278192293090263,-0.00301585658694115,174,"success","pgls5_castespolymorphic"
"OG0008701_00",0.012639961818418,0.376092119249146,1,"1e-05 to 1",0.00632347391429879,0.000546284809149311,174,"success","pgls5_castespolymorphic"
"OG0008703_00",5.93748448979104e-05,0.988650403065842,1e-05,"1e-05 to 1",1.55058654441965e-06,-0.00581239388678956,174,"success","pgls5_castespolymorphic"
"OG0008704_00",-0.00503753255466713,0.757692426617225,0.71655985628104,"1e-05 to 1",0.000910387346997933,-0.00489827319168223,174,"success","pgls5_castespolymorphic"
"OG0008706_00",0.00409171591569646,0.693582676241186,0.767521609276905,"1e-05 to 1",0.0010737018918661,-0.00473400914364652,174,"success","pgls5_castespolymorphic"
"OG0008707_00",0.00980527747031122,0.615583115401968,0.672900061330657,"1e-05 to 1",0.00202302951577894,-0.00377916217308272,174,"success","pgls5_castespolymorphic"
"OG0008708_00",0.00676367481161987,0.446976539899979,1e-05,"1e-05 to 1",0.00396670493322886,-0.0018241863171593,174,"success","pgls5_castespolymorphic"
"OG0008709_00",0.0241435333442262,0.287198373587841,0.822085889687156,"1e-05 to 1",0.00744868686259317,0.00167803969318958,174,"success","pgls5_castespolymorphic"
"OG0008710_00",-0.00689778119928661,0.64940655827376,0.940383799602222,"1e-05 to 1",0.00137213356177376,-0.00443384240589029,174,"success","pgls5_castespolymorphic"
"OG0008712_00",0.00543112196042323,0.582684001340232,1e-05,"1e-05 to 1",0.00229328419268148,-0.00350733624805888,174,"success","pgls5_castespolymorphic"
"OG0008713_00",-0.00745551478180333,0.74877151265648,1,"1e-05 to 1",0.000865155456455484,-0.00494376805833263,174,"success","pgls5_castespolymorphic"
"OG0008714_00",0.00542773091258184,0.720235008171901,0.653600987932761,"1e-05 to 1",0.00102152238859137,-0.00478649201612602,174,"success","pgls5_castespolymorphic"
"OG0008715_00",0.0035757814913925,0.803046207296907,0.420840155883669,"1e-05 to 1",0.000462370847159684,-0.00534889443861264,174,"success","pgls5_castespolymorphic"
"OG0008716_00",0.0100932628018426,0.583213171308741,0.418756422536787,"1e-05 to 1",0.00214052909754893,-0.00366097945420951,174,"success","pgls5_castespolymorphic"
"OG0008717_00",0.020975715000977,0.057393440144371,1,"1e-05 to 1",0.0257359431160376,0.0200716172039216,174,"success","pgls5_castespolymorphic"
"OG0008719_00",0.00310505949595368,0.841235575184224,0.788504782214263,"1e-05 to 1",0.00027957878025788,-0.0055327492500894,174,"success","pgls5_castespolymorphic"
"OG0008720_00",-0.0133150018127599,0.605808932689944,1,"1e-05 to 1",0.00190729234257929,-0.00389557223682435,174,"success","pgls5_castespolymorphic"
"OG0008721_00",0.00457122533372756,0.790348022416967,1,"1e-05 to 1",0.000485658172454222,-0.00532547172189202,174,"success","pgls5_castespolymorphic"
"OG0008722_00",-0.00182585886697784,0.908529466862889,1e-05,"1e-05 to 1",9.07206850239979e-05,-0.00572270535750485,174,"success","pgls5_castespolymorphic"
"OG0008723_00",-0.00369314831878869,0.770589397600898,1,"1e-05 to 1",0.00062734787378818,-0.00518295824322479,174,"success","pgls5_castespolymorphic"
"OG0008724_00",0.00826859508965044,0.544825970398854,1e-05,"1e-05 to 1",0.00258792258932333,-0.00321098483748283,174,"success","pgls5_castespolymorphic"
"OG0008725_00",-0.00703266711866084,0.624158648308911,0.620848563152356,"1e-05 to 1",0.00165996449357028,-0.00414433803844383,174,"success","pgls5_castespolymorphic"
"OG0008726_00",-0.00481825952162355,0.342626528431524,1,"1e-05 to 1",0.0061283941601429,0.000350070870376196,174,"success","pgls5_castespolymorphic"
"OG0008727_00",-0.00113009526591183,0.875695600433351,1,"1e-05 to 1",0.00016150254562522,-0.00565151197445823,174,"success","pgls5_castespolymorphic"
"OG0008728_00",0.00544620204299674,0.748596476764415,1,"1e-05 to 1",0.000686811609976579,-0.00512314878763975,174,"success","pgls5_castespolymorphic"
"OG0008729_00",0.00101317573634776,0.93186144935094,1e-05,"1e-05 to 1",5.09445677112734e-05,-0.00576271273131357,174,"success","pgls5_castespolymorphic"
"OG0008730_00",0.00256768016366432,0.851073331197003,1,"1e-05 to 1",0.000238951264186173,-0.0055736129726498,174,"success","pgls5_castespolymorphic"
"OG0008731_00",-0.000730558733875276,0.976241458350489,1,"1e-05 to 1",6.13784678392075e-06,-0.00580777995643245,174,"success","pgls5_castespolymorphic"
"OG0008732_00",-0.0222733717490276,0.255944309135724,0.74427274789971,"1e-05 to 1",0.0087705396251937,0.00300757764627035,174,"success","pgls5_castespolymorphic"
"OG0008733_00",0.0300425777549494,0.126774662073336,1,"1e-05 to 1",0.0233921914555753,0.0177142390803171,174,"success","pgls5_castespolymorphic"
"OG0008734_00",0.0134965497266884,0.687590292998236,1,"1e-05 to 1",0.00110318235499573,-0.0047043572824752,174,"success","pgls5_castespolymorphic"
"OG0008735_00",-0.00964923146533008,0.5358225371397,0.839130776547338,"1e-05 to 1",0.00264932000818686,-0.00314923045688187,174,"success","pgls5_castespolymorphic"
"OG0008738_00",0.00186777195730187,0.925079217079815,1,"1e-05 to 1",6.24929714286814e-05,-0.0057510971857142,174,"success","pgls5_castespolymorphic"
"OG0008739_00",0.0112604890750947,0.0874464798006929,1,"1e-05 to 1",0.0196067984985969,0.0139068380247516,174,"success","pgls5_castespolymorphic"
"OG0008741_00",0.00508647996474518,0.833362152654487,1,"1e-05 to 1",0.000306280423070674,-0.00550589236516719,174,"success","pgls5_castespolymorphic"
"OG0008742_00",0.00345643993160191,0.673714171049571,1e-05,"1e-05 to 1",0.0012433458522391,-0.0045633788811783,174,"success","pgls5_castespolymorphic"
"OG0008744_00",0.00262783526176025,0.67677962640683,1e-05,"1e-05 to 1",0.00116950125432031,-0.00463765280815442,174,"success","pgls5_castespolymorphic"
"OG0008746_00",0.00422206845633818,0.435472300326023,1,"1e-05 to 1",0.00420001226683815,-0.00158952254556399,174,"success","pgls5_castespolymorphic"
"OG0008748_00",0.0199529292477914,0.366941393664201,1,"1e-05 to 1",0.00603368722048447,0.000254813308975699,174,"success","pgls5_castespolymorphic"
"OG0008749_00",-0.016604578429002,0.486256115675122,0.927686244280885,"1e-05 to 1",0.00354532121424893,-0.00224801994148227,174,"success","pgls5_castespolymorphic"
"OG0008750_00",-0.00294793457164534,0.593630292753692,1e-05,"1e-05 to 1",0.00216273945952899,-0.00363863996221792,174,"success","pgls5_castespolymorphic"
"OG0008751_00",0.0210704905625136,0.43114108816515,1,"1e-05 to 1",0.00602798975723786,0.000249082720942706,174,"success","pgls5_castespolymorphic"
"OG0008752_00",-0.0143794226541368,0.334516134945872,0.60025042711677,"1e-05 to 1",0.00705731158721897,0.00128438898016792,174,"success","pgls5_castespolymorphic"
"OG0008753_00",-0.0155400009371988,0.494161838551041,0.680951607015806,"1e-05 to 1",0.00341867115880518,-0.00237540633445765,174,"success","pgls5_castespolymorphic"
"OG0008755_00",-0.0181183653279724,0.120231974528323,1,"1e-05 to 1",0.0177897953112241,0.0120792708653591,174,"success","pgls5_castespolymorphic"
"OG0008756_00",-0.0349877052483987,0.127114638859949,1,"1e-05 to 1",0.01754287589053,0.0118309158666378,174,"success","pgls5_castespolymorphic"
"OG0008757_00",-0.000920972153922222,0.946803929294373,1,"1e-05 to 1",3.19109188751015e-05,-0.00578185704089895,174,"success","pgls5_castespolymorphic"
"OG0008758_00",-0.0344168260224197,0.0487081143729349,1,"1e-05 to 1",0.0270846044904656,0.0214281196328521,174,"success","pgls5_castespolymorphic"
"OG0008759_00",0.029337102820236,0.00380682116760767,0.754795917211846,"1e-05 to 1",0.0574600276863882,0.0519801441264253,174,"success","pgls5_castespolymorphic"
"OG0008760_00",-0.0422581035572115,0.0112066554791437,0.964637495319133,"1e-05 to 1",0.0453793891812136,0.0398292693508717,174,"success","pgls5_castespolymorphic"
"OG0008761_00",-0.00578053159497329,0.543844638776092,0.682617880122326,"1e-05 to 1",0.00254663416018648,-0.00325251331562626,174,"success","pgls5_castespolymorphic"
"OG0008762_00",0.0215482707254898,0.127553213561264,0.555814097455286,"1e-05 to 1",0.015724943055455,0.0100024136546145,174,"success","pgls5_castespolymorphic"
"OG0008763_00",-0.00440517669359078,0.792038514181764,1,"1e-05 to 1",0.000484332113749497,-0.00532680549024023,174,"success","pgls5_castespolymorphic"
"OG0008764_00",0.0138223174072813,0.137752496356048,1,"1e-05 to 1",0.0150259314886502,0.00929933806707273,174,"success","pgls5_castespolymorphic"
"OG0008765_00",-0.00986902686873397,0.650540486738592,1,"1e-05 to 1",0.00140943942613445,-0.0043963196469694,174,"success","pgls5_castespolymorphic"
"OG0008766_00",0.00329162270702616,0.735721857384246,1e-05,"1e-05 to 1",0.000793565041955995,-0.00501577469617209,174,"success","pgls5_castespolymorphic"
"OG0008767_00",-0.00769139442578183,0.553555456699179,0.864781524186228,"1e-05 to 1",0.00277072385447953,-0.00302712077427358,174,"success","pgls5_castespolymorphic"
"OG0008768_00",-0.00888717891743388,0.387523411346533,1,"1e-05 to 1",0.00537677667261747,-0.000405916486262647,174,"success","pgls5_castespolymorphic"
"OG0008769_00",0.0144338691055635,0.283530156773264,1,"1e-05 to 1",0.00803826242886679,0.00227104302438341,174,"success","pgls5_castespolymorphic"
"OG0008770_00",0.0102743591604416,0.45555615878481,1e-05,"1e-05 to 1",0.00381940185117899,-0.00197234581247674,174,"success","pgls5_castespolymorphic"
"OG0008773_00",0.0182337552786769,0.146416717789247,1,"1e-05 to 1",0.0185733963669868,0.0128674277412134,174,"success","pgls5_castespolymorphic"
"OG0008774_00",-0.0081516754411817,0.227138949338554,1e-05,"1e-05 to 1",0.010255703156978,0.00450137584975108,174,"success","pgls5_castespolymorphic"
"OG0008775_00",0.00339408454393724,0.693715528060031,0.870587063378586,"1e-05 to 1",0.00108776929343087,-0.00471985995486301,174,"success","pgls5_castespolymorphic"
"OG0008776_00",-0.0196831946149383,0.068665807504523,0.931598543730437,"1e-05 to 1",0.0222211809877943,0.0165364204121419,174,"success","pgls5_castespolymorphic"
"OG0008777_00",0.0411222922670292,0.0625438196020691,1,"1e-05 to 1",0.0233981433975863,0.0177202256266421,174,"success","pgls5_castespolymorphic"
"OG0008778_00",0.0180269013700435,0.467540065187309,0.900379806209551,"1e-05 to 1",0.00374939416189396,-0.0020427605232114,174,"success","pgls5_castespolymorphic"
"OG0008779_00",0.00311280211557701,0.876597349950337,0.896593600301235,"1e-05 to 1",0.000192116673132848,-0.0056207198578373,174,"success","pgls5_castespolymorphic"
"OG0008780_00",-0.00235521683121002,0.696928063438338,1,"1e-05 to 1",0.00106389933069671,-0.00474386869645027,174,"success","pgls5_castespolymorphic"
"OG0008782_00",-0.00535513068677902,0.40652641798513,0.60304519137105,"1e-05 to 1",0.00456715748772987,-0.00122024275943455,174,"success","pgls5_castespolymorphic"
"OG0008783_00",0.00749868936382517,0.272837206958994,1e-05,"1e-05 to 1",0.00822997912906317,0.00246387435655782,174,"success","pgls5_castespolymorphic"
"OG0008784_00",0.0256053549782378,0.130561529158264,1,"1e-05 to 1",0.0160242170939803,0.0103034276584802,174,"success","pgls5_castespolymorphic"
"OG0008785_00",0.0388884066887661,0.0193584587708049,1e-05,"1e-05 to 1",0.039844218390966,0.0342619173350994,174,"success","pgls5_castespolymorphic"
"OG0008786_00",0.0231363788929514,0.136919219867064,1e-05,"1e-05 to 1",0.0156220385618012,0.00989891087902106,174,"success","pgls5_castespolymorphic"
"OG0008787_00",0.0323014516167908,0.13762662046442,0.707945935171733,"1e-05 to 1",0.0152434178551712,0.00951808888921279,174,"success","pgls5_castespolymorphic"
"OG0008788_00",0.00630777896273014,0.773401911272686,1,"1e-05 to 1",0.00105550322084146,-0.00475231362089779,174,"success","pgls5_castespolymorphic"
"OG0008789_00",-0.0486180289901907,0.0732233226486581,0.689016220720533,"1e-05 to 1",0.0232363950608797,0.0175575368926291,174,"success","pgls5_castespolymorphic"
"OG0008790_00",-0.0076891096276234,0.46310119018229,1,"1e-05 to 1",0.00421371695139035,-0.00157573818261314,174,"success","pgls5_castespolymorphic"
"OG0008791_00",0.00316651993013864,0.896368180485374,0.987042358478382,"1e-05 to 1",0.000119887557586793,-0.00569336891010175,174,"success","pgls5_castespolymorphic"
"OG0008792_00",0.00258322810645112,0.645303750764484,1,"1e-05 to 1",0.00160988749219782,-0.00419470618517304,174,"success","pgls5_castespolymorphic"
"OG0008793_00",-0.014366824768831,0.486384335891022,0.926974087982289,"1e-05 to 1",0.00370584260129737,-0.00208656529055551,174,"success","pgls5_castespolymorphic"
"OG0008794_00",-0.00798598858911219,0.551014731095793,1,"1e-05 to 1",0.00250921392498468,-0.00329015111033515,174,"success","pgls5_castespolymorphic"
"OG0008795_00",0.0109593213976459,0.289589312948087,0.85707917934618,"1e-05 to 1",0.00862297915613199,0.0028591592675048,174,"success","pgls5_castespolymorphic"
"OG0008796_00",-0.00292580341051956,0.772000079353061,1,"1e-05 to 1",0.000653172047516448,-0.00515698392895136,174,"success","pgls5_castespolymorphic"
"OG0008797_00",-0.0160825365490239,0.420695959823608,1,"1e-05 to 1",0.00484489006687242,-0.000940895455994628,174,"success","pgls5_castespolymorphic"
"OG0008798_00",0.00327115930551189,0.415226021425463,1,"1e-05 to 1",0.0046800555759923,-0.00110668828693794,174,"success","pgls5_castespolymorphic"
"OG0008799_00",0.00490370944100169,0.841198715929439,1,"1e-05 to 1",0.000289806596051945,-0.00552246197025008,174,"success","pgls5_castespolymorphic"
"OG0008800_00",-0.0122304263226147,0.268309398021064,1e-05,"1e-05 to 1",0.00856214590437596,0.00279797233405255,174,"success","pgls5_castespolymorphic"
"OG0008802_00",-0.0075199287989947,0.633703571813373,1e-05,"1e-05 to 1",0.00159220708658157,-0.00421248938384533,174,"success","pgls5_castespolymorphic"
"OG0008803_00",-0.00892157261279633,0.615714740429142,0.952282022545947,"0.001 to 1",0.00173001380364435,-0.00407388146493926,174,"success","pgls5_castespolymorphic"
"OG0008804_00",0.0111249991582568,0.247990750655899,1e-05,"1e-05 to 1",0.00900716533540019,0.00324557908735024,174,"success","pgls5_castespolymorphic"
"OG0008805_00",0.0517304716356686,0.0536266830252417,0.917793516255274,"1e-05 to 1",0.0256189506530961,0.019953944552242,174,"success","pgls5_castespolymorphic"
"OG0008806_00",0.0118471932017469,0.437169915288506,1,"1e-05 to 1",0.00402995543615242,-0.00176056807875358,174,"success","pgls5_castespolymorphic"
"OG0008808_00",0.0238499915334496,0.0620350057467558,1e-05,"1e-05 to 1",0.0243080134438714,0.0186353856150567,174,"success","pgls5_castespolymorphic"
"OG0008809_00",-0.00745959717492914,0.31998852849866,1e-05,"1e-05 to 1",0.00686818965614223,0.0010941675029803,174,"success","pgls5_castespolymorphic"
"OG0008810_00",-0.00572272522832447,0.606442497551644,0.892802817902948,"1e-05 to 1",0.001809870489592,-0.00399356049593358,174,"success","pgls5_castespolymorphic"
"OG0008811_00",0.00853424376144779,0.470654441921175,1,"1e-05 to 1",0.00377782812903249,-0.00201416124231035,174,"success","pgls5_castespolymorphic"
"OG0008812_00",0.00292594040715845,0.880649983485614,0.459308636950046,"1e-05 to 1",0.000203991657740079,-0.00560877583262176,174,"success","pgls5_castespolymorphic"
"OG0008813_00",-0.00541628272133898,0.481168830887315,1e-05,"1e-05 to 1",0.00345193432528547,-0.00234194977747459,174,"success","pgls5_castespolymorphic"
"OG0008815_00",-0.0187425886910265,0.266069870739147,0.87720312050831,"0.001 to 1",0.0085232395805721,0.00275883981069169,174,"success","pgls5_castespolymorphic"
"OG0008817_00",-0.00364248616170479,0.868155921977364,0.918710921732233,"1e-05 to 1",0.000206392471393478,-0.00560636106074974,174,"success","pgls5_castespolymorphic"
"OG0008820_00",0.000313215542945427,0.986616687842091,0.60649379834265,"1e-05 to 1",1.8821047678895e-06,-0.00581206044113469,174,"success","pgls5_castespolymorphic"
"OG0008821_00",-0.0128806582542104,0.198147360787136,1,"1e-05 to 1",0.0114734734425193,0.00572622619509211,174,"success","pgls5_castespolymorphic"
"OG0008823_00",-0.0139296245257409,0.390912406353699,1,"1e-05 to 1",0.00508114080201763,-0.000703271170063635,174,"success","pgls5_castespolymorphic"
"OG0008824_00",-0.0236439305757001,0.15131272954573,0.627677572516592,"1e-05 to 1",0.0155354128010747,0.00981178148015061,174,"success","pgls5_castespolymorphic"
"OG0008826_00",-0.00195566882662748,0.577331014039024,1,"1e-05 to 1",0.00216189164455956,-0.00363949270634412,174,"success","pgls5_castespolymorphic"
"OG0008827_00",-0.00139678570957524,0.968407375957103,0.827809769319622,"1e-05 to 1",1.11644371526418e-05,-0.00580272414170113,174,"success","pgls5_castespolymorphic"
"OG0008828_00",0.00810484273423652,0.766463867223866,1,"1e-05 to 1",0.000623201408727,-0.00518712881564087,174,"success","pgls5_castespolymorphic"
"OG0008830_00",0.0116388261047643,0.296708884371296,1,"1e-05 to 1",0.00837337026123938,0.002608099158107,174,"success","pgls5_castespolymorphic"
"OG0008831_00",0.0105561424810713,0.271497831328987,1,"1e-05 to 1",0.0105046759856354,0.00475179619485422,174,"success","pgls5_castespolymorphic"
"OG0008832_00",0.0202231882771032,0.52702759767023,0.894230073065236,"1e-05 to 1",0.00361440035147252,-0.00217853918136779,174,"success","pgls5_castespolymorphic"
"OG0008833_00",0.00550622013880472,0.478394806611564,1,"1e-05 to 1",0.00359578875364488,-0.00219725898615941,174,"success","pgls5_castespolymorphic"
"OG0008834_00",-0.0002544915009402,0.991934809342714,0.823938186888389,"1e-05 to 1",9.77782976451434e-07,-0.00581297002061087,174,"success","pgls5_castespolymorphic"
"OG0008835_00",0.0165049397233924,0.361416934321156,1,"1e-05 to 1",0.00599607978809941,0.000216987228727872,174,"success","pgls5_castespolymorphic"
"OG0008836_00",0.012531184578199,0.400713312057552,0.722645854336217,"1e-05 to 1",0.00535578436393224,-0.00042703084325435,174,"success","pgls5_castespolymorphic"
"OG0008838_00",-0.0202992441306147,0.152222445119661,1e-05,"1e-05 to 1",0.015124704719191,0.00939868556058165,174,"success","pgls5_castespolymorphic"
"OG0008839_00",0.0172828555616603,0.149992124770836,1e-05,"1e-05 to 1",0.0147454626375606,0.00901723858312775,174,"success","pgls5_castespolymorphic"
"OG0008840_00",-0.00447663569538923,0.696825772964495,1,"1e-05 to 1",0.0011196237207128,-0.00468782032742254,174,"success","pgls5_castespolymorphic"
"OG0008843_00",-0.0312713734879825,0.0789052548920177,0.522520727904888,"1e-05 to 1",0.0205750964603249,0.0148807656257919,174,"success","pgls5_castespolymorphic"
"OG0008844_00",-0.0341020915324517,0.0848030662014176,0.795928899031476,"1e-05 to 1",0.0203460367558114,0.0146503741788103,174,"success","pgls5_castespolymorphic"
"OG0008845_00",-0.0165495390020069,0.117861796965568,0.492112734780061,"1e-05 to 1",0.0182871415436338,0.0125795086456316,174,"success","pgls5_castespolymorphic"
"OG0008846_00",-0.0197206237478301,0.531587972942532,0.950292369235083,"1e-05 to 1",0.0027425646073314,-0.00305544373797484,174,"success","pgls5_castespolymorphic"
"OG0008847_00",-0.00478672144191087,0.5459396825546,1e-05,"1e-05 to 1",0.00252027259829385,-0.00327902814241376,174,"success","pgls5_castespolymorphic"
"OG0008848_00",-0.000124977706773857,0.991519125155003,1,"1e-05 to 1",7.92866067881682e-07,-0.00581315601261778,174,"success","pgls5_castespolymorphic"
"OG0008849_00",0.00204511597161828,0.900783119509671,1e-05,"1e-05 to 1",0.000112217811829103,-0.00570108324740426,174,"success","pgls5_castespolymorphic"
"OG0008850_00",-0.0453244406026194,0.00920904779125253,0.712631061222797,"1e-05 to 1",0.0452363625941688,0.0396854112139023,174,"success","pgls5_castespolymorphic"
"OG0008851_00",0.0434853310903085,0.0602014560935644,0.940712852467821,"1e-05 to 1",0.0241451114613841,0.01847153652802,174,"success","pgls5_castespolymorphic"
"OG0008852_00",-0.011524207522208,0.56921040078367,1e-05,"1e-05 to 1",0.00225531546331883,-0.00354552572584788,174,"success","pgls5_castespolymorphic"
"OG0008853_00",-0.00710353917026073,0.617870554560164,0.905654098549669,"1e-05 to 1",0.00166329984700226,-0.00414098329342205,174,"success","pgls5_castespolymorphic"
"OG0008854_00",0.00722251451209927,0.607808317998953,0.712781900345456,"1e-05 to 1",0.00187281339282148,-0.00393025164559213,174,"success","pgls5_castespolymorphic"
"OG0008855_00",0.00461517820639815,0.509993848092903,1,"1e-05 to 1",0.00302035434376357,-0.00277603894493539,174,"success","pgls5_castespolymorphic"
"OG0008857_00",0.0176405850321064,0.0137329005527325,1e-05,"1e-05 to 1",0.0468663296130964,0.0413248547852656,174,"success","pgls5_castespolymorphic"
"OG0008858_00",0.00511589554890208,0.546689771104788,1e-05,"1e-05 to 1",0.00308694587735358,-0.00270906025126649,174,"success","pgls5_castespolymorphic"
"OG0008859_00",0.0163167881222146,0.00713473554843791,1,"1e-05 to 1",0.0509217700529799,0.0454038733672413,174,"success","pgls5_castespolymorphic"
"OG0008860_00",-0.00854683629609473,0.550315704395305,1e-05,"1e-05 to 1",0.00281617559053082,-0.00298140478394293,174,"success","pgls5_castespolymorphic"
"OG0008862_00",0.026465691804283,0.0111418695195002,1,"1e-05 to 1",0.0474587989928563,0.0419207687544426,174,"success","pgls5_castespolymorphic"
"OG0008864_00",0.0178566216523419,0.320656340417743,1,"1e-05 to 1",0.00719929863567445,0.00142720153471909,174,"success","pgls5_castespolymorphic"
"OG0008866_00",0.00741612650317995,0.44859547171403,0.755127091513962,"1e-05 to 1",0.00407844950245567,-0.00171179207020455,174,"success","pgls5_castespolymorphic"
"OG0008867_00",0.0402032109220301,0.0890086825005247,0.957544467483719,"1e-05 to 1",0.0208143191490909,0.0151213791441438,174,"success","pgls5_castespolymorphic"
"OG0008868_00",-0.00401788533512575,0.378755084406564,1e-05,"1e-05 to 1",0.00625348804079004,0.00047589204102727,174,"success","pgls5_castespolymorphic"
"OG0008870_00",-0.0357765478218366,0.0911773411267207,0.678828215782087,"1e-05 to 1",0.0201042542974744,0.0144071860085062,174,"success","pgls5_castespolymorphic"
"OG0008871_00",-0.0229078792664885,0.272462276532965,0.708473940545138,"1e-05 to 1",0.00853488288248105,0.00277055080621635,174,"success","pgls5_castespolymorphic"
"OG0008872_00",-0.00583766095878842,0.502611034234237,1,"1e-05 to 1",0.00331122452056082,-0.00248347766245893,174,"success","pgls5_castespolymorphic"
"OG0008873_00",0.00106758460959215,0.94981325729505,0.986881159201812,"1e-05 to 1",2.81959054066909e-05,-0.00578559365328291,174,"success","pgls5_castespolymorphic"
"OG0008875_00",-0.0066463444679815,0.280397250855228,1e-05,"1e-05 to 1",0.00825861423045823,0.00249267594110048,174,"success","pgls5_castespolymorphic"
"OG0008876_00",0.00475751808915292,0.731641124278108,0.738132268193142,"1e-05 to 1",0.000842722233836293,-0.00496633170666461,174,"success","pgls5_castespolymorphic"
"OG0008877_00",0.0157482986355124,0.211163074711876,0.690997231775672,"1e-05 to 1",0.0110658572954821,0.00531624018673504,174,"success","pgls5_castespolymorphic"
"OG0008878_00",0.00473237178202511,0.59820945165486,1,"1e-05 to 1",0.0019887221961269,-0.00381366895389568,174,"success","pgls5_castespolymorphic"
"OG0008879_00",0.00822913432444569,0.362175226344353,1e-05,"1e-05 to 1",0.00593450545655125,0.000155054906880059,174,"success","pgls5_castespolymorphic"
"OG0008880_00",0.00248437630199219,0.848172965690251,0.74376291899291,"1e-05 to 1",0.00025718036477679,-0.0055552778889163,174,"success","pgls5_castespolymorphic"
"OG0008881_00",0.00576840888855805,0.729857364359851,0.419988306345591,"1e-05 to 1",0.000934791718352168,-0.0048737269344481,174,"success","pgls5_castespolymorphic"
"OG0008882_00",0.0135456533208209,0.195518210558736,0.277568425706913,"1e-05 to 1",0.01177132243442,0.00602580686717824,174,"success","pgls5_castespolymorphic"
"OG0008885_00",0.0144098354394213,0.272481844987268,0.571706912543804,"1e-05 to 1",0.00865688949440132,0.00289326675890367,174,"success","pgls5_castespolymorphic"
"OG0008889_00",0.0407065949302223,0.0865237520381967,0.627552456267401,"1e-05 to 1",0.0208396568922912,0.0151468641998045,174,"success","pgls5_castespolymorphic"
"OG0008890_00",0.0246061862583972,0.287387745954411,0.884836195678444,"1e-05 to 1",0.00796674564990193,0.00219911045019217,174,"success","pgls5_castespolymorphic"
"OG0008891_00",-0.0170274691738278,0.342967703251301,1,"1e-05 to 1",0.00737429448874693,0.00160321480554193,174,"success","pgls5_castespolymorphic"
"OG0008893_00",-0.000376080347311081,0.984318416807387,0.566005874528154,"1e-05 to 1",2.58411259024484e-06,-0.00581135435187141,174,"success","pgls5_castespolymorphic"
"OG0008894_00",-0.000539147853150044,0.917147321579199,1,"1e-05 to 1",0.000116983594330938,-0.00569628975686465,174,"success","pgls5_castespolymorphic"
"OG0008895_00",-0.00084734548402121,0.899111381176658,1,"1e-05 to 1",0.000125082086629351,-0.00568814418030894,174,"success","pgls5_castespolymorphic"
"OG0008896_00",0.00217029579382251,0.865286230364,0.864846333202284,"1e-05 to 1",0.000209291341805899,-0.00560344533643953,174,"success","pgls5_castespolymorphic"
"OG0008897_00",-0.00351596328328951,0.639601809323429,1,"1e-05 to 1",0.0016410614599018,-0.00416335097347087,174,"success","pgls5_castespolymorphic"
"OG0008898_00",0.000236641571890146,0.989860361594413,1,"1e-05 to 1",1.20077779020806e-06,-0.00581274572931556,174,"success","pgls5_castespolymorphic"
"OG0008899_00",-0.0414560465857014,0.0370204689459852,0.790119770608915,"1e-05 to 1",0.0304823512320753,0.0248456207159827,174,"success","pgls5_castespolymorphic"
"OG0008901_00",0.000164296268568907,0.977011514637311,1e-05,"1e-05 to 1",6.08308528141974e-06,-0.00580783503631577,174,"success","pgls5_castespolymorphic"
"OG0008902_00",-0.00500431230895343,0.515122027148387,1,"1e-05 to 1",0.00305413892538176,-0.00274205794133109,174,"success","pgls5_castespolymorphic"
"OG0008903_00",-0.00283546194245455,0.632573281130287,1,"1e-05 to 1",0.00164907728494643,-0.00415528854479219,174,"success","pgls5_castespolymorphic"
"OG0008904_00",0.00679252595470977,0.24000677215569,0.880792899213423,"1e-05 to 1",0.00984754518597344,0.00409084486728717,174,"success","pgls5_castespolymorphic"
"OG0008905_00",-0.00746024225828019,0.649815586381544,0.674321423057086,"1e-05 to 1",0.0015089792155859,-0.00429620113781204,174,"success","pgls5_castespolymorphic"
"OG0008906_00",0.0368441597179861,0.133179602995778,1e-05,"1e-05 to 1",0.0162663856948386,0.0105470042163204,174,"success","pgls5_castespolymorphic"
"OG0008907_00",0.0115400886288071,0.578423319144766,1,"1e-05 to 1",0.00225962807883327,-0.00354118803698755,174,"success","pgls5_castespolymorphic"
"OG0008908_00",-0.0075204741885709,0.631756244683947,1,"1e-05 to 1",0.00288490980192082,-0.00291227095504465,174,"success","pgls5_castespolymorphic"
"OG0008909_00",0.0017260407710903,0.901808262485003,1,"1e-05 to 1",0.000110698443941441,-0.00570261144882633,174,"success","pgls5_castespolymorphic"
"OG0008910_00",0.0118569498239252,0.399421925193267,1,"1e-05 to 1",0.00507710563585847,-0.000707329796491019,174,"success","pgls5_castespolymorphic"
"OG0008912_00",-0.00984321868627777,0.520050729880835,1,"1e-05 to 1",0.00294078994457834,-0.00285606592783694,174,"success","pgls5_castespolymorphic"
"OG0008913_00",0.0169249467661925,0.605732135105425,0.972770210770575,"1e-05 to 1",0.00192186795764221,-0.00388091187981332,174,"success","pgls5_castespolymorphic"
"OG0008914_00",-0.0228877155753689,0.0850808016136813,0.171813534047306,"1e-05 to 1",0.0210304176454398,0.0153387340270994,174,"success","pgls5_castespolymorphic"
"OG0008915_00",0.0174650331842976,0.0295426067816775,1,"1e-05 to 1",0.0320233923511402,0.0263956213764375,174,"success","pgls5_castespolymorphic"
"OG0008916_00",0.0311525229071146,3.65191786451113e-05,1e-05,"1e-05 to 1",0.109826007454752,0.104650577265535,174,"success","pgls5_castespolymorphic"
"OG0008917_00",0.00306067895552715,0.838082529768815,1e-05,"1e-05 to 1",0.000297161043138755,-0.00551506476474994,174,"success","pgls5_castespolymorphic"
"OG0008918_00",-0.00491407720170811,0.330556647467807,1e-05,"1e-05 to 1",0.00648546594948243,0.000709218658491051,174,"success","pgls5_castespolymorphic"
"OG0008919_00",0.000810978131314646,0.968097351948095,1,"1e-05 to 1",1.1718358202313e-05,-0.00580216700018021,174,"success","pgls5_castespolymorphic"
"OG0008922_00",-0.00352082018943974,0.406763096358835,1e-05,"1e-05 to 1",0.00492144294942393,-0.00086389749854443,174,"success","pgls5_castespolymorphic"
"OG0008925_00",-0.000731639963852339,0.946796142204179,1e-05,"1e-05 to 1",4.61431668265089e-05,-0.00576754204731977,174,"success","pgls5_castespolymorphic"
"OG0008926_00",0.0221363166957721,0.00250136129477152,1e-05,"1e-05 to 1",0.0625474756847976,0.057097170310872,174,"success","pgls5_castespolymorphic"
"OG0008927_00",0.0026637883249518,0.815002513069555,1,"1e-05 to 1",0.00042594045436625,-0.00538553663601538,174,"success","pgls5_castespolymorphic"
"OG0008929_00",-0.00913982532031775,0.542202261624579,1e-05,"1e-05 to 1",0.00265932984868888,-0.00313916241963264,174,"success","pgls5_castespolymorphic"
"OG0008930_00",0.0449798032704236,0.194639845054709,0.903369495471127,"0.001 to 1",0.014094832987699,0.00836282620274376,174,"success","pgls5_castespolymorphic"
"OG0008932_00",-0.00927378801356468,0.480359868797844,0.768063292297867,"1e-05 to 1",0.00434025380073575,-0.0014484656539111,174,"success","pgls5_castespolymorphic"
"OG0008933_00",-0.0140901929392303,0.45180509975897,0.24039895932885,"1e-05 to 1",0.00446521173804214,-0.00132278121696938,174,"success","pgls5_castespolymorphic"
"OG0008936_00",-0.0638900427119963,0.0562722399081426,0.723437391303777,"1e-05 to 1",0.0265340589401191,0.0208743732362826,174,"success","pgls5_castespolymorphic"
"OG0008937_00",0.017416159693505,0.382821111636598,0.65537195014025,"1e-05 to 1",0.00568874785285581,-9.21315200927975e-05,174,"success","pgls5_castespolymorphic"
"OG0008938_00",-0.0112841070461737,0.446252042374383,0.849266301982741,"1e-05 to 1",0.00421037847562996,-0.00157909606811635,174,"success","pgls5_castespolymorphic"
"OG0008939_00",-0.000551534233847683,0.944957020527136,1,"1e-05 to 1",3.59738386933572e-05,-0.00577777049945372,174,"success","pgls5_castespolymorphic"
"OG0008940_00",0.0109576825915825,0.515659687822906,0.624397746093861,"1e-05 to 1",0.00306846292388176,-0.00272765066377012,174,"success","pgls5_castespolymorphic"
"OG0008942_00",0.0178815933571163,0.157229825421115,1e-05,"1e-05 to 1",0.0144448156990697,0.00871484369732012,174,"success","pgls5_castespolymorphic"
"OG0008943_00",0.0202134176976062,0.235424960310259,0.604957406366611,"1e-05 to 1",0.0101860812096334,0.00443134912364296,174,"success","pgls5_castespolymorphic"
"OG0008944_00",-0.00248526612160132,0.619785745588686,1,"1e-05 to 1",0.00178870421160739,-0.00401484983367406,174,"success","pgls5_castespolymorphic"
"OG0008945_00",0.00195314493887743,0.524946827813053,1,"1e-05 to 1",0.00291387312303797,-0.00288313924252592,174,"success","pgls5_castespolymorphic"
"OG0008946_00",0.0112161682612497,0.32168176220135,0.323290309522143,"1e-05 to 1",0.00716896158598554,0.00139668810683435,174,"success","pgls5_castespolymorphic"
"OG0008947_00",0.00513371945456192,0.772733224733929,0.774309368100984,"1e-05 to 1",0.000691923276698984,-0.00511800740192481,174,"success","pgls5_castespolymorphic"
"OG0008948_00",-0.00361948873829837,0.807570176911624,1,"1e-05 to 1",0.000428225838655373,-0.00538323796460816,174,"success","pgls5_castespolymorphic"
"OG0008949_00",0.00815463960863276,0.59929079953973,0.635186176670223,"1e-05 to 1",0.00202040925928232,-0.00378179766362896,174,"success","pgls5_castespolymorphic"
"OG0008950_00",-0.00577101643318441,0.695040730811485,1,"1e-05 to 1",0.00110899831451557,-0.00469850750923717,174,"success","pgls5_castespolymorphic"
"OG0008951_00",-0.0431788252299453,0.0853738082455435,0.955432944330738,"1e-05 to 1",0.0274056772345449,0.0217510590789317,174,"success","pgls5_castespolymorphic"
"OG0008952_00",-0.00615926821687347,0.435497814275727,1e-05,"1e-05 to 1",0.00425836089635594,-0.00153083467982795,174,"success","pgls5_castespolymorphic"
"OG0008953_00",-0.00665596505325906,0.724951349957185,0.603240670030586,"1e-05 to 1",0.000874508298121198,-0.00493436083968035,174,"success","pgls5_castespolymorphic"
"OG0008954_00",-0.00968311323297185,0.168641592694606,0.80128515311543,"1e-05 to 1",0.0133966985665589,0.00766063286055041,174,"success","pgls5_castespolymorphic"
"OG0008955_00",0.00580102796706651,0.740203242587693,1e-05,"1e-05 to 1",0.000782237437609212,-0.00502716815868376,174,"success","pgls5_castespolymorphic"
"OG0008956_00",-0.000487770792289528,0.538986085879078,1e-05,"1e-05 to 1",0.0027018591019214,-0.00309638590329997,174,"success","pgls5_castespolymorphic"
"OG0008957_00",0.0172711994758214,0.0707267165083183,1,"1e-05 to 1",0.0228171507574224,0.0171358551222912,174,"success","pgls5_castespolymorphic"
"OG0008958_00",-0.00811415867218272,0.440729171292757,1e-05,"1e-05 to 1",0.00410490043533189,-0.00168518735283474,174,"success","pgls5_castespolymorphic"
"OG0008959_00",-0.0193144975472385,0.407981759222899,0.550023374252119,"1e-05 to 1",0.00463107064155183,-0.0011559580175089,174,"success","pgls5_castespolymorphic"
"OG0008960_00",0.0160285547121308,0.469080921954311,0.88164208121378,"1e-05 to 1",0.00383246184860173,-0.00195920988483667,174,"success","pgls5_castespolymorphic"
"OG0008961_00",-0.0143971934360552,0.224684611735949,1e-05,"1e-05 to 1",0.0105119805898057,0.00475914326765337,174,"success","pgls5_castespolymorphic"
"OG0008962_00",-0.00421575470947301,0.760453158714245,1,"1e-05 to 1",0.000647558516979123,-0.00516263009629414,174,"success","pgls5_castespolymorphic"
"OG0008964_00",0.00026252759749811,0.98624748273483,0.695876300695495,"1e-05 to 1",2.07048600264847e-06,-0.00581187096466018,174,"success","pgls5_castespolymorphic"
"OG0008969_00",-0.0108149661705145,0.216432448010219,0.567854452476508,"1e-05 to 1",0.0108926059407317,0.00514198155666623,174,"success","pgls5_castespolymorphic"
"OG0008970_00",0.00898623707004545,0.491770568464995,1,"1e-05 to 1",0.00335838019878405,-0.00243604782331608,174,"success","pgls5_castespolymorphic"
"OG0008972_00",0.00224736503314146,0.825172528261108,1e-05,"1e-05 to 1",0.000354811340658034,-0.00545707929108219,174,"success","pgls5_castespolymorphic"
"OG0008973_00",-0.0212535789100314,0.0926227785220073,0.287290755840901,"1e-05 to 1",0.0206556523834057,0.0149617898972628,174,"success","pgls5_castespolymorphic"
"OG0008974_00",0.0188792774764829,0.0400885448421904,0.612696589413182,"1e-05 to 1",0.0304005900820251,0.024763384210409,174,"success","pgls5_castespolymorphic"
"OG0008975_00",-0.00962428477859262,0.633311978384117,1,"1e-05 to 1",0.00165386405982019,-0.00415047393983214,174,"success","pgls5_castespolymorphic"
"OG0008977_00",0.0645015656211748,0.000794341802083043,0.777393819206635,"1e-05 to 1",0.0814289751741036,0.0760884459599995,174,"success","pgls5_castespolymorphic"
"OG0008978_00",-0.00564446948955007,0.535204723913373,1,"1e-05 to 1",0.00281286459587611,-0.00298473502856633,174,"success","pgls5_castespolymorphic"
"OG0008979_00",-0.0115585252021135,0.617022678000329,1,"1e-05 to 1",0.00181705720728504,-0.00398633199499798,174,"success","pgls5_castespolymorphic"
"OG0008980_00",0.0256659290931545,0.0145070266497522,1e-05,"1e-05 to 1",0.0431396119429646,0.0375764701519354,174,"success","pgls5_castespolymorphic"
"OG0008981_00",-0.0194325244141222,0.164717554249682,1e-05,"1e-05 to 1",0.0147956317352727,0.00906769936164065,174,"success","pgls5_castespolymorphic"
"OG0008983_00",0.00320094776994251,0.560138795984329,1e-05,"1e-05 to 1",0.00283664404427162,-0.00296081732756392,174,"success","pgls5_castespolymorphic"
"OG0008984_00",0.00496693953862346,0.716282297997678,0.917779564245434,"1e-05 to 1",0.00100391951848228,-0.00480419722850312,174,"success","pgls5_castespolymorphic"
"OG0008986_00",0.0065735307613083,0.552837494636237,1,"1e-05 to 1",0.00259629680166784,-0.00320256193785728,174,"success","pgls5_castespolymorphic"
"OG0008987_00",-0.00942308723497328,0.3412938015602,1,"1e-05 to 1",0.00666079790152892,0.000885569982351786,174,"success","pgls5_castespolymorphic"
"OG0008988_00",0.0159248710984194,0.148768910177874,1e-05,"1e-05 to 1",0.0150478529066888,0.009321386935216,174,"success","pgls5_castespolymorphic"
"OG0008989_00",0.000543754796582633,0.96709146459354,1,"1e-05 to 1",1.24693865141424e-05,-0.0058014116054248,174,"success","pgls5_castespolymorphic"
"OG0008990_00",-0.010600602339237,0.578490410253288,1,"1e-05 to 1",0.00225883105508239,-0.0035419896945974,174,"success","pgls5_castespolymorphic"
"OG0008991_00",0.00946059422915931,0.234763110632284,1,"1e-05 to 1",0.0103647598058353,0.00461106654889243,174,"success","pgls5_castespolymorphic"
"OG0008992_00",0.0124617632483596,0.492078926508273,1,"1e-05 to 1",0.00332994783474909,-0.00246464549179315,174,"success","pgls5_castespolymorphic"
"OG0008994_00",0.00641406774616531,0.745781630232131,0.826324860386261,"1e-05 to 1",0.000764138415902059,-0.00504537240726122,174,"success","pgls5_castespolymorphic"
"OG0008995_00",0.0176446705004714,0.295633352006357,0.968030754538304,"1e-05 to 1",0.00803967141680204,0.00227246020410909,174,"success","pgls5_castespolymorphic"
"OG0008996_00",-0.00498122387612491,0.467526927733375,0.445653427047999,"1e-05 to 1",0.0035963258027394,-0.00219671881468653,174,"success","pgls5_castespolymorphic"
"OG0008997_00",-0.00369078307285588,0.884111011332989,0.82137112146549,"1e-05 to 1",0.000154502812489401,-0.00565855240371693,174,"success","pgls5_castespolymorphic"
"OG0008998_00",0.0127082188134339,0.364359825810915,0.893085838170837,"1e-05 to 1",0.00628516478008122,0.000507752947407236,174,"success","pgls5_castespolymorphic"
"OG0008999_00",-0.00490207260943638,0.504269521960674,1,"1e-05 to 1",0.00323791883741593,-0.00255720954143634,174,"success","pgls5_castespolymorphic"
"OG0009000_00",0.017894303540009,0.39282370529734,0.662275432782072,"1e-05 to 1",0.00533500333054676,-0.00044793269660115,174,"success","pgls5_castespolymorphic"
"OG0009001_00",-0.0202805267582123,0.155236412738325,0.77266363658162,"1e-05 to 1",0.0153597585492221,0.00963510598264772,174,"success","pgls5_castespolymorphic"
"OG0009005_00",-0.00535856573691198,0.72159111220517,1,"1e-05 to 1",0.00107092076304866,-0.00473680644181718,174,"success","pgls5_castespolymorphic"
"OG0009006_00",-0.0039685075586944,0.36496419833647,1,"1e-05 to 1",0.00586611209451616,8.62639090191131e-05,174,"success","pgls5_castespolymorphic"
"OG0009007_00",0.00201720256755625,0.928602333149847,0.647864344736691,"1e-05 to 1",5.83890384954878e-05,-0.0057552249787225,174,"success","pgls5_castespolymorphic"
"OG0009009_00",-0.00324054652703104,0.692950393313949,1,"1e-05 to 1",0.00111700215185802,-0.00469045713795668,174,"success","pgls5_castespolymorphic"
"OG0009010_00",-0.0303799491995912,0.0853504056969587,0.964779579272367,"1e-05 to 1",0.0209945137137491,0.0153026213516196,174,"success","pgls5_castespolymorphic"
"OG0009011_00",-0.00438573415875887,0.527896965152807,1e-05,"1e-05 to 1",0.00350427534732847,-0.00228930444716369,174,"success","pgls5_castespolymorphic"
"OG0009013_00",-0.00532923173313956,0.396884306519835,1e-05,"1e-05 to 1",0.00536190013612628,-0.000420879514245076,174,"success","pgls5_castespolymorphic"
"OG0009014_00",0.00161756442291511,0.84234815431135,1e-05,"1e-05 to 1",0.000289754991229632,-0.0055225138751005,174,"success","pgls5_castespolymorphic"
"OG0009016_00",0.00507260575423515,0.625984840952569,1e-05,"1e-05 to 1",0.00203691591473226,-0.00376519503925188,174,"success","pgls5_castespolymorphic"
"OG0009019_00",-0.0172431914884103,0.137504660853559,0.82137950510801,"1e-05 to 1",0.0181374928129891,0.0124289898642274,174,"success","pgls5_castespolymorphic"
"OG0009020_00",-0.013934059156223,0.539648810695874,0.936273243511637,"1e-05 to 1",0.0027321752663277,-0.00306589348212372,174,"success","pgls5_castespolymorphic"
"OG0009021_00",-0.0465380530216761,0.0778863409390842,1,"1e-05 to 1",0.0231867306659707,0.0175075837512381,174,"success","pgls5_castespolymorphic"
"OG0009022_00",0.0105138260893899,0.281507259984709,1e-05,"1e-05 to 1",0.00852279365290684,0.00275839129042366,174,"success","pgls5_castespolymorphic"
"OG0009023_00",-0.0114546803766004,0.33851258175462,1e-05,"1e-05 to 1",0.00673770257561311,0.000962921776634151,174,"success","pgls5_castespolymorphic"
"OG0009025_00",-0.00107672963133864,0.954201108385077,0.965231427868622,"1e-05 to 1",2.50826178721106e-05,-0.00578872504132644,174,"success","pgls5_castespolymorphic"
"OG0009026_00",0.00419733819422488,0.824610231709141,0.421284935556083,"1e-05 to 1",0.000379192616325189,-0.00543255626381245,174,"success","pgls5_castespolymorphic"
"OG0009027_00",0.0268953233037979,0.0906016896467521,1e-05,"1e-05 to 1",0.0209119172786635,0.0152195447047022,174,"success","pgls5_castespolymorphic"
"OG0009028_00",0.0137452673410128,0.107955490469372,1,"1e-05 to 1",0.0190275403808592,0.0133242121272595,174,"success","pgls5_castespolymorphic"
"OG0009029_00",0.0216728851448883,0.275541828533525,0.814302569464303,"1e-05 to 1",0.00873605865239,0.00297289620269459,174,"success","pgls5_castespolymorphic"
"OG0009031_00",-0.00195548717539085,0.810219307522764,1,"1e-05 to 1",0.000435137748128689,-0.00537628586961492,174,"success","pgls5_castespolymorphic"
"OG0009032_00",0.0147053367472766,0.418339956910799,1,"1e-05 to 1",0.00482205236915865,-0.000963865931020713,174,"success","pgls5_castespolymorphic"
"OG0009033_00",-0.0177744882998021,0.0788711893233656,1e-05,"1e-05 to 1",0.0223685094802847,0.0166846054656351,174,"success","pgls5_castespolymorphic"
"OG0009034_00",-0.00196818987901975,0.891855179487411,1e-05,"1e-05 to 1",0.000138448902060559,-0.00567469965083434,174,"success","pgls5_castespolymorphic"
"OG0009035_00",-0.0117124597913446,0.489728686637405,1,"1e-05 to 1",0.00346394059071059,-0.0023298737081805,174,"success","pgls5_castespolymorphic"
"OG0009036_00",0.00346825189416684,0.792088952166341,1e-05,"1e-05 to 1",0.000508910315626477,-0.00530208439184077,174,"success","pgls5_castespolymorphic"
"OG0009037_00",0.00291472188970092,0.852431279720893,0.788852776701569,"1e-05 to 1",0.000249803937992562,-0.00556269720190294,174,"success","pgls5_castespolymorphic"
"OG0009038_00",-0.0436724614026959,0.250130646611411,0.978331690736927,"1e-05 to 1",0.00930318271661591,0.00354331749985204,174,"success","pgls5_castespolymorphic"
"OG0009039_00",-0.00468930086756418,0.387845674228066,1e-05,"1e-05 to 1",0.00518289745320813,-0.000600922910436008,174,"success","pgls5_castespolymorphic"
"OG0009040_00",-0.0288314125833929,0.0642355455908028,1e-05,"1e-05 to 1",0.0249560402112209,0.0192871799798908,174,"success","pgls5_castespolymorphic"
"OG0009041_00",-0.0263799690563803,0.194469882837547,0.501029149987306,"1e-05 to 1",0.012256924039632,0.00651423173753674,174,"success","pgls5_castespolymorphic"
"OG0009050_00",-0.0237024467211402,0.134593861741361,0.781110305958076,"1e-05 to 1",0.0159197869970094,0.0101983904097828,174,"success","pgls5_castespolymorphic"
"OG0009051_00",0.0109830630445465,0.516778737367062,1e-05,"1e-05 to 1",0.00305216303346119,-0.00274404532099526,174,"success","pgls5_castespolymorphic"
"OG0009053_00",0.00681673242687584,0.259230756719564,1e-05,"1e-05 to 1",0.00928155347244045,0.00352156250425695,174,"success","pgls5_castespolymorphic"
"OG0009055_00",-0.0132534916110285,0.451609205572663,1,"1e-05 to 1",0.0038601479855488,-0.00193136278197703,174,"success","pgls5_castespolymorphic"
"OG0009056_00",0.00382917050640442,0.783647644857544,0.867093907229597,"1e-05 to 1",0.000556210013467019,-0.00525450969575703,174,"success","pgls5_castespolymorphic"
"OG0009057_00",-0.0144068910107305,0.179056496999493,0.82728043802553,"1e-05 to 1",0.0132357446870402,0.00749874320266242,174,"success","pgls5_castespolymorphic"
"OG0009058_00",-0.0528026297175846,0.0848551553709109,1,"1e-05 to 1",0.022327368707834,0.0166432255026471,174,"success","pgls5_castespolymorphic"
"OG0009059_00",0.00935208511207933,0.399370569487763,1e-05,"1e-05 to 1",0.00573421253225174,-4.64025111654998e-05,174,"success","pgls5_castespolymorphic"
"OG0009060_00",-0.00442564928243533,0.663717588417183,1,"1e-05 to 1",0.0015172210291286,-0.00428791140674867,174,"success","pgls5_castespolymorphic"
"OG0009062_00",-0.000483083102308242,0.960019688411669,0.871833827165483,"1e-05 to 1",1.84092620731938e-05,-0.00579543719570541,174,"success","pgls5_castespolymorphic"
"OG0009063_00",-0.000791715625016567,0.892246234344959,1,"1e-05 to 1",0.000135414855794865,-0.00567775133690396,174,"success","pgls5_castespolymorphic"
"OG0009064_00",0.0192559264988751,0.292560325740384,1,"1e-05 to 1",0.00826372597373887,0.00249781740381871,174,"success","pgls5_castespolymorphic"
"OG0009065_00",-0.00675726118593725,0.258981476361219,1e-05,"1e-05 to 1",0.00986679544078196,0.00411020704218179,174,"success","pgls5_castespolymorphic"
"OG0009066_00",-0.00309018715446042,0.507740792526492,1e-05,"1e-05 to 1",0.00335616800977376,-0.00243827287389031,174,"success","pgls5_castespolymorphic"
"OG0009067_00",0.0402705922596724,0.125511301619569,1,"1e-05 to 1",0.0287353488749441,0.023088461368403,174,"success","pgls5_castespolymorphic"
"OG0009068_00",-0.0348509564634738,0.133054336569746,0.491163393636518,"1e-05 to 1",0.0165150558723372,0.0107971201506647,174,"success","pgls5_castespolymorphic"
"OG0009069_00",-0.025492387646244,0.152903510374094,0.833565307109844,"1e-05 to 1",0.0154161942574906,0.00969186980549919,174,"success","pgls5_castespolymorphic"
"OG0009070_00",-0.00173912831018288,0.352413059796447,1e-05,"1e-05 to 1",0.00645653018184756,0.0006801146596489,174,"success","pgls5_castespolymorphic"
"OG0009071_00",0.0381824630878137,0.105858181454751,1,"1e-05 to 1",0.0196891735131921,0.0139896919638502,174,"success","pgls5_castespolymorphic"
"OG0009072_00",-0.0616237649442543,0.0111585136646295,1,"1e-05 to 1",0.0464142199563588,0.0408701165840121,174,"success","pgls5_castespolymorphic"
"OG0009074_00",-0.00922831983394884,0.31834926021423,0.981148243409514,"1e-05 to 1",0.00748660353734722,0.00171617681372715,174,"success","pgls5_castespolymorphic"
"OG0009075_00",0.00507295773766338,0.662099373305586,0.62834529672594,"1e-05 to 1",0.0014295540435324,-0.00437608808412149,174,"success","pgls5_castespolymorphic"
"OG0009076_00",0.00426807100760557,0.832752918007742,1e-05,"1e-05 to 1",0.00032904829976181,-0.00548299211710002,174,"success","pgls5_castespolymorphic"
"OG0009077_00",0.0188451678914434,0.332446923731238,0.510511456927307,"1e-05 to 1",0.00701151439914463,0.00123832552937209,174,"success","pgls5_castespolymorphic"
"OG0009078_00",-0.0142694161623491,0.273586189255446,1,"1e-05 to 1",0.00880723029795187,0.00304448163689341,174,"success","pgls5_castespolymorphic"
"OG0009079_00",0.0232537543000061,0.307549438008598,0.934305444562338,"1e-05 to 1",0.00788630669178245,0.00211820382371142,174,"success","pgls5_castespolymorphic"
"OG0009080_00",0.0156409231656182,0.255435100541781,0.625036655122113,"1e-05 to 1",0.00949937419755381,0.00374064962893483,174,"success","pgls5_castespolymorphic"
"OG0009081_00",0.00854351321997388,0.289474817212434,1e-05,"1e-05 to 1",0.00812717356099492,0.00236047108169835,174,"success","pgls5_castespolymorphic"
"OG0009082_00",-0.00443235934648263,0.249777742650977,1e-05,"1e-05 to 1",0.00944993436229417,0.00369092235277257,174,"success","pgls5_castespolymorphic"
"OG0009083_00",-0.0190403666138368,0.422773163184532,0.607044843101012,"1e-05 to 1",0.00491194201264874,-0.000873453673324143,174,"success","pgls5_castespolymorphic"
"OG0009084_00",-0.0101097604625767,0.617777546268822,1,"1e-05 to 1",0.00183596397373393,-0.00396731530548844,174,"success","pgls5_castespolymorphic"
"OG0009085_00",-0.00677029069900652,0.411057123987373,1,"1e-05 to 1",0.00473078160160881,-0.0010556673425679,174,"success","pgls5_castespolymorphic"
"OG0009086_00",0.0795742268279173,0.00225037518006022,0.874119572171901,"1e-05 to 1",0.0647140627811165,0.0592763538437975,174,"success","pgls5_castespolymorphic"
"OG0009087_00",0.00167007916998411,0.666171409782268,1,"1e-05 to 1",0.00131441464548092,-0.00449189689727802,174,"success","pgls5_castespolymorphic"
"OG0009088_00",-0.0159033408670859,0.394258871343415,0.761356089674142,"1e-05 to 1",0.00518907596220351,-0.000594708479876749,174,"success","pgls5_castespolymorphic"
"OG0009089_00",-0.0157633756211727,0.0979300615181287,1e-05,"1e-05 to 1",0.0186480110851254,0.0129424762658529,174,"success","pgls5_castespolymorphic"
"OG0009090_00",-0.00255350981697713,0.862482794716511,0.690281246810039,"1e-05 to 1",0.000209058932319268,-0.0056036790971441,174,"success","pgls5_castespolymorphic"
"OG0009091_00",0.0203802019527237,0.355820964033791,0.557205352101257,"1e-05 to 1",0.00609305996072608,0.000314531239567484,174,"success","pgls5_castespolymorphic"
"OG0009092_00",0.00107742219877207,0.959955825446453,1,"1e-05 to 1",1.80710142331945e-05,-0.00579577741010273,174,"success","pgls5_castespolymorphic"
"OG0009093_00",0.014091379300183,0.560791743780428,1e-05,"1e-05 to 1",0.00253111775071839,-0.00326811993677745,174,"success","pgls5_castespolymorphic"
"OG0009095_00",-0.0185574176290042,0.470142223828423,0.847062901386317,"1e-05 to 1",0.00378654118807954,-0.00200539752594309,174,"success","pgls5_castespolymorphic"
"OG0009096_00",-0.0121843299124245,0.173496116717598,1e-05,"1e-05 to 1",0.0143125385855407,0.00858179753080546,174,"success","pgls5_castespolymorphic"
"OG0009097_00",0.0303383715727309,0.0239115069902671,0.77335611063524,"1e-05 to 1",0.0395213969560524,0.0339372190313783,174,"success","pgls5_castespolymorphic"
"OG0009101_00",-0.0102973782754178,0.332849929115852,1,"1e-05 to 1",0.00689691564106259,0.00112306049944078,174,"success","pgls5_castespolymorphic"
"OG0009102_00",-0.00811086100507593,0.457410564458137,0.769550418863885,"1e-05 to 1",0.00386772589904852,-0.00192374081084079,174,"success","pgls5_castespolymorphic"
"OG0009103_00",0.0052866521034567,0.738405196645005,0.586399483498732,"1e-05 to 1",0.000799197049013512,-0.00501010994488738,174,"success","pgls5_castespolymorphic"
"OG0009104_00",-0.0139040598869,0.367358206789291,0.8313916215864,"1e-05 to 1",0.00593524176997165,0.000155795501192491,174,"success","pgls5_castespolymorphic"
"OG0009105_00",0.00751144957456369,0.769165013187215,1e-05,"1e-05 to 1",0.000972652372321147,-0.004835646160398,174,"success","pgls5_castespolymorphic"
"OG0009106_00",0.0120546533699241,0.0513892497349697,0.138847293273283,"1e-05 to 1",0.0278247548696073,0.0221725732118725,174,"success","pgls5_castespolymorphic"
"OG0009107_00",-0.0210816286047078,0.276530224921711,0.781933842089264,"1e-05 to 1",0.00851268003092536,0.00274821886831444,174,"success","pgls5_castespolymorphic"
"OG0009108_00",0.00811540143924747,0.318066263757417,1e-05,"1e-05 to 1",0.00727649334074002,0.0015048450462094,174,"success","pgls5_castespolymorphic"
"OG0009110_00",0.00420695231253155,0.744422590496308,1e-05,"1e-05 to 1",0.000833195245578925,-0.0049759140843888,174,"success","pgls5_castespolymorphic"
"OG0009112_00",-0.0101180474513888,0.147289203456769,1e-05,"1e-05 to 1",0.0156078373569497,0.00988462710902493,174,"success","pgls5_castespolymorphic"
"OG0009113_00",0.0342894458422476,0.048340063130786,0.752940575813383,"1e-05 to 1",0.0313198551403792,0.0256879938330558,174,"success","pgls5_castespolymorphic"
"OG0009115_00",-0.0105740943473282,0.350474725267175,0.953555031336087,"1e-05 to 1",0.0066071970297685,0.000831657477616043,174,"success","pgls5_castespolymorphic"
"OG0009116_00",-0.00434011078366101,0.698467349298789,0.980603727533316,"1e-05 to 1",0.00112348879382231,-0.00468393278295798,174,"success","pgls5_castespolymorphic"
"OG0009117_00",0.0120509628024126,0.469610098435775,1e-05,"1e-05 to 1",0.00415777382919539,-0.00163200655551865,174,"success","pgls5_castespolymorphic"
"OG0009118_00",-0.0271926713990428,0.204516478847864,0.678659772604071,"1e-05 to 1",0.0123539896641674,0.00661186169709849,174,"success","pgls5_castespolymorphic"
"OG0009119_00",-0.025700114133017,0.0339353001516032,1e-05,"1e-05 to 1",0.0338792957557266,0.0282623149170971,174,"success","pgls5_castespolymorphic"
"OG0009120_00",-0.000810895246544146,0.907674476297617,1e-05,"1e-05 to 1",0.000100740132115365,-0.00571262765781433,174,"success","pgls5_castespolymorphic"
"OG0009121_00",-0.0372025666455164,0.135047745894565,1,"1e-05 to 1",0.0186712878840777,0.0129658883950317,174,"success","pgls5_castespolymorphic"
"OG0009122_00",0.0101048324469837,0.637331038138986,0.964003524765791,"1e-05 to 1",0.00167593786583763,-0.00412827179773312,174,"success","pgls5_castespolymorphic"
"OG0009123_00",-0.0087163303768227,0.207405153638804,1,"1e-05 to 1",0.0117477748736562,0.00600212240199138,174,"success","pgls5_castespolymorphic"
"OG0009124_00",0.0798743474987884,0.13377814044483,0.73155893551036,"1e-05 to 1",0.0256540888293389,0.0199892870202072,174,"success","pgls5_castespolymorphic"
"OG0009125_00",0.00871421430700757,0.65616641810169,0.992265119054137,"1e-05 to 1",0.0017448358596755,-0.0040589732341636,174,"success","pgls5_castespolymorphic"
"OG0009126_00",0.0114437276928088,0.100023691993196,1,"1e-05 to 1",0.0203611730144453,0.0146655984389479,174,"success","pgls5_castespolymorphic"
"OG0009127_00",0.00133656883584917,0.878619479712575,0.747191672713803,"1e-05 to 1",0.000176007749330006,-0.00563692243817382,174,"success","pgls5_castespolymorphic"
"OG0009128_00",-0.0100900063941974,0.187601568994175,1e-05,"1e-05 to 1",0.0128265773394676,0.00708719697516225,174,"success","pgls5_castespolymorphic"
"OG0009130_00",-0.0146040682260564,0.460597641844746,1,"1e-05 to 1",0.00413164883960031,-0.00165828343458818,174,"success","pgls5_castespolymorphic"
"OG0009131_00",-0.00297920241111714,0.876775318349513,0.913394442945905,"1e-05 to 1",0.000244059340575441,-0.00556847519814219,174,"success","pgls5_castespolymorphic"
"OG0009132_00",0.0171181264485369,0.179783658949927,1,"1e-05 to 1",0.0132892834908622,0.00755259327859981,174,"success","pgls5_castespolymorphic"
"OG0009133_00",0.0373259485541037,3.17987825679822e-05,1,"1e-05 to 1",0.119902139158638,0.114785291130491,174,"success","pgls5_castespolymorphic"
"OG0009136_00",-0.0119978669398492,0.29381758093688,0.970563396153792,"1e-05 to 1",0.00810011921319394,0.00233325944117768,174,"success","pgls5_castespolymorphic"
"OG0009137_00",-0.00848989569186,0.416367578488406,1,"1e-05 to 1",0.00479240500820127,-0.000993685660355625,174,"success","pgls5_castespolymorphic"
"OG0009138_00",-0.00516924276219989,0.694719903220745,0.751209599470243,"1e-05 to 1",0.00111145521627065,-0.00469603632316962,174,"success","pgls5_castespolymorphic"
"OG0009143_00",-0.00584656014759283,0.519466435055231,0.910460869288746,"1e-05 to 1",0.00319911143118664,-0.00259624257212043,174,"success","pgls5_castespolymorphic"
"OG0009147_00",-0.00434465341385706,0.569854686795881,1,"1e-05 to 1",0.0022957481904437,-0.0035048579247281,174,"success","pgls5_castespolymorphic"
"OG0009149_00",-0.0134585521436589,0.354090725560967,0.696744619682127,"1e-05 to 1",0.00650902733429507,0.000732917028099078,174,"success","pgls5_castespolymorphic"
"OG0009150_00",0.0094625243788157,0.443540657000564,1e-05,"1e-05 to 1",0.0049009150424243,-0.000884544753840588,174,"success","pgls5_castespolymorphic"
"OG0009151_00",-0.00332618030036773,0.88351910885289,1e-05,"1e-05 to 1",0.00018909977737941,-0.00562375429368211,174,"success","pgls5_castespolymorphic"
"OG0009152_00",0.00328335454603675,0.636178102308748,0.915803583012412,"1e-05 to 1",0.00167480439129117,-0.00412941186224791,174,"success","pgls5_castespolymorphic"
"OG0009153_00",0.0180140878392489,0.386066778306968,0.963250068925869,"1e-05 to 1",0.00569692312162279,-8.39087206934153e-05,174,"success","pgls5_castespolymorphic"
"OG0009154_00",0.00914539779748119,0.291552329680605,1e-05,"1e-05 to 1",0.00829817643035286,0.00253246815378516,174,"success","pgls5_castespolymorphic"
"OG0009155_00",0.0272332305312648,0.0854444576906828,0.315098590864605,"1e-05 to 1",0.0238587194878315,0.0181834794848538,174,"success","pgls5_castespolymorphic"
"OG0009156_00",-0.0255245925350058,0.228776723424722,0.674477995887594,"1e-05 to 1",0.0140316028420558,0.00829922843997466,174,"success","pgls5_castespolymorphic"
"OG0009157_00",0.0176380436351319,0.270158960632715,0.309192433134122,"1e-05 to 1",0.00920397754368551,0.00344353555266042,174,"success","pgls5_castespolymorphic"
"OG0009158_00",0.0331715523824502,0.168968393151878,1,"1e-05 to 1",0.0140727033129373,0.00834056786708237,174,"success","pgls5_castespolymorphic"
"OG0009159_00",0.00726179436503318,0.379629019744663,0.627117038971372,"1e-05 to 1",0.00580869399331729,2.85119816505475e-05,174,"success","pgls5_castespolymorphic"
"OG0009160_00",-0.0157990837725381,0.476708187735685,0.958039097919576,"1e-05 to 1",0.00378592635247222,-0.00200601593617633,174,"success","pgls5_castespolymorphic"
"OG0009161_00",0.0137222396202027,0.379076040615763,1,"1e-05 to 1",0.00634757027663508,0.000570521266615498,174,"success","pgls5_castespolymorphic"
"OG0009162_00",0.0111244156953914,0.575768103611234,1,"1e-05 to 1",0.00245285806605741,-0.00334683461960505,174,"success","pgls5_castespolymorphic"
"OG0009163_00",-0.00438724341652426,0.720869767484612,0.828746027547674,"1e-05 to 1",0.000934800711406173,-0.00487371788910895,174,"success","pgls5_castespolymorphic"
"OG0009164_00",-0.0265853263141472,0.348122603102036,0.721116905125792,"1e-05 to 1",0.0067227442512951,0.000947876485314136,174,"success","pgls5_castespolymorphic"
"OG0009165_00",0.00363487538729575,0.334971208584483,1,"1e-05 to 1",0.00693892110777849,0.00116531018398647,174,"success","pgls5_castespolymorphic"
"OG0009166_00",-0.00877870560668244,0.67260536456882,1,"1e-05 to 1",0.00133669616041854,-0.0044694858386487,174,"success","pgls5_castespolymorphic"
"OG0009167_00",0.0142178038126958,0.261948528702526,0.735298536836556,"1e-05 to 1",0.00924422162823223,0.00348401361444295,174,"success","pgls5_castespolymorphic"
"OG0009168_00",-0.00841201950080529,0.73874678477749,1,"1e-05 to 1",0.000872014032602701,-0.00493686960674267,174,"success","pgls5_castespolymorphic"
"OG0009169_00",-0.0208601730413418,0.127992084522937,1,"1e-05 to 1",0.0167073191924561,0.0109905012807844,174,"success","pgls5_castespolymorphic"
"OG0009170_00",0.00672882107031295,0.147212754352239,1e-05,"1e-05 to 1",0.0157305955491816,0.0100080990116769,174,"success","pgls5_castespolymorphic"
"OG0009171_00",0.0401688688818048,0.00109708007264242,1,"1e-05 to 1",0.0745698611898723,0.0691894534060924,174,"success","pgls5_castespolymorphic"
"OG0009172_00",-0.00478782100291766,0.742714602324037,0.823725488571662,"1e-05 to 1",0.000766640786572022,-0.00504285548792471,174,"success","pgls5_castespolymorphic"
"OG0009173_00",-0.0055640308988586,0.400552870367793,1e-05,"1e-05 to 1",0.00494674577120376,-0.000838447567335754,174,"success","pgls5_castespolymorphic"
"OG0009174_00",-0.00401074893246727,0.850828624273495,0.55650194407434,"1e-05 to 1",0.0002730652065426,-0.00553930069341946,174,"success","pgls5_castespolymorphic"
"OG0009177_00",0.000548735528075466,0.967675842689093,1,"1e-05 to 1",1.36275647043978e-05,-0.00580024669364021,174,"success","pgls5_castespolymorphic"
"OG0009180_00",0.0117130634680187,0.521900442893271,0.79271574976302,"1e-05 to 1",0.00309055598527612,-0.00270542915434446,174,"success","pgls5_castespolymorphic"
"OG0009181_00",-0.0551547589852427,0.0910743774141878,0.922570650215187,"1e-05 to 1",0.0288595458711018,0.0232133804401198,174,"success","pgls5_castespolymorphic"
"OG0009182_00",-0.0159855421917119,0.416003983864504,0.595957479556502,"1e-05 to 1",0.00705058656830042,0.0012776248623021,174,"success","pgls5_castespolymorphic"
"OG0009184_00",0.0107953402447615,0.637347525415985,0.907168164707155,"1e-05 to 1",0.0017145609240149,-0.00408942418689184,174,"success","pgls5_castespolymorphic"
"OG0009185_00",-0.0174787395967204,0.421304898742332,0.857170004942403,"1e-05 to 1",0.00498111697427487,-0.000803876531688674,174,"success","pgls5_castespolymorphic"
"OG0009186_00",-0.00229131935736804,0.766654994747523,1,"1e-05 to 1",0.000669447015332211,-0.00514061433922985,174,"success","pgls5_castespolymorphic"
"OG0009187_00",0.0178853517367039,0.152377044393291,0.919355730181384,"1e-05 to 1",0.015455494871462,0.00973139891141239,174,"success","pgls5_castespolymorphic"
"OG0009188_00",0.0334371876450893,0.00187070088424912,1e-05,"1e-05 to 1",0.0679248305119403,0.0625057888288703,174,"success","pgls5_castespolymorphic"
"OG0009189_00",0.0204488299322887,0.382044810784027,0.928193376170925,"1e-05 to 1",0.00579383380680925,1.35653987093365e-05,174,"success","pgls5_castespolymorphic"
"OG0009190_00",0.00140865268422662,0.955849450210099,0.719450365656074,"1e-05 to 1",2.54354494122916e-05,-0.00578837015844003,174,"success","pgls5_castespolymorphic"
"OG0009191_00",-0.0207534702475147,0.312171109119501,0.779818077275815,"1e-05 to 1",0.00797942316831427,0.00221186167510679,174,"success","pgls5_castespolymorphic"
"OG0009192_00",0.00103423075890194,0.852446864042265,1e-05,"1e-05 to 1",0.000263043341742035,-0.00554938082487566,174,"success","pgls5_castespolymorphic"
"OG0009194_00",0.0285719434255896,0.102941537347082,0.992232755297969,"1e-05 to 1",0.0198703724518175,0.0141719443846771,174,"success","pgls5_castespolymorphic"
"OG0009195_00",0.0187621692450705,0.216904143129308,1,"1e-05 to 1",0.0116156852282138,0.00586926479349414,174,"success","pgls5_castespolymorphic"
"OG0009196_00",-0.0351353684812005,0.288723375126219,0.843355254799004,"1e-05 to 1",0.00878901398172959,0.00302615941185591,174,"success","pgls5_castespolymorphic"
"OG0009197_00",6.87748980681899e-05,0.99323436022921,1e-05,"1e-05 to 1",5.68399890807497e-07,-0.00581338178383084,174,"success","pgls5_castespolymorphic"
"OG0009198_00",-0.00902059578638628,0.585770858703168,0.864339400370422,"1e-05 to 1",0.00227323696701718,-0.00352750002736069,174,"success","pgls5_castespolymorphic"
"OG0009199_00",0.00121232297172177,0.928420849308575,0.866561149757401,"1e-05 to 1",6.18348643805253e-05,-0.00575175911896597,174,"success","pgls5_castespolymorphic"
"OG0009200_00",-0.00794283322610428,0.425687228237981,1e-05,"1e-05 to 1",0.00481389257360735,-0.000972073167243792,174,"success","pgls5_castespolymorphic"
"OG0009201_00",-0.0203592493923395,0.245494828825576,0.398968419029273,"1e-05 to 1",0.0102042106737044,0.00444958399157491,174,"success","pgls5_castespolymorphic"
"OG0009202_00",-0.0194926134401122,0.517445831264778,0.842075114366744,"1e-05 to 1",0.00315710263427095,-0.00263849560622753,174,"success","pgls5_castespolymorphic"
"OG0009203_00",0.0469377009883714,0.0248070940770124,1,"1e-05 to 1",0.0378637996177154,0.0322699844992137,174,"success","pgls5_castespolymorphic"
"OG0009204_00",-0.00921068456025397,0.370690036347978,1e-05,"1e-05 to 1",0.0059845892478826,0.000205429883044728,174,"success","pgls5_castespolymorphic"
"OG0009205_00",0.0214645718406689,0.0759200306769727,1,"1e-05 to 1",0.0234939785826253,0.0178166179929894,174,"success","pgls5_castespolymorphic"
"OG0009206_00",0.0121273576740964,0.585710067138177,0.977862953222274,"1e-05 to 1",0.00227397358898968,-0.00352675912270217,174,"success","pgls5_castespolymorphic"
"OG0009207_00",0.0121771096216557,0.265274934599296,1,"1e-05 to 1",0.00911690359642178,0.00335595536151723,174,"success","pgls5_castespolymorphic"
"OG0009208_00",-0.000952112351883412,0.967682344451908,0.972695212677101,"1e-05 to 1",1.23884083968818e-05,-0.00580149305434507,174,"success","pgls5_castespolymorphic"
"OG0009209_00",0.00234104758107959,0.745318060000247,1,"1e-05 to 1",0.000789999545798812,-0.0050193609219582,174,"success","pgls5_castespolymorphic"
"OG0009210_00",0.00299647829338211,0.690029095273959,1,"1e-05 to 1",0.00119967736205659,-0.0046073012579313,174,"success","pgls5_castespolymorphic"
"OG0009211_00",-0.00029262364394541,0.984427300722663,1e-05,"1e-05 to 1",3.06005550329636e-06,-0.00581087564184846,174,"success","pgls5_castespolymorphic"
"OG0009212_00",0.00244960812204854,0.546653677096738,0.748077131429197,"1e-05 to 1",0.00267790945491423,-0.00312047479244093,174,"success","pgls5_castespolymorphic"
"OG0009213_00",0.0135107205179988,0.57377591385622,0.942275944203694,"1e-05 to 1",0.00233235350983905,-0.00346803978370835,174,"success","pgls5_castespolymorphic"
"OG0009214_00",0.0138570067373576,0.498401695107186,1,"1e-05 to 1",0.00340189140528438,-0.00239228364468502,174,"success","pgls5_castespolymorphic"
"OG0009216_00",0.00367427517259533,0.715187109832643,1,"1e-05 to 1",0.00121523842770006,-0.00459164972097592,174,"success","pgls5_castespolymorphic"
"OG0009218_00",0.0207029150078332,0.0104274548011447,1e-05,"1e-05 to 1",0.0561602182065789,0.0506727776147567,174,"success","pgls5_castespolymorphic"
"OG0009219_00",0.00232172829330723,0.828275870655242,1,"1e-05 to 1",0.000380907285369761,-0.00543083162576186,174,"success","pgls5_castespolymorphic"
"OG0009220_00",-0.00577281008891236,0.708428542312429,1,"1e-05 to 1",0.00107107786480225,-0.00473664842668153,174,"success","pgls5_castespolymorphic"
"OG0009221_00",0.00271050595402398,0.787840930074133,1e-05,"1e-05 to 1",0.000692795451937362,-0.0051171301559001,174,"success","pgls5_castespolymorphic"
"OG0009222_00",0.0147797098551614,0.25747992819991,0.450177286421761,"1e-05 to 1",0.00985262967463819,0.0040959589169326,174,"success","pgls5_castespolymorphic"
"OG0009224_00",-0.00697135925814825,0.510201769291273,0.910734025118735,"1e-05 to 1",0.00334304484517086,-0.00245147233596188,174,"success","pgls5_castespolymorphic"
"OG0009225_00",0.000572721713539981,0.856295936451856,1,"1e-05 to 1",0.000255172086244114,-0.00555729784348702,174,"success","pgls5_castespolymorphic"
"OG0009226_00",0.000758389555490291,0.953659006375593,1e-05,"1e-05 to 1",2.58773624070734e-05,-0.00578792567618369,174,"success","pgls5_castespolymorphic"
"OG0009227_00",-0.00265589083198387,0.565372877702921,1,"1e-05 to 1",0.00245411208904051,-0.00334557330579055,174,"success","pgls5_castespolymorphic"
"OG0009228_00",-0.0433254390821098,8.15636413675769e-05,1,"1e-05 to 1",0.110539109510341,0.105367825263308,174,"success","pgls5_castespolymorphic"
"OG0009230_00",-0.0101485019560813,0.349344466768862,1,"1e-05 to 1",0.00663816366473992,0.000862804151162799,174,"success","pgls5_castespolymorphic"
"OG0009231_00",-0.0252236729251059,0.124209404784085,1,"1e-05 to 1",0.0252262125840782,0.0195589231223577,174,"success","pgls5_castespolymorphic"
"OG0009232_00",-0.0177693477617358,0.327250030682188,0.948066223882592,"1e-05 to 1",0.00738372454735908,0.00161269969007638,174,"success","pgls5_castespolymorphic"
"OG0009233_00",-0.00478096457605774,0.690197338040748,1e-05,"1e-05 to 1",0.00123558273784115,-0.00457118712996207,174,"success","pgls5_castespolymorphic"
"OG0009234_00",-0.0317939602133213,0.110593591799623,0.492847621849952,"1e-05 to 1",0.0191726386612901,0.0134701540023442,174,"success","pgls5_castespolymorphic"
"OG0009235_00",0.00835042924447449,0.735776403377484,0.947134713602486,"1e-05 to 1",0.000865578079251863,-0.00494334297842691,174,"success","pgls5_castespolymorphic"
"OG0009236_00",-0.00698170845447107,0.61867044737275,0.621784757622104,"1e-05 to 1",0.00189658013248836,-0.00390634672720647,174,"success","pgls5_castespolymorphic"
"OG0009237_00",-0.0103551470615035,0.467980275759901,1e-05,"1e-05 to 1",0.00432588934186111,-0.00146291362708162,174,"success","pgls5_castespolymorphic"
"OG0009238_00",0.0211472598768456,0.53468048732945,1,"1e-05 to 1",0.00297229315343771,-0.00282437956078652,174,"success","pgls5_castespolymorphic"
"OG0009239_00",-0.0446555399264943,0.157039472881815,0.966937528568741,"1e-05 to 1",0.01897993216613,0.0132763271205842,174,"success","pgls5_castespolymorphic"
"OG0009240_00",0.00650073723325033,0.736101729710949,0.751622163988959,"1e-05 to 1",0.000863366339664718,-0.00494556757696496,174,"success","pgls5_castespolymorphic"
"OG0009241_00",0.0219953211465849,0.0874042302364066,0.4686632507389,"1e-05 to 1",0.0223072777319465,0.0166230177187602,174,"success","pgls5_castespolymorphic"
"OG0009242_00",-0.00739303855537815,0.703249557948245,0.880379374081369,"1e-05 to 1",0.00110290731039001,-0.00470463392617759,174,"success","pgls5_castespolymorphic"
"OG0009243_00",0.000141994723232473,0.989671554113781,1,"1e-05 to 1",1.29401945644399e-06,-0.00581265194554681,174,"success","pgls5_castespolymorphic"
"OG0009244_00",0.00586945095475693,0.830051503596302,0.927168562243109,"1e-05 to 1",0.000350266136219404,-0.00546165092112805,174,"success","pgls5_castespolymorphic"
"OG0009245_00",-0.00721989859890954,0.584898832576477,1e-05,"1e-05 to 1",0.0021835418290721,-0.00361771664866595,174,"success","pgls5_castespolymorphic"
"OG0009246_00",-0.00263369000106494,0.70953166110964,1e-05,"1e-05 to 1",0.00107913788314836,-0.00472854154776337,174,"success","pgls5_castespolymorphic"
"OG0009247_00",-0.0100670832080706,0.555200017063759,1,"1e-05 to 1",0.00260395055161203,-0.00319486368936683,174,"success","pgls5_castespolymorphic"
"OG0009248_00",0.0078896957263989,0.645304503832621,0.936334981442918,"1e-05 to 1",0.00166034343266107,-0.00414395689621894,174,"success","pgls5_castespolymorphic"
"OG0009249_00",0.00353402184463009,0.774643433101292,0.751162638480804,"1e-05 to 1",0.000623157571302939,-0.0051871729079338,174,"success","pgls5_castespolymorphic"
"OG0009251_00",0.0149279525331989,0.377568491436553,1,"1e-05 to 1",0.00581521240716588,3.50682932540591e-05,174,"success","pgls5_castespolymorphic"
"OG0009252_00",-0.0184603921952929,0.351857288075462,0.809164015173124,"1e-05 to 1",0.00661967397957007,0.000844206967823391,174,"success","pgls5_castespolymorphic"
"OG0009253_00",0.0192626740589146,0.392648126081018,0.724704727264536,"1e-05 to 1",0.00589927591836205,0.000119620545794397,174,"success","pgls5_castespolymorphic"
"OG0009255_00",0.0127930376556769,0.410049029572093,1,"1e-05 to 1",0.00514756146358985,-0.000636464341854381,174,"success","pgls5_castespolymorphic"
"OG0009256_00",0.00484952260904029,0.810916649603294,1,"1e-05 to 1",0.000467132027487221,-0.00534410557700404,174,"success","pgls5_castespolymorphic"
"OG0009257_00",0.0165973641145979,0.248449899064367,0.594678198668443,"1e-05 to 1",0.00985436411678015,0.00409770344304061,174,"success","pgls5_castespolymorphic"
"OG0009259_00",-0.00461586940430194,0.681289826309778,1e-05,"1e-05 to 1",0.00135391057221213,-0.00445217134306564,174,"success","pgls5_castespolymorphic"
"OG0009261_00",-0.00483411850998427,0.782472138178067,0.808385262668781,"1e-05 to 1",0.00059770348501023,-0.00521277498310013,174,"success","pgls5_castespolymorphic"
"OG0009262_00",0.006774427175048,0.73198844187759,1e-05,"1e-05 to 1",0.000905325702931104,-0.00490336426391225,174,"success","pgls5_castespolymorphic"
"OG0009263_00",-0.015633357439466,0.340632713601675,0.907151393236855,"1e-05 to 1",0.0069340083340162,0.00116036884758619,174,"success","pgls5_castespolymorphic"
"OG0009264_00",0.0358794629899689,0.00350532958275629,1e-05,"1e-05 to 1",0.0632272802319468,0.0577809272100396,174,"success","pgls5_castespolymorphic"
"OG0009265_00",-0.0112838264173274,0.527303427277697,1,"1e-05 to 1",0.00320434741384258,-0.00259097614770476,174,"success","pgls5_castespolymorphic"
"OG0009266_00",-0.000255736638091746,0.978674266594868,1e-05,"1e-05 to 1",5.56062543029493e-06,-0.00580836053372424,174,"success","pgls5_castespolymorphic"
"OG0009267_00",0.00256761807513166,0.789578356649882,1,"1e-05 to 1",0.000545542733208295,-0.00526523899508691,174,"success","pgls5_castespolymorphic"
"OG0009268_00",0.0270681701329505,0.232242140863011,1e-05,"1e-05 to 1",0.0108757606029596,0.00512503828088373,174,"success","pgls5_castespolymorphic"
"OG0009269_00",0.00850939925046314,0.376230375702565,1e-05,"1e-05 to 1",0.0059818514214689,0.000202676139035574,174,"success","pgls5_castespolymorphic"
"OG0009270_00",0.00181318520781594,0.855290069563847,1,"1e-05 to 1",0.000258796315278714,-0.00555365254335349,174,"success","pgls5_castespolymorphic"
"OG0009271_00",0.00797382250128367,0.732188887364861,1,"1e-05 to 1",0.00113085650165137,-0.00467652223961812,174,"success","pgls5_castespolymorphic"
"OG0009272_00",0.0394184785383097,0.0713334510672157,1,"1e-05 to 1",0.0247994101572409,0.0191296392860619,174,"success","pgls5_castespolymorphic"
"OG0009273_00",-0.0263281582010033,0.411288364595336,0.971825190409383,"1e-05 to 1",0.00519931087923674,-0.000584414057511973,174,"success","pgls5_castespolymorphic"
"OG0009274_00",0.0255808710641774,0.177683790525057,1,"1e-05 to 1",0.0140395710091692,0.00830724293364105,174,"success","pgls5_castespolymorphic"
"OG0009275_00",0.0163021025648404,0.31330844648409,0.727979908375068,"1e-05 to 1",0.0078199757517139,0.00205148723864257,174,"success","pgls5_castespolymorphic"
"OG0009276_00",-0.0391319789036803,0.0859879719908574,0.869965723395201,"1e-05 to 1",0.0225064176918037,0.0168233154690817,174,"success","pgls5_castespolymorphic"
"OG0009277_00",-0.00220330234655476,0.93354306770566,0.52704915506943,"1e-05 to 1",5.36935288376285e-05,-0.00575994778785516,174,"success","pgls5_castespolymorphic"
"OG0009278_00",0.0127417992046501,0.374534318387132,0.237989524773504,"1e-05 to 1",0.00602436977884231,0.000245441696161142,174,"success","pgls5_castespolymorphic"
"OG0009279_00",-0.00977276688949215,0.514460265473105,0.657536674460667,"1e-05 to 1",0.00325126255948958,-0.00254378823958312,174,"success","pgls5_castespolymorphic"
"OG0009280_00",-0.00562914694092864,0.594337162591919,1,"1e-05 to 1",0.00217096928097057,-0.0036303622929772,174,"success","pgls5_castespolymorphic"
"OG0009281_00",-0.0238749388034956,0.452697361512862,0.618895644474977,"1e-05 to 1",0.0059492176487858,0.00016985263511593,174,"success","pgls5_castespolymorphic"
"OG0009282_00",0.00146221804086118,0.948042514024817,1e-05,"1e-05 to 1",3.25394295237076e-05,-0.00578122487611865,174,"success","pgls5_castespolymorphic"
"OG0009283_00",-0.00387743329089166,0.621033118003564,0.69800578057595,"1e-05 to 1",0.00191515322833302,-0.0038876656482465,174,"success","pgls5_castespolymorphic"
"OG0009284_00",0.0162490664241644,0.198383471751048,1e-05,"1e-05 to 1",0.0121340308380073,0.00639062404055379,174,"success","pgls5_castespolymorphic"
"OG0009285_00",-0.00614488353596452,0.674009664900158,1e-05,"1e-05 to 1",0.00131472082331694,-0.00449158893933821,174,"success","pgls5_castespolymorphic"
"OG0009286_00",0.0241880731769592,0.275006096444604,1,"1e-05 to 1",0.00902060958382923,0.00325910150001429,174,"success","pgls5_castespolymorphic"
"OG0009287_00",0.0106875027514615,0.592724585452509,0.545136677755212,"1e-05 to 1",0.00212493033522342,-0.00367666890701357,174,"success","pgls5_castespolymorphic"
"OG0009289_00",0.0706726096733602,6.56961981739812e-05,1,"1e-05 to 1",0.111695277948621,0.106530715611113,174,"success","pgls5_castespolymorphic"
"OG0009291_00",-0.0252585211870046,0.0240643317992344,0.945905991852383,"1e-05 to 1",0.0413599367052017,0.0357864479651155,174,"success","pgls5_castespolymorphic"
"OG0009292_00",-0.00397721972722559,0.779829381941061,0.877673713353593,"1e-05 to 1",0.000603237198191165,-0.00520720909716821,174,"success","pgls5_castespolymorphic"
"OG0009293_00",0.0116617758525172,0.488119752592754,0.71744424212273,"1e-05 to 1",0.003704812538678,-0.00208760134191111,174,"success","pgls5_castespolymorphic"
"OG0009294_00",0.00457759336991842,0.725173769237886,1e-05,"1e-05 to 1",0.00125390983509585,-0.00455275347981621,174,"success","pgls5_castespolymorphic"
"OG0009295_00",-0.000412182748184162,0.940876298448145,1,"1e-05 to 1",4.1515586033534e-05,-0.00577219653265248,174,"success","pgls5_castespolymorphic"
"OG0009297_00",-0.0151878199361168,0.106439212835286,1e-05,"1e-05 to 1",0.0194778056230753,0.0137770951906513,174,"success","pgls5_castespolymorphic"
"OG0009298_00",-0.0145601113584617,0.450050299121639,1,"1e-05 to 1",0.00549707949313886,-0.000284914230738176,174,"success","pgls5_castespolymorphic"
"OG0009299_00",0.00985157462236978,0.461326072145891,1e-05,"1e-05 to 1",0.00431473077986951,-0.00147413706443356,174,"success","pgls5_castespolymorphic"
"OG0009300_00",-0.0229193815891426,0.127587300246837,1,"1e-05 to 1",0.0179045924899877,0.0121947354695807,174,"success","pgls5_castespolymorphic"
"OG0009301_00",-0.00206229844828907,0.620923603663477,1,"1e-05 to 1",0.00194686318262453,-0.00385577133375548,174,"success","pgls5_castespolymorphic"
"OG0009302_00",0.00659573814865398,0.742731049644319,1,"1e-05 to 1",0.000825252747042389,-0.0049839027602423,174,"success","pgls5_castespolymorphic"
"OG0009303_00",0.0242989236313545,0.178134344812299,1e-05,"1e-05 to 1",0.0139032085066423,0.00817008762586702,174,"success","pgls5_castespolymorphic"
"OG0009304_00",-0.00898789113022108,0.587251080383921,1,"1e-05 to 1",0.0022904103397351,-0.00351022680945245,174,"success","pgls5_castespolymorphic"
"OG0009305_00",-0.00413576151850891,0.691933534918802,1,"1e-05 to 1",0.00121161246288319,-0.00459529676698378,174,"success","pgls5_castespolymorphic"
"OG0009306_00",-0.00470358683974868,0.713508315295126,1,"1e-05 to 1",0.00102454658331619,-0.00478345023887372,174,"success","pgls5_castespolymorphic"
"OG0009307_00",0.0177301704315325,0.158134012599779,1,"1e-05 to 1",0.0153820629213313,0.00965754003133912,174,"success","pgls5_castespolymorphic"
"OG0009308_00",-0.0997389617879021,0.00171564855907613,0.479458811886599,"1e-05 to 1",0.0914546468536067,0.086172406428337,174,"success","pgls5_castespolymorphic"
"OG0009309_00",-0.00972012519206446,0.300068567066748,1,"1e-05 to 1",0.00807199255520652,0.0023049692561089,174,"success","pgls5_castespolymorphic"
"OG0009310_00",-0.0111468598537973,0.347743810383685,1e-05,"1e-05 to 1",0.00643827324620763,0.000661751579034364,174,"success","pgls5_castespolymorphic"
"OG0009311_00",0.0151868637801415,0.321941519264365,1,"1e-05 to 1",0.00732163126691392,0.00155024540218662,174,"success","pgls5_castespolymorphic"
"OG0009316_00",-0.00245666629042789,0.742609224316779,1e-05,"1e-05 to 1",0.000838914299652972,-0.0049701617800002,174,"success","pgls5_castespolymorphic"
"OG0009317_00",-0.0800893827603576,0.000268616393561238,0.802268382653732,"1e-05 to 1",0.107709839557492,0.102522106066547,174,"success","pgls5_castespolymorphic"
"OG0009318_00",-0.00199049357825297,0.806780756365074,1,"1e-05 to 1",0.000447985871013696,-0.00536336304834095,174,"success","pgls5_castespolymorphic"
"OG0009319_00",-0.0261111029564794,0.0661835941081366,1e-05,"1e-05 to 1",0.0265353423510532,0.0208756641089082,174,"success","pgls5_castespolymorphic"
"OG0009320_00",-0.00363882679714114,0.786085649296334,1e-05,"1e-05 to 1",0.000551576998355032,-0.00525916964700346,174,"success","pgls5_castespolymorphic"
"OG0009321_00",-0.00199407077867744,0.773305561792426,1,"1e-05 to 1",0.000635616775597123,-0.0051746412664051,174,"success","pgls5_castespolymorphic"
"OG0009322_00",-0.0149680492761664,0.163317291716166,1,"1e-05 to 1",0.0154869613875004,0.00976304837231134,174,"success","pgls5_castespolymorphic"
"OG0009323_00",-0.0121687643949153,0.467852349921409,0.980076591867935,"1e-05 to 1",0.00419070768240211,-0.00159888122642116,174,"success","pgls5_castespolymorphic"
"OG0009324_00",0.0184296503413534,0.0581661914212155,1,"1e-05 to 1",0.0275424346282928,0.0218886115738062,174,"success","pgls5_castespolymorphic"
"OG0009325_00",0.00888903196837612,0.488186898569597,1,"1e-05 to 1",0.00385212328377699,-0.00193943413899178,174,"success","pgls5_castespolymorphic"
"OG0009326_00",0.000419089697244228,0.931646731983349,1e-05,"1e-05 to 1",5.77001443522011e-05,-0.0057559178780644,174,"success","pgls5_castespolymorphic"
"OG0009328_00",0.0026019449647054,0.879844031666428,0.395498396862205,"1e-05 to 1",0.000180626078249406,-0.0056322772585049,174,"success","pgls5_castespolymorphic"
"OG0009329_00",-0.0106646283342413,0.515882338068977,0.456469725467025,"1e-05 to 1",0.00327954326007462,-0.00251534311632029,174,"success","pgls5_castespolymorphic"
"OG0009330_00",-0.0356741822977086,0.0638932083182433,0.600842464970546,"1e-05 to 1",0.0265683065970227,0.0209088200074704,174,"success","pgls5_castespolymorphic"
"OG0009331_00",-0.0198978902149394,0.114262816154725,1e-05,"1e-05 to 1",0.0189312770771568,0.0132273891531868,174,"success","pgls5_castespolymorphic"
"OG0009332_00",-0.00675201057658872,0.588459727540916,1,"1e-05 to 1",0.00225809325703029,-0.00354273178217301,174,"success","pgls5_castespolymorphic"
"OG0009333_00",-0.000565693847368311,0.822333407453755,1,"1e-05 to 1",0.000395372606154147,-0.00541628220427515,174,"success","pgls5_castespolymorphic"
"OG0009334_00",0.000691693673422485,0.901488910890629,1,"1e-05 to 1",0.000121111576093057,-0.00569213777520861,174,"success","pgls5_castespolymorphic"
"OG0009335_00",-0.033465818611708,0.113802558652228,0.919331684529801,"1e-05 to 1",0.0192715748812254,0.0135696654328604,174,"success","pgls5_castespolymorphic"
"OG0009336_00",-0.0164000018043082,0.358914540171159,1e-05,"1e-05 to 1",0.0064783809203843,0.000702092437363411,174,"success","pgls5_castespolymorphic"
"OG0009337_00",-0.0484322072844573,0.0105772917636453,0.938069645437724,"1e-05 to 1",0.0481230918781806,0.0425889238077051,174,"success","pgls5_castespolymorphic"
"OG0009338_00",0.0252984478994529,0.0290714234624905,1e-05,"1e-05 to 1",0.048653134001038,0.0431220475708115,174,"success","pgls5_castespolymorphic"
"OG0009339_00",-0.00864451626554891,0.31229738584058,1,"1e-05 to 1",0.00750619183750985,0.0017358789993559,174,"success","pgls5_castespolymorphic"
"OG0009340_00",0.0270631336823983,0.13024449207873,0.581287124968542,"1e-05 to 1",0.0173914998199448,0.0116786597026188,174,"success","pgls5_castespolymorphic"
"OG0009342_00",-0.00420786324932838,0.648369884226526,0.579442644148299,"1e-05 to 1",0.00154497591688229,-0.00425999515336839,174,"success","pgls5_castespolymorphic"
"OG0009343_00",-0.0290381435470584,0.0505929056950776,0.8626373770339,"1e-05 to 1",0.0286436388936484,0.0229962181895417,174,"success","pgls5_castespolymorphic"
"OG0009344_00",-0.00411683131061845,0.679135740128958,1,"1e-05 to 1",0.00150634091300689,-0.00429885477935943,174,"success","pgls5_castespolymorphic"
"OG0009347_00",0.00485766943712861,0.67089843005856,1,"1e-05 to 1",0.00141508824469698,-0.00439063798643868,174,"success","pgls5_castespolymorphic"
"OG0009348_00",0.0255071506765752,0.0256019871111104,1e-05,"1e-05 to 1",0.0380329682883604,0.0324401367086414,174,"success","pgls5_castespolymorphic"
"OG0009349_00",-0.00687799901442008,0.827983034545355,1,"1e-05 to 1",0.000391741916229014,-0.00541993400286267,174,"success","pgls5_castespolymorphic"
"OG0009350_00",0.000313004708230109,0.978504947561482,1e-05,"1e-05 to 1",5.6936034957374e-06,-0.00580822678253057,174,"success","pgls5_castespolymorphic"
"OG0009351_00",-0.00168943402275901,0.892632005733061,1e-05,"1e-05 to 1",0.000139591722921716,-0.00567355018566595,174,"success","pgls5_castespolymorphic"
"OG0009352_00",0.0108250655547585,0.281725053111092,1,"1e-05 to 1",0.00877298508214498,0.00301003732099459,174,"success","pgls5_castespolymorphic"
"OG0009354_00",0.0187593250047835,0.182907313379561,0.888542298779229,"1e-05 to 1",0.0139244377986305,0.00819144034397146,174,"success","pgls5_castespolymorphic"
"OG0009356_00",-0.00551321002141904,0.851851091351168,0.851432468289454,"1e-05 to 1",0.000280104751302324,-0.00553222022107391,174,"success","pgls5_castespolymorphic"
"OG0009357_00",0.0265189277010419,0.512049839683823,1,"1e-05 to 1",0.00378024781233037,-0.00201172749108647,174,"success","pgls5_castespolymorphic"
"OG0009358_00",0.0112924421692063,0.584255565358371,1,"1e-05 to 1",0.00230931950284745,-0.00349120770934541,174,"success","pgls5_castespolymorphic"
"OG0009359_00",-0.00515750847995252,0.855441598407598,0.852715800493619,"1e-05 to 1",0.000266544561147103,-0.00554585924954387,174,"success","pgls5_castespolymorphic"
"OG0009360_00",-0.00327169648444815,0.730923594961491,1,"1e-05 to 1",0.000927133408335262,-0.00488142976952322,174,"success","pgls5_castespolymorphic"
"OG0009361_00",0.00340388010348554,0.913640364270826,0.76988614037019,"1e-05 to 1",9.152008548615e-05,-0.00572190130936567,174,"success","pgls5_castespolymorphic"
"OG0009362_00",0.00663547779830704,0.0783870965005216,0.780917163814526,"1e-05 to 1",0.024005077415179,0.0183306883303834,174,"success","pgls5_castespolymorphic"
"OG0009363_00",0.00446067454656263,0.181494604357411,1,"1e-05 to 1",0.013904939102398,0.00817182828322582,174,"success","pgls5_castespolymorphic"
"OG0009365_00",-0.00928796784547859,0.340917228972959,1e-05,"1e-05 to 1",0.00703328328865381,0.00126022098219258,174,"success","pgls5_castespolymorphic"
"OG0009366_00",-0.0165332957069943,0.267577202345121,0.568525645788813,"1e-05 to 1",0.00959377764469472,0.00383560193332666,174,"success","pgls5_castespolymorphic"
"OG0009369_00",-0.000206124736862073,0.994484672574501,1e-05,"1e-05 to 1",3.63362766730347e-07,-0.005813588013031,174,"success","pgls5_castespolymorphic"
"OG0009370_00",-0.0180678172902023,0.263890308771836,1e-05,"1e-05 to 1",0.0141639200418574,0.00843231492582164,174,"success","pgls5_castespolymorphic"
"OG0009371_00",-0.0231004684506788,0.109599659764188,0.44692785872415,"1e-05 to 1",0.0197246512530893,0.014025375969677,174,"success","pgls5_castespolymorphic"
"OG0009372_00",0.0282488140902593,0.15074323501242,1,"1e-05 to 1",0.0158171092774142,0.0100951157267015,174,"success","pgls5_castespolymorphic"
"OG0009373_00",-0.00150880639728181,0.940702828427763,0.8065050751123,"1e-05 to 1",4.40891596123341e-05,-0.00576960799643644,174,"success","pgls5_castespolymorphic"
"OG0009374_00",-0.0227868661549507,0.182785740159185,1e-05,"1e-05 to 1",0.0135079904710879,0.00777257181103619,174,"success","pgls5_castespolymorphic"
"OG0009375_00",0.000665041453429798,0.935324888230855,1,"1e-05 to 1",5.46442452752811e-05,-0.00575899154399639,174,"success","pgls5_castespolymorphic"
"OG0009382_00",-0.00848967659693635,0.413963246147144,1e-05,"1e-05 to 1",0.00522070238716216,-0.000562898180354265,174,"success","pgls5_castespolymorphic"
"OG0009384_00",-0.00346219933571212,0.503970850785427,1e-05,"1e-05 to 1",0.00355192900120521,-0.00224137373716005,174,"success","pgls5_castespolymorphic"
"OG0009385_00",0.0155284024273761,0.246384653317092,1e-05,"1e-05 to 1",0.0105657048772444,0.00481317990560037,174,"success","pgls5_castespolymorphic"
"OG0009389_00",-0.00937618907270869,0.596848676696202,0.61902561480152,"1e-05 to 1",0.00219189018150074,-0.00360931975930456,174,"success","pgls5_castespolymorphic"
"OG0009390_00",0.00707599110944401,0.451113335612864,1,"1e-05 to 1",0.00437532672295936,-0.00141318881934893,174,"success","pgls5_castespolymorphic"
"OG0009391_00",-0.00428341009981553,0.774156637719786,1,"1e-05 to 1",0.000640535164175983,-0.00516969428254388,174,"success","pgls5_castespolymorphic"
"OG0009392_00",0.00469512178250018,0.808108445718594,0.907458427705837,"1e-05 to 1",0.000489372768999474,-0.00532173552885529,174,"success","pgls5_castespolymorphic"
"OG0009393_00",0.0101988607142143,0.278280778674011,1,"1e-05 to 1",0.00917688265725712,0.00341628313782261,174,"success","pgls5_castespolymorphic"
"OG0009395_00",-0.0123278010303523,0.444487723643346,0.79944974853226,"1e-05 to 1",0.00461118786706896,-0.00117595638951773,174,"success","pgls5_castespolymorphic"
"OG0009396_00",-0.00650454049923366,0.597854705232467,0.893111256910913,"1e-05 to 1",0.00206657212838057,-0.00373536640575667,174,"success","pgls5_castespolymorphic"
"OG0009397_00",0.0322697385241773,0.2056300145406,1,"1e-05 to 1",0.0125834785481697,0.00684268481879857,174,"success","pgls5_castespolymorphic"
"OG0009398_00",0.0205022862758397,0.181824083181344,0.462883036827814,"1e-05 to 1",0.0132642885051975,0.00752745297325097,174,"success","pgls5_castespolymorphic"
"OG0009399_00",0.00971579194320038,0.601506434199455,0.979031820562144,"0.001 to 1",0.00202566131932722,-0.00377651506835108,174,"success","pgls5_castespolymorphic"
"OG0009400_00",-0.000182567853806415,0.992492306565306,1,"1e-05 to 1",7.34775743266279e-07,-0.00581321444067684,174,"success","pgls5_castespolymorphic"
"OG0009402_00",-0.00765107218230644,0.650330808636299,0.66578436993704,"1e-05 to 1",0.00166243454654275,-0.00414185362469821,174,"success","pgls5_castespolymorphic"
"OG0009403_00",0.00369731014230629,0.830646131677001,1,"1e-05 to 1",0.000361525762584007,-0.0054503258318197,174,"success","pgls5_castespolymorphic"
"OG0009404_00",0.018894647213333,0.0639773360511762,0.23260958991404,"1e-05 to 1",0.0267587687599617,0.0211003895085662,174,"success","pgls5_castespolymorphic"
"OG0009406_00",0.00442300260857252,0.729306979303316,1e-05,"1e-05 to 1",0.000946176083119789,-0.00486227638151315,174,"success","pgls5_castespolymorphic"
"OG0009407_00",0.00162943706012974,0.791453485614328,1,"1e-05 to 1",0.000539771925232472,-0.00527104335427198,174,"success","pgls5_castespolymorphic"
"OG0009408_00",0.00843994953626028,0.111120521824475,1e-05,"1e-05 to 1",0.01911665275946,0.0134138426010848,174,"success","pgls5_castespolymorphic"
"OG0009409_00",0.0224948692728463,0.0325818403550489,0.424692295741924,"1e-05 to 1",0.0349206819395165,0.029309755671723,174,"success","pgls5_castespolymorphic"
"OG0009410_00",-0.00598809072393917,0.721192788667263,0.422236848744383,"1e-05 to 1",0.000939424180385252,-0.00486906753949623,174,"success","pgls5_castespolymorphic"
"OG0009412_00",0.00115345310061779,0.934337134913869,0.707077800861544,"1e-05 to 1",5.54102367924935e-05,-0.00575822109904012,174,"success","pgls5_castespolymorphic"
"OG0009413_00",0.00227398834380907,0.938957015734237,0.822001297633721,"1e-05 to 1",5.0338374420936e-05,-0.0057633224489837,174,"success","pgls5_castespolymorphic"
"OG0009414_00",0.000228117267331709,0.987148005144809,1e-05,"1e-05 to 1",2.05118183595199e-06,-0.00581189038106045,174,"success","pgls5_castespolymorphic"
"OG0009415_00",0.00991609317595449,0.62147788888025,1,"1e-05 to 1",0.00192536779687887,-0.0038773916926742,174,"success","pgls5_castespolymorphic"
"OG0009416_00",0.0039803839077851,0.821488442112077,0.773000135111672,"1e-05 to 1",0.000378433820072327,-0.00543331947167136,174,"success","pgls5_castespolymorphic"
"OG0009417_00",0.00389550401919485,0.766839218979141,1e-05,"1e-05 to 1",0.0006947669965848,-0.00511514714878403,174,"success","pgls5_castespolymorphic"
"OG0009418_00",-0.0181432364048508,0.38574983445322,0.761441322761173,"1e-05 to 1",0.0059764118503494,0.000197204942502527,174,"success","pgls5_castespolymorphic"
"OG0009419_00",-0.00929893357872188,0.54760403282721,0.829206781202896,"1e-05 to 1",0.00299652633225931,-0.00280000549139037,174,"success","pgls5_castespolymorphic"
"OG0009422_00",0.0248198852311096,0.128015349157722,1e-05,"1e-05 to 1",0.0270399539668543,0.0213832095131732,174,"success","pgls5_castespolymorphic"
"OG0009423_00",-0.00763615636696132,0.689112852788851,0.926986725105965,"1e-05 to 1",0.00130564507335977,-0.00450071745528358,174,"success","pgls5_castespolymorphic"
"OG0009424_00",-0.00453512510277999,0.621022146667876,1,"1e-05 to 1",0.00196137858176284,-0.00384117154276176,174,"success","pgls5_castespolymorphic"
"OG0009425_00",0.00538305398801519,0.351561920077991,1e-05,"1e-05 to 1",0.00811524023927662,0.00234846838020264,174,"success","pgls5_castespolymorphic"
"OG0009426_00",-0.00813083778492664,0.475090520968511,1,"1e-05 to 1",0.00405634774833227,-0.00173402232289832,174,"success","pgls5_castespolymorphic"
"OG0009427_00",0.0051220042400581,0.674516326807604,0.945337795129923,"1e-05 to 1",0.00140429608410858,-0.00440149289214653,174,"success","pgls5_castespolymorphic"
"OG0009429_00",0.00090692158198895,0.944457337832375,1,"1e-05 to 1",3.89847144745563e-05,-0.00577474211858076,174,"success","pgls5_castespolymorphic"
"OG0009430_00",-0.0299015423430065,0.181743455423445,1,"1e-05 to 1",0.0142214929014805,0.00849022251137288,174,"success","pgls5_castespolymorphic"
"OG0009431_00",0.0019745576315951,0.799796372771657,1,"1e-05 to 1",0.000508312232289518,-0.00530268595240657,174,"success","pgls5_castespolymorphic"
"OG0009432_00",0.011465429055075,0.278160400247911,0.635585289025105,"1e-05 to 1",0.00940165162067923,0.00364235889754372,174,"success","pgls5_castespolymorphic"
"OG0009433_00",-0.00153800943881224,0.641296079936158,1,"1e-05 to 1",0.00181466162436545,-0.00398874150572537,174,"success","pgls5_castespolymorphic"
"OG0009434_00",0.0108126189707987,0.163313626709926,0.858725303417149,"1e-05 to 1",0.015364780915461,0.00964015754869041,174,"success","pgls5_castespolymorphic"
"OG0009435_00",0.0244200767469017,0.0146267767030697,1e-05,"1e-05 to 1",0.0478754876358601,0.042339880005836,174,"success","pgls5_castespolymorphic"
"OG0009436_00",-0.0139314341621468,0.463058458073815,1,"1e-05 to 1",0.00421452044998527,-0.00157493001251496,174,"success","pgls5_castespolymorphic"
"OG0009437_00",-0.00871889785142262,0.628723540863261,0.619756492468376,"1e-05 to 1",0.00177632073856441,-0.00402730530365325,174,"success","pgls5_castespolymorphic"
"OG0009438_00",-0.0115102247947256,0.431222279895508,0.901631777201319,"1e-05 to 1",0.00477254155525327,-0.00101366459849528,174,"success","pgls5_castespolymorphic"
"OG0009439_00",-0.0176263162406195,0.362190452391644,0.873200481642855,"1e-05 to 1",0.00619999947224829,0.000422092492435744,174,"success","pgls5_castespolymorphic"
"OG0009440_00",-0.0250855357844223,0.0063913025379696,1,"1e-05 to 1",0.0579806697533974,0.0525038131821963,174,"success","pgls5_castespolymorphic"
"OG0009441_00",0.0113176313294296,0.0401751054642583,1e-05,"1e-05 to 1",0.0337865723413032,0.028169052413055,174,"success","pgls5_castespolymorphic"
"OG0009442_00",-0.0107695929372037,0.274849306362372,1,"1e-05 to 1",0.0108301156395295,0.00507912793975929,174,"success","pgls5_castespolymorphic"
"OG0009448_00",-0.00515251624342269,0.643034886712789,0.851428329024403,"1e-05 to 1",0.00176628153888849,-0.00403740287076926,174,"success","pgls5_castespolymorphic"
"OG0009451_00",0.00711541805793316,0.748126353377115,0.931150219865333,"1e-05 to 1",0.000908055949297462,-0.00490061814402054,174,"success","pgls5_castespolymorphic"
"OG0009452_00",-0.0319083556827977,0.0542567027398944,0.649531449754396,"1e-05 to 1",0.0284188800478874,0.0227701526063053,174,"success","pgls5_castespolymorphic"
"OG0009453_00",-0.000375455771149397,0.989457974444725,0.684631743681081,"1e-05 to 1",1.40223279701713e-06,-0.0058125431030589,174,"success","pgls5_castespolymorphic"
"OG0009454_00",-0.00148626417207697,0.801929004093088,1e-05,"1e-05 to 1",0.000509391640459228,-0.00530160026860771,174,"success","pgls5_castespolymorphic"
"OG0009455_00",-2.90313783954522e-05,0.998880980621342,1,"1e-05 to 1",1.48448693695068e-08,-0.00581393855719536,174,"success","pgls5_castespolymorphic"
"OG0009456_00",-0.0154234311306266,0.0534288177953248,1,"1e-05 to 1",0.0286129593149306,0.0229653602411801,174,"success","pgls5_castespolymorphic"
"OG0009457_00",0.031435307190938,0.0615302858575295,1e-05,"1e-05 to 1",0.0293114570378753,0.0236679189973977,174,"success","pgls5_castespolymorphic"
"OG0009458_00",0.000130834319514813,0.988008184046379,1,"1e-05 to 1",1.87469791095966e-06,-0.00581206789105471,174,"success","pgls5_castespolymorphic"
"OG0009459_00",0.0150950224597389,0.258475641691032,0.807274608717082,"1e-05 to 1",0.0102859102229623,0.00453175853821197,174,"success","pgls5_castespolymorphic"
"OG0009460_00",-0.011126080958621,0.582789098548094,0.641341881081141,"1e-05 to 1",0.00252187227330594,-0.00327741916696556,174,"success","pgls5_castespolymorphic"
"OG0009461_00",0.0172463089775912,0.497071008946131,1e-05,"1e-05 to 1",0.00409097833865897,-0.00169919039193034,174,"success","pgls5_castespolymorphic"
"OG0009462_00",-0.0111460648682812,0.497986843513805,0.313841004289392,"1e-05 to 1",0.00368171798635118,-0.00211083016489089,174,"success","pgls5_castespolymorphic"
"OG0009463_00",-0.00291095539441759,0.85410816359752,0.690102594166958,"1e-05 to 1",0.000271539930415092,-0.00554083483743129,174,"success","pgls5_castespolymorphic"
"OG0009464_00",0.033352163239672,0.130951879900063,0.969309957897567,"1e-05 to 1",0.0181556655234547,0.0124472682299863,174,"success","pgls5_castespolymorphic"
"OG0009465_00",0.0397433420331438,0.0703427634825862,0.608498400929197,"1e-05 to 1",0.0257576769739747,0.0200934774214978,174,"success","pgls5_castespolymorphic"
"OG0009466_00",-0.0170022568084707,0.170778993946866,0.977862478212759,"1e-05 to 1",0.0147211463786003,0.00899278095056888,174,"success","pgls5_castespolymorphic"
"OG0009467_00",-0.0155331423123091,0.435292996043346,1,"1e-05 to 1",0.00479993529756163,-0.000986111590243199,174,"success","pgls5_castespolymorphic"
"OG0009468_00",0.0657179081529258,0.0972957551519085,0.898263910859112,"1e-05 to 1",0.0214989659603771,0.0158100064601467,174,"success","pgls5_castespolymorphic"
"OG0009469_00",-0.00933836068016169,0.232088786012503,1,"1e-05 to 1",0.0108828678677799,0.00513218686701111,174,"success","pgls5_castespolymorphic"
"OG0009472_00",-0.00916302493131551,0.579518854775463,1,"1e-05 to 1",0.00258744949003363,-0.0032114606873499,174,"success","pgls5_castespolymorphic"
"OG0009475_00",0.0358217205247215,0.248799004496071,0.760041329283963,"1e-05 to 1",0.0105418079907735,0.0047891440837432,174,"success","pgls5_castespolymorphic"
"OG0009476_00",-0.00924693899699944,0.716858415301965,0.664716730132257,"1e-05 to 1",0.00103915660273771,-0.00476875527747889,174,"success","pgls5_castespolymorphic"
"OG0009477_00",0.0212133366083799,0.0229533494302827,1e-05,"1e-05 to 1",0.0511514653529437,0.0456349041049957,174,"success","pgls5_castespolymorphic"
"OG0009478_00",0.0111466857010566,0.0501148151795474,1e-05,"1e-05 to 1",0.0310910979207059,0.0254579066295473,174,"success","pgls5_castespolymorphic"
"OG0009479_00",0.00714833556603394,0.762958737937482,1,"1e-05 to 1",0.000952006312477067,-0.00485641225547373,174,"success","pgls5_castespolymorphic"
"OG0009480_00",-0.00380659165008154,0.327799349424698,1e-05,"1e-05 to 1",0.00772355513316587,0.00195450603510294,174,"success","pgls5_castespolymorphic"
"OG0009481_00",-0.01366491579838,0.159338091748723,1e-05,"1e-05 to 1",0.0163010976098709,0.0105819179448119,174,"success","pgls5_castespolymorphic"
"OG0009482_00",0.00032192719903237,0.987911190833036,0.71009631690363,"1e-05 to 1",1.9051490344464e-06,-0.00581203726288981,174,"success","pgls5_castespolymorphic"
"OG0009483_00",0.0184090242945525,0.47462857924674,0.878903908997006,"1e-05 to 1",0.00409740565421946,-0.00169272570825596,174,"success","pgls5_castespolymorphic"
"OG0009484_00",0.00597004457643235,0.83454589367234,0.839133849531113,"1e-05 to 1",0.000356086446908982,-0.00545579677142283,174,"success","pgls5_castespolymorphic"
"OG0009485_00",-0.01134814544689,0.394056569930943,0.964855747806725,"1e-05 to 1",0.00591208900915508,0.000132508131301279,174,"success","pgls5_castespolymorphic"
"OG0009486_00",0.015510086887701,0.285959418565539,0.694293260696277,"1e-05 to 1",0.00925110279900904,0.00349093479202656,174,"success","pgls5_castespolymorphic"
"OG0009487_00",0.0105818683165753,0.155610299973424,1e-05,"1e-05 to 1",0.0158131490727084,0.0100911324975498,174,"success","pgls5_castespolymorphic"
"OG0009488_00",0.00823568656138571,0.547896350564645,0.466630205543173,"1e-05 to 1",0.00294338153747688,-0.00285345926753777,174,"success","pgls5_castespolymorphic"
"OG0009489_00",0.0226811255793415,0.428685003556846,1,"1e-05 to 1",0.00490071773318767,-0.000884743210223915,174,"success","pgls5_castespolymorphic"
"OG0009491_00",-0.0238664794594748,0.0810015721335646,1e-05,"1e-05 to 1",0.0287147834458084,0.0230677763728191,174,"success","pgls5_castespolymorphic"
"OG0009492_00",-0.0086330411538965,0.645364451582654,1,"1e-05 to 1",0.00165974139581991,-0.00414456243327432,174,"success","pgls5_castespolymorphic"
"OG0009493_00",-0.0290702766964622,0.0977123684272865,0.502517875080509,"1e-05 to 1",0.0217868585591029,0.0160995728530512,174,"success","pgls5_castespolymorphic"
"OG0009498_00",-0.0124245412799643,0.628231016959582,0.762821693755663,"1e-05 to 1",0.0019438766484616,-0.00385877523148914,174,"success","pgls5_castespolymorphic"
"OG0009499_00",-0.0170260673265244,0.178649920502048,1e-05,"1e-05 to 1",0.0166851696931403,0.0109682230053098,174,"success","pgls5_castespolymorphic"
"OG0009500_00",0.00129347224997862,0.875762170990801,1e-05,"1e-05 to 1",0.00020282687251693,-0.0056099473898521,174,"success","pgls5_castespolymorphic"
"OG0009501_00",-0.00177315454805026,0.914820308506682,0.90542922011155,"1e-05 to 1",9.33871087119658e-05,-0.00572002343135347,174,"success","pgls5_castespolymorphic"
"OG0009502_00",0.070530569649836,0.000628972104578907,1,"1e-05 to 1",0.0875927330116774,0.0822880395989547,174,"success","pgls5_castespolymorphic"
"OG0009503_00",0.0165207964224222,0.144795641522672,1e-05,"1e-05 to 1",0.0172070452046363,0.0114931326767561,174,"success","pgls5_castespolymorphic"
"OG0009504_00",-0.00262916502860255,0.794043284722872,0.222879366191576,"1e-05 to 1",0.000530239103576985,-0.00528063159930925,174,"success","pgls5_castespolymorphic"
"OG0009505_00",0.0105750992875128,0.621007138919063,0.528886891515037,"1e-05 to 1",0.00200993074157776,-0.00379233710294802,174,"success","pgls5_castespolymorphic"
"OG0009506_00",-0.0144696348897698,0.460849295253428,1,"1e-05 to 1",0.00439376751961719,-0.00139464080875706,174,"success","pgls5_castespolymorphic"
"OG0009507_00",-0.00131215252245346,0.776174189650922,1,"1e-05 to 1",0.00065962293103744,-0.00515049554029368,174,"success","pgls5_castespolymorphic"
"OG0009508_00",-0.0370768342062063,0.103391872601848,0.82298618820383,"1e-05 to 1",0.0219511718517454,0.0162648414555346,174,"success","pgls5_castespolymorphic"
"OG0009509_00",-0.0025576822540313,0.824678066136283,1e-05,"1e-05 to 1",0.000400540993706299,-0.00541108376795818,174,"success","pgls5_castespolymorphic"
"OG0009510_00",-0.00292973751178852,0.530250112725355,1,"1e-05 to 1",0.00334679696087869,-0.00244769840562786,174,"success","pgls5_castespolymorphic"
"OG0009511_00",-0.00634177890369104,0.662283515182732,1,"1e-05 to 1",0.00148341262048207,-0.00432191637591051,174,"success","pgls5_castespolymorphic"
"OG0009512_00",-0.00599348704912912,0.660616828096233,1e-05,"1e-05 to 1",0.00152274123773471,-0.00428235910390651,174,"success","pgls5_castespolymorphic"
"OG0009513_00",0.00254736514490553,0.86431851391373,0.760062301744133,"1e-05 to 1",0.000305706146563941,-0.00550646998049098,174,"success","pgls5_castespolymorphic"
"OG0009514_00",0.0116838825698862,0.341753593837283,1,"1e-05 to 1",0.00723341157254565,0.00146151280261864,174,"success","pgls5_castespolymorphic"
"OG0009515_00",0.0173380936093619,0.114792050729656,1e-05,"1e-05 to 1",0.0193164247488371,0.0136147760555163,174,"success","pgls5_castespolymorphic"
"OG0009517_00",0.00510460126978807,0.785019489090437,0.88523673593686,"1e-05 to 1",0.000667133250997048,-0.00514294155568318,174,"success","pgls5_castespolymorphic"
"OG0009522_00",0.0122575911814931,0.552407571040181,1,"1e-05 to 1",0.00278677090486237,-0.00301098042708614,174,"success","pgls5_castespolymorphic"
"OG0009523_00",-0.0214166796429582,0.328377569250978,0.900460928715076,"1e-05 to 1",0.00830829330491787,0.00254264384738834,174,"success","pgls5_castespolymorphic"
"OG0009524_00",0.0112773918940871,0.551568675968084,0.869988283804335,"1e-05 to 1",0.00293767674083146,-0.00285919723160566,174,"success","pgls5_castespolymorphic"
"OG0009525_00",0.00326788291142276,0.595959056383536,1e-05,"1e-05 to 1",0.00227377754613635,-0.00352695630533972,174,"success","pgls5_castespolymorphic"
"OG0009526_00",0.0109110836902729,0.443866954148179,1e-05,"1e-05 to 1",0.00473579144091725,-0.00105062837628656,174,"success","pgls5_castespolymorphic"
"OG0009527_00",-0.0738238599883181,7.05017049287271e-05,1,"1e-05 to 1",0.134336044895081,0.129303114923541,174,"success","pgls5_castespolymorphic"
"OG0009528_00",0.00231818161981358,0.890193112002739,1,"1e-05 to 1",0.000162202590411825,-0.005650807859644,174,"success","pgls5_castespolymorphic"
"OG0009530_00",0.0254687860947683,0.0114782599835364,1e-05,"1e-05 to 1",0.0516440398107435,0.0461303423677827,174,"success","pgls5_castespolymorphic"
"OG0009531_00",0.0143401865476421,0.460849093881079,1e-05,"1e-05 to 1",0.00442955872309701,-0.00135864151688514,174,"success","pgls5_castespolymorphic"
"OG0009532_00",-0.0296088608271819,0.21768241187248,0.884938764096022,"1e-05 to 1",0.0125313154432951,0.00679021844005845,174,"success","pgls5_castespolymorphic"
"OG0009533_00",0.00151218862862478,0.552388273057181,1e-05,"1e-05 to 1",0.00287791390400321,-0.00291930752678748,174,"success","pgls5_castespolymorphic"
"OG0009534_00",-0.00160333082949376,0.617854492661577,1,"1e-05 to 1",0.00202971176770758,-0.00377244107085217,174,"success","pgls5_castespolymorphic"
"OG0009535_00",0.00519216861525304,0.654055258102078,1e-05,"1e-05 to 1",0.00176780593739137,-0.00403586960948421,174,"success","pgls5_castespolymorphic"
"OG0009537_00",0.0257614355109008,0.001539335573159,1,"1e-05 to 1",0.078619467770885,0.0732626042114134,174,"success","pgls5_castespolymorphic"
"OG0009538_00",0.00439069608547767,0.802637013654615,0.880593010484334,"1e-05 to 1",0.000705591358483016,-0.00510425985454899,174,"success","pgls5_castespolymorphic"
"OG0009539_00",0.0256510297969554,0.0106614836532506,1e-05,"1e-05 to 1",0.0666742784599939,0.0612479661254589,174,"success","pgls5_castespolymorphic"
"OG0009540_00",0.00931665080262167,0.451692749950773,1e-05,"1e-05 to 1",0.00468934292810468,-0.00109734693859243,174,"success","pgls5_castespolymorphic"
"OG0009541_00",-0.00497991464536348,0.821448929928291,0.801870037485683,"1e-05 to 1",0.000422581392458868,-0.0053889152273523,174,"success","pgls5_castespolymorphic"
"OG0009542_00",0.00151367013186413,0.910688648685288,1,"1e-05 to 1",9.94575109596731e-05,-0.00571391773606966,174,"success","pgls5_castespolymorphic"
"OG0009544_00",-0.00168364999777571,0.900303896359878,0.560932734251893,"1e-05 to 1",0.000124058063906046,-0.00568917415665249,174,"success","pgls5_castespolymorphic"
"OG0009550_00",-0.000363371485286051,0.981639151539241,1,"1e-05 to 1",4.32355904761458e-06,-0.00580960479235326,174,"success","pgls5_castespolymorphic"
"OG0009551_00",-0.0287636293681754,0.0293548326926076,1,"1e-05 to 1",0.0389417865078266,0.0333542387549652,174,"success","pgls5_castespolymorphic"
"OG0009552_00",0.0159597792361324,0.310432978795493,1e-05,"1e-05 to 1",0.00902352899759298,0.00326203788711388,174,"success","pgls5_castespolymorphic"
"OG0009553_00",0.0340003904900424,0.0208761578155823,1,"1e-05 to 1",0.042974963801012,0.0374108647533434,174,"success","pgls5_castespolymorphic"
"OG0009554_00",-0.0041326388690834,0.83054675315302,0.333871069377305,"1e-05 to 1",0.000379975646729886,-0.00543176868090556,174,"success","pgls5_castespolymorphic"
"OG0009555_00",-0.0279397667993217,0.144723422995505,0.873268408289354,"1e-05 to 1",0.0176414617439722,0.0119300748936465,174,"success","pgls5_castespolymorphic"
"OG0009556_00",0.00942325735941018,0.556642053257609,0.832182251039075,"1e-05 to 1",0.00279405350046298,-0.00300365549081349,174,"success","pgls5_castespolymorphic"
"OG0009565_00",0.00627661265430689,0.748625071413052,1,"1e-05 to 1",0.000837927445605229,-0.00497115437157158,174,"success","pgls5_castespolymorphic"
"OG0009566_00",0.00716299193391687,0.648226910057395,1,"1e-05 to 1",0.00208967352988081,-0.00371213069378262,174,"success","pgls5_castespolymorphic"
"OG0009567_00",0.0084078455063774,0.43389720981899,1e-05,"1e-05 to 1",0.00486750322101587,-0.000918150830024667,174,"success","pgls5_castespolymorphic"
"OG0009568_00",0.000557340784153106,0.953232116718365,0.188403497294194,"1e-05 to 1",2.90258272828262e-05,-0.00578475890627939,174,"success","pgls5_castespolymorphic"
"OG0009569_00",0.0164483966810309,0.531155714912984,0.589876271451786,"1e-05 to 1",0.00330403229249285,-0.00249071170580661,174,"success","pgls5_castespolymorphic"
"OG0009570_00",0.0155247177818595,0.254721824350344,1,"1e-05 to 1",0.0111683486187844,0.00541932738982387,174,"success","pgls5_castespolymorphic"
"OG0009571_00",0.026229686928652,0.124546979771161,1,"1e-05 to 1",0.0183330504812424,0.0126256844956681,174,"success","pgls5_castespolymorphic"
"OG0009572_00",-0.00568734332234072,0.619890198328726,1,"1e-05 to 1",0.00212777142373916,-0.00367381130054123,174,"success","pgls5_castespolymorphic"
"OG0009573_00",-0.00783749800546982,0.522340154414432,1e-05,"1e-05 to 1",0.00390875119026505,-0.00188247700048927,174,"success","pgls5_castespolymorphic"
"OG0009574_00",-0.00623426441265221,0.665019779121488,0.385027745277198,"1e-05 to 1",0.00158086940829507,-0.00422389297886605,174,"success","pgls5_castespolymorphic"
"OG0009575_00",-0.00291630602075523,0.839152756434578,0.746118284480468,"1e-05 to 1",0.000341845577042914,-0.0054701204370442,174,"success","pgls5_castespolymorphic"
"OG0009576_00",0.00321578706128039,0.912331377159282,1,"1e-05 to 1",0.000114889227908767,-0.00569839629983604,174,"success","pgls5_castespolymorphic"
"OG0009577_00",-0.00698309116175248,0.465122673913334,1e-05,"1e-05 to 1",0.00551356096676389,-0.000268336934592162,174,"success","pgls5_castespolymorphic"
"OG0009578_00",0.0023239547387483,0.878928701768965,0.940233699789172,"1e-05 to 1",0.0001925411347576,-0.00562029292841237,174,"success","pgls5_castespolymorphic"
"OG0009581_00",-0.00975034265571046,0.289152104677974,1e-05,"1e-05 to 1",0.00943663821478351,0.00367754890207861,174,"success","pgls5_castespolymorphic"
"OG0009582_00",0.0128050035283964,0.203761992798838,1,"1e-05 to 1",0.0129932493707273,0.00725483802985949,174,"success","pgls5_castespolymorphic"
"OG0009589_00",-0.0134857763070008,0.302723093568391,1e-05,"1e-05 to 1",0.0085635114930618,0.00279934586220743,174,"success","pgls5_castespolymorphic"
"OG0009591_00",0.0530607968458748,0.0793655885017486,1,"1e-05 to 1",0.0254267282789492,0.0197606046061524,174,"success","pgls5_castespolymorphic"
"OG0009592_00",-0.0201917727743596,0.0902863946617676,1,"1e-05 to 1",0.0237241797361074,0.0180481575252709,174,"success","pgls5_castespolymorphic"
"OG0009593_00",0.00211091943464924,0.911232357358223,1e-05,"1e-05 to 1",0.000103999846312397,-0.00570934899179032,174,"success","pgls5_castespolymorphic"
"OG0009594_00",0.0151666713968505,0.514453012449269,0.652271278540348,"1e-05 to 1",0.00335401037329074,-0.00244044305477154,174,"success","pgls5_castespolymorphic"
"OG0009595_00",0.0133993076862742,0.230769361020919,1e-05,"1e-05 to 1",0.0150817632139209,0.00935549439539729,174,"success","pgls5_castespolymorphic"
"OG0009596_00",-0.00272044777830495,0.894153247179317,1,"1e-05 to 1",0.000144498562087147,-0.00566861481836578,174,"success","pgls5_castespolymorphic"
"OG0009597_00",0.0375808725091475,0.0512314320884033,1,"1e-05 to 1",0.0298298851223141,0.0241893611986066,174,"success","pgls5_castespolymorphic"
"OG0009600_00",0.00662425651105983,0.64144088047155,0.546022611143065,"1e-05 to 1",0.00184391965272793,-0.00395931337254707,174,"success","pgls5_castespolymorphic"
"OG0009601_00",-6.29556288436893e-05,0.997343326332142,0.875084191393027,"1e-05 to 1",9.85464696387906e-08,-0.00581385436895787,174,"success","pgls5_castespolymorphic"
"OG0009604_00",0.00605504464819786,0.757749264263507,0.830015442819226,"1e-05 to 1",0.000809314492064059,-0.0049999336794937,174,"success","pgls5_castespolymorphic"
"OG0009605_00",0.00875675463815353,0.556693943826033,1,"1e-05 to 1",0.00291100734707561,-0.0028860216799762,174,"success","pgls5_castespolymorphic"
"OG0009606_00",-0.0108270891890337,0.37795543738982,0.657108627305974,"1e-05 to 1",0.00643013455441903,0.00065356556927032,174,"success","pgls5_castespolymorphic"
"OG0009607_00",-0.00277746162399717,0.520896187477187,1,"1e-05 to 1",0.00327839746510042,-0.00251649557289335,174,"success","pgls5_castespolymorphic"
"OG0009608_00",0.00963090519031961,0.355192811125961,1e-05,"1e-05 to 1",0.00777606455438773,0.00200732074365739,174,"success","pgls5_castespolymorphic"
"OG0009609_00",-0.00349703453658875,0.779351360439535,1,"1e-05 to 1",0.000640541157543102,-0.00516968825433173,174,"success","pgls5_castespolymorphic"
"OG0009613_00",-0.0164789498759406,0.350285760695072,1e-05,"1e-05 to 1",0.00765697310165611,0.00188753689875887,174,"success","pgls5_castespolymorphic"
"OG0009615_00",0.0330858607929365,0.0530981180471053,1,"1e-05 to 1",0.0298354180241602,0.0241949262684866,174,"success","pgls5_castespolymorphic"
"OG0009616_00",-0.00204353933410547,0.849092279546892,1,"1e-05 to 1",0.00030548001150702,-0.00550669743028664,174,"success","pgls5_castespolymorphic"
"OG0009618_00",-0.0113004276294261,0.202444926733567,1e-05,"1e-05 to 1",0.0128618135879034,0.0071226380855075,174,"success","pgls5_castespolymorphic"
"OG0009619_00",-0.00120471949780281,0.878737543934399,1,"1e-05 to 1",0.000206888031643435,-0.00560586261933538,174,"success","pgls5_castespolymorphic"
"OG0009620_00",-0.00554132940818688,0.423363419881078,1,"1e-05 to 1",0.00558219951493885,-0.000199299325090552,174,"success","pgls5_castespolymorphic"
"OG0009621_00",0.0123700458436697,0.624803296858546,0.523760776508529,"1e-05 to 1",0.00203343369776421,-0.00376869750166753,174,"success","pgls5_castespolymorphic"
"OG0009622_00",0.00565838190675514,0.872169196442153,0.781841847935353,"1e-05 to 1",0.000220314326079036,-0.00559235826504834,174,"success","pgls5_castespolymorphic"
"OG0009623_00",0.00955384732239005,0.285650576326021,0.966551675338233,"1e-05 to 1",0.00990687365521575,0.0041505182694902,174,"success","pgls5_castespolymorphic"
"OG0009624_00",-0.00372374455735233,0.798533321427592,1,"1e-05 to 1",0.000559069105516629,-0.00525163398107931,174,"success","pgls5_castespolymorphic"
"OG0009625_00",-0.0107391969376373,0.632036785268324,0.980419912182855,"1e-05 to 1",0.00193320612425514,-0.00386950779362705,174,"success","pgls5_castespolymorphic"
"OG0009626_00",0.0109723898002169,0.15693045905132,1,"1e-05 to 1",0.0169067494801428,0.0111910910468879,174,"success","pgls5_castespolymorphic"
"OG0009627_00",0.0160391794565627,0.579159988343281,0.873068918239963,"1e-05 to 1",0.00263678789310893,-0.00316183543309378,174,"success","pgls5_castespolymorphic"
"OG0009628_00",0.0163303195580605,0.0374615728005363,1e-05,"1e-05 to 1",0.0358741199733351,0.0302687369499244,174,"success","pgls5_castespolymorphic"
"OG0009629_00",-0.0120549558658415,0.486148620700908,1,"1e-05 to 1",0.00405063752285584,-0.00173976574736012,174,"success","pgls5_castespolymorphic"
"OG0009630_00",0.0100432253004094,0.284704996013806,1,"1e-05 to 1",0.00953151332468505,0.00377297561145651,174,"success","pgls5_castespolymorphic"
"OG0009637_00",-0.0276953380019554,0.174317384154059,1,"1e-05 to 1",0.0189413900587961,0.013237560931231,174,"success","pgls5_castespolymorphic"
"OG0009638_00",0.00338415098280353,0.747147452916897,1e-05,"1e-05 to 1",0.00089181384822809,-0.00491695467591025,174,"success","pgls5_castespolymorphic"
"OG0009640_00",-0.00265064172759174,0.744192119772976,1,"1e-05 to 1",0.000848049444191156,-0.00496097352415648,174,"success","pgls5_castespolymorphic"
"OG0009641_00",0.0139116683260567,0.54931070338549,0.45838286565107,"1e-05 to 1",0.00299592125111119,-0.00280061409045218,174,"success","pgls5_castespolymorphic"
"OG0009642_00",-0.039053191689548,0.0234883799991235,1e-05,"1e-05 to 1",0.0457851621108179,0.0402374014254157,174,"success","pgls5_castespolymorphic"
"OG0009643_00",-0.00735541474147851,0.182568811720258,1,"1e-05 to 1",0.0146351201455911,0.00890625456504213,174,"success","pgls5_castespolymorphic"
"OG0009644_00",-0.00977167865341046,0.736223685423782,0.59828222808315,"1e-05 to 1",0.00111732722522802,-0.00469013017462538,174,"success","pgls5_castespolymorphic"
"OG0009645_00",-0.0108703868947607,0.074235471045915,1,"1e-05 to 1",0.0281759594456558,0.0225258196749909,174,"success","pgls5_castespolymorphic"
"OG0009646_00",-0.00429056469726885,0.340833883094218,1e-05,"1e-05 to 1",0.00731949868122987,0.00154810041774855,174,"success","pgls5_castespolymorphic"
"OG0009647_00",0.0230367203217687,0.268195614973133,0.147071633893216,"1e-05 to 1",0.0103792655392224,0.00462565661793879,174,"success","pgls5_castespolymorphic"
"OG0009649_00",-0.0114569933229544,0.509711023379732,1e-05,"1e-05 to 1",0.00489928529095566,-0.00088618398060869,174,"success","pgls5_castespolymorphic"
"OG0009650_00",-0.00736162644874399,0.543173142190665,0.868691058187368,"1e-05 to 1",0.00314132391851536,-0.0026543660587024,174,"success","pgls5_castespolymorphic"
"OG0009651_00",-0.0205524372448701,0.17230941132995,0.706804395919933,"1e-05 to 1",0.0157278409753513,0.0100053284228825,174,"success","pgls5_castespolymorphic"
"OG0009652_00",-0.00583816327504254,0.751619831334775,1,"1e-05 to 1",0.000852181170385865,-0.00495681777629797,174,"success","pgls5_castespolymorphic"
"OG0009653_00",0.00810129663434104,0.437675177525517,1,"1e-05 to 1",0.00642164219229271,0.000645023832945624,174,"success","pgls5_castespolymorphic"
"OG0009654_00",-0.000468315884162693,0.943742820700854,0.989720166589781,"1e-05 to 1",4.09833596575679e-05,-0.0057727318533678,174,"success","pgls5_castespolymorphic"
"OG0009655_00",-0.0212525390246074,0.168934149282972,0.787652164509712,"1e-05 to 1",0.0148479708140412,0.00912034273737861,174,"success","pgls5_castespolymorphic"
"OG0009656_00",-0.00130914291207478,0.83374002137119,1,"1e-05 to 1",0.00036558205038565,-0.00544624596094945,174,"success","pgls5_castespolymorphic"
"OG0009657_00",0.0333961292946243,0.00925737796628878,1e-05,"1e-05 to 1",0.0627507891404652,0.0573016658215144,174,"success","pgls5_castespolymorphic"
"OG0009658_00",-0.00346422180371054,0.710874092980839,1,"1e-05 to 1",0.00116871352910659,-0.00463844511316602,174,"success","pgls5_castespolymorphic"
"OG0009662_00",-0.011073828772353,0.250339235633542,1e-05,"1e-05 to 1",0.0113754259429143,0.00562760865188483,174,"success","pgls5_castespolymorphic"
"OG0009664_00",-0.0124496681598434,0.741904270651308,0.833639023389111,"1e-05 to 1",0.000930544947847172,-0.0048779983954792,174,"success","pgls5_castespolymorphic"
"OG0009665_00",0.0703751983334068,0.00609061224782481,0.975925216838719,"1e-05 to 1",0.0635914839511281,0.0581472483927045,174,"success","pgls5_castespolymorphic"
"OG0009667_00",-0.0784214225703541,0.0286020398326245,0.704447851661044,"1e-05 to 1",0.0406343948845686,0.0350566878780836,174,"success","pgls5_castespolymorphic"
"OG0009668_00",-0.0107402544874985,0.332858878559856,0.830283307460263,"1e-05 to 1",0.00781642589681963,0.002047916745057,174,"success","pgls5_castespolymorphic"
"OG0009669_00",-0.00404078430393788,0.74476309093898,1e-05,"1e-05 to 1",0.000950070463160155,-0.00485835935972845,174,"success","pgls5_castespolymorphic"
"OG0009670_00",0.00706239813225209,0.525014499207863,0.880328521598453,"1e-05 to 1",0.00343262620977615,-0.00236137014946936,174,"success","pgls5_castespolymorphic"
"OG0009671_00",0.00646192973286281,0.482978634007023,1e-05,"1e-05 to 1",0.00425175611288728,-0.00153747786320069,174,"success","pgls5_castespolymorphic"
"OG0009672_00",-0.038598259900054,0.0439419807426975,1e-05,"1e-05 to 1",0.0339523859126049,0.028335830016748,174,"success","pgls5_castespolymorphic"
"OG0009673_00",0.0240172609701937,0.0668886729386857,0.626871186095592,"1e-05 to 1",0.0270376249328719,0.0213808669382956,174,"success","pgls5_castespolymorphic"
"OG0009677_00",0.00283182487897166,0.912342606309611,0.803224863259642,"1e-05 to 1",0.000108679355040762,-0.00570464227661605,174,"success","pgls5_castespolymorphic"
"OG0009678_00",-0.00796982550153851,0.346415043931361,1e-05,"1e-05 to 1",0.00739125967607092,0.001620278627676,174,"success","pgls5_castespolymorphic"
"OG0009680_00",0.0112072875226723,0.492885367845938,1e-05,"1e-05 to 1",0.00413430277742639,-0.00165561406689085,174,"success","pgls5_castespolymorphic"
"OG0009681_00",-0.000356798318439334,0.940460923385534,1,"1e-05 to 1",4.74765604213954e-05,-0.00576620090143654,174,"success","pgls5_castespolymorphic"
"OG0009682_00",0.0185403774122504,0.0305519238299934,1e-05,"1e-05 to 1",0.0396916887814824,0.0341085009255608,174,"success","pgls5_castespolymorphic"
"OG0009683_00",0.00928131421012875,0.404535146356685,1e-05,"1e-05 to 1",0.00604971247307663,0.000270931731640944,174,"success","pgls5_castespolymorphic"
"OG0009684_00",0.0454618878248132,0.110500740599256,1,"1e-05 to 1",0.0205772245552449,0.0148829060933567,174,"success","pgls5_castespolymorphic"
"OG0009685_00",-0.0325429476446061,0.318306998892047,1,"1e-05 to 1",0.00858525306753658,0.00282121384118506,174,"success","pgls5_castespolymorphic"
"OG0009686_00",0.0126915542799376,0.16413879404895,1e-05,"1e-05 to 1",0.0159351444597034,0.0102138371600504,174,"success","pgls5_castespolymorphic"
"OG0009688_00",-0.00874622150828013,0.694067381857478,0.671799242495446,"1e-05 to 1",0.00132715219203369,-0.0044790852952219,174,"success","pgls5_castespolymorphic"
"OG0009689_00",-0.00258944890099691,0.841190345902837,0.771132632502254,"1e-05 to 1",0.000341628581437072,-0.00547033869425229,174,"success","pgls5_castespolymorphic"
"OG0009690_00",0.0116472519941555,0.0472071571200132,1,"1e-05 to 1",0.0338074769619408,0.0281900785721846,174,"success","pgls5_castespolymorphic"
"OG0009691_00",0.0236080912741352,0.135087262011881,0.696632710269449,"1e-05 to 1",0.0198277636165923,0.0141290878236655,174,"success","pgls5_castespolymorphic"
"OG0009692_00",-0.00759849538331668,0.660194468701784,1,"1e-05 to 1",0.00168665887786358,-0.00411748845424187,174,"success","pgls5_castespolymorphic"
"OG0009693_00",-0.00398162186378764,0.577914228994311,1,"1e-05 to 1",0.00260938044240755,-0.00318940222943898,174,"success","pgls5_castespolymorphic"
"OG0009694_00",-0.0142791088958967,0.197325761573173,1e-05,"1e-05 to 1",0.0145367630736199,0.00880732564962938,174,"success","pgls5_castespolymorphic"
"OG0009695_00",-0.000239721963943462,0.984119149343717,1e-05,"1e-05 to 1",3.4009017996789e-06,-0.00581053281388755,174,"success","pgls5_castespolymorphic"
"OG0009704_00",-0.0270248256452948,0.0907093808101576,0.875079936553253,"1e-05 to 1",0.0242646057894223,0.0185917255905236,174,"success","pgls5_castespolymorphic"
"OG0009705_00",0.0414589933753539,0.105863400402306,0.84875811447384,"1e-05 to 1",0.029441689285736,0.0237989084094903,174,"success","pgls5_castespolymorphic"
"OG0009707_00",0.00173606694280164,0.891493849295944,1,"1e-05 to 1",0.000210243827052653,-0.00560248731348767,174,"success","pgls5_castespolymorphic"
"OG0009709_00",-0.0147368953356267,0.230160410622153,1e-05,"1e-05 to 1",0.0121792717956187,0.00643612802698856,174,"success","pgls5_castespolymorphic"
"OG0009712_00",-0.0118677742381673,0.2905275882041,1e-05,"1e-05 to 1",0.0092282076623228,0.00346790654408047,174,"success","pgls5_castespolymorphic"
"OG0009713_00",-0.00536545847959243,0.421514777563915,1e-05,"1e-05 to 1",0.0056761681379884,-0.00010478437283723,174,"success","pgls5_castespolymorphic"
"OG0009714_00",-0.00849090084589772,0.528320542026507,0.871009698059277,"1e-05 to 1",0.00346661058991191,-0.00232718818572808,174,"success","pgls5_castespolymorphic"
"OG0009715_00",-0.0025856108877834,0.798252824133729,0.692277184021461,"1e-05 to 1",0.000570451094556823,-0.00524018581768404,174,"success","pgls5_castespolymorphic"
"OG0009718_00",0.0352014649686251,0.0303098548120682,0.56531204882715,"1e-05 to 1",0.0404922939758543,0.0349137608012953,174,"success","pgls5_castespolymorphic"
"OG0009720_00",-0.0217371767493021,0.359207319168694,0.860275474908427,"1e-05 to 1",0.00683898608933549,0.00106479414799443,174,"success","pgls5_castespolymorphic"
"OG0009721_00",0.00521044677448811,0.690189560889293,1,"1e-05 to 1",0.0013746271687828,-0.00443133430116616,174,"success","pgls5_castespolymorphic"
"OG0009726_00",-0.00339255607324538,0.83472090779232,0.958336551365752,"1e-05 to 1",0.000370439675837817,-0.00544136009348861,174,"success","pgls5_castespolymorphic"
"OG0009731_00",-0.0112825689007558,0.538733046044897,0.870793420511384,"1e-05 to 1",0.00323842778522135,-0.00255669763463207,174,"success","pgls5_castespolymorphic"
"OG0009735_00",0.0239978727596339,7.17336615418951e-05,1,"1e-05 to 1",0.12554888402126,0.120464865905105,174,"success","pgls5_castespolymorphic"
"OG0009736_00",0.049319951399678,0.00152128721633216,0.708113440826904,"1e-05 to 1",0.0787828534934635,0.0734269398509837,174,"success","pgls5_castespolymorphic"
"OG0009738_00",-0.0145051822349277,0.356218856744606,0.415261544696406,"1e-05 to 1",0.00747123659121858,0.00170072052488845,174,"success","pgls5_castespolymorphic"
"OG0009739_00",-0.000986545789207539,0.893918270375178,1e-05,"1e-05 to 1",0.000150043555565721,-0.00566303758655318,174,"success","pgls5_castespolymorphic"
"OG0009740_00",0.0162769089860754,0.132264625781277,0.932841749228119,"1e-05 to 1",0.0197640406128652,0.0140649943373586,174,"success","pgls5_castespolymorphic"
"OG0009742_00",0.0163440925040681,0.219026339771156,1e-05,"1e-05 to 1",0.0142175228988002,0.0084862294272815,174,"success","pgls5_castespolymorphic"
"OG0009744_00",0.0377564329580399,0.0558030294756464,1,"1e-05 to 1",0.0328531672177825,0.0272302205155602,174,"success","pgls5_castespolymorphic"
"OG0009746_00",0.00398688444604504,0.467120085567255,1,"1e-05 to 1",0.00468918627967591,-0.00109750449776769,174,"success","pgls5_castespolymorphic"
"OG0009747_00",-0.0217344561644717,0.297115445086502,0.864326585694489,"1e-05 to 1",0.0104482142919834,0.00469500623554142,174,"success","pgls5_castespolymorphic"
"OG0009750_00",-0.000576410168595904,0.953475176956132,1e-05,"1e-05 to 1",3.32082314181437e-05,-0.00578055218584095,174,"success","pgls5_castespolymorphic"
"OG0009752_00",-0.00212258311115879,0.804943366015767,1,"1e-05 to 1",0.000625299315263444,-0.0051850187119733,174,"success","pgls5_castespolymorphic"
"OG0009755_00",0.0080596408031553,0.519255013307172,0.634026416944151,"1e-05 to 1",0.0037861281957395,-0.00200581291940138,174,"success","pgls5_castespolymorphic"
"OG0009756_00",-0.000824834948198489,0.942046079567668,1,"1e-05 to 1",4.53639179766724e-05,-0.00576832582668607,174,"success","pgls5_castespolymorphic"
"OG0009757_00",-0.00671791603279888,0.586136488572283,1,"1e-05 to 1",0.00288767219743983,-0.00290949249908667,174,"success","pgls5_castespolymorphic"
"OG0009758_00",-0.0230535081401759,0.0180415274054881,1,"1e-05 to 1",0.0464765026911314,0.0409327614277077,174,"success","pgls5_castespolymorphic"
"OG0009759_00",0.0245799836491329,0.184853185175547,1e-05,"1e-05 to 1",0.0163728155601915,0.01065405285996,174,"success","pgls5_castespolymorphic"
"OG0009760_00",0.0839968064197689,0.010280399903505,0.446393788298766,"1e-05 to 1",0.0573519026402412,0.0518713904462891,174,"success","pgls5_castespolymorphic"
"OG0009762_00",0.0111545028531139,0.300858732293432,0.778612886277836,"1e-05 to 1",0.0092244670043648,0.00346414413811102,174,"success","pgls5_castespolymorphic"
"OG0009763_00",0.00211261891675712,0.874946516978269,1,"1e-05 to 1",0.00030016766294346,-0.00551204066459743,174,"success","pgls5_castespolymorphic"
"OG0009764_00",0.0337686444900403,0.00177713088377596,1e-05,"1e-05 to 1",0.0838625443597281,0.0785361638036799,174,"success","pgls5_castespolymorphic"
"OG0009765_00",0.0192154023612859,0.123561193103888,1,"1e-05 to 1",0.0228713574326656,0.0171903769526229,174,"success","pgls5_castespolymorphic"
"OG0009766_00",0.0277780669456157,0.255738607285123,1e-05,"1e-05 to 1",0.0119435433906028,0.00619902910799008,174,"success","pgls5_castespolymorphic"
"OG0009767_00",-0.0111277267251494,0.38891506896391,1e-05,"1e-05 to 1",0.00629772836427761,0.000520389575697888,174,"success","pgls5_castespolymorphic"
"OG0009768_00",0.00244282179898434,0.889781759254924,1,"1e-05 to 1",0.000166257491517819,-0.00564672938353161,174,"success","pgls5_castespolymorphic"
"OG0009769_00",-0.037054055073255,0.171423261407357,0.851824443672064,"1e-05 to 1",0.016488529225606,0.0107704392792431,174,"success","pgls5_castespolymorphic"
"OG0009770_00",-0.0231861712858906,0.107171280754625,0.805356451480905,"1e-05 to 1",0.0228061218859845,0.0171247621295076,174,"success","pgls5_castespolymorphic"
"OG0009771_00",-0.0331180596609271,0.143088417662963,1e-05,"1e-05 to 1",0.0185540318277172,0.0128479506174132,174,"success","pgls5_castespolymorphic"
"OG0009772_00",-0.0135397543333821,0.212324349497623,1e-05,"1e-05 to 1",0.0134931542777299,0.00775764936073997,174,"success","pgls5_castespolymorphic"
"OG0009773_00",0.0372589175247856,0.086967222529418,0.445950577683175,"1e-05 to 1",0.0257045456407558,0.0200400371851788,174,"success","pgls5_castespolymorphic"
"OG0009774_00",0.00882632573688638,0.169738053429745,1,"1e-05 to 1",0.0170692911057632,0.0113545776819595,174,"success","pgls5_castespolymorphic"
"OG0009775_00",0.0163120393328278,0.287946197855547,0.863761064860195,"1e-05 to 1",0.00998698602840167,0.00423109641228769,174,"success","pgls5_castespolymorphic"
"OG0009776_00",-0.0018933408076523,0.919558530602526,1,"1e-05 to 1",0.000110251186521764,-0.00570306130657983,174,"success","pgls5_castespolymorphic"
"OG0009777_00",0.00943011024557149,0.339600403959461,1e-05,"1e-05 to 1",0.00807325699354554,0.00230624104583355,174,"success","pgls5_castespolymorphic"
"OG0009779_00",-0.0331848740350832,0.149514343844274,0.587571974382674,"1e-05 to 1",0.0176717446245287,0.0119605338374621,174,"success","pgls5_castespolymorphic"
"OG0009785_00",-0.000499682084420069,0.963200275052502,1e-05,"1e-05 to 1",2.22896358527545e-05,-0.00579153426161327,174,"success","pgls5_castespolymorphic"
"OG0009786_00",-0.00255722120812318,0.869424198831495,0.664215649792633,"1e-05 to 1",0.000240182496297481,-0.00557237458221227,174,"success","pgls5_castespolymorphic"
"OG0009788_00",0.0199440078525979,0.00742706947148752,1e-05,"1e-05 to 1",0.0722937475842917,0.0669001065818748,174,"success","pgls5_castespolymorphic"
"OG0009789_00",0.00978220035498823,0.273293342338002,1,"1e-05 to 1",0.0109001965651715,0.00514961631264343,174,"success","pgls5_castespolymorphic"
"OG0009790_00",-0.0137884731720203,0.532923031173391,0.807285746078793,"1e-05 to 1",0.00419451266179258,-0.00159505412505756,174,"success","pgls5_castespolymorphic"
"OG0009791_00",-0.0129697049580521,0.266006611774428,1,"1e-05 to 1",0.0103862689865774,0.00463270078301092,174,"success","pgls5_castespolymorphic"
"OG0009792_00",0.00504741274434527,0.443575114255925,1,"1e-05 to 1",0.00498337327142341,-0.000801607116533543,174,"success","pgls5_castespolymorphic"
"OG0009795_00",-0.0128438480835342,0.279008476820987,1e-05,"1e-05 to 1",0.0127258613234912,0.00698589540095329,174,"success","pgls5_castespolymorphic"
"OG0009796_00",-0.00164365358164151,0.812743224112382,1e-05,"1e-05 to 1",0.000526767995669095,-0.00528412288807711,174,"success","pgls5_castespolymorphic"
"OG0009799_00",-0.00696534516985609,0.595802839031424,1,"1e-05 to 1",0.00243313834078254,-0.0033666689944456,174,"success","pgls5_castespolymorphic"
"OG0009801_00",-0.000613581695950198,0.865096532121814,1,"1e-05 to 1",0.000252041448989552,-0.00556044668212086,174,"success","pgls5_castespolymorphic"
"OG0009802_00",0.00318076978033866,0.112762126169295,1e-05,"1e-05 to 1",0.0223038354247135,0.016619555398113,174,"success","pgls5_castespolymorphic"
"OG0009803_00",0.00990590076411491,0.0220195880386929,1e-05,"1e-05 to 1",0.0467625059165423,0.0412204274625687,174,"success","pgls5_castespolymorphic"
"OG0009805_00",-0.00240280255179677,0.901946827711092,0.774417212916688,"1e-05 to 1",0.000133723943963984,-0.00567945207961773,174,"success","pgls5_castespolymorphic"
"OG0009806_00",0.00674425810229701,0.401754177631392,1e-05,"1e-05 to 1",0.00628564101352844,0.000508231949653659,174,"success","pgls5_castespolymorphic"
"OG0009808_00",0.00206136490507371,0.701983048462622,1e-05,"1e-05 to 1",0.00132415035559606,-0.00448210458419696,174,"success","pgls5_castespolymorphic"
"OG0009809_00",0.0195684076812023,0.0299230086573801,1,"1e-05 to 1",0.041393233106166,0.0358199379498065,174,"success","pgls5_castespolymorphic"
"OG0009810_00",0.00495884932184117,0.780420717365256,0.606396712339049,"1e-05 to 1",0.000690538151914264,-0.00511940057976057,174,"success","pgls5_castespolymorphic"
"OG0009811_00",0.00145677498206507,0.910806473223202,1,"1e-05 to 1",0.000114593003745791,-0.00569869424623226,174,"success","pgls5_castespolymorphic"
"OG0009815_00",0.00340758884282088,0.886519358347003,1e-05,"1e-05 to 1",0.00018768631033253,-0.00562517597856105,174,"success","pgls5_castespolymorphic"
"OG0009817_00",0.0356693325360064,0.073899860493345,1e-05,"1e-05 to 1",0.0328930477805293,0.0272703329420441,174,"success","pgls5_castespolymorphic"
"OG0009820_00",0.00596816267052996,0.62925765638199,1e-05,"1e-05 to 1",0.00206955589101363,-0.00373236529566645,174,"success","pgls5_castespolymorphic"
"OG0009821_00",-0.00250007220533413,0.861621016918278,1,"1e-05 to 1",0.000267664997269379,-0.00554473229925811,174,"success","pgls5_castespolymorphic"
"OG0009822_00",0.00744613801644119,0.46958375602472,1e-05,"1e-05 to 1",0.00480820768257582,-0.000977791109967319,174,"success","pgls5_castespolymorphic"
"OG0009823_00",0.00499971768668824,0.457534065643283,1,"1e-05 to 1",0.00472625872626026,-0.00106021651370347,174,"success","pgls5_castespolymorphic"
"OG0009824_00",-0.0288520244727745,0.142155374645117,1,"1e-05 to 1",0.0218542990994133,0.0161674054895261,174,"success","pgls5_castespolymorphic"
"OG0009825_00",0.00258056309507725,0.762482810853743,1e-05,"1e-05 to 1",0.000818832373156582,-0.00499036046188306,174,"success","pgls5_castespolymorphic"
"OG0009826_00",0.0232667466127606,0.322059480028252,0.405041058429194,"1e-05 to 1",0.00961406498366326,0.00385600722194035,174,"success","pgls5_castespolymorphic"
"OG0009833_00",0.000302338035086927,0.977853564382178,1,"1e-05 to 1",6.97382213662996e-06,-0.00580693912075803,174,"success","pgls5_castespolymorphic"
"OG0009834_00",-0.00661588119817572,0.526822801609325,0.481889293059857,"1e-05 to 1",0.00361797802426087,-0.00217494070815616,174,"success","pgls5_castespolymorphic"
"OG0009835_00",0.0157304770300911,0.391314379724424,0.882033834109029,"1e-05 to 1",0.00651066699682124,0.000734566223546951,174,"success","pgls5_castespolymorphic"
"OG0009836_00",0.00508356990975187,0.787272578476676,1,"1e-05 to 1",0.000630281649445172,-0.00518000741073266,174,"success","pgls5_castespolymorphic"
"OG0009838_00",0.00304761862575591,0.87791987040659,1,"1e-05 to 1",0.000257831857247966,-0.00555462260869843,174,"success","pgls5_castespolymorphic"
"OG0009839_00",-0.000643146477765451,0.973488413187628,1,"1e-05 to 1",1.02739111007266e-05,-0.00580361984523003,174,"success","pgls5_castespolymorphic"
"OG0009841_00",-0.00722966173995905,0.705065200711535,1,"1e-05 to 1",0.0012395317629864,-0.0045672151453684,174,"success","pgls5_castespolymorphic"
"OG0009842_00",0.00379107871375935,0.558805959966763,1,"1e-05 to 1",0.00314501457707393,-0.00265065394282682,174,"success","pgls5_castespolymorphic"
"OG0009846_00",0.00308877991341408,0.85819512477987,1e-05,"1e-05 to 1",0.000327365062283335,-0.00548468514084299,174,"success","pgls5_castespolymorphic"
"OG0009848_00",-0.00178478716696941,0.841380694709106,1,"1e-05 to 1",0.000386887754313057,-0.00542481638665016,174,"success","pgls5_castespolymorphic"
"OG0009849_00",-0.0063437732598602,0.842536265121498,1,"1e-05 to 1",0.000431178759126818,-0.00538026787599444,174,"success","pgls5_castespolymorphic"
"OG0009857_00",-0.00271711958720541,0.783558531324416,1e-05,"1e-05 to 1",0.000682580155827443,-0.00512740484326657,174,"success","pgls5_castespolymorphic"
"OG0009859_00",-0.0137935889669211,0.273616291311935,0.794948139517638,"1e-05 to 1",0.0107876339962193,0.00503639931015087,174,"success","pgls5_castespolymorphic"
"OG0009862_00",0.00342519455069415,0.903839511467808,1e-05,"1e-05 to 1",0.000159500422330179,-0.00565352573800504,174,"success","pgls5_castespolymorphic"
"OG0009863_00",0.00781867154708812,0.591304660037126,0.957635192150374,"1e-05 to 1",0.00267834157436968,-0.00312004016066325,174,"success","pgls5_castespolymorphic"
"OG0009866_00",0.0148561880839112,0.286801943064324,1e-05,"1e-05 to 1",0.0124582038774908,0.00671668180701102,174,"success","pgls5_castespolymorphic"
"OG0009871_00",0.0280107092370561,0.192948575087484,0.719506366141733,"1e-05 to 1",0.0159373133823656,0.0102160186927283,174,"success","pgls5_castespolymorphic"
"OG0009873_00",-0.00764368826464101,0.700701013256637,0.695012776116109,"1e-05 to 1",0.00137339983263889,-0.00443256877298537,174,"success","pgls5_castespolymorphic"
"OG0009876_00",0.00635013822812737,0.271564262687155,1,"1e-05 to 1",0.0111817596144009,0.00543281635634518,174,"success","pgls5_castespolymorphic"
"OG0009877_00",-0.00811753123898111,0.751419396799627,0.799740023694656,"1e-05 to 1",0.000907652207076734,-0.00490102423357963,174,"success","pgls5_castespolymorphic"
"OG0009878_00",0.061108501571011,0.0538451544239784,1,"1e-05 to 1",0.0352795125913247,0.0296706725482511,174,"success","pgls5_castespolymorphic"
"OG0009879_00",-0.0217124025662806,0.29859536078809,0.35372678090683,"1e-05 to 1",0.0104855123095765,0.00473252110207401,174,"success","pgls5_castespolymorphic"
"OG0009880_00",-0.016976430368467,0.159121497581112,0.942218493270699,"1e-05 to 1",0.0187926324216722,0.0130879384241238,174,"success","pgls5_castespolymorphic"
"OG0009882_00",0.00384960218073381,0.836007084395497,1e-05,"1e-05 to 1",0.000422077828964689,-0.00538942171854129,174,"success","pgls5_castespolymorphic"
"OG0009883_00",-0.0210853523192007,0.157943640276764,1e-05,"1e-05 to 1",0.0190790842783131,0.0133760556985358,174,"success","pgls5_castespolymorphic"
"OG0009884_00",-0.0110313943788981,0.424348090890321,1e-05,"1e-05 to 1",0.00597488206200333,0.000195666260038307,174,"success","pgls5_castespolymorphic"
"OG0009885_00",-0.0179024489877429,0.569555051447684,0.977954522886189,"1e-05 to 1",0.00373199646841395,-0.0020602593660719,174,"success","pgls5_castespolymorphic"
"OG0009886_00",-0.0156649692880529,0.20483652403553,1e-05,"1e-05 to 1",0.014706673159795,0.00897822358514255,174,"success","pgls5_castespolymorphic"
"OG0009887_00",-0.00754562974829001,0.417850553411056,1,"1e-05 to 1",0.00592216338660081,0.000142641080708827,174,"success","pgls5_castespolymorphic"
"OG0009890_00",0.0158645119541222,0.48268951343354,0.853774515910777,"1e-05 to 1",0.0048912187342259,-0.000894297435923841,174,"success","pgls5_castespolymorphic"
"OG0009893_00",-0.00747858698102755,0.628625770088617,1,"1e-05 to 1",0.00225760219011628,-0.00354322570412724,174,"success","pgls5_castespolymorphic"
"OG0009894_00",-0.00560530823316194,0.493260036117086,1e-05,"1e-05 to 1",0.00495487488016407,-0.000830271196114118,174,"success","pgls5_castespolymorphic"
"OG0009897_00",0.00489976821909533,0.75127785004712,1,"1e-05 to 1",0.000925463515338568,-0.00488310937120007,174,"success","pgls5_castespolymorphic"
"OG0009902_00",0.000796634957274348,0.952184751768755,0.679308281143948,"1e-05 to 1",3.344665342692e-05,-0.00578031237765786,174,"success","pgls5_castespolymorphic"
"OG0009903_00",0.00118819218682382,0.90822867538426,1,"1e-05 to 1",0.000125942144652497,-0.00568727912194844,174,"success","pgls5_castespolymorphic"
"OG0009904_00",-0.03002147082652,0.0837294068597576,1e-05,"1e-05 to 1",0.0269446675982225,0.021287369154026,174,"success","pgls5_castespolymorphic"
"OG0009905_00",5.64366022104126e-05,0.994431501033064,1,"1e-05 to 1",4.53095715243604e-07,-0.00581349775837947,174,"success","pgls5_castespolymorphic"
"OG0009911_00",0.00114624918506077,0.949194130612353,0.427300113227198,"1e-05 to 1",3.92266579263012e-05,-0.00577449876848113,174,"success","pgls5_castespolymorphic"
"OG0009912_00",-0.00467147991396219,0.72561669407198,1,"1e-05 to 1",0.00117799470999972,-0.0046291099719189,174,"success","pgls5_castespolymorphic"
"OG0009913_00",-0.0274666613866386,0.215750879785821,0.609558954485291,"1e-05 to 1",0.0146965826867635,0.00896807444657022,174,"success","pgls5_castespolymorphic"
"OG0009915_00",-0.0105572437412887,0.327556647801988,0.938046435155376,"1e-05 to 1",0.00887682931512355,0.00311448529951375,174,"success","pgls5_castespolymorphic"
"OG0009917_00",0.0238135236196337,0.386410881006667,0.88906155524498,"1e-05 to 1",0.0072220602764607,0.00145009551062614,174,"success","pgls5_castespolymorphic"
"OG0009919_00",-0.00284965259149159,0.872811331162692,1,"1e-05 to 1",0.000265539791236692,-0.00554686986113984,174,"success","pgls5_castespolymorphic"
"OG0009921_00",0.00531274765591247,0.179158504272533,1e-05,"1e-05 to 1",0.0168014677188963,0.0110851971823783,174,"success","pgls5_castespolymorphic"
"OG0009922_00",0.0419645076477707,0.0107302347169085,1,"1e-05 to 1",0.0621170292210406,0.0566642212513955,174,"success","pgls5_castespolymorphic"
"OG0009926_00",-0.00766630298468968,0.612200734313096,1,"1e-05 to 1",0.00241004492605227,-0.00338989667321488,174,"success","pgls5_castespolymorphic"
"OG0009928_00",-0.00171323187682727,0.876222666383173,1e-05,"1e-05 to 1",0.000241370776432463,-0.00557117939347207,174,"success","pgls5_castespolymorphic"
"OG0009929_00",-0.00981203966549254,0.738191653058644,0.809941313633747,"1e-05 to 1",0.00106852999615082,-0.00473921110852271,174,"success","pgls5_castespolymorphic"
"OG0009932_00",-0.00865169297166547,0.667070838132063,0.885174111833942,"1e-05 to 1",0.00176920186500269,-0.00403446556601472,174,"success","pgls5_castespolymorphic"
"OG0009933_00",0.0406866916662835,0.0275553794692434,0.937187312196675,"1e-05 to 1",0.0437649157037258,0.0382054093996776,174,"success","pgls5_castespolymorphic"
"OG0009935_00",-0.00350461338985686,0.881603559827401,0.664888080589936,"1e-05 to 1",0.000200721211454048,-0.00561206529313063,174,"success","pgls5_castespolymorphic"
"OG0009936_00",-0.0103433229425799,0.452800341110506,1e-05,"1e-05 to 1",0.00532817163429249,-0.000454804112019813,174,"success","pgls5_castespolymorphic"
"OG0009937_00",0.00803563350168138,0.482583056742101,1e-05,"1e-05 to 1",0.00445173146017559,-0.0013363398685442,174,"success","pgls5_castespolymorphic"
"OG0009950_00",0.00939391781024124,0.431930257266454,1e-05,"1e-05 to 1",0.00594956319088591,0.000170200186181857,174,"success","pgls5_castespolymorphic"
"OG0009952_00",-0.0044045687241652,0.781891917878516,1,"1e-05 to 1",0.000762369734531135,-0.00504715137166345,174,"success","pgls5_castespolymorphic"
"OG0009953_00",-0.00304769533950458,0.731484696116316,1e-05,"1e-05 to 1",0.00112617268745949,-0.00468123328528791,174,"success","pgls5_castespolymorphic"
"OG0009955_00",0.0517812035107654,0.135056341727863,0.752442815002602,"1e-05 to 1",0.0215531569298733,0.0158645124934191,174,"success","pgls5_castespolymorphic"
"OG0009956_00",0.0169068091069784,0.681206178094948,1,"1e-05 to 1",0.001661367751946,-0.0041429266215891,174,"success","pgls5_castespolymorphic"
"OG0009957_00",0.0209344596624385,0.160479540373928,1,"1e-05 to 1",0.0212962245433976,0.0156060863139988,174,"success","pgls5_castespolymorphic"
"OG0009958_00",0.00698400123524879,0.55829485311248,1e-05,"1e-05 to 1",0.00324270161708692,-0.00255239895490655,174,"success","pgls5_castespolymorphic"
"OG0009959_00",0.00167175919349478,0.929940977759109,1,"1e-05 to 1",7.39654845683764e-05,-0.00573955797191661,174,"success","pgls5_castespolymorphic"
"OG0009964_00",-0.0173892389157434,0.457305636306126,1,"1e-05 to 1",0.00589136748187855,0.000111666130029109,174,"success","pgls5_castespolymorphic"
"OG0009974_00",-0.0411914527389958,0.0706836467347105,0.729074855542276,"1e-05 to 1",0.0302102975395536,0.0245719853159464,174,"success","pgls5_castespolymorphic"
"OG0009975_00",-0.0102144811522582,0.265182073859576,0.408141507363562,"1e-05 to 1",0.0112737067454895,0.00552529806377722,174,"success","pgls5_castespolymorphic"
"OG0009976_00",-0.00819731459803664,0.509647417144294,1,"1e-05 to 1",0.00431687222002349,-0.00147198317404618,174,"success","pgls5_castespolymorphic"
"OG0009978_00",-0.00441469189375393,0.794180797841137,1,"1e-05 to 1",0.000690729393845551,-0.00511920822595768,174,"success","pgls5_castespolymorphic"
"OG0009981_00",0.0199318059551126,0.287310442670493,1,"1e-05 to 1",0.0115447523269074,0.00579791949159869,174,"success","pgls5_castespolymorphic"
"OG0009982_00",0.0184641707513994,0.218878779039323,1e-05,"1e-05 to 1",0.0150779204164802,0.00935162925611088,174,"success","pgls5_castespolymorphic"
"OG0009987_00",0.0185735050600836,0.330775937512003,1e-05,"1e-05 to 1",0.00918529043176047,0.00342473979473579,174,"success","pgls5_castespolymorphic"
"OG0009988_00",-0.0189252695694163,0.305568519598605,0.359830563207878,"1e-05 to 1",0.0111640911701218,0.00541504518855274,174,"success","pgls5_castespolymorphic"
"OG0009990_00",-0.00134357260762308,0.933496128358243,0.426790172542652,"1e-05 to 1",6.47730108509617e-05,-0.0057488038902489,174,"success","pgls5_castespolymorphic"
"OG0009991_00",-0.0102709202491259,0.130114026547566,1,"1e-05 to 1",0.0223195102001217,0.0166353213059363,174,"success","pgls5_castespolymorphic"
"OG0009992_00",-0.0107388906534233,0.454130513032513,1e-05,"1e-05 to 1",0.00676862337731622,0.000994022350440105,174,"success","pgls5_castespolymorphic"
"OG0009993_00",-0.00598150300443315,0.537070787202661,1e-05,"1e-05 to 1",0.0035052820299733,-0.00228829191171287,174,"success","pgls5_castespolymorphic"
"OG0009994_00",0.0114755336373041,0.393071452398609,1e-05,"1e-05 to 1",0.00709092139455561,0.00131819419336121,174,"success","pgls5_castespolymorphic"
"OG0009997_00",-0.0126373229724001,0.0939520601178943,1,"1e-05 to 1",0.0283618205588069,0.0227127613760092,174,"success","pgls5_castespolymorphic"
"OG0009998_00",0.0155926184149698,0.335806557105513,0.502950392162299,"1e-05 to 1",0.00917516501756511,0.00341455551185321,174,"success","pgls5_castespolymorphic"
"OG0009999_00",-0.032618585778373,0.0215566954739794,0.795273405772729,"1e-05 to 1",0.0488251381533345,0.0432950517472492,174,"success","pgls5_castespolymorphic"
"OG0010000_00",0.042071776204241,0.0431714626413935,0.925036125559809,"1e-05 to 1",0.0369815407221611,0.031382596191476,174,"success","pgls5_castespolymorphic"
"OG0010004_00",-0.035087623017336,0.217632786531892,1e-05,"1e-05 to 1",0.016838480525165,0.0111224251793811,174,"success","pgls5_castespolymorphic"
"OG0010007_00",0.0112749889193467,0.702972324000378,0.994140390571038,"0.001 to 1",0.00139038664828742,-0.00441548319678065,174,"success","pgls5_castespolymorphic"
"OG0010008_00",0.00740000851827333,0.742906656974027,0.461837311578521,"1e-05 to 1",0.00110284657285998,-0.00470469501683279,174,"success","pgls5_castespolymorphic"
"OG0010009_00",0.0229544227036481,0.464308716428068,0.801655551380598,"1e-05 to 1",0.00559142230951899,-0.000190022909611676,174,"success","pgls5_castespolymorphic"
"OG0010011_00",-0.00470698047494671,0.802839976072691,1e-05,"1e-05 to 1",0.000666471579307708,-0.00514360707430095,174,"success","pgls5_castespolymorphic"
"OG0010012_00",-0.000600767497090582,0.972943081719876,0.813086700996603,"1e-05 to 1",1.39437023861854e-05,-0.00579992871794865,174,"success","pgls5_castespolymorphic"
"OG0010013_00",0.00771260025187339,0.576729664257736,1e-05,"1e-05 to 1",0.00315791792637263,-0.00263767557405559,174,"success","pgls5_castespolymorphic"
"OG0010014_00",-0.117187808819157,0.00812469652558145,1,"1e-05 to 1",0.0693304480518115,0.0639195785637408,174,"success","pgls5_castespolymorphic"
"OG0010015_00",-0.00305144271152377,0.531074227702532,1,"1e-05 to 1",0.00385786218853221,-0.00193366186851129,174,"success","pgls5_castespolymorphic"
"OG0010016_00",-0.0438603243936527,0.120622543568567,1,"1e-05 to 1",0.0232300007050472,0.017551105360309,174,"success","pgls5_castespolymorphic"
"OG0010018_00",-0.00321706703722269,0.860242929190691,1e-05,"1e-05 to 1",0.0003053571225965,-0.00550682103366751,174,"success","pgls5_castespolymorphic"
"OG0010021_00",-0.0357490262720468,0.0272723371095474,0.346454200158265,"1e-05 to 1",0.0477980623930196,0.0422620046162347,174,"success","pgls5_castespolymorphic"
"OG0010024_00",-0.0342005273902005,0.0660618791051284,1,"1e-05 to 1",0.0344011951303357,0.0287872485903958,174,"success","pgls5_castespolymorphic"
"OG0010026_00",-0.00638699138351027,0.853338863549638,0.891486915960983,"1e-05 to 1",0.000339969892743182,-0.00547200702648509,174,"success","pgls5_castespolymorphic"
"OG0010027_00",-0.000194118394748917,0.968736814218467,1,"1e-05 to 1",1.44228523212873e-05,-0.00579944678225819,174,"success","pgls5_castespolymorphic"
"OG0010038_00",0.0190596438926487,0.275165831565917,0.509006007967634,"1e-05 to 1",0.0121389530600575,0.00639557488017417,174,"success","pgls5_castespolymorphic"
"OG0010041_00",0.00503722307624825,0.366830150852576,1e-05,"1e-05 to 1",0.00768936153427878,0.00192011363622235,174,"success","pgls5_castespolymorphic"
"OG0010046_00",0.00108406943590521,0.949498538751855,1e-05,"1e-05 to 1",3.91354921371597e-05,-0.00577459046430384,174,"success","pgls5_castespolymorphic"
"OG0010052_00",-0.00341146526261454,0.783380011319077,0.928526222270462,"1e-05 to 1",0.000751741124697024,-0.00505784177574076,174,"success","pgls5_castespolymorphic"
"OG0010053_00",0.0103970980303123,0.708568206248143,0.789848616107403,"1e-05 to 1",0.00171274666757945,-0.00409124899132984,174,"success","pgls5_castespolymorphic"
"OG0010054_00",0.00200119762720794,0.843992704989082,1,"1e-05 to 1",0.0003777376244668,-0.00543401971492585,174,"success","pgls5_castespolymorphic"
"OG0010055_00",-0.00268702369925208,0.709327098939433,1,"1e-05 to 1",0.00142409355873418,-0.00438158031592417,174,"success","pgls5_castespolymorphic"
"OG0010065_00",-0.00395154004070075,0.733739652948123,1e-05,"1e-05 to 1",0.00122363042518401,-0.00458320893280906,174,"success","pgls5_castespolymorphic"
"OG0010066_00",0.0103676815935312,0.461368247155084,0.778065500469656,"1e-05 to 1",0.00549313118256539,-0.000288885496605884,174,"success","pgls5_castespolymorphic"
"OG0010068_00",0.0334855443866562,0.0105360301107589,1e-05,"1e-05 to 1",0.0612488200618257,0.0557909643645108,174,"success","pgls5_castespolymorphic"
"OG0010070_00",-0.000132755183131487,0.972650862520943,1,"1e-05 to 1",1.24376031476449e-05,-0.00580144357357826,174,"success","pgls5_castespolymorphic"
"OG0010072_00",0.0275942867525451,0.467339764646148,1,"1e-05 to 1",0.00569453350900766,-8.63122264049832e-05,174,"success","pgls5_castespolymorphic"
"OG0010074_00",-0.00275584390299799,0.514252291583728,1e-05,"1e-05 to 1",0.00474176619825577,-0.00104461888198704,174,"success","pgls5_castespolymorphic"
"OG0010075_00",0.00224332017147647,0.832974716971395,1e-05,"1e-05 to 1",0.000451402054238654,-0.00535992700358556,174,"success","pgls5_castespolymorphic"
"OG0010077_00",0.0137584274746068,0.64882741931973,0.972109831408306,"1e-05 to 1",0.00216914786788167,-0.00363219429567696,174,"success","pgls5_castespolymorphic"
"OG0010087_00",0.017363718765636,0.185175144530742,0.811982481701679,"1e-05 to 1",0.0186008007003743,0.0128949914021206,174,"success","pgls5_castespolymorphic"
"OG0010089_00",-0.00776542595846002,0.521223229559435,0.995387656050768,"0.001 to 1",0.00421127200020068,-0.00157819734863529,174,"success","pgls5_castespolymorphic"
"OG0010090_00",0.0302010614002493,0.0299589129170013,1e-05,"1e-05 to 1",0.0481376965742259,0.0426036134147738,174,"success","pgls5_castespolymorphic"
"OG0010096_00",0.0468216896542761,0.000437589709227026,1e-05,"1e-05 to 1",0.120252255223856,0.115137442754228,174,"success","pgls5_castespolymorphic"
"OG0010099_00",-0.0100234686318135,0.584637639774274,0.880680946887284,"1e-05 to 1",0.00302883192336617,-0.00276751207707937,174,"success","pgls5_castespolymorphic"
"OG0010100_00",0.0492661426870113,0.0110406506844622,1,"1e-05 to 1",0.065392009623176,0.0599582422372642,174,"success","pgls5_castespolymorphic"
"OG0010107_00",-0.000246098745856817,0.986430129183895,1e-05,"1e-05 to 1",2.99763938183163e-06,-0.00581093842085423,174,"success","pgls5_castespolymorphic"
"OG0010109_00",-0.0202333761779447,0.359505508163189,1e-05,"1e-05 to 1",0.00893953009569776,0.00317755061950997,174,"success","pgls5_castespolymorphic"
"OG0010112_00",0.0258672067727916,0.483533334061709,1,"1e-05 to 1",0.00535039227418915,-0.000432454282356165,174,"success","pgls5_castespolymorphic"
"OG0010113_00",-0.0404451097636978,0.32560934616381,0.857551327932658,"1e-05 to 1",0.0100669320879711,0.004311507274529,174,"success","pgls5_castespolymorphic"
"OG0010115_00",0.0063027947266106,0.088591341452813,1e-05,"1e-05 to 1",0.0281644086140757,0.0225142016874134,174,"success","pgls5_castespolymorphic"
"OG0010131_00",-0.0110416202793453,0.480854454489584,0.846529007091931,"1e-05 to 1",0.00493225056690006,-0.000853027046083144,174,"success","pgls5_castespolymorphic"
"OG0010135_00",0.010606776816616,0.261549904059423,1e-05,"1e-05 to 1",0.0131123337001482,0.00737461471003287,174,"success","pgls5_castespolymorphic"
"OG0010136_00",0.0304954540498742,0.0741752685773478,1e-05,"1e-05 to 1",0.0331730413779849,0.0275519544092522,174,"success","pgls5_castespolymorphic"
"OG0010137_00",0.00410068320025424,0.829302026613924,0.23467083212115,"1e-05 to 1",0.000513473353616579,-0.0052974948245601,174,"success","pgls5_castespolymorphic"
"OG0010139_00",-0.0195156385847343,0.505130582376042,0.345401662424611,"1e-05 to 1",0.00500587741933731,-0.000778972130550226,174,"success","pgls5_castespolymorphic"
"OG0010140_00",-0.0258829748115727,0.249009458826707,1,"1e-05 to 1",0.0145758584089416,0.00884664828341208,174,"success","pgls5_castespolymorphic"
"OG0010141_00",-0.0127774899366664,0.497311510251238,0.61788971986169,"1e-05 to 1",0.00481206697605043,-0.000973909378739979,174,"success","pgls5_castespolymorphic"
"OG0010142_00",0.0245031722544309,0.0850414167679041,0.944125184044558,"0.001 to 1",0.0318927023789006,0.026264171578778,174,"success","pgls5_castespolymorphic"
"OG0010148_00",-0.00533522700793239,0.471507269952442,1e-05,"1e-05 to 1",0.00535796041960842,-0.000424842136091508,174,"success","pgls5_castespolymorphic"
"OG0010150_00",0.00742412172249856,0.844173853895273,1,"1e-05 to 1",0.000422143172995149,-0.00538935599460366,174,"success","pgls5_castespolymorphic"
"OG0010152_00",-0.0194621912636238,0.0752477488921528,1e-05,"1e-05 to 1",0.0332793600118321,0.0276588911746916,174,"success","pgls5_castespolymorphic"
"OG0010156_00",0.00776012019103785,0.769005102616984,1,"1e-05 to 1",0.000884170205477541,-0.00492464275844418,174,"success","pgls5_castespolymorphic"
"OG0010157_00",0.000312741822062194,0.989108687122665,1e-05,"1e-05 to 1",2.05897781109021e-06,-0.00581188253975973,174,"success","pgls5_castespolymorphic"
"OG0010161_00",-0.00943367762561321,0.284630027566594,1e-05,"1e-05 to 1",0.0128525534821659,0.00711332414194599,174,"success","pgls5_castespolymorphic"
"OG0010164_00",-0.00308333630069271,0.640006368771797,1,"1e-05 to 1",0.00228775209384375,-0.00351290051026187,174,"success","pgls5_castespolymorphic"
"OG0010165_00",-0.054644647553117,0.0453209623007933,1e-05,"1e-05 to 1",0.0410853120920336,0.0355102266972197,174,"success","pgls5_castespolymorphic"
"OG0010168_00",0.00647272778406552,0.234833186089962,1e-05,"1e-05 to 1",0.0156451824267903,0.00992218930136457,174,"success","pgls5_castespolymorphic"
"OG0010180_00",0.028870088712378,0.00768851159128126,1e-05,"1e-05 to 1",0.0763085240611924,0.0709382247824785,174,"success","pgls5_castespolymorphic"
"OG0010181_00",4.68834620230789e-05,0.998632216750027,0.65079116941326,"1e-05 to 1",3.47768740782146e-08,-0.0058139185093069,174,"success","pgls5_castespolymorphic"
"OG0010182_00",-0.010059705727123,0.671041908580736,0.652788475107061,"1e-05 to 1",0.00210751314371694,-0.00369418736126148,174,"success","pgls5_castespolymorphic"
"OG0010183_00",-0.013395560655743,0.392714471055913,1e-05,"1e-05 to 1",0.00803940812965147,0.00227219538621914,174,"success","pgls5_castespolymorphic"
"OG0010184_00",-0.014256474859248,0.171432345239583,1,"1e-05 to 1",0.0200167222998555,0.0143191451039244,174,"success","pgls5_castespolymorphic"
"OG0010185_00",-0.0182602684468837,0.442875752507808,1e-05,"1e-05 to 1",0.00634529421602152,0.000568231973091304,174,"success","pgls5_castespolymorphic"
"OG0010194_00",0.00452163240113669,0.729642121862551,1e-05,"1e-05 to 1",0.00126310370117618,-0.00454350616102617,174,"success","pgls5_castespolymorphic"
"OG0010195_00",-0.0122826945545007,0.508769620916106,1e-05,"1e-05 to 1",0.00465852337517704,-0.00112834567496733,174,"success","pgls5_castespolymorphic"
"OG0010199_00",0.0605726413826783,0.00855457760939027,0.632280368008409,"1e-05 to 1",0.0735440532435861,0.0681576814601185,174,"success","pgls5_castespolymorphic"
"OG0010202_00",-0.0126325091741098,0.405980241469222,0.641370560650865,"1e-05 to 1",0.00728055952539882,0.00150893487147685,174,"success","pgls5_castespolymorphic"
"OG0010205_00",0.00732579386361864,0.165634559214056,1,"1e-05 to 1",0.0203460103719038,0.0146503476415077,174,"success","pgls5_castespolymorphic"
"OG0010206_00",0.00168375836850309,0.874662957460019,1e-05,"1e-05 to 1",0.000271886764169116,-0.00554048598720192,174,"success","pgls5_castespolymorphic"
"OG0010207_00",0.0610301883806622,0.0144280530385581,1e-05,"1e-05 to 1",0.06265124148726,0.0572015394028835,174,"success","pgls5_castespolymorphic"
"OG0010212_00",-0.00623971539774584,0.672912172747689,0.877282150384702,"1e-05 to 1",0.0019672516998302,-0.00383526427865921,174,"success","pgls5_castespolymorphic"
"OG0010213_00",0.0447853640930369,0.0771008613534958,0.99912329711106,"1e-05 to 1",0.0358883649929385,0.030283064789409,174,"success","pgls5_castespolymorphic"
"OG0010227_00",0.0136819944994505,0.351640326997862,1,"1e-05 to 1",0.00975449784025668,0.00399725654863026,174,"success","pgls5_castespolymorphic"
"OG0010228_00",0.0288245720643835,0.398450265698219,1e-05,"1e-05 to 1",0.00881780255067099,0.00305511535619807,174,"success","pgls5_castespolymorphic"
"OG0010230_00",-0.0180328037164349,0.175623389466974,1e-05,"1e-05 to 1",0.0198466534535473,0.014148087485254,174,"success","pgls5_castespolymorphic"
"OG0010231_00",0.0757495977869789,0.0668377048508599,0.977908682870321,"1e-05 to 1",0.0352866732725491,0.0296778748613431,174,"success","pgls5_castespolymorphic"
"OG0010232_00",-0.0019739324557336,0.676408572535235,1e-05,"1e-05 to 1",0.00192294452870286,-0.0038798290496187,174,"success","pgls5_castespolymorphic"
"OG0010233_00",0.0457626564693083,0.0277182787387549,0.493890620680201,"1e-05 to 1",0.0521313608236208,0.0466204966423628,174,"success","pgls5_castespolymorphic"
"OG0010242_00",-0.0224829241220985,0.345267661183763,1e-05,"1e-05 to 1",0.0100145511063414,0.00425882175230852,174,"success","pgls5_castespolymorphic"
"OG0010246_00",-0.0116415807391206,0.373515170397161,1e-05,"1e-05 to 1",0.00890833959741769,0.00314617878112355,174,"success","pgls5_castespolymorphic"
"OG0010247_00",-0.0210635808197873,0.375769969975857,0.924972009169902,"1e-05 to 1",0.0090281131551188,0.00326664869671822,174,"success","pgls5_castespolymorphic"
"OG0010250_00",-0.0267445982107438,0.423961327483826,0.829589175444746,"1e-05 to 1",0.00753707258113879,0.00176693928219185,174,"success","pgls5_castespolymorphic"
"OG0010253_00",0.0109145170173262,0.235766944433679,1,"1e-05 to 1",0.0146115634789638,0.00888256094105078,174,"success","pgls5_castespolymorphic"
"OG0010254_00",-0.000339519556542292,0.969242315728744,0.787070081866599,"1e-05 to 1",1.60727720649183e-05,-0.00579778726995794,174,"success","pgls5_castespolymorphic"
"OG0010258_00",-0.00606600662013009,0.711568946519237,1,"1e-05 to 1",0.00159769830077704,-0.00420696624398587,174,"success","pgls5_castespolymorphic"
"OG0010264_00",-0.00258342064317103,0.779986134224947,1e-05,"1e-05 to 1",0.000834176726312389,-0.004974926897372,174,"success","pgls5_castespolymorphic"
"OG0010265_00",0.02172158667653,0.424967036313945,0.633761652003061,"1e-05 to 1",0.00741709721626418,0.00164626638612619,174,"success","pgls5_castespolymorphic"
"OG0010266_00",0.0138555853445928,0.229355441240689,1e-05,"1e-05 to 1",0.0163766403537746,0.0106578998907151,174,"success","pgls5_castespolymorphic"
"OG0010269_00",-0.0132590290233778,0.24373477589299,1e-05,"1e-05 to 1",0.0154095242709702,0.00968516103998751,174,"success","pgls5_castespolymorphic"
"OG0010276_00",0.00833654781996599,0.401104029340625,1,"1e-05 to 1",0.00767532208886566,0.00190599256612656,174,"success","pgls5_castespolymorphic"
"OG0010279_00",-0.0201555069933343,0.388541184881305,0.898063440173565,"1e-05 to 1",0.00800550301798655,0.002238093151812,174,"success","pgls5_castespolymorphic"
"OG0010280_00",0.00767037603729714,0.435548352367429,1,"1e-05 to 1",0.00743198742125451,0.00166124316207572,174,"success","pgls5_castespolymorphic"
"OG0010282_00",-0.0145687953101952,0.219347279582184,0.853385785748523,"1e-05 to 1",0.0183400880382001,0.0126327629686548,174,"success","pgls5_castespolymorphic"
"OG0010284_00",-0.0137911992033379,0.686558906567698,1,"1e-05 to 1",0.00192516067036045,-0.00387760002341664,174,"success","pgls5_castespolymorphic"
"OG0010285_00",-0.00851804972782475,0.54733675057632,0.688756273702266,"1e-05 to 1",0.00408320566092203,-0.00170700825965397,174,"success","pgls5_castespolymorphic"
"OG0010300_00",0.0187840204690046,0.188117321129951,1e-05,"1e-05 to 1",0.0185528820141021,0.0128467941188354,174,"success","pgls5_castespolymorphic"
"OG0010301_00",0.0142477828739739,0.271652194606955,1e-05,"1e-05 to 1",0.0140334200289279,0.0083010561918867,174,"success","pgls5_castespolymorphic"
"OG0010304_00",-0.00384422636453311,0.752456200889162,1e-05,"1e-05 to 1",0.00119062937919378,-0.00461640184534584,174,"success","pgls5_castespolymorphic"
"OG0010305_00",-0.00456912356102594,0.6893888302995,1,"1e-05 to 1",0.00178327020975373,-0.00402031542856163,174,"success","pgls5_castespolymorphic"
"OG0010306_00",-0.00153962276887985,0.934993399341239,1e-05,"1e-05 to 1",7.6026635308498e-05,-0.00573748483774206,174,"success","pgls5_castespolymorphic"
"OG0010307_00",-0.00531005740452597,0.567594672416003,1,"1e-05 to 1",0.00376995878492114,-0.00202207633842244,174,"success","pgls5_castespolymorphic"
"OG0010308_00",-0.0135014621560304,0.174878502383548,1,"1e-05 to 1",0.0212970505257548,0.0156069170985791,174,"success","pgls5_castespolymorphic"
"OG0010309_00",-0.0114673573132472,0.360159030218677,1e-05,"1e-05 to 1",0.00974542285690118,0.00398812880374366,174,"success","pgls5_castespolymorphic"
"OG0010310_00",-0.00129656748215175,0.952303723622388,1,"1e-05 to 1",4.2845287188994e-05,-0.00577085910067621,174,"success","pgls5_castespolymorphic"
"OG0010311_00",0.0113991129296896,0.575310573180869,1e-05,"1e-05 to 1",0.00366428094766678,-0.00212836858170729,174,"success","pgls5_castespolymorphic"
"OG0010316_00",-0.0623565053378022,0.131306553739263,1,"1e-05 to 1",0.0269000438818984,0.0212424859974907,174,"success","pgls5_castespolymorphic"
"OG0010317_00",0.0345056683446506,0.000502386997285775,1e-05,"1e-05 to 1",0.127845622974927,0.122774957992223,174,"success","pgls5_castespolymorphic"
"OG0010318_00",0.00962364933482967,0.306315365496717,1,"1e-05 to 1",0.0123079114676536,0.00656551560409357,174,"success","pgls5_castespolymorphic"
"OG0010327_00",0.00473880108853195,0.677679121892205,1,"1e-05 to 1",0.00204225461387782,-0.0037598253011577,174,"success","pgls5_castespolymorphic"
"OG0010329_00",-0.0110173198656077,0.420867733387921,1e-05,"1e-05 to 1",0.00729392879221404,0.00152238186658737,174,"success","pgls5_castespolymorphic"
"OG0010330_00",-0.0142513843039316,0.243527671633415,1,"1e-05 to 1",0.0149155608622822,0.00918832575101636,174,"success","pgls5_castespolymorphic"
"OG0010332_00",-0.0151385942129475,0.617937236582961,0.613148977343788,"1e-05 to 1",0.00297487897706665,-0.00282177870329936,174,"success","pgls5_castespolymorphic"
"OG0010333_00",-0.00279006034478115,0.558924506824612,1,"1e-05 to 1",0.00394092434283254,-0.00185011679470914,174,"success","pgls5_castespolymorphic"
"OG0010335_00",0.0159386737294824,0.0982517647034644,1e-05,"1e-05 to 1",0.031108258507624,0.0254751669873194,174,"success","pgls5_castespolymorphic"
"OG0010336_00",-0.00400684348112141,0.46180452987393,1e-05,"1e-05 to 1",0.00610004457087495,0.000321556457914984,174,"success","pgls5_castespolymorphic"
"OG0010337_00",-0.0080930563399382,0.771003763733658,1e-05,"1e-05 to 1",0.0010263286413103,-0.00478165782007745,174,"success","pgls5_castespolymorphic"
"OG0010338_00",0.000178466614243319,0.991464559103227,0.634097738296334,"1e-05 to 1",1.35432768851308e-06,-0.00581259128668532,174,"success","pgls5_castespolymorphic"
"OG0010339_00",0.0105059607040872,0.705009929739424,0.616147075757168,"1e-05 to 1",0.00167473522342084,-0.00412948143225678,174,"success","pgls5_castespolymorphic"
"OG0010340_00",-0.0020093484738239,0.7297366333925,1,"1e-05 to 1",0.00142833662308849,-0.00437731258259122,174,"success","pgls5_castespolymorphic"
"OG0010341_00",-0.0204753576453709,0.314112260008431,1,"1e-05 to 1",0.0120617699441316,0.00631794302520217,174,"success","pgls5_castespolymorphic"
"OG0010342_00",-0.00811036561313047,0.661384575595008,0.506068235939315,"1e-05 to 1",0.00216536752961486,-0.0036359966126549,174,"success","pgls5_castespolymorphic"
"OG0010343_00",-0.0116683779595855,0.583277370856621,0.561701826219018,"1e-05 to 1",0.00359782607159417,-0.00219520982333843,174,"success","pgls5_castespolymorphic"
"OG0010344_00",0.0218343402465693,0.126938792092528,0.191641875541893,"1e-05 to 1",0.0271912267978519,0.0215353618373743,174,"success","pgls5_castespolymorphic"
"OG0010358_00",0.00927585433241116,0.537956331561253,0.794349994463405,"1e-05 to 1",0.00464357271951169,-0.00114338325304919,174,"success","pgls5_castespolymorphic"
"OG0010359_00",0.0204927497063897,0.345093364232498,0.703649905780729,"1e-05 to 1",0.0104936380721972,0.00474069410750078,174,"success","pgls5_castespolymorphic"
"OG0010360_00",-0.0165482379405546,0.534954819979184,0.940853620515251,"1e-05 to 1",0.00454541701462972,-0.00124210963063409,174,"success","pgls5_castespolymorphic"
"OG0010361_00",-0.00538961639400465,0.465296614814868,1e-05,"1e-05 to 1",0.0063642400284691,0.000587287935611358,174,"success","pgls5_castespolymorphic"
"OG0010362_00",0.0347723837010032,0.00388684910015602,1,"1e-05 to 1",0.0939344115260678,0.0886665883372659,174,"success","pgls5_castespolymorphic"
"OG0010364_00",-0.0488244784708751,0.03275312688573,1,"1e-05 to 1",0.0564150144374833,0.0509290552190966,174,"success","pgls5_castespolymorphic"
"OG0010365_00",0.0244089386187175,0.145541502604091,1e-05,"1e-05 to 1",0.0247570914308877,0.0190870745206021,174,"success","pgls5_castespolymorphic"
"OG0010366_00",-0.014926860449342,0.362410815284385,0.458191545380853,"1e-05 to 1",0.0103797291607381,0.00462612293492837,174,"success","pgls5_castespolymorphic"
"OG0010367_00",0.0455113279522695,0.0574669025092902,1,"1e-05 to 1",0.0433145680990305,0.0377524434949551,174,"success","pgls5_castespolymorphic"
"OG0010370_00",0.0152690199998839,0.490299319615878,1e-05,"1e-05 to 1",0.00568270757137917,-9.82069194848112e-05,174,"success","pgls5_castespolymorphic"
"OG0010371_00",-0.00243641300417327,0.89406206002834,0.910493583978382,"1e-05 to 1",0.00020035181557895,-0.00561243683665591,174,"success","pgls5_castespolymorphic"
"OG0010372_00",-0.0313174216212545,0.423353563402553,0.971895627696575,"1e-05 to 1",0.00738271863930739,0.00161168793372202,174,"success","pgls5_castespolymorphic"
"OG0010373_00",0.0188523324551166,0.30947006336312,1e-05,"1e-05 to 1",0.0117353222911253,0.00598959742072491,174,"success","pgls5_castespolymorphic"
"OG0010374_00",0.0461422685491515,0.114058665644008,0.479721573489265,"1e-05 to 1",0.0281336995974547,0.0224833141299982,174,"success","pgls5_castespolymorphic"
"OG0010389_00",-0.0425408605410704,0.542632944108937,0.735431592595142,"1e-05 to 1",0.00453781781161182,-0.0012497530150648,174,"success","pgls5_castespolymorphic"
"OG0010391_00",0.0201466992443652,0.0985560291546141,0.706041038210125,"1e-05 to 1",0.0341626906363736,0.028547357442399,174,"success","pgls5_castespolymorphic"
"OG0010393_00",-0.0158932501772065,0.46183074427501,1e-05,"1e-05 to 1",0.00646336445645679,0.00068698866841288,174,"success","pgls5_castespolymorphic"
"OG0010395_00",-0.00863943972227769,0.636502436292834,1,"1e-05 to 1",0.00273663066303082,-0.00306141218195144,174,"success","pgls5_castespolymorphic"
"OG0010396_00",0.0135493562018354,0.690187855636861,0.868539337493628,"1e-05 to 1",0.00185651097173262,-0.00394664884819917,174,"success","pgls5_castespolymorphic"
"OG0010398_00",-0.00932165203967585,0.626553036166904,0.782010641795739,"1e-05 to 1",0.00273336618006534,-0.0030646956444691,174,"success","pgls5_castespolymorphic"
"OG0010400_00",-0.00219151801724062,0.915118097866309,0.669462892397488,"1e-05 to 1",0.000141110227437839,-0.00567202285263524,174,"success","pgls5_castespolymorphic"
"OG0010401_00",-0.0148372476121866,0.342382536578065,1,"1e-05 to 1",0.00991156971401262,0.0041552416309546,174,"success","pgls5_castespolymorphic"
"OG0010402_00",0.0186244667893071,0.0457605278403199,1e-05,"1e-05 to 1",0.0477804664476723,0.0422443063688797,174,"success","pgls5_castespolymorphic"
"OG0010404_00",-0.00458556008012321,0.669698355968269,0.415407742690775,"1e-05 to 1",0.00210127990393273,-0.00370045684081188,174,"success","pgls5_castespolymorphic"
"OG0010417_00",0.0276288642176961,0.289988840829926,1,"1e-05 to 1",0.0133194301524282,0.00758291521145393,174,"success","pgls5_castespolymorphic"
"OG0010420_00",0.00220686442245985,0.802374246967013,1e-05,"1e-05 to 1",0.000758944427356327,-0.00505059659341489,174,"success","pgls5_castespolymorphic"
"OG0010424_00",-0.00497431396945776,0.415824858007886,1,"1e-05 to 1",0.00809064762830218,0.00232373278893183,174,"success","pgls5_castespolymorphic"
"OG0010426_00",0.0419578612478264,0.125864314834208,1e-05,"1e-05 to 1",0.02903801492218,0.0233928871019601,174,"success","pgls5_castespolymorphic"
"OG0010428_00",0.00337033810212068,0.87498557841768,0.895331413140593,"1e-05 to 1",0.000303658668429229,-0.00550852936256829,174,"success","pgls5_castespolymorphic"
"OG0010430_00",0.0117469023417117,0.611118020834561,1,"1e-05 to 1",0.00316730230909947,-0.00262823663096379,174,"success","pgls5_castespolymorphic"
"OG0010432_00",0.0101030555101211,0.286459015938271,1e-05,"1e-05 to 1",0.0132005474088343,0.00746334128911819,174,"success","pgls5_castespolymorphic"
"OG0010439_00",0.0179131412542394,0.160205109092972,1e-05,"1e-05 to 1",0.0228030430862882,0.0171216654298131,174,"success","pgls5_castespolymorphic"
"OG0010443_00",0.00862724159589175,0.361394626395184,1,"1e-05 to 1",0.0108300574232927,0.00507906938505609,174,"success","pgls5_castespolymorphic"
"OG0010444_00",-0.0156414247305673,0.470288424866045,0.562991664101899,"1e-05 to 1",0.00661858355799938,0.000843110206592446,174,"success","pgls5_castespolymorphic"
"OG0010446_00",0.0416388655316547,0.0424560647574319,1e-05,"1e-05 to 1",0.0459591633623471,0.0404124143121283,174,"success","pgls5_castespolymorphic"
"OG0010447_00",0.0147395976666128,0.440645441525999,0.436503626505026,"1e-05 to 1",0.00735896616247992,0.00158779736109893,174,"success","pgls5_castespolymorphic"
"OG0010448_00",0.00156798734529172,0.898753703542271,1,"1e-05 to 1",0.000182906557053771,-0.00562998352110289,174,"success","pgls5_castespolymorphic"
"OG0010449_00",-0.020952406225316,0.304318218750046,0.848747847083052,"1e-05 to 1",0.0128631576269582,0.00712398993874286,174,"success","pgls5_castespolymorphic"
"OG0010450_00",0.018343052603537,0.24993476128258,0.906076173956257,"1e-05 to 1",0.0169340583378863,0.01121855867706,174,"success","pgls5_castespolymorphic"
"OG0010451_00",0.00970462299410012,0.476264251650383,1e-05,"1e-05 to 1",0.0062063552450221,0.000428485217376817,174,"success","pgls5_castespolymorphic"
"OG0010452_00",0.0048180842637471,0.784754898694774,1,"1e-05 to 1",0.000903802805319098,-0.0049048960155802,174,"success","pgls5_castespolymorphic"
"OG0010453_00",-0.0170487125158242,0.161725593155589,1e-05,"1e-05 to 1",0.0234534063696538,0.0177758098950587,174,"success","pgls5_castespolymorphic"
"OG0010454_00",-0.020862264653016,0.162862174909562,0.776424917561303,"1e-05 to 1",0.0239008647063042,0.0182258697336665,174,"success","pgls5_castespolymorphic"
"OG0010455_00",-0.00385234883059642,0.868198496952644,1,"1e-05 to 1",0.00033373781291092,-0.00547827533933964,174,"success","pgls5_castespolymorphic"
"OG0010456_00",0.0133355542344529,0.435795058144504,0.63661433507728,"1e-05 to 1",0.00742403238874935,0.00165324187938154,174,"success","pgls5_castespolymorphic"
"OG0010457_00",-0.0015082886713654,0.670536576908631,1,"1e-05 to 1",0.00224556704710333,-0.0035553308189018,174,"success","pgls5_castespolymorphic"
"OG0010458_00",0.0126896548171516,0.444028577882691,0.668687955826445,"1e-05 to 1",0.00682848064459162,0.00105422762508345,174,"success","pgls5_castespolymorphic"
"OG0010466_00",0.00727440898747504,0.735534680063006,0.959252765701136,"1e-05 to 1",0.00138192966736133,-0.00442398934620059,174,"success","pgls5_castespolymorphic"
"OG0010468_00",0.00144022854808308,0.892864804011347,1,"1e-05 to 1",0.000214632716554856,-0.00559807290718606,174,"success","pgls5_castespolymorphic"
"OG0010471_00",-0.00481528432286571,0.673734200743047,1,"1e-05 to 1",0.00214631918606295,-0.00365515570239006,174,"success","pgls5_castespolymorphic"
"OG0010472_00",0.0307351678509871,0.0629057170943101,1,"1e-05 to 1",0.0415528415756639,0.0359804743755225,174,"success","pgls5_castespolymorphic"
"OG0010473_00",-0.00712049151666363,0.732324063853185,0.751315089709231,"1e-05 to 1",0.00148915660511652,-0.00431613899601668,174,"success","pgls5_castespolymorphic"
"OG0010474_00",-0.0543620735301536,0.0311481593513951,0.463029514271272,"1e-05 to 1",0.0560633983264353,0.0505753948283333,174,"success","pgls5_castespolymorphic"
"OG0010476_00",-0.0350483716681956,0.235204502063636,1e-05,"1e-05 to 1",0.0177897475641372,0.0120792228406729,174,"success","pgls5_castespolymorphic"
"OG0010477_00",-0.00666287907997867,0.824020597638444,1e-05,"1e-05 to 1",0.0005715196960854,-0.00523911100335606,174,"success","pgls5_castespolymorphic"
"OG0010479_00",0.0857351205741,0.00782933926635243,1,"1e-05 to 1",0.0785012042276643,0.073143653089453,174,"success","pgls5_castespolymorphic"
"OG0010480_00",-0.0105498054319367,0.600427286012202,1,"1e-05 to 1",0.00340222607357268,-0.00239194703065082,174,"success","pgls5_castespolymorphic"
"OG0010496_00",-0.00364521798422444,0.772686027138265,1,"1e-05 to 1",0.00097543636455218,-0.0048328459821656,174,"success","pgls5_castespolymorphic"
"OG0010499_00",0.0106315539958574,0.501137179919098,0.846184068158232,"1e-05 to 1",0.00560556320764461,-0.000175799796962028,174,"success","pgls5_castespolymorphic"
"OG0010503_00",-0.00350577502475877,0.839279367040125,0.573515287033095,"1e-05 to 1",0.000517265389602598,-0.00529368074185332,174,"success","pgls5_castespolymorphic"
"OG0010504_00",-0.0237890343897801,0.224855711137255,1,"1e-05 to 1",0.0181325621268825,0.0124240305113411,174,"success","pgls5_castespolymorphic"
"OG0010507_00",-0.0291482795841039,0.127320577084779,0.553154217049717,"1e-05 to 1",0.0284664013644811,0.0228179502096234,174,"success","pgls5_castespolymorphic"
"OG0010509_00",0.0588333706858766,0.0143034701243783,0.620463906480202,"1e-05 to 1",0.0677696267428726,0.0623496827123078,174,"success","pgls5_castespolymorphic"
"OG0010511_00",-0.00711071967949668,0.777928186839369,0.9235148530219,"1e-05 to 1",0.00101265399642469,-0.00479541196871236,174,"success","pgls5_castespolymorphic"
"OG0010512_00",0.00195939567746603,0.894521490904942,1,"1e-05 to 1",0.000221088358563429,-0.00559157973237512,174,"success","pgls5_castespolymorphic"
"OG0010514_00",-0.00688305686671099,0.227381534632416,0.990448597947869,"1e-05 to 1",0.0167043438351585,0.0109875086248978,174,"success","pgls5_castespolymorphic"
"OG0010515_00",-0.00236611980995538,0.658318090613068,1,"1e-05 to 1",0.00228474904690269,-0.00351592101677811,174,"success","pgls5_castespolymorphic"
"OG0010516_00",0.00607758127858067,0.69786787220847,0.888071419833735,"1e-05 to 1",0.00189375525793964,-0.00390918802544449,174,"success","pgls5_castespolymorphic"
"OG0010530_00",-0.000863123426029231,0.927868921931865,1,"1e-05 to 1",0.000108535136765684,-0.00570478733336932,174,"success","pgls5_castespolymorphic"
"OG0010532_00",0.0280988838495968,0.173356774844476,1e-05,"1e-05 to 1",0.0227631970042142,0.0170815876844713,174,"success","pgls5_castespolymorphic"
"OG0010539_00",-0.0102906066684117,0.414063124555836,0.959250208003053,"1e-05 to 1",0.00835593539355464,0.00259056292491244,174,"success","pgls5_castespolymorphic"
"OG0010541_00",0.026102805500491,0.39877291222234,0.92267214919333,"1e-05 to 1",0.00891606397189234,0.00315394806475222,174,"success","pgls5_castespolymorphic"
"OG0010544_00",0.00811386815222027,0.660744176849303,0.831340961159259,"1e-05 to 1",0.00248228965565398,-0.00331723191611544,174,"success","pgls5_castespolymorphic"
"OG0010548_00",0.00450372801950223,0.746387104936801,0.765078435367991,"1e-05 to 1",0.00128248961796841,-0.0045240075354156,174,"success","pgls5_castespolymorphic"
"OG0010563_00",-0.0179410518385392,0.251305499787794,1e-05,"1e-05 to 1",0.0168371875478009,0.0111211246847067,174,"success","pgls5_castespolymorphic"
"OG0010565_00",-0.000203578742584452,0.982400766553799,1,"1e-05 to 1",6.04466520360397e-06,-0.00580787367976621,174,"success","pgls5_castespolymorphic"
"OG0010566_00",-0.00495474691619359,0.753912855257996,1e-05,"1e-05 to 1",0.00126719906784843,-0.00453938698408263,174,"success","pgls5_castespolymorphic"
"OG0010568_00",0.0252028455378367,0.55378763020409,0.863610576292781,"1e-05 to 1",0.00445586963122783,-0.00133217763835813,174,"success","pgls5_castespolymorphic"
"OG0010570_00",0.0155241949346664,0.374246227481518,1,"1e-05 to 1",0.0100068778096227,0.00425110384339944,174,"success","pgls5_castespolymorphic"
"OG0010573_00",0.0291409739483346,0.302635273818995,0.557241661636571,"1e-05 to 1",0.0136163291026832,0.0078815403183965,174,"success","pgls5_castespolymorphic"
"OG0010574_00",-0.0255602948586385,0.442089414776391,0.726074051182262,"1e-05 to 1",0.00759473438690655,0.00182493633101632,174,"success","pgls5_castespolymorphic"
"OG0010577_00",0.00458106320231561,0.738972460972629,1,"1e-05 to 1",0.00141338863778153,-0.00439234747478956,174,"success","pgls5_castespolymorphic"
"OG0010579_00",0.00081869462421,0.973114164117306,0.622532011843322,"1e-05 to 1",1.37678609027638e-05,-0.00580010558176625,174,"success","pgls5_castespolymorphic"
"OG0010582_00",-0.00262578401474444,0.816182902831826,0.813086954342479,"1e-05 to 1",0.0006881102528921,-0.00512184259447479,174,"success","pgls5_castespolymorphic"
"OG0000005_00",-0.0103223605588558,0.210232005007768,1e-05,"1e-05 to 1",0.0168275433032802,0.0111114243689969,174,"success","pgls5_castespolymorphic"
"OG0000007_01",-0.0236844416762139,0.0983312657742279,0.661367834192578,"1e-05 to 1",0.0279172314210499,0.022265587417684,174,"success","pgls5_castespolymorphic"
"OG0000026_00",0.0109901766776345,0.720295606907288,1,"1e-05 to 1",0.00102106073269251,-0.00478695635607096,174,"success","pgls5_castespolymorphic"
"OG0000051_00",0.00172136507678107,0.802750494804308,1e-05,"1e-05 to 1",0.000674298340507816,-0.00513573480867535,174,"success","pgls5_castespolymorphic"
"OG0000065_00",-0.00856605432472947,0.758062632133763,0.653401717428443,"1e-05 to 1",0.000787068574607311,-0.00502230893367983,174,"success","pgls5_castespolymorphic"
"OG0000079_00",0.00989581333645757,0.29180140043118,1,"1e-05 to 1",0.0119418438867561,0.00619731972330695,174,"success","pgls5_castespolymorphic"
"OG0000122_00",-0.00184988856569837,0.931477947448361,1e-05,"1e-05 to 1",5.89101899332883e-05,-0.00575470079733442,174,"success","pgls5_castespolymorphic"
"OG0000145_00",-0.0281343324640855,0.138449385642248,0.795887328666561,"1e-05 to 1",0.0229604113464669,0.017279948621737,174,"success","pgls5_castespolymorphic"
"OG0000183_00",-0.0225965939030125,0.041502253396001,1,"1e-05 to 1",0.0375734632647717,0.0319779601442179,174,"success","pgls5_castespolymorphic"
"OG0000184_00",0.0136640611741584,0.209967994097701,1e-05,"1e-05 to 1",0.0153646608121405,0.00964003674709479,174,"success","pgls5_castespolymorphic"
"OG0000192_00",0.00708426478097159,0.0641238548105898,1e-05,"1e-05 to 1",0.0332026655463682,0.0275817508111728,174,"success","pgls5_castespolymorphic"
"OG0000195_00",-0.00645600289547436,0.620403744234415,0.824161352627437,"1e-05 to 1",0.00156617902670868,-0.00423866876964785,174,"success","pgls5_castespolymorphic"
"OG0000196_00",0.0241193164999611,0.0199823583957521,0.583636055700621,"1e-05 to 1",0.0450254780618666,0.039473300608738,174,"success","pgls5_castespolymorphic"
"OG0000207_00",0.00344132744228885,0.671083033902528,1,"1e-05 to 1",0.0013106793224933,-0.00449565393725981,174,"success","pgls5_castespolymorphic"
"OG0000231_01",0.00287317265767918,0.794846822955118,0.854886898269544,"1e-05 to 1",0.000551773036088654,-0.00525897246951534,174,"success","pgls5_castespolymorphic"
"OG0000288_00",-0.00539016168613685,0.581901161117986,1,"1e-05 to 1",0.00203946160899271,-0.00376263454444348,174,"success","pgls5_castespolymorphic"
"OG0000291_00",-0.00963904031049745,0.568352791125895,0.587072783948511,"1e-05 to 1",0.00281372259129556,-0.00298387204480144,174,"success","pgls5_castespolymorphic"
"OG0000305_00",0.0133484111729891,0.743829346591035,1,"1e-05 to 1",0.00114146414437725,-0.00466585292455091,174,"success","pgls5_castespolymorphic"
"OG0000332_00",-0.0257514060493701,0.209460262929445,1,"1e-05 to 1",0.0113084059208351,0.00556019897851445,174,"success","pgls5_castespolymorphic"
"OG0000369_00",-0.022959146779672,0.0601139915755753,1,"1e-05 to 1",0.0370927136201838,0.0314944154435568,174,"success","pgls5_castespolymorphic"
"OG0000412_00",-0.0273364740312525,0.139107635205621,1e-05,"1e-05 to 1",0.0205235296248907,0.0148288989831749,174,"success","pgls5_castespolymorphic"
"OG0000422_00",-0.0075745130019201,0.585055434999834,1,"1e-05 to 1",0.00379058144302872,-0.00200133378113976,174,"success","pgls5_castespolymorphic"
"OG0000445_00",-0.0097148069381918,0.560104565411955,0.636160131474769,"1e-05 to 1",0.0034064304846092,-0.00238771817536398,174,"success","pgls5_castespolymorphic"
"OG0000450_00",-0.0079555318009517,0.413899116785803,0.370773416825728,"1e-05 to 1",0.00484326912829979,-0.000942525818628859,174,"success","pgls5_castespolymorphic"
"OG0000458_00",0.0417698541914833,0.000588874030631459,1,"1e-05 to 1",0.0846671595238409,0.0793454569629329,174,"success","pgls5_castespolymorphic"
"OG0000486_00",0.0263509553092695,0.14360266496918,0.531276726212753,"1e-05 to 1",0.0195201836458791,0.0138197195973088,174,"success","pgls5_castespolymorphic"
"OG0000496_00",-0.00312642796911915,0.820348003404577,0.532200383465802,"1e-05 to 1",0.000557384755962491,-0.00525332812336332,174,"success","pgls5_castespolymorphic"
"OG0000509_00",0.00921152640628914,0.566086073141174,1,"1e-05 to 1",0.00214280486453746,-0.00365869045601741,174,"success","pgls5_castespolymorphic"
"OG0000514_00",0.0256616640126869,0.575806284512149,0.945821695376291,"1e-05 to 1",0.00349174684923284,-0.0023019057853646,174,"success","pgls5_castespolymorphic"
"OG0000569_00",-0.00619333967383818,0.402782134756264,1e-05,"1e-05 to 1",0.00715370789800458,0.0013813457346209,174,"success","pgls5_castespolymorphic"
"OG0000574_01",-0.0109818717870108,0.684794188336051,1,"1e-05 to 1",0.00156064862337738,-0.00424423132648677,174,"success","pgls5_castespolymorphic"
"OG0000587_00",-0.0112576483322,0.502465907970559,0.828180407321393,"1e-05 to 1",0.00312903970620329,-0.00266672169085358,174,"success","pgls5_castespolymorphic"
"OG0000608_00",-0.0150425798602868,0.150513461807376,1,"1e-05 to 1",0.0151389635666411,0.00941302730830762,174,"success","pgls5_castespolymorphic"
"OG0000631_00",-0.000973922790024127,0.972892579579375,0.567970976722698,"1e-05 to 1",8.58492003781453e-06,-0.00580531865600853,174,"success","pgls5_castespolymorphic"
"OG0000716_00",-0.0133794093924544,0.342055245930114,1,"1e-05 to 1",0.0100352832539376,0.00427967443564647,174,"success","pgls5_castespolymorphic"
"OG0000948_00",0.00330878543645089,0.759834293868896,1e-05,"1e-05 to 1",0.00061664798052973,-0.00519372034516485,174,"success","pgls5_castespolymorphic"
"OG0001012_00",0.0228642258968337,0.329736676888216,1e-05,"1e-05 to 1",0.00659781854767949,0.000822224469468225,174,"success","pgls5_castespolymorphic"
"OG0001039_00",-0.0173364694854919,0.472830591029455,0.863354169586997,"1e-05 to 1",0.0046953077574963,-0.00109134742996009,174,"success","pgls5_castespolymorphic"
"OG0001073_01",0.0179335417173629,0.427056190972436,0.461458833369203,"1e-05 to 1",0.0071023837233261,0.00132972316357793,174,"success","pgls5_castespolymorphic"
"OG0001117_00",-0.011048198736205,0.68788043999147,0.860388923128377,"1e-05 to 1",0.0015887606609508,-0.00421595584683421,174,"success","pgls5_castespolymorphic"
"OG0001133_00",-0.0244190156961459,0.127507110711978,1,"1e-05 to 1",0.0189341785772442,0.0132303075224607,174,"success","pgls5_castespolymorphic"
"OG0001212_00",-0.00426533701221221,0.748287849894143,1,"1e-05 to 1",0.0010555859664708,-0.00475223039418915,174,"success","pgls5_castespolymorphic"
"OG0001335_00",-0.084550661765958,0.00826532369406863,1,"1e-05 to 1",0.0645658164865264,0.0591272456521457,174,"success","pgls5_castespolymorphic"
"OG0001370_00",-0.00125109975117329,0.950494982027244,0.897181863551478,"1e-05 to 1",2.54422584138355e-05,-0.00578836330985122,174,"success","pgls5_castespolymorphic"
"OG0001392_00",-0.00829124969102643,0.511908116575991,1,"1e-05 to 1",0.00291210363842446,-0.00288491901484056,174,"success","pgls5_castespolymorphic"
"OG0001475_00",0.00123752188496291,0.878054231685286,1e-05,"1e-05 to 1",0.000166364574660591,-0.00564662167781216,174,"success","pgls5_castespolymorphic"
"OG0001491_00",0.0143530121621299,0.201135982226715,1,"1e-05 to 1",0.013695096911192,0.00796076607928031,174,"success","pgls5_castespolymorphic"
"OG0001519_00",-0.0487952459067365,0.143297994181683,0.741507710190092,"1e-05 to 1",0.0226500183771106,0.0169677510420939,174,"success","pgls5_castespolymorphic"
"OG0001588_00",-0.00674759110219059,0.816309532047997,0.723255849938585,"1e-05 to 1",0.000553281386833408,-0.00525745534928967,174,"success","pgls5_castespolymorphic"
"OG0001663_00",-0.0219055157142713,0.222139073767544,0.441807107606905,"1e-05 to 1",0.011270476422014,0.00552204895935127,174,"success","pgls5_castespolymorphic"
"OG0001716_00",-0.0186213077886623,0.269108251788821,1,"1e-05 to 1",0.0117303361667102,0.00598458230721444,174,"success","pgls5_castespolymorphic"
"OG0001733_00",0.0198735832912813,0.407783758722145,0.303033359566486,"1e-05 to 1",0.00647415021716595,0.000697837137033086,174,"success","pgls5_castespolymorphic"
"OG0001741_00",0.0213601727973496,0.280235867300157,0.969828997443738,"1e-05 to 1",0.0107872391267433,0.00503600214492206,174,"success","pgls5_castespolymorphic"
"OG0001755_00",0.0179017758690835,0.300163989688467,0.952521334758867,"1e-05 to 1",0.00701435021910679,0.00124117783665978,174,"success","pgls5_castespolymorphic"
"OG0001793_00",-0.0044319671616091,0.440880494710136,1e-05,"1e-05 to 1",0.00418897669722307,-0.00160062227546742,174,"success","pgls5_castespolymorphic"
"OG0001865_00",-0.00887880126402262,0.606283414222381,1e-05,"1e-05 to 1",0.0027774824228355,-0.00302032291191545,174,"success","pgls5_castespolymorphic"
"OG0001983_00",-0.00951532628513914,0.442818045197035,1e-05,"1e-05 to 1",0.00366284336112376,-0.00212981452631156,174,"success","pgls5_castespolymorphic"
"OG0002037_00",0.000581027063382741,0.972722323712707,1e-05,"1e-05 to 1",7.47111961361808e-06,-0.00580643893201649,174,"success","pgls5_castespolymorphic"
"OG0002093_00",-0.000935480061111455,0.914778334604497,1e-05,"1e-05 to 1",0.00010089147541697,-0.00571247543460984,174,"success","pgls5_castespolymorphic"
"OG0002096_00",-0.0164052430345844,0.381925980794296,1,"1e-05 to 1",0.00617104647950756,0.000392971168342027,174,"success","pgls5_castespolymorphic"
"OG0002111_00",-0.00610289502651826,0.801546291474478,0.127324216072033,"1e-05 to 1",0.000452762037064089,-0.00535855911388317,174,"success","pgls5_castespolymorphic"
"OG0002112_00",0.0011820760587487,0.944326177752175,0.980402258454674,"1e-05 to 1",3.70843568796958e-05,-0.00577665352476653,174,"success","pgls5_castespolymorphic"
"OG0002116_00",0.0112951045515618,0.602857507382727,0.743408900963333,"1e-05 to 1",0.00179709401662431,-0.00400641125072076,174,"success","pgls5_castespolymorphic"
"OG0002140_00",0.0224118460025872,0.316320492724022,1e-05,"1e-05 to 1",0.012395503945124,0.00665361734015379,174,"success","pgls5_castespolymorphic"
"OG0002166_00",-0.00433846087574024,0.674847498501963,1e-05,"1e-05 to 1",0.00140126838432985,-0.004404538194831,174,"success","pgls5_castespolymorphic"
"OG0002185_00",0.0031963461732253,0.869498188273975,1e-05,"1e-05 to 1",0.000175834747671237,-0.00563709644565624,174,"success","pgls5_castespolymorphic"
"OG0002302_00",-0.0121665291276133,0.430788941237724,0.885707028136141,"1e-05 to 1",0.00615695047213898,0.000378793207442163,174,"success","pgls5_castespolymorphic"
"OG0002372_00",0.00826382082962537,0.647345265404895,1,"1e-05 to 1",0.00170680014101031,-0.00409723009072804,174,"success","pgls5_castespolymorphic"
"OG0002389_00",-0.0265144000757358,0.169793773298239,0.189321171348972,"1e-05 to 1",0.0126116880808466,0.00687105836038637,174,"success","pgls5_castespolymorphic"
"OG0002412_00",0.00134227264929375,0.823593429058173,1e-05,"1e-05 to 1",0.000334594023604984,-0.00547741415067637,174,"success","pgls5_castespolymorphic"
"OG0002592_00",-0.0305482787932051,0.178661371001936,0.950607781039179,"1e-05 to 1",0.0116385947664339,0.00589230752670378,174,"success","pgls5_castespolymorphic"
"OG0002662_00",-0.00564002489830782,0.775738752869385,0.940279854648779,"1e-05 to 1",0.000535527656725186,-0.00527531229875899,174,"success","pgls5_castespolymorphic"
"OG0002682_00",0.0126990936913339,0.598400015672553,1e-05,"1e-05 to 1",0.00327758142405096,-0.00251731635836738,174,"success","pgls5_castespolymorphic"
"OG0002846_00",-0.0280362065404911,0.103546447681145,0.326902467157428,"1e-05 to 1",0.0166848138823792,0.0109678651258813,174,"success","pgls5_castespolymorphic"
"OG0003113_00",-0.00225124256435957,0.790767009317642,1e-05,"1e-05 to 1",0.000461477255736132,-0.00534979322533524,174,"success","pgls5_castespolymorphic"
"OG0003300_00",0.0536978000345806,0.105820035746358,1,"1e-05 to 1",0.0225840032946702,0.0169013521510345,174,"success","pgls5_castespolymorphic"
"OG0003328_00",-0.0338518236305508,0.0928353969422697,1e-05,"1e-05 to 1",0.0184706997260526,0.0127641340267856,174,"success","pgls5_castespolymorphic"
"OG0003356_00",0.00781453041202302,0.378463114300597,1,"1e-05 to 1",0.00488194517709399,-0.000903624909085687,174,"success","pgls5_castespolymorphic"
"OG0003514_00",-0.0213944808153543,0.0453234047394937,1,"1e-05 to 1",0.0352945656444046,0.0296858131190814,174,"success","pgls5_castespolymorphic"
"OG0003863_00",0.0587826803924086,0.00338401039167113,1,"1e-05 to 1",0.0533953806511819,0.0478918654224098,174,"success","pgls5_castespolymorphic"
"OG0003895_00",0.00315239952531861,0.726485240641358,1,"1e-05 to 1",0.0013219524397471,-0.00448431527862647,174,"success","pgls5_castespolymorphic"
"OG0003999_00",0.000393088292613231,0.97688492870297,1,"1e-05 to 1",7.46231272082687e-06,-0.00580644779011208,174,"success","pgls5_castespolymorphic"
"OG0004064_00",0.070419055702764,0.000179484846837275,1e-05,"1e-05 to 1",0.0847366039365048,0.0794153051221822,174,"success","pgls5_castespolymorphic"
"OG0004069_00",-0.015062989089718,0.379084967300109,0.418889227235522,"1e-05 to 1",0.00509366213591249,-0.00069067703771597,174,"success","pgls5_castespolymorphic"
"OG0004390_00",-0.00210402828046809,0.842665895971115,0.451267037964049,"1e-05 to 1",0.000251699636322066,-0.00556079048207136,174,"success","pgls5_castespolymorphic"
"OG0004529_00",-0.0121257237741306,0.429482387066004,0.395571846852179,"1e-05 to 1",0.00456258329154505,-0.00122484354978325,174,"success","pgls5_castespolymorphic"
"OG0004649_00",0.0434894782984241,0.00147128562669741,0.918335675828234,"1e-05 to 1",0.089001858232319,0.0837053574080883,174,"success","pgls5_castespolymorphic"
"OG0004691_00",-0.00263820056119539,0.838087435710706,1e-05,"1e-05 to 1",0.000299272495418291,-0.00551294103658506,174,"success","pgls5_castespolymorphic"
"OG0004936_00",0.0162918418374495,0.376487167419455,0.854599755624402,"1e-05 to 1",0.00705311627059095,0.00128016927216412,174,"success","pgls5_castespolymorphic"
"OG0005096_00",0.00665632103448606,0.532548816327388,0.933106705197779,"1e-05 to 1",0.0039071226271762,-0.00188411503196817,174,"success","pgls5_castespolymorphic"
"OG0005632_00",-0.00329926835365473,0.727422651794827,0.788657575605026,"1e-05 to 1",0.00101613770171804,-0.00479190800931839,174,"success","pgls5_castespolymorphic"
"OG0005742_00",0.00730613219017074,0.651376170536339,1e-05,"1e-05 to 1",0.00131211844608489,-0.00449420644667042,174,"success","pgls5_castespolymorphic"
"OG0006027_00",0.0191637834928498,0.387809532335615,0.383332297575272,"1e-05 to 1",0.00469427507945958,-0.00109238611193874,174,"success","pgls5_castespolymorphic"
"OG0006334_00",0.00176478453559508,0.915759666834394,0.906342981120711,"1e-05 to 1",7.0588147273042e-05,-0.00574295494489396,174,"success","pgls5_castespolymorphic"
"OG0006637_00",0.00267991168839018,0.845681951991989,0.808039218208612,"1e-05 to 1",0.000235990721067788,-0.00557659072822836,174,"success","pgls5_castespolymorphic"
"OG0006793_00",0.00263075443436612,0.895856862758072,0.953171771780891,"1e-05 to 1",0.000107416896070606,-0.00570591207546389,174,"success","pgls5_castespolymorphic"
"OG0006922_00",-0.00813699561966252,0.235448736574358,1,"1e-05 to 1",0.00962776402091688,0.0038697859047595,174,"success","pgls5_castespolymorphic"
"OG0006962_00",0.0177588557832173,0.267531304589403,0.723838551866779,"1e-05 to 1",0.00782451450396359,0.00205605237898665,174,"success","pgls5_castespolymorphic"
"OG0007413_00",0.0670991525199424,0.000135900467189476,1e-05,"1e-05 to 1",0.0927848594648314,0.0875103528338129,174,"success","pgls5_castespolymorphic"
"OG0007548_00",0.00910179962862155,0.560606229029993,0.628866881099754,"1e-05 to 1",0.00213433600966918,-0.00366720854841418,174,"success","pgls5_castespolymorphic"
"OG0007578_00",0.0323465013982146,0.0271866400696092,1e-05,"1e-05 to 1",0.0439697667528783,0.0384114514433022,174,"success","pgls5_castespolymorphic"
"OG0008004_00",0.0062660528738293,0.680547805158923,0.347640004828882,"1e-05 to 1",0.00107566821271433,-0.0047320313907,174,"success","pgls5_castespolymorphic"
"OG0008132_00",-0.00249615626199002,0.771289919837027,1e-05,"1e-05 to 1",0.000539784570282451,-0.00527103063570422,174,"success","pgls5_castespolymorphic"
"OG0008175_00",0.00970905316533862,0.00546487114199534,1,"1e-05 to 1",0.0478258888814485,0.0422899928865732,174,"success","pgls5_castespolymorphic"
"OG0008180_00",0.00696794203715184,0.650826377793264,0.768123916238366,"1e-05 to 1",0.00233847618283926,-0.00346188151377214,174,"success","pgls5_castespolymorphic"
"OG0008300_00",0.0132309821120524,0.532870045099525,1e-05,"1e-05 to 1",0.00424135022446275,-0.00154794425097649,174,"success","pgls5_castespolymorphic"
"OG0008304_00",-0.00324891316641132,0.738379893796703,0.584954422757326,"1e-05 to 1",0.000867754236447461,-0.00494115416915464,174,"success","pgls5_castespolymorphic"
"OG0008451_00",0.00221213465680621,0.918046215910169,0.934906471999169,"1e-05 to 1",6.94228182863035e-05,-0.00574412704904925,174,"success","pgls5_castespolymorphic"
"OG0008460_00",0.0203702700401646,0.10322808420389,0.434684083192376,"1e-05 to 1",0.0173715778929438,0.0116586219504609,174,"success","pgls5_castespolymorphic"
"OG0008494_00",0.032576808072508,0.067359058045857,1,"1e-05 to 1",0.0217032719370876,0.0160155002623033,174,"success","pgls5_castespolymorphic"
"OG0008548_00",-0.00867731615137206,0.326128346155798,1,"1e-05 to 1",0.00669665908939174,0.000921639665492857,174,"success","pgls5_castespolymorphic"
"OG0008596_00",-0.0167625298368638,0.269352478660279,1e-05,"1e-05 to 1",0.00835003945892483,0.00258463271159304,174,"success","pgls5_castespolymorphic"
"OG0008740_00",-0.00645035611458522,0.637709993613539,1,"1e-05 to 1",0.00163517846288737,-0.00416926817395624,174,"success","pgls5_castespolymorphic"
"OG0008781_00",0.00171823246052721,0.925305530523777,0.973462933831128,"1e-05 to 1",8.65921091306558e-05,-0.00572685793674665,174,"success","pgls5_castespolymorphic"
"OG0008801_00",0.00207105964090199,0.854191729107741,1,"1e-05 to 1",0.000233690487090298,-0.00557890433565911,174,"success","pgls5_castespolymorphic"
"OG0008807_00",-0.00504358725941272,0.752285030929786,0.685409653275723,"1e-05 to 1",0.000693977107740885,-0.00511594163000484,174,"success","pgls5_castespolymorphic"
"OG0008822_00",0.00470897322746643,0.827926381736406,1,"1e-05 to 1",0.000579528432136589,-0.0052310557048858,174,"success","pgls5_castespolymorphic"
"OG0008825_00",-0.0192420142748983,0.361474330394138,1,"1e-05 to 1",0.00578638667758931,6.07497222648856e-06,174,"success","pgls5_castespolymorphic"
"OG0008837_00",-0.0361483478155716,0.23161953306384,0.624584414818408,"1e-05 to 1",0.0142776123305791,0.00854666821622196,174,"success","pgls5_castespolymorphic"
"OG0008856_00",-0.00824473597434102,0.520458634844809,1,"1e-05 to 1",0.00304319153649728,-0.00275306897782546,174,"success","pgls5_castespolymorphic"
"OG0008865_00",0.0290841416523629,0.157426648480233,0.757208816273253,"1e-05 to 1",0.0143277802094565,0.00859712776881383,174,"success","pgls5_castespolymorphic"
"OG0008887_00",0.00160049777655238,0.895412893382305,1e-05,"1e-05 to 1",0.000123871414483534,-0.00568936189124614,174,"success","pgls5_castespolymorphic"
"OG0008892_00",0.00954048212938582,0.539636935600033,1,"1e-05 to 1",0.00263659153166917,-0.0031620329361699,174,"success","pgls5_castespolymorphic"
"OG0008935_00",0.0329321377253007,0.113190312903071,1,"1e-05 to 1",0.0207774552503961,0.0150843009204565,174,"success","pgls5_castespolymorphic"
"OG0008993_00",0.00593353166448653,0.672271357182014,1,"1e-05 to 1",0.00134969489654294,-0.00445641152847709,174,"success","pgls5_castespolymorphic"
"OG0009004_00",-0.00301003789622734,0.822702445266511,1,"1e-05 to 1",0.000525588427551898,-0.00528530931414828,174,"success","pgls5_castespolymorphic"
"OG0009008_00",0.012785814712011,0.0330155941169141,0.411856582954289,"1e-05 to 1",0.0327477161738629,0.027124156384176,174,"success","pgls5_castespolymorphic"
"OG0009017_00",-0.0136860528666339,0.470004255316308,0.860896845254004,"1e-05 to 1",0.00533911056757628,-0.000443801580286785,174,"success","pgls5_castespolymorphic"
"OG0009044_00",0.00486078262423041,0.259567033917478,1e-05,"1e-05 to 1",0.0094056895298554,0.00364642028293594,174,"success","pgls5_castespolymorphic"
"OG0009052_00",-0.0246836970622311,0.271975619412795,0.945022617359221,"1e-05 to 1",0.0090661508927054,0.00330490758394197,174,"success","pgls5_castespolymorphic"
"OG0009054_00",-0.00514597037280912,0.561087266682655,1,"1e-05 to 1",0.00241873870548141,-0.00338115234855652,174,"success","pgls5_castespolymorphic"
"OG0009073_00",0.00528408565833395,0.647523556438151,0.832843095969319,"1e-05 to 1",0.00235916794888213,-0.00344106944676392,174,"success","pgls5_castespolymorphic"
"OG0009100_00",-0.0115875959936516,0.464264616578218,0.369894750866165,"1e-05 to 1",0.00400386741203325,-0.00178680777743168,174,"success","pgls5_castespolymorphic"
"OG0009114_00",0.0119231574805682,0.266981675063907,1e-05,"1e-05 to 1",0.0136728420491968,0.00793838182855255,174,"success","pgls5_castespolymorphic"
"OG0009129_00",0.00177216148182839,0.839969112073886,1,"1e-05 to 1",0.000310040392509926,-0.0055021105354407,174,"success","pgls5_castespolymorphic"
"OG0009135_00",0.00824773956627906,0.675900171218374,0.832121864907583,"1e-05 to 1",0.00125209358329628,-0.00455458029121947,174,"success","pgls5_castespolymorphic"
"OG0009223_00",-0.0283761479074748,0.393889715913301,0.802837791229578,"1e-05 to 1",0.00527255646430331,-0.000510742626020466,174,"success","pgls5_castespolymorphic"
"OG0009229_00",0.0135606178033228,0.430944764532173,1e-05,"1e-05 to 1",0.00767550352231737,0.00190617505442381,174,"success","pgls5_castespolymorphic"
"OG0009254_00",-0.0430078489265259,0.0142936843738677,1,"1e-05 to 1",0.0478099663982615,0.0422739778308096,174,"success","pgls5_castespolymorphic"
"OG0009296_00",0.0102595987466464,0.669237392699205,1,"1e-05 to 1",0.0019709484715331,-0.00383154601409763,174,"success","pgls5_castespolymorphic"
"OG0009327_00",-0.00466885659005554,0.705831134572741,1,"1e-05 to 1",0.00166497683919603,-0.00413929655127365,174,"success","pgls5_castespolymorphic"
"OG0009355_00",0.00519964768273163,0.558096077646423,1,"1e-05 to 1",0.0027961511549531,-0.00300154564065758,174,"success","pgls5_castespolymorphic"
"OG0009394_00",0.00363718472808985,0.799358882787145,1,"1e-05 to 1",0.00050658064557706,-0.00530442760648353,174,"success","pgls5_castespolymorphic"
"OG0009405_00",-0.0110492513891727,0.557078217336457,0.697028495616573,"1e-05 to 1",0.00276552875514115,-0.00303234607767777,174,"success","pgls5_castespolymorphic"
"OG0009411_00",-0.000347401076829597,0.97376159264322,1e-05,"1e-05 to 1",1.02539654398424e-05,-0.00580363990685417,174,"success","pgls5_castespolymorphic"
"OG0009428_00",0.00115246042949282,0.93877492453233,1e-05,"1e-05 to 1",5.98931880446556e-05,-0.00575371208411779,174,"success","pgls5_castespolymorphic"
"OG0009529_00",-0.00384434581563046,0.723624567369456,0.752609711609806,"1e-05 to 1",0.00159164445586902,-0.00421305528566673,174,"success","pgls5_castespolymorphic"
"OG0009557_00",0.00228876576423943,0.845110384270085,1e-05,"1e-05 to 1",0.000301658833437804,-0.0055105408245073,174,"success","pgls5_castespolymorphic"
"OG0009580_00",-0.0146288830878169,0.259069589706035,1e-05,"1e-05 to 1",0.0147865598789758,0.00905857476199323,174,"success","pgls5_castespolymorphic"
"OG0009585_00",0.00993134752205553,0.404817296553662,0.559976083967681,"1e-05 to 1",0.00583910882408985,5.91036428345681e-05,174,"success","pgls5_castespolymorphic"
"OG0009603_00",0.00696872517915421,0.533442930653712,1e-05,"1e-05 to 1",0.00341112456565276,-0.00238299680315146,174,"success","pgls5_castespolymorphic"
"OG0009648_00",-0.018946488685204,0.383127119885946,0.394396131410847,"1e-05 to 1",0.00629244773228844,0.000515078242359857,174,"success","pgls5_castespolymorphic"
"OG0009708_00",-0.0277081839037176,0.0981481351342104,1,"1e-05 to 1",0.0230105538503111,0.0173303826517663,174,"success","pgls5_castespolymorphic"
"OG0009734_00",0.000977232684608637,0.928124141371397,1e-05,"1e-05 to 1",9.51632033760101e-05,-0.00571823701055796,174,"success","pgls5_castespolymorphic"
"OG0009741_00",0.0124863893809293,0.0368672936378589,1e-05,"1e-05 to 1",0.0352202894402776,0.0296111050765583,174,"success","pgls5_castespolymorphic"
"OG0009780_00",-0.0187010286451025,0.17222551762316,1,"1e-05 to 1",0.0171848727294408,0.0114708312918212,174,"success","pgls5_castespolymorphic"
"OG0009787_00",0.0452222440098748,0.0591134714598811,0.249594375385471,"1e-05 to 1",0.0325919365153,0.0269674710299239,174,"success","pgls5_castespolymorphic"
"OG0009800_00",-0.00119162479459284,0.932400705966595,1,"1e-05 to 1",7.23104454231713e-05,-0.00574122263338239,174,"success","pgls5_castespolymorphic"
"OG0009807_00",0.00766294954037322,0.537269303951462,0.788274769060442,"1e-05 to 1",0.00331867507626873,-0.00247598378956693,174,"success","pgls5_castespolymorphic"
"OG0009816_00",-0.00801744417864311,0.356017541873868,1,"1e-05 to 1",0.00789315443690804,0.00212509138130879,174,"success","pgls5_castespolymorphic"
"OG0009840_00",-0.00283796221083373,0.864347577689651,1,"1e-05 to 1",0.000333506577589933,-0.00547850791905202,174,"success","pgls5_castespolymorphic"
"OG0009844_00",0.0108608401345985,0.411426367664294,0.762646573306137,"1e-05 to 1",0.00785972182758946,0.00209146439635444,174,"success","pgls5_castespolymorphic"
"OG0009845_00",0.0128399723341072,0.382301616271577,0.976225752056551,"1e-05 to 1",0.00849192483848833,0.00272734300615396,174,"success","pgls5_castespolymorphic"
"OG0009864_00",0.00876225189838498,0.48921887216017,1e-05,"1e-05 to 1",0.0044388430279605,-0.00134930323350479,174,"success","pgls5_castespolymorphic"
"OG0009892_00",-0.0184265873465793,0.568520640012306,1,"1e-05 to 1",0.00307734062366483,-0.00271872134945328,174,"success","pgls5_castespolymorphic"
"OG0009896_00",0.0131160641348913,0.502393571901652,0.488852063501332,"1e-05 to 1",0.00437936223136085,-0.00140912984868935,174,"success","pgls5_castespolymorphic"
"OG0009923_00",0.0128587085785072,0.398601979772506,1,"1e-05 to 1",0.00692739867835033,0.00115372076368958,174,"success","pgls5_castespolymorphic"
"OG0009960_00",0.0612684240327684,3.09773771149935e-05,1e-05,"1e-05 to 1",0.157169774897019,0.152269599169676,174,"success","pgls5_castespolymorphic"
"OG0009972_00",-0.0133664174189587,0.235037832918804,1e-05,"1e-05 to 1",0.014358327454711,0.00862785261433141,174,"success","pgls5_castespolymorphic"
"OG0009973_00",0.0124604036951634,0.482131350824362,1e-05,"1e-05 to 1",0.00495283168953259,-0.000832326265760797,174,"success","pgls5_castespolymorphic"
"OG0009980_00",-0.0184024759256551,0.131556080528085,1e-05,"1e-05 to 1",0.0230531273501294,0.0173732036719325,174,"success","pgls5_castespolymorphic"
"OG0010020_00",-0.00355010965308557,0.932308953840148,1,"1e-05 to 1",7.32434068875893e-05,-0.00574028424772344,174,"success","pgls5_castespolymorphic"
"OG0010033_00",0.031333355843465,0.317297329402917,0.314721148417203,"1e-05 to 1",0.00943426274930425,0.00367515962575371,174,"success","pgls5_castespolymorphic"
"OG0010040_00",-0.01025110016115,0.301728597637923,1e-05,"1e-05 to 1",0.0108790531862852,0.00512835000713563,174,"success","pgls5_castespolymorphic"
"OG0010067_00",0.00262585211977715,0.659162453990771,1e-05,"1e-05 to 1",0.00189615240365375,-0.0039067769428367,174,"success","pgls5_castespolymorphic"
"OG0010073_00",-0.0205683249616555,0.533407587082042,1,"1e-05 to 1",0.00418461789505447,-0.00160500641950923,174,"success","pgls5_castespolymorphic"
"OG0010092_00",0.00972459355344934,0.581051896087184,0.359536844487661,"1e-05 to 1",0.00315080484872005,-0.00264483000681048,174,"success","pgls5_castespolymorphic"
"OG0010097_00",0.00204988057648957,0.930896086293036,0.798361580224784,"1e-05 to 1",7.79225509760453e-05,-0.0057355778993089,174,"success","pgls5_castespolymorphic"
"OG0010116_00",-0.00195659791613962,0.915595647320452,0.883273160070825,"1e-05 to 1",0.000118853148357807,-0.00569440933333776,174,"success","pgls5_castespolymorphic"
"OG0010117_00",-0.00910739102020955,0.712038063962247,0.890851640123371,"1e-05 to 1",0.00142566171357252,-0.00438000304390673,174,"success","pgls5_castespolymorphic"
"OG0010127_00",0.00724076531034815,0.596199800050013,1,"1e-05 to 1",0.00299829069427632,-0.0027982308714547,174,"success","pgls5_castespolymorphic"
"OG0010143_00",0.0105715342055483,0.39518002180266,1e-05,"1e-05 to 1",0.00862044462346881,0.00285660999918658,174,"success","pgls5_castespolymorphic"
"OG0010151_00",0.00718899795298953,0.530040184981401,1e-05,"1e-05 to 1",0.00416388116731593,-0.00162586370961826,174,"success","pgls5_castespolymorphic"
"OG0010155_00",-0.0260217770544284,0.0970279746889919,1e-05,"1e-05 to 1",0.0287187410758643,0.023071757012352,174,"success","pgls5_castespolymorphic"
"OG0010160_00",-0.00400136028507117,0.721602369652143,1,"1e-05 to 1",0.00134259762308953,-0.0044635500651482,174,"success","pgls5_castespolymorphic"
"OG0010166_00",0.013884013842065,0.0676437987249168,0.881751014118765,"1e-05 to 1",0.0387461578541766,0.0331574727254218,174,"success","pgls5_castespolymorphic"
"OG0010169_00",-0.00392184468683213,0.82656255304189,0.843986588120626,"0.001 to 1",0.000518886918029388,-0.00529204978593567,174,"success","pgls5_castespolymorphic"
"OG0010179_00",0.01971836092939,0.28926973089083,1e-05,"1e-05 to 1",0.0123320966420932,0.00658984139001217,174,"success","pgls5_castespolymorphic"
"OG0010187_00",0.044741002743155,0.0728213275299359,1,"1e-05 to 1",0.0338332049632191,0.0282159561548657,174,"success","pgls5_castespolymorphic"
"OG0010214_00",-0.0071210547377465,0.42784302619879,1e-05,"1e-05 to 1",0.00677328602372111,0.000998712105254373,174,"success","pgls5_castespolymorphic"
"OG0010224_00",0.00724606108576379,0.602752299151497,1e-05,"1e-05 to 1",0.00292393756023139,-0.00287301629116254,174,"success","pgls5_castespolymorphic"
"OG0010263_00",-0.00305418704214263,0.580140019875106,1e-05,"1e-05 to 1",0.00337554076658584,-0.0024187874847712,174,"success","pgls5_castespolymorphic"
"OG0010287_00",0.00141375977320482,0.947564326687945,0.965206262685701,"1e-05 to 1",4.6756423372114e-05,-0.00576692522532918,174,"success","pgls5_castespolymorphic"
"OG0010314_00",0.0125498277346701,0.420622250578277,1e-05,"1e-05 to 1",0.00755682919066529,0.00178681075572729,174,"success","pgls5_castespolymorphic"
"OG0010328_00",-0.0383184808537635,0.487418306910361,0.621548844058244,"1e-05 to 1",0.005314137022704,-0.000468920320187305,174,"success","pgls5_castespolymorphic"
"OG0010334_00",0.0107374987697141,0.63434152859285,1e-05,"1e-05 to 1",0.00255284105487667,-0.00324627033433922,174,"success","pgls5_castespolymorphic"
"OG0010397_00",-0.00927224971460407,0.539733103199361,0.788029076731064,"1e-05 to 1",0.00454753007389793,-0.00123998428613747,174,"success","pgls5_castespolymorphic"
"OG0010427_00",-0.0188100624936945,0.301859809966787,1e-05,"1e-05 to 1",0.0125353793164568,0.00679430594038954,174,"success","pgls5_castespolymorphic"
"OG0010429_00",0.00949253385673746,0.679849147441114,1,"1e-05 to 1",0.00203735254448901,-0.00376475587095015,174,"success","pgls5_castespolymorphic"
"OG0010434_00",0.00834043760269114,0.146535326103918,1,"1e-05 to 1",0.0232767274403088,0.0175981037626362,174,"success","pgls5_castespolymorphic"
"OG0010517_00",-0.0145115693982057,0.444033552281223,0.888324969081716,"1e-05 to 1",0.00707574386343972,0.00130292842078528,174,"success","pgls5_castespolymorphic"
"OG0010546_00",0.0333226121526272,0.0315268474465467,0.774583117883702,"1e-05 to 1",0.0551546434233637,0.0496613564665228,174,"success","pgls5_castespolymorphic"
"OG0010564_00",0.0231882498610893,0.231334856295591,1e-05,"1e-05 to 1",0.018795799578227,0.0130911239943795,174,"success","pgls5_castespolymorphic"
"OG0000067_00",0.0121447050234995,0.00460348207831229,1e-05,"1e-05 to 1",0.0719644075647196,0.066568851794747,174,"success","pgls5_castespolymorphic"
"OG0000081_00",0.0265932298368175,0.00533744711326323,1e-05,"1e-05 to 1",0.0623776268220974,0.0569263339547841,174,"success","pgls5_castespolymorphic"
"OG0000088_00",0.0465344999924026,0.170721468226145,0.771687158462854,"1e-05 to 1",0.0230414254051857,0.0173614336924252,174,"success","pgls5_castespolymorphic"
"OG0000101_00",-0.00869527441663388,0.5844816869522,1,"1e-05 to 1",0.00322764781142497,-0.00256754028269479,174,"success","pgls5_castespolymorphic"
"OG0000116_00",-0.000599870473107712,0.946817581874399,1e-05,"1e-05 to 1",4.10068774058081e-05,-0.00577270819888831,174,"success","pgls5_castespolymorphic"
"OG0000128_00",-0.0228896928012374,0.285328266828941,0.359824857484241,"1e-05 to 1",0.0112940977450499,0.0055458076156607,174,"success","pgls5_castespolymorphic"
"OG0000155_00",0.0160712458843225,0.0258930102145936,1,"1e-05 to 1",0.0420597960333236,0.0364903762428197,174,"success","pgls5_castespolymorphic"
"OG0000185_00",-0.00834425835298341,0.449985994987778,1e-05,"1e-05 to 1",0.00689339943354558,0.00111952384885694,174,"success","pgls5_castespolymorphic"
"OG0000204_00",-0.00215739449568951,0.650215728338773,1,"1e-05 to 1",0.00200409292412185,-0.00379820886120319,174,"success","pgls5_castespolymorphic"
"OG0000260_00",0.0365909097086234,0.0890739831495932,1,"1e-05 to 1",0.0336335727234963,0.0280151632625864,174,"success","pgls5_castespolymorphic"
"OG0000293_00",-0.0411600378615788,0.0519300866696975,1,"1e-05 to 1",0.0437238272927324,0.0381640821025738,174,"success","pgls5_castespolymorphic"
"OG0000306_00",0.0562944758677924,0.00359884297313373,1,"1e-05 to 1",0.0808750663106692,0.0755313166961964,174,"success","pgls5_castespolymorphic"
"OG0000326_00",0.0274350647090755,0.248180404855603,1e-05,"1e-05 to 1",0.0160334932105792,0.0103127577059895,174,"success","pgls5_castespolymorphic"
"OG0000370_00",0.0219836524496411,0.13326238496055,1e-05,"1e-05 to 1",0.018085872807135,0.0123770697420602,174,"success","pgls5_castespolymorphic"
"OG0000405_00",0.0275654301739289,0.171318961083684,0.761957692898243,"1e-05 to 1",0.0169445891273961,0.0112291506920903,174,"success","pgls5_castespolymorphic"
"OG0000421_00",0.00619697550975619,0.702131960165793,1e-05,"1e-05 to 1",0.00168944933631168,-0.0041146817721982,174,"success","pgls5_castespolymorphic"
"OG0000447_00",0.00284897568265282,0.776909943606813,0.627039415453228,"1e-05 to 1",0.000719788946381376,-0.005089979722535,174,"success","pgls5_castespolymorphic"
"OG0000478_00",-0.0164407018337313,0.387456052906892,1,"1e-05 to 1",0.00859745555948244,0.0028334872778516,174,"success","pgls5_castespolymorphic"
"OG0000503_00",-0.0131092018054424,0.60959022934742,0.452434651354923,"1e-05 to 1",0.00249228453134982,-0.00330717893067711,174,"success","pgls5_castespolymorphic"
"OG0000570_00",-0.00197124537066719,0.827021612912073,1,"1e-05 to 1",0.000545582826390257,-0.00526519866880504,174,"success","pgls5_castespolymorphic"
"OG0000636_00",0.0225193167476117,0.467616562343756,0.914113786960099,"1e-05 to 1",0.0055093123341788,-0.000272610268529316,174,"success","pgls5_castespolymorphic"
"OG0000643_00",-0.0145575272919829,0.305196316815213,1e-05,"1e-05 to 1",0.0125117847071159,0.00677057415308757,174,"success","pgls5_castespolymorphic"
"OG0000738_00",0.00367012866519845,0.617091355572222,1e-05,"1e-05 to 1",0.00208965055678152,-0.00371215380044632,174,"success","pgls5_castespolymorphic"
"OG0000762_00",-0.0103090175099086,0.360821644911313,1e-05,"1e-05 to 1",0.00819303624658263,0.00242671668987671,174,"success","pgls5_castespolymorphic"
"OG0000773_00",0.000355947937407816,0.988701900905417,1,"1e-05 to 1",1.75125608128862e-06,-0.0058121920505696,174,"success","pgls5_castespolymorphic"
"OG0000800_00",-0.00171692273766828,0.862029113934508,0.858821957050483,"1e-05 to 1",0.000208998198921386,-0.00560374018364307,174,"success","pgls5_castespolymorphic"
"OG0000804_00",-0.000963346552546043,0.959537667696943,0.74284298294828,"1e-05 to 1",2.78253173225481e-05,-0.00578596639594875,174,"success","pgls5_castespolymorphic"
"OG0000853_00",-0.0293887578267455,0.141845630795614,1e-05,"1e-05 to 1",0.0225748322710932,0.016892127807553,174,"success","pgls5_castespolymorphic"
"OG0000866_00",-0.00570896967287948,0.457765732041077,1e-05,"1e-05 to 1",0.00581733104100518,3.71992447318892e-05,174,"success","pgls5_castespolymorphic"
"OG0000898_00",0.0121153551295943,0.469951656577675,0.710568016559401,"1e-05 to 1",0.00425284555797188,-0.00153638208413298,174,"success","pgls5_castespolymorphic"
"OG0000911_00",0.00398339190748806,0.81457626321316,1e-05,"1e-05 to 1",0.000658485795710624,-0.00515163928687246,174,"success","pgls5_castespolymorphic"
"OG0000918_00",-0.0557237062917189,0.0675571240677839,0.717241169018641,"1e-05 to 1",0.0392252077251689,0.0336393077700826,174,"success","pgls5_castespolymorphic"
"OG0000922_00",0.0368186822487056,0.117829782518466,1e-05,"1e-05 to 1",0.0252860445866074,0.0196191029853668,174,"success","pgls5_castespolymorphic"
"OG0000951_00",-0.0132084277906353,0.603024982784966,1,"1e-05 to 1",0.00335401364909059,-0.00244043975992625,174,"success","pgls5_castespolymorphic"
"OG0000981_00",-0.014086577010251,0.638066134098127,1,"1e-05 to 1",0.00274499205813472,-0.00305300217408533,174,"success","pgls5_castespolymorphic"
"OG0001007_00",0.00183196971184897,0.728389807401169,1e-05,"1e-05 to 1",0.00110070815001494,-0.00470684587236869,174,"success","pgls5_castespolymorphic"
"OG0001081_00",-0.00477457495589468,0.826455329111392,1e-05,"1e-05 to 1",0.000498009582448619,-0.00531304850137437,174,"success","pgls5_castespolymorphic"
"OG0001105_00",-0.00756957682325629,0.712030956875753,1e-05,"1e-05 to 1",0.00145620921456855,-0.00434927794116069,174,"success","pgls5_castespolymorphic"
"OG0001121_00",-0.0139161925433987,0.623942093792366,1e-05,"1e-05 to 1",0.00243725227522294,-0.00336253114178153,174,"success","pgls5_castespolymorphic"
"OG0001144_00",0.000381464134591789,0.981088405813906,0.975676970506119,"1e-05 to 1",5.94590981494907e-06,-0.00580797300931413,174,"success","pgls5_castespolymorphic"
"OG0001151_00",0.036773223640371,8.70436152045073e-05,1,"1e-05 to 1",0.138232718708806,0.133222443817578,174,"success","pgls5_castespolymorphic"
"OG0001189_00",-0.0576598055383188,0.283603064781812,0.953449273173221,"1e-05 to 1",0.0102584675903176,0.0045041563553776,174,"success","pgls5_castespolymorphic"
"OG0001240_00",-0.0179265124808631,0.305478767332772,1e-05,"1e-05 to 1",0.0102925352385448,0.00453842207132704,174,"success","pgls5_castespolymorphic"
"OG0001274_00",0.0230735211014847,0.314938978322777,1e-05,"1e-05 to 1",0.0114745409100777,0.00572729986885723,174,"success","pgls5_castespolymorphic"
"OG0001277_00",-0.0184360010849275,0.193397489279861,1,"1e-05 to 1",0.0198187061009106,0.014119977648009,174,"success","pgls5_castespolymorphic"
"OG0001284_00",-0.0399450660581141,0.178650875926966,0.773908504689335,"1e-05 to 1",0.0224947573501001,0.0168115873346936,174,"success","pgls5_castespolymorphic"
"OG0001296_01",-0.00610915011085959,0.858882916483375,0.923047040000994,"1e-05 to 1",0.000361203543790832,-0.0054506499239777,174,"success","pgls5_castespolymorphic"
"OG0001355_00",0.005539783590571,0.6067176191926,1,"1e-05 to 1",0.00282998088868851,-0.00296751922242389,174,"success","pgls5_castespolymorphic"
"OG0001381_00",-0.00782200346874322,0.506411889982511,1e-05,"1e-05 to 1",0.00533679533364212,-0.00044613027488305,174,"success","pgls5_castespolymorphic"
"OG0001429_00",-0.0112119187860644,0.0186349848589993,1,"1e-05 to 1",0.0501877665260215,0.0446656023779169,174,"success","pgls5_castespolymorphic"
"OG0001470_00",0.00582311586718963,0.659971631504041,1e-05,"1e-05 to 1",0.00223512396957008,-0.00356583461200222,174,"success","pgls5_castespolymorphic"
"OG0001471_00",-0.00371899459407513,0.635095847861084,1e-05,"1e-05 to 1",0.00219476523946398,-0.00360642798588784,174,"success","pgls5_castespolymorphic"
"OG0001512_00",0.0150781241183503,0.561518577013673,1,"1e-05 to 1",0.00356059269665929,-0.00223265967138331,174,"success","pgls5_castespolymorphic"
"OG0001520_00",-0.0100103446997273,0.397712258446352,1e-05,"1e-05 to 1",0.00833022307523933,0.00256470111637452,174,"success","pgls5_castespolymorphic"
"OG0001532_01",0.00592876128272309,0.811817708023629,1e-05,"1e-05 to 1",0.000703873831711497,-0.00510598736694146,174,"success","pgls5_castespolymorphic"
"OG0001575_00",-0.0095224241308768,0.646974841867595,0.831280186617529,"1e-05 to 1",0.00221692839433661,-0.00358413597546381,174,"success","pgls5_castespolymorphic"
"OG0001714_00",0.013874624476626,0.651126317314768,0.948997856696819,"1e-05 to 1",0.00244585616706848,-0.00335387722730895,174,"success","pgls5_castespolymorphic"
"OG0001774_01",-0.017412527610251,0.467150529585995,0.316271083046446,"1e-05 to 1",0.00616451642751929,0.000386403150935077,174,"success","pgls5_castespolymorphic"
"OG0001851_00",0.00424091538839463,0.778772708305739,1e-05,"1e-05 to 1",0.000834722519552315,-0.00497437793091549,174,"success","pgls5_castespolymorphic"
"OG0001852_00",0.0707390635309677,0.000129614873495276,1,"1e-05 to 1",0.162659765740956,0.157791508565031,174,"success","pgls5_castespolymorphic"
"OG0001854_00",-0.00599986050695078,0.494121348323858,1e-05,"1e-05 to 1",0.00526890386901967,-0.000514416457323197,174,"success","pgls5_castespolymorphic"
"OG0001864_01",-0.0159790812176572,0.357169359129682,1e-05,"1e-05 to 1",0.010101946402898,0.00434672516105439,174,"success","pgls5_castespolymorphic"
"OG0001898_00",-0.00259897911340794,0.902010396734145,0.671422522048295,"1e-05 to 1",0.000152338783626973,-0.00566072901414261,174,"success","pgls5_castespolymorphic"
"OG0001971_00",0.0172280867400456,0.00434731572555869,1e-05,"1e-05 to 1",0.0897301752921669,0.0844379088694468,174,"success","pgls5_castespolymorphic"
"OG0002002_00",-0.0146253810031961,0.37890391646112,0.748283857717462,"1e-05 to 1",0.00704579121088378,0.00127280162490062,174,"success","pgls5_castespolymorphic"
"OG0002030_00",-0.0127292068038383,0.550285252379557,0.942032625880544,"1e-05 to 1",0.00421357608748367,-0.00157587986549612,174,"success","pgls5_castespolymorphic"
"OG0002089_00",0.00678609578102492,0.658017263782309,0.911140867137412,"1e-05 to 1",0.00202838811037352,-0.00377377242386845,174,"success","pgls5_castespolymorphic"
"OG0002123_00",-0.00942891050641503,0.320609106360458,1e-05,"1e-05 to 1",0.00896818671358742,0.00320637384564326,174,"success","pgls5_castespolymorphic"
"OG0002192_00",0.000656392458610384,0.974107364052379,1,"1e-05 to 1",9.70931170267996e-06,-0.00580418772718283,174,"success","pgls5_castespolymorphic"
"OG0002224_00",-0.000128201274386552,0.997013247523602,0.785060752933282,"1e-05 to 1",1.53141451615353e-07,-0.00581379945656324,174,"success","pgls5_castespolymorphic"
"OG0002280_00",0.000428980166070285,0.973794116973685,1e-05,"1e-05 to 1",1.11824794622079e-05,-0.00580270599449451,174,"success","pgls5_castespolymorphic"
"OG0002469_00",0.00155312606009433,0.945677168119945,0.703424765629739,"1e-05 to 1",5.24559730724889e-05,-0.00576119253871199,174,"success","pgls5_castespolymorphic"
"OG0002552_00",-0.0106136970837986,0.658590068748542,0.353006124265892,"1e-05 to 1",0.0018845831096186,-0.00391841350020905,174,"success","pgls5_castespolymorphic"
"OG0002588_00",-0.0165842089029158,0.340763966709521,1e-05,"1e-05 to 1",0.0105583082605301,0.00480574028530067,174,"success","pgls5_castespolymorphic"
"OG0002681_00",-0.00593036911477695,0.489183127431608,1e-05,"1e-05 to 1",0.00533003377189827,-0.000452931148032576,174,"success","pgls5_castespolymorphic"
"OG0002796_00",-0.000796596723453426,0.965818374685395,0.939269435332081,"1e-05 to 1",1.27971657143605e-05,-0.00580108192053164,174,"success","pgls5_castespolymorphic"
"OG0002951_00",0.00551420003466064,0.81191075649505,0.950686806659214,"1e-05 to 1",0.000611974337940635,-0.00519842116009461,174,"success","pgls5_castespolymorphic"
"OG0002963_00",0.00252506682875924,0.92189874835094,0.854329820679244,"1e-05 to 1",9.5638833800055e-05,-0.0057177586148407,174,"success","pgls5_castespolymorphic"
"OG0002968_00",-0.0240912885508254,0.224491478469752,0.777846521750874,"1e-05 to 1",0.0125845738287047,0.00684378646724371,174,"success","pgls5_castespolymorphic"
"OG0002988_00",0.0195617985115609,0.445463706080155,1e-05,"1e-05 to 1",0.00601457406039179,0.000235589025859073,174,"success","pgls5_castespolymorphic"
"OG0003018_00",0.00188709611556953,0.889461771688858,1,"1e-05 to 1",0.000225899380695333,-0.00558674073918453,174,"success","pgls5_castespolymorphic"
"OG0003052_00",-0.0232536251129122,0.423303854912986,0.952304694542802,"1e-05 to 1",0.00793246498318387,0.00216463047727211,174,"success","pgls5_castespolymorphic"
"OG0003162_00",-0.0124170712226325,0.484255800470204,0.987799913300886,"1e-05 to 1",0.00527528722816216,-0.000507995985627563,174,"success","pgls5_castespolymorphic"
"OG0003199_00",0.00832996429694483,0.757325090938092,0.63874862090443,"1e-05 to 1",0.00103164765090968,-0.00477630788600369,174,"success","pgls5_castespolymorphic"
"OG0003246_00",-0.0160123024186002,0.386796911520484,0.562807305903731,"1e-05 to 1",0.00707416953778027,0.00130134494206968,174,"success","pgls5_castespolymorphic"
"OG0003257_00",0.00122572525822671,0.959351179929386,1e-05,"1e-05 to 1",2.80826169803473e-05,-0.0057857076003629,174,"success","pgls5_castespolymorphic"
"OG0003322_00",-0.0157657416675933,0.479255213297503,0.822078437923459,"1e-05 to 1",0.00583725487114801,5.72389110966576e-05,174,"success","pgls5_castespolymorphic"
"OG0003334_00",-0.0111493945457742,0.599482670627252,1e-05,"1e-05 to 1",0.00297688412273,-0.00281976189981226,174,"success","pgls5_castespolymorphic"
"OG0003349_00",-0.0119938076271462,0.549597924482202,1e-05,"1e-05 to 1",0.00460908251284812,-0.00117807398417025,174,"success","pgls5_castespolymorphic"
"OG0003372_00",0.00103119564917731,0.933527097578921,1,"1e-05 to 1",8.23253531110588e-05,-0.00573114949948716,174,"success","pgls5_castespolymorphic"
"OG0003396_00",-0.0224793941969649,0.373881096915285,0.641105359200802,"1e-05 to 1",0.00989667586917957,0.00414026119400024,174,"success","pgls5_castespolymorphic"
"OG0003412_00",-0.0141885932336991,0.383624372540123,1e-05,"1e-05 to 1",0.00817227533371592,0.00240583507402825,174,"success","pgls5_castespolymorphic"
"OG0003434_00",-0.0180753508721777,0.335436414232004,1e-05,"1e-05 to 1",0.0106684096724931,0.00491648182175186,174,"success","pgls5_castespolymorphic"
"OG0003450_00",-0.00498289395184472,0.813098893453738,1,"1e-05 to 1",0.000646014022614678,-0.00516418357027715,174,"success","pgls5_castespolymorphic"
"OG0003470_00",0.00886335552171704,0.680853575907795,0.967206969627709,"1e-05 to 1",0.00199993158183684,-0.00380239439733843,174,"success","pgls5_castespolymorphic"
"OG0003831_00",0.0120532000973145,0.0936997075247112,1e-05,"1e-05 to 1",0.0208257526751989,0.0151328791442407,174,"success","pgls5_castespolymorphic"
"OG0003950_00",-0.0107731456543741,0.606423050339051,0.691610416656311,"1e-05 to 1",0.00302868310898346,-0.0027676617566621,174,"success","pgls5_castespolymorphic"
"OG0004008_00",-0.00212249199731087,0.908380887119151,1,"1e-05 to 1",0.000108104647741498,-0.00570522032523679,174,"success","pgls5_castespolymorphic"
"OG0004300_00",-0.0109175234885526,0.67791693470447,1,"1e-05 to 1",0.00196922654867151,-0.00383327794813848,174,"success","pgls5_castespolymorphic"
"OG0004328_00",0.0377106244148585,0.00976042030980051,1,"1e-05 to 1",0.0602296687467075,0.0547658877510487,174,"success","pgls5_castespolymorphic"
"OG0004573_00",-0.00307091431095964,0.806646417965513,1e-05,"1e-05 to 1",0.000684380975519295,-0.00512559355369291,174,"success","pgls5_castespolymorphic"
"OG0004585_00",-0.00342166116046734,0.735618139714876,0.401491775974874,"1e-05 to 1",0.00136449699868594,-0.00444152336760073,174,"success","pgls5_castespolymorphic"
"OG0005277_00",0.0164979978494059,0.318743858483738,0.137788903329451,"1e-05 to 1",0.0121230809534997,0.00637961049392699,174,"success","pgls5_castespolymorphic"
"OG0005478_00",0.00865435600616707,0.581879831122646,1e-05,"1e-05 to 1",0.00266782019703538,-0.00313062270879572,174,"success","pgls5_castespolymorphic"
"OG0005918_00",-0.0315059562451695,0.31524610130719,0.83358297168909,"1e-05 to 1",0.0106157307962246,0.00486349667294672,174,"success","pgls5_castespolymorphic"
"OG0006546_00",-0.00327012488197244,0.517019030660222,1e-05,"1e-05 to 1",0.00356665735268927,-0.00222655975572539,174,"success","pgls5_castespolymorphic"
"OG0006867_00",-0.0560434191540462,0.0849284821452561,0.742954466041247,"1e-05 to 1",0.0345130137837573,0.0288997173522675,174,"success","pgls5_castespolymorphic"
"OG0007493_00",0.00349184943371379,0.725125845689251,0.924395022709448,"1e-05 to 1",0.00108868408861122,-0.00471893984110627,174,"success","pgls5_castespolymorphic"
"OG0007674_00",-0.00253009374215618,0.807855262637215,1,"1e-05 to 1",0.000691482424904694,-0.00511845081681095,174,"success","pgls5_castespolymorphic"
"OG0007678_00",0.00322298790799558,0.721521257463704,1,"1e-05 to 1",0.00153866172042226,-0.00426634606027299,174,"success","pgls5_castespolymorphic"
"OG0007695_00",-0.000781921686557818,0.934611491083393,1,"1e-05 to 1",8.36131000957004e-05,-0.00572985426560124,174,"success","pgls5_castespolymorphic"
"OG0008185_00",0.0155657385024807,0.412788707884951,1,"1e-05 to 1",0.00790633127018535,0.00213834482408182,174,"success","pgls5_castespolymorphic"
"OG0008259_00",0.0374459827988493,0.00144580849320763,1e-05,"1e-05 to 1",0.0877295536230004,0.0824256556789481,174,"success","pgls5_castespolymorphic"
"OG0008743_00",-0.00885425277726722,0.345572042337711,1e-05,"1e-05 to 1",0.00712024236924913,0.0013476856388378,174,"success","pgls5_castespolymorphic"
"OG0008747_00",-0.0330951161835787,0.0382997532845295,0.232354538837222,"1e-05 to 1",0.0380930764151708,0.0325005943013056,174,"success","pgls5_castespolymorphic"
"OG0008928_00",-0.00730953543841587,0.644326759499913,0.861812023131956,"1e-05 to 1",0.0016318182548596,-0.00417264791807725,174,"success","pgls5_castespolymorphic"
"OG0009353_00",-0.0157485200022516,0.347994894132832,1e-05,"1e-05 to 1",0.00688401182719453,0.00111008166339921,174,"success","pgls5_castespolymorphic"
"OG0009388_00",-0.00879821071409981,0.389170850703119,1e-05,"1e-05 to 1",0.00558078075940501,-0.000200726329202983,174,"success","pgls5_castespolymorphic"
"OG0009494_00",-0.0204880328368732,0.205822145651206,0.743264169004943,"1e-05 to 1",0.0129807422277798,0.00724225817096447,174,"success","pgls5_castespolymorphic"
"OG0009706_00",-0.00333107280593174,0.903258369477147,1e-05,"1e-05 to 1",0.000190603593007648,-0.00562224173494008,174,"success","pgls5_castespolymorphic"
"OG0009717_00",0.00539632689353603,0.615276675527371,0.668447982028639,"1e-05 to 1",0.00207652352395313,-0.00372535715323319,174,"success","pgls5_castespolymorphic"
"OG0009719_00",0.00565658106219984,0.677002400375829,1,"1e-05 to 1",0.00148831727480744,-0.00431698320615292,174,"success","pgls5_castespolymorphic"
"OG0009722_00",-0.00696111700220133,0.632623855012284,1e-05,"1e-05 to 1",0.00199379184467231,-0.00380856983064937,174,"success","pgls5_castespolymorphic"
"OG0009761_00",0.0193052764371897,0.322377708187244,1,"1e-05 to 1",0.00829952771588939,0.00253382729563301,174,"success","pgls5_castespolymorphic"
"OG0009814_00",-0.0257612936660707,0.421495460087399,1e-05,"1e-05 to 1",0.0057781650661374,-2.19443929205809e-06,174,"success","pgls5_castespolymorphic"
"OG0009837_00",-0.00866684832001553,0.507357539020159,1e-05,"1e-05 to 1",0.00411832806720367,-0.00167168165333575,174,"success","pgls5_castespolymorphic"
"OG0009858_00",-0.00595140263749823,0.630017269721455,1,"1e-05 to 1",0.00242672521609508,-0.00337311940474172,174,"success","pgls5_castespolymorphic"
"OG0009860_00",-0.00823068903181472,0.648399513272534,0.857409681328714,"1e-05 to 1",0.0020264441032139,-0.00377572773339518,174,"success","pgls5_castespolymorphic"
"OG0009901_00",0.00644258810941267,0.0868331480109692,1,"1e-05 to 1",0.0261855803256393,0.0205238685833465,174,"success","pgls5_castespolymorphic"
"OG0009916_00",-0.000471431433533197,0.969429469147367,1e-05,"1e-05 to 1",1.37905327743135e-05,-0.00580008277808175,174,"success","pgls5_castespolymorphic"
"OG0009925_00",0.0430677671606012,0.0249518959436252,1e-05,"1e-05 to 1",0.0465325174191814,0.0409891018227814,174,"success","pgls5_castespolymorphic"
"OG0009934_00",-0.0091578592464944,0.4534438354262,1e-05,"1e-05 to 1",0.0053130546721024,-0.000470008963524782,174,"success","pgls5_castespolymorphic"
"OG0009996_00",0.0208009512283494,0.330386444401225,0.982908537475616,"1e-05 to 1",0.0108924020801874,0.0051417765108861,174,"success","pgls5_castespolymorphic"
"OG0010035_00",-0.00775402222127856,0.613138421487436,0.435467145354709,"1e-05 to 1",0.00264547158164538,-0.00315310125799617,174,"success","pgls5_castespolymorphic"
"OG0010048_00",0.0178576947774113,0.289576595980775,1e-05,"1e-05 to 1",0.0131852245289659,0.00744792932273908,174,"success","pgls5_castespolymorphic"
"OG0010051_00",-0.00444653331752897,0.408576291618388,1,"1e-05 to 1",0.00664058203050643,0.000865236577195505,174,"success","pgls5_castespolymorphic"
"OG0010060_00",-0.0257916605054392,0.123025681101598,1e-05,"1e-05 to 1",0.025937332183354,0.0202741771379084,174,"success","pgls5_castespolymorphic"
"OG0010071_00",-0.00364986176435346,0.840726868211515,1e-05,"1e-05 to 1",0.000405806464573351,-0.00540578768388844,174,"success","pgls5_castespolymorphic"
"OG0010149_00",0.0156906574542731,0.366797385640986,0.504466183793557,"1e-05 to 1",0.00905893594949406,0.0032976506933865,174,"success","pgls5_castespolymorphic"
"OG0010154_00",0.00252000335255793,0.575866950317832,1,"1e-05 to 1",0.00327169795254493,-0.00252323403610322,174,"success","pgls5_castespolymorphic"
"OG0010167_00",0.0312065273313578,0.152096322453837,1e-05,"1e-05 to 1",0.0248520410898579,0.0191825762124732,174,"success","pgls5_castespolymorphic"
"OG0010198_00",-0.0117580792707526,0.638647583596254,1e-05,"1e-05 to 1",0.00228249062251303,-0.00351819257154218,174,"success","pgls5_castespolymorphic"
"OG0010203_00",0.0162324987916353,0.0593851973348287,1,"1e-05 to 1",0.0376966046644469,0.0321018174822636,174,"success","pgls5_castespolymorphic"
"OG0010223_00",0.00851170863964028,0.509201306454676,1,"1e-05 to 1",0.00496705063652405,-0.000818024650472982,174,"success","pgls5_castespolymorphic"
"OG0010268_00",0.00587811245247096,0.797183824000227,0.74946241699723,"1e-05 to 1",0.000790638501398481,-0.00501871825150046,174,"success","pgls5_castespolymorphic"
"OG0010312_00",-0.00541451014649667,0.709409580772089,0.956214814247416,"1e-05 to 1",0.00160408742839969,-0.00420053997027248,174,"success","pgls5_castespolymorphic"
"OG0010331_00",-0.00210027871936141,0.668580682084866,1,"1e-05 to 1",0.00211641133874702,-0.00368523743253912,174,"success","pgls5_castespolymorphic"
"OG0010356_00",0.00262245580628221,0.77482590979347,1,"1e-05 to 1",0.000945605738747857,-0.00486285004184084,174,"success","pgls5_castespolymorphic"
"OG0010368_00",0.00439868171973475,0.840716807956117,1,"1e-05 to 1",0.000489466530405803,-0.00532164122232448,174,"success","pgls5_castespolymorphic"
"OG0010403_00",-0.00311825844045538,0.727874629519911,0.994798970100474,"1e-05 to 1",0.0014488873265823,-0.00435664239826306,174,"success","pgls5_castespolymorphic"
"OG0010413_00",0.0194675712907385,0.13135915708594,1,"1e-05 to 1",0.0272142831531943,0.0215585522412943,174,"success","pgls5_castespolymorphic"
"OG0010423_00",0.00318891533927016,0.433153311565168,1,"1e-05 to 1",0.0072439382602891,0.00147210069203496,174,"success","pgls5_castespolymorphic"
"OG0010425_00",-0.00866677442059626,0.557831653963902,1,"1e-05 to 1",0.00415456365388351,-0.00163523539464028,174,"success","pgls5_castespolymorphic"
"OG0010467_00",-0.0207469972401159,0.258973312406497,1,"1e-05 to 1",0.0155128087705602,0.00978904603085418,174,"success","pgls5_castespolymorphic"
"OG0010531_00",0.00411919721388596,0.88273266309157,0.44718671086329,"1e-05 to 1",0.000266928792614196,-0.00554547278417283,174,"success","pgls5_castespolymorphic"
"OG0010557_00",0.0275019818021486,0.122191117378602,0.754462477272076,"1e-05 to 1",0.0296023587899767,0.0239605120387556,174,"success","pgls5_castespolymorphic"
"OG0000132_00",-0.0119398854369557,0.48957468782366,0.496120417745901,"1e-05 to 1",0.00405520959372568,-0.00173516709468302,174,"success","pgls5_castespolymorphic"
"OG0000173_00",-0.000425399995443543,0.975828752446867,1e-05,"1e-05 to 1",1.16941831301904e-05,-0.00580219131580506,174,"success","pgls5_castespolymorphic"
"OG0001290_00",-0.0163487771445718,0.273746151293109,1e-05,"1e-05 to 1",0.00906788500427932,0.00330665177756007,174,"success","pgls5_castespolymorphic"
"OG0008417_00",0.00265919182961661,0.917374385647794,0.843163395192528,"1e-05 to 1",0.000124410135817096,-0.00568882003781201,174,"success","pgls5_castespolymorphic"
"OG0008924_00",-0.00833180277252454,0.56304022778785,0.885357995759068,"1e-05 to 1",0.00264049665318673,-0.00315810511045744,174,"success","pgls5_castespolymorphic"
"OG0009111_00",-0.00194190333119708,0.861136429727177,1e-05,"1e-05 to 1",0.00028999926548186,-0.00552226818064905,174,"success","pgls5_castespolymorphic"
"OG0009260_00",0.0102152087667814,0.0699408340066929,1,"1e-05 to 1",0.0248534316426137,0.0191839748498381,174,"success","pgls5_castespolymorphic"
"OG0009564_00",0.0291926579117648,0.0880316658814646,0.94433725254697,"1e-05 to 1",0.0250941758292619,0.0194261187119902,174,"success","pgls5_castespolymorphic"
"OG0009852_00",-0.000636180715775557,0.907215238202855,1,"1e-05 to 1",0.000142232127240842,-0.00567089443015889,174,"success","pgls5_castespolymorphic"
"OG0009941_00",-0.00802161190180633,0.534239052570168,1,"1e-05 to 1",0.00368998914490912,-0.00210251091820179,174,"success","pgls5_castespolymorphic"
"OG0010025_00",-0.0085824822783993,0.69531677227195,0.832207940199075,"1e-05 to 1",0.00152508261952865,-0.00428000410942753,174,"success","pgls5_castespolymorphic"
"OG0010111_00",0.0134874365673149,0.661530450828912,0.866541512135254,"1e-05 to 1",0.00200497202247557,-0.00379732465181259,174,"success","pgls5_castespolymorphic"
"OG0010138_00",-0.0131466301620067,0.299256633616062,1e-05,"1e-05 to 1",0.0115808783494628,0.00583425554916905,174,"success","pgls5_castespolymorphic"
"OG0010267_00",-0.0312241339741534,0.172210814268934,0.929692809952866,"1e-05 to 1",0.0213134209549519,0.01562338270469,174,"success","pgls5_castespolymorphic"
"OG0010286_00",-0.00638517387227236,0.544732937549894,1,"1e-05 to 1",0.00428122896884426,-0.00150783365342977,174,"success","pgls5_castespolymorphic"
"OG0010298_00",-0.000520624799733764,0.821020899550672,1,"1e-05 to 1",0.000584744590385218,-0.00522580922013582,174,"success","pgls5_castespolymorphic"
"OG0010510_00",-0.040671657006739,0.073484074774764,1,"1e-05 to 1",0.0404902307004418,0.0349116855300956,174,"success","pgls5_castespolymorphic"
"OG0010561_00",0.0184134205739388,0.170573154735977,1,"1e-05 to 1",0.0222381546508743,0.0165534927593096,174,"success","pgls5_castespolymorphic"
"OG0000180_00",-0.0164191686281959,0.319331721870351,1e-05,"1e-05 to 1",0.0113988080789493,0.00565112673057111,174,"success","pgls5_castespolymorphic"
"OG0001720_00",0.00176187723235178,0.788797423696037,1,"1e-05 to 1",0.000751075875791514,-0.00505851089237264,174,"success","pgls5_castespolymorphic"
"OG0003857_00",-0.0077717650572592,0.510075681849554,1e-05,"1e-05 to 1",0.00435136530088129,-0.00143728955202049,174,"success","pgls5_castespolymorphic"
"OG0004701_00",-0.0154800497891389,0.37302473566566,1e-05,"1e-05 to 1",0.00661862601448278,0.000843152909915879,174,"success","pgls5_castespolymorphic"
"OG0005772_00",0.0227937765227889,0.417068472301626,1e-05,"1e-05 to 1",0.00776316311171751,0.00199434429259959,174,"success","pgls5_castespolymorphic"
"OG0008351_00",-0.0132335832432723,0.374674378118854,1e-05,"1e-05 to 1",0.00928309912468748,0.00352311714285425,174,"success","pgls5_castespolymorphic"
"OG0010064_00",0.0152749112558563,0.494512962069154,1e-05,"1e-05 to 1",0.00477507458654507,-0.00101111684027733,174,"success","pgls5_castespolymorphic"
"OG0000819_00",-0.00660220802273828,0.290201241323058,1e-05,"1e-05 to 1",0.0112927851481624,0.00554448738739599,174,"success","pgls5_castespolymorphic"
"OG0008439_00",-0.000168545604581189,0.993985976983569,1,"1e-05 to 1",7.14631904002411e-07,-0.00581323470163153,174,"success","pgls5_castespolymorphic"
"OG0004405_00",0.0239560078213213,0.186879268475356,1e-05,"1e-05 to 1",0.0192755712994287,0.0135736850860532,174,"success","pgls5_castespolymorphic"
"OG0008555_00",-0.0105890607714566,0.82968908788556,1,"1e-05 to 1",0.00297902369500917,-0.00281760988815938,174,"success","pgls5_castespolymorphic"
"OG0009798_00",-0.0222591896862917,0.460598017641628,1,"1e-05 to 1",0.0239000899264077,0.0182250904492356,174,"success","pgls5_castespolymorphic"
"OG0009954_00",0.0124182649471032,0.279158911738018,1,"1e-05 to 1",0.0117014460826689,0.00595552425756818,174,"success","pgls5_castespolymorphic"
"OG0000160_00",-0.00568804762112639,0.690777974021434,1e-05,"1e-05 to 1",0.00178644530161476,-0.00401712187686432,174,"success","pgls5_castespolymorphic"
"OG0008573_00",0.00190631748517817,0.908803953159179,1e-05,"1e-05 to 1",0.000137382220051251,-0.00567577253448337,174,"success","pgls5_castespolymorphic"
"OG0010047_00",-0.00590324422964256,0.838088489343709,0.675273238372403,"1e-05 to 1",0.000419549631047112,-0.00539196461528402,174,"success","pgls5_castespolymorphic"
"OG0010133_00",-0.0321617010139243,0.23503105262893,0.724700153953821,"1e-05 to 1",0.0145064453494815,0.00877683165965282,174,"success","pgls5_castespolymorphic"
"OG0010261_00",0.00813911329544854,0.483276616929512,1,"1e-05 to 1",0.0057314714806427,-4.91594991209876e-05,174,"success","pgls5_castespolymorphic"
"OG0010390_00",-0.0235322133445798,0.374286066876695,0.743898968010654,"1e-05 to 1",0.00963872560853294,0.00388081122253603,174,"success","pgls5_castespolymorphic"
"OG0009012_00",-0.00226801280506448,0.716271495799563,1,"1e-05 to 1",0.00142699408980914,-0.00437866292129652,174,"success","pgls5_castespolymorphic"
"OG0006599_00",0.0605080252531333,0.353260730842435,1e-05,"1e-05 to 1",0.123724140571839,0.11862951348214,174,"success","pgls5_castespolymorphic"
