"OG"	"Regression_Coefficient"	"P_value"	"Lambda"	"Bound_used"	"R_squared"	"R_squared_adj"	"n"	"Status"	"Contrast"
"OG0000000_00"	0.0219994404723691	0.0249802284991438	1	"1e-05 to 1"	0.0310147556219834	0.0253811204802508	174	"success"	"pgls5_castespolymorphic"
"OG0000001_00"	-0.0543901069666841	0.164661675676683	0.764110595141514	"1e-05 to 1"	0.0198098813503397	0.0141111015907487	174	"success"	"pgls5_castespolymorphic"
"OG0000001_01"	0.0155266243741994	0.552647010920857	1	"1e-05 to 1"	0.00324442373628936	-0.00255066682338345	174	"success"	"pgls5_castespolymorphic"
"OG0000001_02"	0.00433903435265549	0.834957602525277	1e-05	"1e-05 to 1"	0.000431828713458485	-0.00537961414285859	174	"success"	"pgls5_castespolymorphic"
"OG0000002_00"	0.0063399685034419	0.526527980590568	1e-05	"1e-05 to 1"	0.00452173015217496	-0.00126593420740528	174	"success"	"pgls5_castespolymorphic"
"OG0000003_00"	-0.0155546633800137	0.210308794236997	1	"1e-05 to 1"	0.0132667652790583	0.00752994414695973	174	"success"	"pgls5_castespolymorphic"
"OG0000005_01"	-0.00654194128501423	0.705718162377073	1	"1e-05 to 1"	0.00143203531180054	-0.00437359238987489	174	"success"	"pgls5_castespolymorphic"
"OG0000006_00"	0.0445887290461596	0.048130743827739	0.749305009559444	"1e-05 to 1"	0.0400682647379226	0.0344872662770966	174	"success"	"pgls5_castespolymorphic"
"OG0000006_01"	-0.0133715389077919	0.233873520095381	0.865568886971345	"1e-05 to 1"	0.0125176753215218	0.00677649901525157	174	"success"	"pgls5_castespolymorphic"
"OG0000006_02"	-0.00788867008754808	0.469570439600322	1e-05	"1e-05 to 1"	0.00422571531402362	-0.0015636700620576	174	"success"	"pgls5_castespolymorphic"
"OG0000006_03"	0.00663701657484202	0.498372548546441	1e-05	"1e-05 to 1"	0.00560863402466889	-0.000172711126350533	174	"success"	"pgls5_castespolymorphic"
"OG0000007_00"	-0.0161367215602854	0.549378726599081	0.491990060941695	"1e-05 to 1"	0.00382609062079649	-0.0019656181546639	174	"success"	"pgls5_castespolymorphic"
"OG0000008_00"	-0.0073013878197798	0.574121880939366	0.945041595955056	"1e-05 to 1"	0.00277878349083416	-0.00301901427956786	174	"success"	"pgls5_castespolymorphic"
"OG0000010_00"	0.0129759938731485	0.330341145450281	0.908532866506136	"1e-05 to 1"	0.0104154461346215	0.00466204756563682	174	"success"	"pgls5_castespolymorphic"
"OG0000010_01"	-0.0204307848383086	0.154197776586013	0.861059534340519	"1e-05 to 1"	0.0240201528278488	0.0183458513908016	174	"success"	"pgls5_castespolymorphic"
"OG0000011_00"	0.00407345088970156	0.75872674750263	0.975174698866622	"1e-05 to 1"	0.000919985775793877	-0.00488861895806769	174	"success"	"pgls5_castespolymorphic"
"OG0000012_00"	0.000453797532862569	0.959018621320706	0.119924114333676	"1e-05 to 1"	1.66586626782285e-05	-0.00579719797300382	174	"success"	"pgls5_castespolymorphic"
"OG0000017_00"	0.0101050642048069	0.245483345885018	1	"1e-05 to 1"	0.0102047045480685	0.00445008073730147	174	"success"	"pgls5_castespolymorphic"
"OG0000019_00"	-0.0102366749964789	0.558499393231348	1	"1e-05 to 1"	0.00336677743340595	-0.00242760176756263	174	"success"	"pgls5_castespolymorphic"
"OG0000020_00"	0.00569932574052862	0.253649107502119	1e-05	"1e-05 to 1"	0.0136944285626078	0.00796009384494845	174	"success"	"pgls5_castespolymorphic"
"OG0000020_01"	-0.00641802643058441	0.633113545212967	1e-05	"1e-05 to 1"	0.00157564805982664	-0.00422914468401148	174	"success"	"pgls5_castespolymorphic"
"OG0000024_00"	-0.00565561132273279	0.458417739573144	1e-05	"1e-05 to 1"	0.00346245841729115	-0.00233136449888738	174	"success"	"pgls5_castespolymorphic"
"OG0000025_00"	-0.0351583887930789	0.260026137913744	1e-05	"1e-05 to 1"	0.0145587349149829	0.00882942523425601	174	"success"	"pgls5_castespolymorphic"
"OG0000025_01"	-0.0129762877552911	0.200987583040301	1	"1e-05 to 1"	0.0103283298187929	0.0045744247595999	174	"success"	"pgls5_castespolymorphic"
"OG0000027_00"	0.0189459145348213	0.198465416450564	1	"1e-05 to 1"	0.0144636016331953	0.00873373885199302	174	"success"	"pgls5_castespolymorphic"
"OG0000029_00"	-0.00820925352090882	0.181732369474495	1e-05	"1e-05 to 1"	0.0157272108064062	0.0100046945901645	174	"success"	"pgls5_castespolymorphic"
"OG0000029_01"	0.0141352645572194	0.365784317139655	0.733725315531887	"1e-05 to 1"	0.00963280498868888	0.00387485618048355	174	"success"	"pgls5_castespolymorphic"
"OG0000029_02"	-0.0243224278307494	0.36642443533097	1	"1e-05 to 1"	0.00697764336754102	0.00120425757316622	174	"success"	"pgls5_castespolymorphic"
"OG0000029_03"	0.0113636845044639	0.101250982429973	1e-05	"1e-05 to 1"	0.0224090849339342	0.016725416823085	174	"success"	"pgls5_castespolymorphic"
"OG0000033_00"	0.00287343951477317	0.860452309564115	1e-05	"1e-05 to 1"	0.000307462163697643	-0.00550470375395529	174	"success"	"pgls5_castespolymorphic"
"OG0000034_00"	-0.00884285470565947	0.512754887363106	1e-05	"1e-05 to 1"	0.00409146790491121	-0.00169869797936273	174	"success"	"pgls5_castespolymorphic"
"OG0000034_01"	-0.0324544084951233	0.188772497346766	0.433228363897861	"1e-05 to 1"	0.0110456668657452	0.00529593237077863	174	"success"	"pgls5_castespolymorphic"
"OG0000035_00"	-0.0186162212637294	0.37487719402657	1e-05	"1e-05 to 1"	0.0089586885057748	0.00319682041569203	174	"success"	"pgls5_castespolymorphic"
"OG0000035_01"	0.0726542465081641	0.0274669747468441	1	"1e-05 to 1"	0.0511947069383725	0.0456783970949909	174	"success"	"pgls5_castespolymorphic"
"OG0000036_00"	-0.00549187696471007	0.692104119377494	1	"1e-05 to 1"	0.00202135484582511	-0.00378084657948974	174	"success"	"pgls5_castespolymorphic"
"OG0000036_01"	-0.0238542377037462	0.206128548197109	1	"1e-05 to 1"	0.0137435402783599	0.00800949109393179	174	"success"	"pgls5_castespolymorphic"
"OG0000037_00"	-0.0229078858890056	0.354558648645074	1	"1e-05 to 1"	0.00884212495914255	0.00307957917402113	174	"success"	"pgls5_castespolymorphic"
"OG0000038_00"	-0.0133692267534622	0.238007119071478	1e-05	"1e-05 to 1"	0.0134919111000199	0.0077563989552526	174	"success"	"pgls5_castespolymorphic"
"OG0000039_00"	-0.0307790504921374	0.368102175756774	1	"1e-05 to 1"	0.0100121659744014	0.00425642275332239	174	"success"	"pgls5_castespolymorphic"
"OG0000044_00"	-0.0207706356051191	0.432170405943445	0.865189154476553	"1e-05 to 1"	0.00702630186316786	0.00125319896702347	174	"success"	"pgls5_castespolymorphic"
"OG0000044_01"	-0.0216474854897741	0.277666260881045	1e-05	"1e-05 to 1"	0.0125246863750278	0.00678355083069659	174	"success"	"pgls5_castespolymorphic"
"OG0000045_00"	-0.00513176474745534	0.863602129193308	0.804709566782313	"1e-05 to 1"	0.000296555472078051	-0.0055156738565727	174	"success"	"pgls5_castespolymorphic"
"OG0000049_00"	-0.0122322973187582	0.35879169676886	1e-05	"1e-05 to 1"	0.00540087712560611	-0.000381675914361335	174	"success"	"pgls5_castespolymorphic"
"OG0000050_00"	-0.00670197042770675	0.63501197120163	1	"1e-05 to 1"	0.00203704237541865	-0.00376506784332875	174	"success"	"pgls5_castespolymorphic"
"OG0000051_01"	0.0256212901212509	0.0437140901496451	1e-05	"1e-05 to 1"	0.0430194655776423	0.0374556252612332	174	"success"	"pgls5_castespolymorphic"
"OG0000051_02"	-0.0127421481950731	0.422724504052276	1e-05	"1e-05 to 1"	0.00483899309868594	-0.000946826708879911	174	"success"	"pgls5_castespolymorphic"
"OG0000052_00"	-0.0276599750895158	0.00213059509228231	1	"1e-05 to 1"	0.0989826503985954	0.0937441774357967	174	"success"	"pgls5_castespolymorphic"
"OG0000053_00"	0.00361558277434266	0.673481125445502	1e-05	"1e-05 to 1"	0.00122800616848505	-0.00457880774913999	174	"success"	"pgls5_castespolymorphic"
"OG0000055_00"	-0.00828527008823712	0.493031279994113	1e-05	"1e-05 to 1"	0.00561167300552617	-0.000169654477000014	174	"success"	"pgls5_castespolymorphic"
"OG0000055_01"	0.0241421323800849	0.288398267735515	0.611267750647522	"1e-05 to 1"	0.0122420494766147	0.00649927069450207	174	"success"	"pgls5_castespolymorphic"
"OG0000056_00"	-0.00607184992690979	0.476693059024488	1	"1e-05 to 1"	0.00370312846291042	-0.00208929520881673	174	"success"	"pgls5_castespolymorphic"
"OG0000058_00"	0.00807922841294116	0.779139360959086	1e-05	"1e-05 to 1"	0.000898404287618056	-0.00491032592001228	174	"success"	"pgls5_castespolymorphic"
"OG0000059_00"	0.000850604184447422	0.950614302108466	1	"1e-05 to 1"	3.00855101953984e-05	-0.00578369306241977	174	"success"	"pgls5_castespolymorphic"
"OG0000060_00"	-0.00299977031797399	0.866013836016394	1e-05	"1e-05 to 1"	0.000191682529981025	-0.00562115652507722	174	"success"	"pgls5_castespolymorphic"
"OG0000061_00"	0.0140427368343441	0.245349328075695	1e-05	"1e-05 to 1"	0.00886857267487648	0.00310618065554447	174	"success"	"pgls5_castespolymorphic"
"OG0000062_00"	-0.0796564004256595	0.0773288184158873	0.918182077853765	"1e-05 to 1"	0.0305686944626297	0.0249324659420637	174	"success"	"pgls5_castespolymorphic"
"OG0000063_00"	0.0181482790479993	0.317669633815889	0.273942949476332	"1e-05 to 1"	0.0069340972655238	0.00116045829613731	174	"success"	"pgls5_castespolymorphic"
"OG0000064_00"	0.0185428465648124	0.0954062363912831	1e-05	"1e-05 to 1"	0.0289959533433249	0.023350580979042	174	"success"	"pgls5_castespolymorphic"
"OG0000064_01"	0.0103267826592622	0.495897489821212	0.369188573147771	"1e-05 to 1"	0.00349351532955346	-0.00230012702318172	174	"success"	"pgls5_castespolymorphic"
"OG0000069_00"	0.0159083130878852	0.433173592262997	0.728334198887547	"1e-05 to 1"	0.0054941961977436	-0.000287814289478883	174	"success"	"pgls5_castespolymorphic"
"OG0000070_00"	-0.00519302534408845	0.648822398639201	1	"1e-05 to 1"	0.00198258211407127	-0.00381984473410268	174	"success"	"pgls5_castespolymorphic"
"OG0000072_00"	0.0112169159776163	0.0814665765767399	1e-05	"1e-05 to 1"	0.0322816042144604	0.0266553344715212	174	"success"	"pgls5_castespolymorphic"
"OG0000073_00"	0.00287174863222795	0.853225807170963	1e-05	"1e-05 to 1"	0.000277097142064525	-0.00553524531641192	174	"success"	"pgls5_castespolymorphic"
"OG0000074_00"	0.0133979552092766	0.386733284981446	0.465997490560382	"1e-05 to 1"	0.00568100105652237	-9.99233559397794e-05	174	"success"	"pgls5_castespolymorphic"
"OG0000076_00"	0.00300765018222674	0.811946156515298	1e-05	"1e-05 to 1"	0.000408607485607515	-0.0054029703778482	174	"success"	"pgls5_castespolymorphic"
"OG0000077_00"	-0.0067965238044606	0.839675246549792	1	"1e-05 to 1"	0.000433010015920234	-0.00537842597235927	174	"success"	"pgls5_castespolymorphic"
"OG0000080_00"	0.00309315704600531	0.659265692936593	1	"1e-05 to 1"	0.00207713224291748	-0.00372474489520513	174	"success"	"pgls5_castespolymorphic"
"OG0000080_01"	0.00490737847862436	0.503860466581974	1	"1e-05 to 1"	0.00308721665913837	-0.00270878789516904	174	"success"	"pgls5_castespolymorphic"
"OG0000080_02"	0.0020819499013771	0.762583774493393	1	"1e-05 to 1"	0.000606178965068688	-0.00520425022699489	174	"success"	"pgls5_castespolymorphic"
"OG0000083_00"	0.00805049466298924	0.685058872343122	0.933914510218865	"1e-05 to 1"	0.00183612220386166	-0.00396715615541821	174	"success"	"pgls5_castespolymorphic"
"OG0000083_01"	0.0244948640726359	0.113785778553828	0.776363654524557	"1e-05 to 1"	0.0278617219341729	0.0222097552012321	174	"success"	"pgls5_castespolymorphic"
"OG0000084_00"	-0.00091291031826276	0.873938878331174	1	"1e-05 to 1"	0.000184393033278844	-0.00562848840257413	174	"success"	"pgls5_castespolymorphic"
"OG0000085_00"	0.00609476138368133	0.495084030492122	0.888992202318723	"1e-05 to 1"	0.00287792939507824	-0.00291929194564799	174	"success"	"pgls5_castespolymorphic"
"OG0000086_00"	-0.010931435236133	0.143152234680649	1e-05	"1e-05 to 1"	0.0224292073963857	0.0167456562765973	174	"success"	"pgls5_castespolymorphic"
"OG0000086_01"	-0.00284273573293239	0.742185020368749	1	"1e-05 to 1"	0.000855085516915507	-0.00495389654403278	174	"success"	"pgls5_castespolymorphic"
"OG0000086_02"	-0.000625401685002617	0.944441325326682	0.888768570500421	"1e-05 to 1"	3.72138561022037e-05	-0.00577652327264144	174	"success"	"pgls5_castespolymorphic"
"OG0000089_00"	0.00240973301245865	0.840954934911611	1	"1e-05 to 1"	0.000493970537344606	-0.00531711102929888	174	"success"	"pgls5_castespolymorphic"
"OG0000089_01"	0.0223438734464744	0.123826287744637	1	"1e-05 to 1"	0.0154093598139946	0.00968499562686675	174	"success"	"pgls5_castespolymorphic"
"OG0000091_00"	-0.00264453969121524	0.823527681362894	0.258872808588267	"1e-05 to 1"	0.00043808017131995	-0.00537332633931187	174	"success"	"pgls5_castespolymorphic"
"OG0000092_00"	-0.00329340433375893	0.519808458952295	1e-05	"1e-05 to 1"	0.00461797437479346	-0.00116913042535294	174	"success"	"pgls5_castespolymorphic"
"OG0000095_00"	-0.023524560797396	0.150544625884579	0.979020466608831	"1e-05 to 1"	0.0159546023807842	0.0102334082085795	174	"success"	"pgls5_castespolymorphic"
"OG0000096_00"	0.0161161715380607	0.418307323400661	1	"1e-05 to 1"	0.00425840924354133	-0.00153078605155432	174	"success"	"pgls5_castespolymorphic"
"OG0000098_00"	0.00194116932947256	0.715850367848236	1e-05	"1e-05 to 1"	0.000825221800196101	-0.00498393388701213	174	"success"	"pgls5_castespolymorphic"
"OG0000100_00"	-0.000638616529453088	0.796485436805045	1	"1e-05 to 1"	0.000411749143993742	-0.00539981045400628	174	"success"	"pgls5_castespolymorphic"
"OG0000102_00"	-9.6931789450974e-05	0.983328040427468	1e-05	"1e-05 to 1"	4.06202266847362e-06	-0.00580986784929283	174	"success"	"pgls5_castespolymorphic"
"OG0000102_01"	0.0115911066732668	0.228159284071899	0.845582423882872	"1e-05 to 1"	0.00912085758752882	0.00335993234094467	174	"success"	"pgls5_castespolymorphic"
"OG0000103_00"	0.0105749296152791	0.475986008191894	1e-05	"1e-05 to 1"	0.00353410453350232	-0.00225930183548906	174	"success"	"pgls5_castespolymorphic"
"OG0000104_00"	-0.0129183511529647	0.361445820390624	1	"1e-05 to 1"	0.00524084456091789	-0.000542638900937309	174	"success"	"pgls5_castespolymorphic"
"OG0000107_00"	0.00127278669937201	0.928143974885258	1e-05	"1e-05 to 1"	5.70680426803097e-05	-0.00575655365474592	174	"success"	"pgls5_castespolymorphic"
"OG0000109_00"	-0.00310698537487157	0.852421758502256	0.515749685498424	"1e-05 to 1"	0.0003661384865472	-0.00544568628969389	174	"success"	"pgls5_castespolymorphic"
"OG0000111_00"	-0.0366628128368787	0.141117768517147	1e-05	"1e-05 to 1"	0.0215304760828314	0.0158416997809875	174	"success"	"pgls5_castespolymorphic"
"OG0000111_01"	-0.0625205868394306	0.00242575477708851	1	"1e-05 to 1"	0.0637921383658868	0.0583490694028979	174	"success"	"pgls5_castespolymorphic"
"OG0000112_00"	0.000389159277117669	0.973612048411501	1e-05	"1e-05 to 1"	8.5149353804427e-06	-0.00580538904755334	174	"success"	"pgls5_castespolymorphic"
"OG0000113_00"	0.00447791789736375	0.47632068350614	1	"1e-05 to 1"	0.003792574797339	-0.00199932883756015	174	"success"	"pgls5_castespolymorphic"
"OG0000114_00"	0.00444988528402524	0.441105854098913	1e-05	"1e-05 to 1"	0.00371346682732743	-0.00207889673762995	174	"success"	"pgls5_castespolymorphic"
"OG0000117_00"	-0.00106962546689442	0.712955432691953	1	"1e-05 to 1"	0.00112253679572631	-0.00468489031592645	174	"success"	"pgls5_castespolymorphic"
"OG0000118_00"	0.0191185707574678	0.243555577136428	1e-05	"1e-05 to 1"	0.0141385591873266	0.00840680662446225	174	"success"	"pgls5_castespolymorphic"
"OG0000119_00"	0.00168438349836553	0.930122313260916	1	"1e-05 to 1"	7.80639912748389e-05	-0.005735435636683	174	"success"	"pgls5_castespolymorphic"
"OG0000120_00"	0.0310755752035112	0.0243343642953449	1e-05	"1e-05 to 1"	0.0452501764932336	0.0396993054263337	174	"success"	"pgls5_castespolymorphic"
"OG0000124_00"	0.0353498776008959	0.0214818733653814	1	"1e-05 to 1"	0.0527824040517511	0.0472753250055403	174	"success"	"pgls5_castespolymorphic"
"OG0000124_01"	0.0125318947840429	0.455415254578341	1	"1e-05 to 1"	0.00392960828434907	-0.00186149864423024	174	"success"	"pgls5_castespolymorphic"
"OG0000125_00"	-0.0162401886680673	0.0600839455700537	1e-05	"1e-05 to 1"	0.0217843185307325	0.016097018057074	174	"success"	"pgls5_castespolymorphic"
"OG0000126_00"	-0.00344846651621259	0.782955602855506	1	"1e-05 to 1"	0.000487874577709448	-0.00532324243055959	174	"success"	"pgls5_castespolymorphic"
"OG0000129_00"	-0.00477434886972202	0.337296432002261	0.545341348940353	"1e-05 to 1"	0.0100114312068665	0.0042556837138833	174	"success"	"pgls5_castespolymorphic"
"OG0000130_00"	0.00315320118575078	0.81696587410695	1e-05	"1e-05 to 1"	0.000381196866804695	-0.005430540360714	174	"success"	"pgls5_castespolymorphic"
"OG0000133_00"	0.0335966634744248	0.07717470689887	1	"1e-05 to 1"	0.0193918776888846	0.0136906676754479	174	"success"	"pgls5_castespolymorphic"
"OG0000134_00"	0.0340936962154995	0.212858837652394	1e-05	"1e-05 to 1"	0.0142009673155727	0.00846957759066325	174	"success"	"pgls5_castespolymorphic"
"OG0000135_00"	-0.00562999812546095	0.710122734538998	1	"1e-05 to 1"	0.0012272726311732	-0.00457954555120366	174	"success"	"pgls5_castespolymorphic"
"OG0000136_00"	-0.0111355134959717	0.495755549168613	1e-05	"1e-05 to 1"	0.00387536605748693	-0.00191605623287638	174	"success"	"pgls5_castespolymorphic"
"OG0000138_00"	0.011428493565146	0.149356851949792	1e-05	"1e-05 to 1"	0.0160471310032614	0.0103264747881642	174	"success"	"pgls5_castespolymorphic"
"OG0000139_00"	0.0155103118546537	0.236113374638595	0.709881551784346	"1e-05 to 1"	0.00876164196077231	0.00299862825124186	174	"success"	"pgls5_castespolymorphic"
"OG0000139_01"	-0.00328615934148184	0.761541038961602	1	"1e-05 to 1"	0.000607644290980034	-0.00520277638174682	174	"success"	"pgls5_castespolymorphic"
"OG0000140_00"	0.0415211134599142	0.163553285295617	1e-05	"1e-05 to 1"	0.0161117557776623	0.0103914752879976	174	"success"	"pgls5_castespolymorphic"
"OG0000143_00"	-0.00959646199565583	0.26100290313197	1e-05	"1e-05 to 1"	0.0097086736611491	0.00395116594987677	174	"success"	"pgls5_castespolymorphic"
"OG0000144_00"	0.00314346601984633	0.704537745037392	1	"1e-05 to 1"	0.000912558105490386	-0.004896089812501	174	"success"	"pgls5_castespolymorphic"
"OG0000146_00"	-0.0012796264790537	0.869830266413781	1	"1e-05 to 1"	0.00016835312141225	-0.00564462156974233	174	"success"	"pgls5_castespolymorphic"
"OG0000151_00"	0.0100623556766568	0.201862739580786	1	"1e-05 to 1"	0.0104201404628937	0.00466676918651521	174	"success"	"pgls5_castespolymorphic"
"OG0000152_00"	0.00482736139127885	0.728185729861391	0.975124409704114	"1e-05 to 1"	0.000781463697502812	-0.00502794639727933	174	"success"	"pgls5_castespolymorphic"
"OG0000154_00"	-0.00853364371007242	0.565679741448073	1e-05	"1e-05 to 1"	0.00206659598117489	-0.00373534241428342	174	"success"	"pgls5_castespolymorphic"
"OG0000156_00"	-0.0105892087958805	0.464291820738423	0.751518500756969	"1e-05 to 1"	0.0034160383445192	-0.00237805445580341	174	"success"	"pgls5_castespolymorphic"
"OG0000157_00"	0.0117099358796883	0.658410996881599	0.565408319572341	"1e-05 to 1"	0.00211081249144209	-0.003690868831282	174	"success"	"pgls5_castespolymorphic"
"OG0000161_00"	-0.0307001117344259	0.135639199894892	1e-05	"1e-05 to 1"	0.0184610459894355	0.0127544241637926	174	"success"	"pgls5_castespolymorphic"
"OG0000164_00"	-8.5781576226629e-05	0.99606462090454	1e-05	"1e-05 to 1"	1.98589735524468e-07	-0.00581375374404502	174	"success"	"pgls5_castespolymorphic"
"OG0000168_00"	-0.00248033520729089	0.407661494268912	1e-05	"1e-05 to 1"	0.0051224489631752	-0.000661722845178625	174	"success"	"pgls5_castespolymorphic"
"OG0000170_00"	0.00450435993059755	0.664594634281856	0.827370526548854	"1e-05 to 1"	0.001192870241441	-0.00461414795482962	174	"success"	"pgls5_castespolymorphic"
"OG0000171_00"	-0.0046463841342825	0.607656305059163	0.309321766990722	"1e-05 to 1"	0.0019434962984079	-0.00385915779288037	174	"success"	"pgls5_castespolymorphic"
"OG0000172_00"	0.0151239445089264	0.310750971438972	1	"1e-05 to 1"	0.00713451775057246	0.00136204401656426	174	"success"	"pgls5_castespolymorphic"
"OG0000173_01"	0.0127604731579945	0.355443307200711	1e-05	"1e-05 to 1"	0.00689048040023672	0.00111658784442414	174	"success"	"pgls5_castespolymorphic"
"OG0000175_00"	-0.00108459382827351	0.89792991238913	1	"1e-05 to 1"	0.000108606980942239	-0.00570471507149417	174	"success"	"pgls5_castespolymorphic"
"OG0000176_00"	-8.47324733930198e-05	0.992110915003661	1e-05	"1e-05 to 1"	6.09130048579911e-07	-0.00581334081686968	174	"success"	"pgls5_castespolymorphic"
"OG0000178_00"	-0.000729850659343427	0.94428108386002	1	"1e-05 to 1"	5.11459971467041e-05	-0.005762510130777	174	"success"	"pgls5_castespolymorphic"
"OG0000181_00"	0.00260264020295868	0.780494581521811	1e-05	"1e-05 to 1"	0.000529955433734948	-0.0052809169183945	174	"success"	"pgls5_castespolymorphic"
"OG0000182_00"	0.0144506892469404	0.350136799050769	1	"1e-05 to 1"	0.00864842859795709	0.00288475667120103	174	"success"	"pgls5_castespolymorphic"
"OG0000182_01"	-0.0160787795042684	0.23783204664492	1e-05	"1e-05 to 1"	0.00864397179317145	0.00288027395475965	174	"success"	"pgls5_castespolymorphic"
"OG0000186_00"	-0.0278014164393589	0.109461489962449	1e-05	"1e-05 to 1"	0.0173356989661574	0.011622534425263	174	"success"	"pgls5_castespolymorphic"
"OG0000188_00"	0.014742106508855	0.514396660950293	1e-05	"1e-05 to 1"	0.00520242012879147	-0.000581286730924946	174	"success"	"pgls5_castespolymorphic"
"OG0000190_00"	0.00399954245235571	0.494937099977932	1e-05	"1e-05 to 1"	0.00295291884607499	-0.00284386650947099	174	"success"	"pgls5_castespolymorphic"
"OG0000194_00"	-0.0110019064010168	0.0997834512662872	1	"1e-05 to 1"	0.0167367146111925	0.0110200676031181	174	"success"	"pgls5_castespolymorphic"
"OG0000198_00"	0.00634827329076566	0.436143961223559	1	"1e-05 to 1"	0.00493797725583718	-0.000847267062442869	174	"success"	"pgls5_castespolymorphic"
"OG0000199_00"	-0.0137910981431229	0.227776711354317	1e-05	"1e-05 to 1"	0.0146596409161536	0.0089309178982242	174	"success"	"pgls5_castespolymorphic"
"OG0000200_00"	-0.0118135100878598	0.47951980303256	1	"1e-05 to 1"	0.00333857471378031	-0.00245596845648843	174	"success"	"pgls5_castespolymorphic"
"OG0000201_00"	-0.0055034486358637	0.536649800583415	1e-05	"1e-05 to 1"	0.003013482227351	-0.00278295101551329	174	"success"	"pgls5_castespolymorphic"
"OG0000202_00"	-0.00935525035418466	0.540923241797935	0.96802712113395	"1e-05 to 1"	0.00235576484215561	-0.00344449233899469	174	"success"	"pgls5_castespolymorphic"
"OG0000210_00"	0.0173665763374172	0.458756017358031	1e-05	"1e-05 to 1"	0.00376556752677626	-0.00202649312713787	174	"success"	"pgls5_castespolymorphic"
"OG0000211_00"	0.0116700375859644	0.400536149393968	0.247781003809591	"1e-05 to 1"	0.00508960603538634	-0.000694756720222012	174	"success"	"pgls5_castespolymorphic"
"OG0000212_00"	0.00386226295805043	0.731995611848416	1e-05	"1e-05 to 1"	0.00119000804907021	-0.00461702678785381	174	"success"	"pgls5_castespolymorphic"
"OG0000212_01"	0.00734551001448083	0.25948837123312	1	"1e-05 to 1"	0.00882130462127765	0.00305863778768045	174	"success"	"pgls5_castespolymorphic"
"OG0000213_00"	0.00187518624499655	0.841061725379918	0.548770866641025	"1e-05 to 1"	0.000250525159517016	-0.00556197178722995	174	"success"	"pgls5_castespolymorphic"
"OG0000214_00"	0.00945302687391673	0.60296779037809	1e-05	"1e-05 to 1"	0.00226137535257809	-0.00353943060467454	174	"success"	"pgls5_castespolymorphic"
"OG0000214_01"	0.00725944205503801	0.598306959908497	0.771943963949891	"1e-05 to 1"	0.00176070485642704	-0.00404301197580303	174	"success"	"pgls5_castespolymorphic"
"OG0000215_00"	0.0214216171783366	0.200496213828972	0.261579500381808	"1e-05 to 1"	0.0164991598782647	0.0107811317380221	174	"success"	"pgls5_castespolymorphic"
"OG0000216_00"	-0.0135725329844451	0.124113161111527	1e-05	"1e-05 to 1"	0.0148079502883787	0.00908008953424133	174	"success"	"pgls5_castespolymorphic"
"OG0000217_00"	-0.0187986115621788	0.247750008758156	0.951540144948673	"1e-05 to 1"	0.00860956360126534	0.00284566571522615	174	"success"	"pgls5_castespolymorphic"
"OG0000219_00"	-0.0159751142900093	0.144707310015176	1e-05	"1e-05 to 1"	0.0152411475364261	0.00951580537094032	174	"success"	"pgls5_castespolymorphic"
"OG0000222_00"	0.0211425044339067	0.000149622889930479	1e-05	"1e-05 to 1"	0.0861922197806525	0.0808793838491446	174	"success"	"pgls5_castespolymorphic"
"OG0000223_00"	-0.00844837073073359	0.191573396702343	1e-05	"1e-05 to 1"	0.0118143921322588	0.00606912697023709	174	"success"	"pgls5_castespolymorphic"
"OG0000224_00"	-0.0137240390132657	0.42101970684103	1e-05	"1e-05 to 1"	0.00642165449572858	0.000645036207913119	174	"success"	"pgls5_castespolymorphic"
"OG0000225_00"	0.015013823388363	0.536763663846799	0.86728494753183	"1e-05 to 1"	0.00338595908056588	-0.00240830859919838	174	"success"	"pgls5_castespolymorphic"
"OG0000226_00"	-0.00926087132494837	0.168715711389172	1	"1e-05 to 1"	0.0148630914407425	0.00913555127470023	174	"success"	"pgls5_castespolymorphic"
"OG0000226_01"	-0.0146351436596294	0.372469336946148	0.74526832308523	"1e-05 to 1"	0.00506956366488141	-0.000714915616136791	174	"success"	"pgls5_castespolymorphic"
"OG0000229_00"	0.000498188968913407	0.951722254992912	0.959907659530635	"1e-05 to 1"	3.47439716623052e-05	-0.00577900751687466	174	"success"	"pgls5_castespolymorphic"
"OG0000229_01"	-0.00443064042643249	0.828988637887857	0.907739046067963	"1e-05 to 1"	0.000422128268354162	-0.00538937098589964	174	"success"	"pgls5_castespolymorphic"
"OG0000231_00"	-0.0198046365099585	0.3306527649244	1e-05	"1e-05 to 1"	0.00884632829585632	0.00308380694873911	174	"success"	"pgls5_castespolymorphic"
"OG0000233_00"	-0.0200039637683223	0.0748552188280946	0.840150233896151	"1e-05 to 1"	0.0238416979773504	0.0181663590121024	174	"success"	"pgls5_castespolymorphic"
"OG0000233_01"	-0.0140058000543334	0.264576559255475	0.766770452519458	"1e-05 to 1"	0.00772479131092303	0.00195574939994003	174	"success"	"pgls5_castespolymorphic"
"OG0000234_00"	0.000802696557876601	0.752560897352742	1e-05	"1e-05 to 1"	0.000817696655982724	-0.00499150278206395	174	"success"	"pgls5_castespolymorphic"
"OG0000234_01"	-0.00344909310591408	0.482331597498095	1	"1e-05 to 1"	0.00374644580791131	-0.00204572601878694	174	"success"	"pgls5_castespolymorphic"
"OG0000238_00"	-0.0440705850358605	0.105311146794397	1	"1e-05 to 1"	0.0205230178246396	0.014828384207341	174	"success"	"pgls5_castespolymorphic"
"OG0000238_01"	-0.0155283240023473	0.378740381555934	1	"1e-05 to 1"	0.00531080090298984	-0.000472275835946334	174	"success"	"pgls5_castespolymorphic"
"OG0000239_00"	-0.00500475700844446	0.415472853719052	1e-05	"1e-05 to 1"	0.00526956323793733	-0.000513753254865357	174	"success"	"pgls5_castespolymorphic"
"OG0000239_01"	0.00411177621770776	0.720568869960124	0.706904371163584	"1e-05 to 1"	0.000806914869300418	-0.00500234725355253	174	"success"	"pgls5_castespolymorphic"
"OG0000241_00"	0.0196904946197299	0.0643243604432464	1e-05	"1e-05 to 1"	0.0245813725357164	0.0189103340039474	174	"success"	"pgls5_castespolymorphic"
"OG0000242_00"	-0.00241848724328262	0.839028080463026	0.55234795172882	"1e-05 to 1"	0.000418836481511331	-0.00539268191103792	174	"success"	"pgls5_castespolymorphic"
"OG0000242_01"	0.0144014012399319	0.142305224284009	0.962867355169526	"1e-05 to 1"	0.0135757969304561	0.00784077249400528	174	"success"	"pgls5_castespolymorphic"
"OG0000243_00"	0.0176198368971509	0.427251595570507	1e-05	"1e-05 to 1"	0.00558678249092714	-0.000194689703893136	174	"success"	"pgls5_castespolymorphic"
"OG0000244_00"	-0.0124364950436501	0.573778200678544	1	"1e-05 to 1"	0.00283362891712537	-0.00296384998451926	174	"success"	"pgls5_castespolymorphic"
"OG0000244_01"	-0.00661880059568509	0.202345863957826	1e-05	"1e-05 to 1"	0.0138545303080317	0.00812112641447382	174	"success"	"pgls5_castespolymorphic"
"OG0000246_00"	-0.00177873159663742	0.909805044091923	1e-05	"1e-05 to 1"	8.3059976708432e-05	-0.00573041060482238	174	"success"	"pgls5_castespolymorphic"
"OG0000248_00"	-0.0166925937600632	0.029695638280693	1	"1e-05 to 1"	0.0311225147427422	0.0254895061075257	174	"success"	"pgls5_castespolymorphic"
"OG0000253_00"	0.0160984837462075	0.0622497105706725	1	"1e-05 to 1"	0.0330298384959377	0.0274079189523094	174	"success"	"pgls5_castespolymorphic"
"OG0000253_01"	0.00333431041041214	0.658298453434778	1	"1e-05 to 1"	0.00167752006326466	-0.00412668040148367	174	"success"	"pgls5_castespolymorphic"
"OG0000254_00"	0.0164370202015045	0.168871600814392	1e-05	"1e-05 to 1"	0.0202556819208877	0.0145594940250788	174	"success"	"pgls5_castespolymorphic"
"OG0000254_01"	0.00882762035762458	0.355943356341318	1e-05	"1e-05 to 1"	0.00836034325845361	0.00259499641693306	174	"success"	"pgls5_castespolymorphic"
"OG0000256_00"	-0.0123856488267499	0.0928712959808156	1	"1e-05 to 1"	0.0222494853825708	0.0165648893673531	174	"success"	"pgls5_castespolymorphic"
"OG0000256_01"	0.0211616376994403	0.148537536831037	1	"1e-05 to 1"	0.0128406161533628	0.00710131741006836	174	"success"	"pgls5_castespolymorphic"
"OG0000257_00"	-0.00135142132251683	0.899839249103937	0.339247272783898	"1e-05 to 1"	0.000144662463725888	-0.00566844996381066	174	"success"	"pgls5_castespolymorphic"
"OG0000259_00"	-0.0119410093278001	0.552592244878773	1e-05	"1e-05 to 1"	0.00350319085916684	-0.00229039524048913	174	"success"	"pgls5_castespolymorphic"
"OG0000259_01"	-0.00869975731088062	0.219074408334614	1e-05	"1e-05 to 1"	0.0113345780498614	0.00558652327108156	174	"success"	"pgls5_castespolymorphic"
"OG0000262_00"	-0.00315155025945011	0.588359463535228	1	"1e-05 to 1"	0.00191889000104566	-0.00388390715011111	174	"success"	"pgls5_castespolymorphic"
"OG0000263_00"	0.000594892110449143	0.935494404960424	1e-05	"1e-05 to 1"	4.32352623653767e-05	-0.00577046685820215	174	"success"	"pgls5_castespolymorphic"
"OG0000265_00"	-0.0421365404343028	0.010673805775034	0.768605714840949	"1e-05 to 1"	0.0506156713225658	0.0450959949930457	174	"success"	"pgls5_castespolymorphic"
"OG0000265_01"	0.00431432619883326	0.501756977033661	0.849010689538287	"1e-05 to 1"	0.00282494110214546	-0.00297258831005132	174	"success"	"pgls5_castespolymorphic"
"OG0000266_00"	0.029379125290337	0.282469428283064	0.617507564113627	"1e-05 to 1"	0.00970079341199517	0.00394323988532064	174	"success"	"pgls5_castespolymorphic"
"OG0000268_00"	0.00333449417948584	0.451162767292028	1e-05	"1e-05 to 1"	0.00379029174247671	-0.00200162516599733	174	"success"	"pgls5_castespolymorphic"
"OG0000270_00"	0.014868326702381	0.491122166490936	0.924927789398638	"1e-05 to 1"	0.00314496970861154	-0.00265069907215221	174	"success"	"pgls5_castespolymorphic"
"OG0000271_00"	0.000915304401905552	0.898155884286185	0.596327788892866	"1e-05 to 1"	0.000106715328293818	-0.005706617722123	174	"success"	"pgls5_castespolymorphic"
"OG0000272_00"	0.0237409435242438	0.0367337922960462	1e-05	"1e-05 to 1"	0.0358489075777068	0.0302433779706004	174	"success"	"pgls5_castespolymorphic"
"OG0000273_00"	0.00737737288053911	0.557478871125196	0.897255609833898	"1e-05 to 1"	0.00225375919667761	-0.00354709104055106	174	"success"	"pgls5_castespolymorphic"
"OG0000274_00"	0.00420655501922165	0.4498544923668	1e-05	"1e-05 to 1"	0.00373735799591772	-0.00205486666689669	174	"success"	"pgls5_castespolymorphic"
"OG0000275_00"	0.0149297577700533	0.380873320808036	1	"1e-05 to 1"	0.0062487472047056	0.000471123641942239	174	"success"	"pgls5_castespolymorphic"
"OG0000277_00"	-0.0180083432922115	0.217188111138302	1e-05	"1e-05 to 1"	0.00993615380982857	0.0041799686575601	174	"success"	"pgls5_castespolymorphic"
"OG0000278_00"	-0.000211707688030673	0.982612201519565	1e-05	"1e-05 to 1"	3.75476791689856e-06	-0.00581017689040908	174	"success"	"pgls5_castespolymorphic"
"OG0000279_00"	0.0145920938113364	0.352593293414749	1e-05	"1e-05 to 1"	0.00588090287506908	0.000101140682482237	174	"success"	"pgls5_castespolymorphic"
"OG0000280_00"	-0.0166443881079591	0.283389688715659	0.618656517937273	"1e-05 to 1"	0.00982903587373576	0.00407222794276907	174	"success"	"pgls5_castespolymorphic"
"OG0000281_00"	-0.00996111562934263	0.593409471039207	0.752286555800688	"1e-05 to 1"	0.00226872663303099	-0.00353203658421886	174	"success"	"pgls5_castespolymorphic"
"OG0000281_01"	0.0016726094757748	0.908331664525959	1	"1e-05 to 1"	0.000100815047140077	-0.005712552307237	174	"success"	"pgls5_castespolymorphic"
"OG0000284_00"	0.0248766508112251	0.114780384144662	0.965680395193154	"1e-05 to 1"	0.0162825617547253	0.0105632743230668	174	"success"	"pgls5_castespolymorphic"
"OG0000286_00"	-0.00277064327791228	0.88376694692706	0.946394888686513	"1e-05 to 1"	0.000221456059402228	-0.00559120989374073	174	"success"	"pgls5_castespolymorphic"
"OG0000287_00"	-0.0013158752199264	0.92834643768691	1	"1e-05 to 1"	5.13418568824299e-05	-0.00576231313232167	174	"success"	"pgls5_castespolymorphic"
"OG0000290_00"	-0.000777457586515205	0.908134427861635	1	"1e-05 to 1"	0.00010125125858718	-0.00571211355967671	174	"success"	"pgls5_castespolymorphic"
"OG0000290_01"	-0.0106504988018128	0.176578774465049	1	"1e-05 to 1"	0.0130987703161937	0.00736097246919476	174	"success"	"pgls5_castespolymorphic"
"OG0000292_00"	0.000961238117018235	0.947574275789892	1e-05	"1e-05 to 1"	2.78032640274037e-05	-0.00578598857746071	174	"success"	"pgls5_castespolymorphic"
"OG0000295_00"	0.0136106384694558	0.270643136798391	1e-05	"1e-05 to 1"	0.0130328091475001	0.00729462780533441	174	"success"	"pgls5_castespolymorphic"
"OG0000295_01"	-0.00596449743158605	0.700817250683715	1e-05	"1e-05 to 1"	0.000973929659000419	-0.00483436144763338	174	"success"	"pgls5_castespolymorphic"
"OG0000296_00"	-0.00899301454266496	0.539042645165689	1	"1e-05 to 1"	0.00239278258265747	-0.00340725937907127	174	"success"	"pgls5_castespolymorphic"
"OG0000297_00"	-0.016285639081962	0.532050309513439	1e-05	"1e-05 to 1"	0.00425831187027471	-0.0015308839909447	174	"success"	"pgls5_castespolymorphic"
"OG0000297_01"	0.0253056686392242	0.199795752613753	0.268122137549156	"1e-05 to 1"	0.0107918599599601	0.00504064984344821	174	"success"	"pgls5_castespolymorphic"
"OG0000299_00"	0.00637114064036368	0.558599184985368	0.763381279626236	"1e-05 to 1"	0.00214273915894742	-0.0036587565436168	174	"success"	"pgls5_castespolymorphic"
"OG0000300_00"	-0.0136282043832213	0.611510877519214	1	"1e-05 to 1"	0.00163662272573167	-0.00416781551423506	174	"success"	"pgls5_castespolymorphic"
"OG0000301_00"	0.0092086829209528	0.102045667121497	1e-05	"1e-05 to 1"	0.020910595294439	0.015218215034523	174	"success"	"pgls5_castespolymorphic"
"OG0000301_01"	-0.00173427095036391	0.854790048820637	0.918581658890252	"1e-05 to 1"	0.000258595633796596	-0.00555385439158829	174	"success"	"pgls5_castespolymorphic"
"OG0000302_00"	-0.0124725877114977	0.478950669011452	1e-05	"1e-05 to 1"	0.00311817398682537	-0.00267765058301861	174	"success"	"pgls5_castespolymorphic"
"OG0000304_00"	-0.0186244296397708	0.0551256445785355	1	"1e-05 to 1"	0.0366532767906672	0.0310524237487525	174	"success"	"pgls5_castespolymorphic"
"OG0000304_01"	-0.013315028335393	0.070824067213207	0.629303849494562	"1e-05 to 1"	0.0245140583130641	0.0188426284195354	174	"success"	"pgls5_castespolymorphic"
"OG0000305_01"	0.00151741497873568	0.843679040427561	0.644992208516195	"1e-05 to 1"	0.000365035414764739	-0.00544679577468443	174	"success"	"pgls5_castespolymorphic"
"OG0000307_00"	-0.00954254326341564	0.46058939186	0.647738810951451	"1e-05 to 1"	0.00627446687887873	0.000496992849104871	174	"success"	"pgls5_castespolymorphic"
"OG0000307_01"	0.0193942428913095	0.0391617774606354	1e-05	"1e-05 to 1"	0.0361589795354374	0.0305552526722714	174	"success"	"pgls5_castespolymorphic"
"OG0000310_00"	-0.0376744700142117	0.0224062154249633	1e-05	"1e-05 to 1"	0.0374765256258657	0.0318804589143883	174	"success"	"pgls5_castespolymorphic"
"OG0000311_00"	-0.00288694561053353	0.57205411906765	0.843839473756286	"1e-05 to 1"	0.0020378940581408	-0.00376421120896286	174	"success"	"pgls5_castespolymorphic"
"OG0000312_00"	-0.00169839360367823	0.758323405396516	1	"1e-05 to 1"	0.000864173717862072	-0.00494475550470863	174	"success"	"pgls5_castespolymorphic"
"OG0000313_00"	0.000943434969139548	0.906043187843988	1e-05	"1e-05 to 1"	0.000114653269007962	-0.00569863363059087	174	"success"	"pgls5_castespolymorphic"
"OG0000314_00"	-0.00286451930535663	0.584951483173879	1	"1e-05 to 1"	0.00228317847724302	-0.00351750071765666	174	"success"	"pgls5_castespolymorphic"
"OG0000317_00"	7.2538138296927e-05	0.995755700915878	1	"1e-05 to 1"	1.91840976473534e-07	-0.00581376053204119	174	"success"	"pgls5_castespolymorphic"
"OG0000318_00"	-0.00530997735639471	0.529717814265064	1e-05	"1e-05 to 1"	0.00244240386998993	-0.00335734959588208	174	"success"	"pgls5_castespolymorphic"
"OG0000320_00"	-0.0138229438855805	0.460963077556757	1e-05	"1e-05 to 1"	0.00598802593828339	0.000208886554203591	174	"success"	"pgls5_castespolymorphic"
"OG0000323_00"	-0.00336395889089077	0.519599857723858	1	"1e-05 to 1"	0.00399857353638496	-0.00179213243142673	174	"success"	"pgls5_castespolymorphic"
"OG0000323_01"	0.0128897125360903	0.31695984782821	1	"1e-05 to 1"	0.00646087150149234	0.000684481219524247	174	"success"	"pgls5_castespolymorphic"
"OG0000325_00"	-0.01583326212486	0.504797661281355	1e-05	"1e-05 to 1"	0.00351028062775189	-0.00228326425231939	174	"success"	"pgls5_castespolymorphic"
"OG0000328_00"	0.00284093571045517	0.898961579543987	1	"1e-05 to 1"	0.000195397945902877	-0.00561741950789996	174	"success"	"pgls5_castespolymorphic"
"OG0000329_00"	-0.0263781496195109	0.063374775444704	1	"1e-05 to 1"	0.0347331465622387	0.0291211299724842	174	"success"	"pgls5_castespolymorphic"
"OG0000329_01"	-0.0173350115989276	0.217049717092576	0.276133708440618	"1e-05 to 1"	0.0100735584672043	0.00431817217922303	174	"success"	"pgls5_castespolymorphic"
"OG0000334_00"	-0.0160691241492898	0.163902532204539	1e-05	"1e-05 to 1"	0.0189106116865502	0.0132066036149605	174	"success"	"pgls5_castespolymorphic"
"OG0000335_00"	0.0648574160601037	0.0205577942061543	0.496019042426546	"1e-05 to 1"	0.0652411278177824	0.0598064832120717	174	"success"	"pgls5_castespolymorphic"
"OG0000335_01"	-0.00836505318756107	0.195181223614379	1e-05	"1e-05 to 1"	0.0106651207932183	0.00491317382108603	174	"success"	"pgls5_castespolymorphic"
"OG0000336_00"	-0.00587470849198661	0.30870801163528	1e-05	"1e-05 to 1"	0.00856216513736862	0.00279799167886496	174	"success"	"pgls5_castespolymorphic"
"OG0000337_00"	-0.00205617656041721	0.675830602285513	1	"1e-05 to 1"	0.00110258624732208	-0.00470495685589123	174	"success"	"pgls5_castespolymorphic"
"OG0000339_00"	-0.0201136225775988	0.147950259376877	1e-05	"1e-05 to 1"	0.0132862822602958	0.00754957459901828	174	"success"	"pgls5_castespolymorphic"
"OG0000340_00"	-0.00155985220579058	0.81215735552568	1	"1e-05 to 1"	0.000464699409812465	-0.0053465523378049	174	"success"	"pgls5_castespolymorphic"
"OG0000340_01"	0.00960201038189037	0.0179836333712591	1e-05	"1e-05 to 1"	0.044312963978998	0.0387566440021317	174	"success"	"pgls5_castespolymorphic"
"OG0000341_00"	-0.00691225709271458	0.741153216414693	0.904443574508718	"1e-05 to 1"	0.000920374829952393	-0.00488822764196639	174	"success"	"pgls5_castespolymorphic"
"OG0000342_00"	0.00804673364284561	0.477903294735937	0.186344574324987	"1e-05 to 1"	0.00336316673819799	-0.00243123345518459	174	"success"	"pgls5_castespolymorphic"
"OG0000343_00"	-0.0159646735865635	0.435662314691354	1e-05	"1e-05 to 1"	0.00440971117310684	-0.00137860445960758	174	"success"	"pgls5_castespolymorphic"
"OG0000345_00"	0.00968974284585651	0.32702452967191	1e-05	"1e-05 to 1"	0.0103314070837599	0.00457751991564226	174	"success"	"pgls5_castespolymorphic"
"OG0000345_01"	0.0371706795720252	0.0662377364981548	0.959317846348264	"1e-05 to 1"	0.0210611113073111	0.0153696061404931	174	"success"	"pgls5_castespolymorphic"
"OG0000347_00"	0.0469021331968056	0.00223441020524406	0.899680817141293	"1e-05 to 1"	0.0717644533337005	0.066367735039129	174	"success"	"pgls5_castespolymorphic"
"OG0000347_01"	0.00117486860756047	0.960482771886346	0.970846826637091	"1e-05 to 1"	1.92544205703761e-05	-0.00579458712349612	174	"success"	"pgls5_castespolymorphic"
"OG0000348_00"	-0.00133903864097015	0.85712331808993	1	"1e-05 to 1"	0.000212523238809828	-0.0056001946493367	174	"success"	"pgls5_castespolymorphic"
"OG0000349_00"	0.0232197071593817	0.0772967389206798	1	"1e-05 to 1"	0.0243684852704948	0.0186962090220675	174	"success"	"pgls5_castespolymorphic"
"OG0000350_00"	-0.0160950100963848	0.157087570288974	1e-05	"1e-05 to 1"	0.0176382190680064	0.0119268133649134	174	"success"	"pgls5_castespolymorphic"
"OG0000351_00"	-0.00173994108447441	0.861981570533671	1	"1e-05 to 1"	0.000188296668044454	-0.0056245620722577	174	"success"	"pgls5_castespolymorphic"
"OG0000358_00"	0.0107736750675414	0.0106553465735433	1e-05	"1e-05 to 1"	0.0418643349274673	0.0362937787351852	174	"success"	"pgls5_castespolymorphic"
"OG0000359_00"	-0.0138773557678553	0.555423720334071	0.589677080677061	"1e-05 to 1"	0.00217748811219848	-0.00362380556156783	174	"success"	"pgls5_castespolymorphic"
"OG0000361_00"	-0.0238072823428952	0.00200800321186012	1	"1e-05 to 1"	0.0941462500910704	0.0888796585218323	174	"success"	"pgls5_castespolymorphic"
"OG0000363_00"	-0.0245585978239784	0.137437902093154	0.823016495223998	"1e-05 to 1"	0.0163914122079382	0.0106727576277518	174	"success"	"pgls5_castespolymorphic"
"OG0000365_00"	-0.00544328111732588	0.531680287241716	1	"1e-05 to 1"	0.00263071913445781	-0.00316793947522576	174	"success"	"pgls5_castespolymorphic"
"OG0000367_00"	0.00859124738144525	0.777199654058931	0.970568193459852	"1e-05 to 1"	0.000608723850450491	-0.00520169054576791	174	"success"	"pgls5_castespolymorphic"
"OG0000371_00"	-0.00395968041497433	0.836465837466633	1	"1e-05 to 1"	0.000316733015432849	-0.00549537900191921	174	"success"	"pgls5_castespolymorphic"
"OG0000372_00"	-0.0051517215641131	0.623272781489728	0.929186881203001	"1e-05 to 1"	0.00269235060316837	-0.00310594968402245	174	"success"	"pgls5_castespolymorphic"
"OG0000373_00"	0.0122345234301088	0.481604309698597	0.939295397133459	"1e-05 to 1"	0.00410130366767225	-0.00168880503193436	174	"success"	"pgls5_castespolymorphic"
"OG0000373_01"	0.00892886757379532	0.440484767356075	1e-05	"1e-05 to 1"	0.0048454736318056	-0.000940308498242004	174	"success"	"pgls5_castespolymorphic"
"OG0000374_00"	-0.0031981849308196	0.537032047301785	1e-05	"1e-05 to 1"	0.0024013152214875	-0.00339867713187592	174	"success"	"pgls5_castespolymorphic"
"OG0000375_00"	-0.0213708810829323	0.353531211763901	0.611938753804647	"1e-05 to 1"	0.00606446786104774	0.000285772906751469	174	"success"	"pgls5_castespolymorphic"
"OG0000377_00"	-0.000952027785015668	0.946745207983847	1e-05	"1e-05 to 1"	5.21792773373414e-05	-0.00576147084314327	174	"success"	"pgls5_castespolymorphic"
"OG0000378_00"	0.0152816287621073	0.427617631020124	0.841162552408559	"1e-05 to 1"	0.00488514486522967	-0.000900406618111971	174	"success"	"pgls5_castespolymorphic"
"OG0000379_00"	-0.00229647149568971	0.677593842589832	1e-05	"1e-05 to 1"	0.00111093295808292	-0.00469656161774212	174	"success"	"pgls5_castespolymorphic"
"OG0000380_00"	0.00795568539670686	0.266988834554086	1e-05	"1e-05 to 1"	0.00779261383928964	0.00202396624533208	174	"success"	"pgls5_castespolymorphic"
"OG0000383_00"	0.0121238030358724	0.10178602570429	1e-05	"1e-05 to 1"	0.0207794583944866	0.0150863157107335	174	"success"	"pgls5_castespolymorphic"
"OG0000384_00"	0.0191942004396896	0.164614541010477	0.404674504881703	"1e-05 to 1"	0.0130081965235085	0.00726987208469165	174	"success"	"pgls5_castespolymorphic"
"OG0000385_00"	-0.00432735092341162	0.778357757052293	1	"1e-05 to 1"	0.00100863709709702	-0.00479945222210598	174	"success"	"pgls5_castespolymorphic"
"OG0000386_00"	-0.00380722473403632	0.671602831008385	1	"1e-05 to 1"	0.0012260863111015	-0.00458073876848508	174	"success"	"pgls5_castespolymorphic"
"OG0000387_00"	0.00294993023616756	0.872099445185574	1	"1e-05 to 1"	0.000226334903059546	-0.00558630268471338	174	"success"	"pgls5_castespolymorphic"
"OG0000388_00"	0.00623268160827626	0.228330129799585	1e-05	"1e-05 to 1"	0.00953328893389455	0.00377476154397538	174	"success"	"pgls5_castespolymorphic"
"OG0000390_00"	0.0116628947713546	0.512143327089115	0.773303827110086	"1e-05 to 1"	0.0035014585783218	-0.0022921375927345	174	"success"	"pgls5_castespolymorphic"
"OG0000391_00"	0.0303637477697345	0.0198495599323008	1e-05	"1e-05 to 1"	0.0345039330500625	0.0288905838236094	174	"success"	"pgls5_castespolymorphic"
"OG0000392_00"	-0.00724205398515223	0.629664825015936	0.82257062529838	"1e-05 to 1"	0.00145670801135589	-0.00434877624439189	174	"success"	"pgls5_castespolymorphic"
"OG0000394_00"	0.0107697431170973	0.624648027439108	1	"1e-05 to 1"	0.00169035077906291	-0.00411377508850075	174	"success"	"pgls5_castespolymorphic"
"OG0000396_00"	-0.00657101813694093	0.604998019973585	1	"1e-05 to 1"	0.00188882512539274	-0.00391414682155267	174	"success"	"pgls5_castespolymorphic"
"OG0000397_00"	-0.00635566038937696	0.704202171023266	0.859380886889775	"1e-05 to 1"	0.00098338224905892	-0.0048248539006559	174	"success"	"pgls5_castespolymorphic"
"OG0000398_00"	-0.0210798451174408	0.328959064174736	1e-05	"1e-05 to 1"	0.00680813965550251	0.00103376837442992	174	"success"	"pgls5_castespolymorphic"
"OG0000399_00"	0.00928131659754418	0.353640917017511	0.973392048059744	"1e-05 to 1"	0.00534605798023363	-0.000436813775695155	174	"success"	"pgls5_castespolymorphic"
"OG0000400_00"	0.0079052136973447	0.543490031381542	0.894591857744281	"1e-05 to 1"	0.00229709317737999	-0.00350350511810027	174	"success"	"pgls5_castespolymorphic"
"OG0000402_00"	0.0329512350860505	0.105411067481339	0.982569545041186	"1e-05 to 1"	0.0167183521244103	0.0110015983576919	174	"success"	"pgls5_castespolymorphic"
"OG0000403_00"	-0.00281664483654733	0.78882933161215	1	"1e-05 to 1"	0.000444069455305962	-0.00536730223390736	174	"success"	"pgls5_castespolymorphic"
"OG0000404_00"	0.0125779059552292	0.491388169497903	0.754531984228508	"1e-05 to 1"	0.00489448885675563	-0.000891008301054041	174	"success"	"pgls5_castespolymorphic"
"OG0000409_00"	0.0039382480235704	0.720076488204259	1e-05	"1e-05 to 1"	0.000825503066937611	-0.00498365098499876	174	"success"	"pgls5_castespolymorphic"
"OG0000411_00"	-0.00334212581416143	0.834621109129666	0.87507696093746	"1e-05 to 1"	0.000319276423086264	-0.00549282080701219	174	"success"	"pgls5_castespolymorphic"
"OG0000413_00"	0.0189156272335627	0.246246369982755	1	"1e-05 to 1"	0.0134211842084356	0.00768526086081023	174	"success"	"pgls5_castespolymorphic"
"OG0000414_00"	0.0113987699456274	0.601093437577546	0.990092424464407	"1e-05 to 1"	0.00174511046851962	-0.00405869702875639	174	"success"	"pgls5_castespolymorphic"
"OG0000415_00"	0.0206612829147864	0.430448395837781	0.945919554669193	"1e-05 to 1"	0.00388965472252137	-0.00190168449420813	174	"success"	"pgls5_castespolymorphic"
"OG0000416_00"	-0.015587130551154	0.640549550820584	1e-05	"1e-05 to 1"	0.00240616782968968	-0.00339379631083525	174	"success"	"pgls5_castespolymorphic"
"OG0000417_00"	-0.00295313948671597	0.818991943744481	0.954038646939963	"1e-05 to 1"	0.000345605214980171	-0.00546633894074655	174	"success"	"pgls5_castespolymorphic"
"OG0000418_00"	0.0186602167288537	0.30950190816704	0.872359087341485	"1e-05 to 1"	0.00722145915759151	0.00144949089687996	174	"success"	"pgls5_castespolymorphic"
"OG0000420_00"	-0.00239368368628571	0.766925602655934	1e-05	"1e-05 to 1"	0.000568457963699743	-0.00524219053651143	174	"success"	"pgls5_castespolymorphic"
"OG0000423_00"	-0.0431132323811637	0.00647010620190835	0.978393255760811	"1e-05 to 1"	0.0454210887642045	0.0398712113732986	174	"success"	"pgls5_castespolymorphic"
"OG0000426_00"	-0.00889139490851649	0.560142896363975	0.27985931402457	"1e-05 to 1"	0.00211274962910608	-0.00368892043118985	174	"success"	"pgls5_castespolymorphic"
"OG0000428_00"	-0.00557937798836247	0.27100058852347	0.755879029148655	"1e-05 to 1"	0.00771238441310078	0.00194327036899089	174	"success"	"pgls5_castespolymorphic"
"OG0000429_00"	0.00027453051139958	0.95452080998695	1	"1e-05 to 1"	2.57108573707025e-05	-0.00578809314927264	174	"success"	"pgls5_castespolymorphic"
"OG0000431_00"	0.00493101152668403	0.151383995620202	1	"1e-05 to 1"	0.0129017416178553	0.00716279825516841	174	"success"	"pgls5_castespolymorphic"
"OG0000432_00"	-0.00915262316583134	0.652754062172658	0.454856740835635	"1e-05 to 1"	0.00142967815155833	-0.00437596325453726	174	"success"	"pgls5_castespolymorphic"
"OG0000433_00"	-0.00767134647928516	0.503480748559592	0.411147612988685	"1e-05 to 1"	0.00276761465661032	-0.00303024804887442	174	"success"	"pgls5_castespolymorphic"
"OG0000436_00"	-0.0077698972766893	0.673446054704471	0.838666058817707	"1e-05 to 1"	0.00157738294281761	-0.00422739971449171	174	"success"	"pgls5_castespolymorphic"
"OG0000437_00"	0.0116046638100204	0.453883731186236	0.890128981707473	"1e-05 to 1"	0.00357781230063678	-0.00221533995342926	174	"success"	"pgls5_castespolymorphic"
"OG0000438_00"	0.0198008719741871	0.124048300192196	1	"1e-05 to 1"	0.0192801269623996	0.0135782672354368	174	"success"	"pgls5_castespolymorphic"
"OG0000439_00"	-0.015631245448117	0.218852016114264	1	"1e-05 to 1"	0.00986492451591995	0.00410832523984972	174	"success"	"pgls5_castespolymorphic"
"OG0000440_00"	0.0150227953334025	0.139963431184583	0.560509598550397	"1e-05 to 1"	0.014090928264129	0.00835889877729246	174	"success"	"pgls5_castespolymorphic"
"OG0000441_00"	0.00323655009449651	0.761466449601895	0.977348771120784	"1e-05 to 1"	0.000581191016297987	-0.00522938345453738	174	"success"	"pgls5_castespolymorphic"
"OG0000442_00"	0.0234308240203195	0.284427997695408	0.968623486371506	"1e-05 to 1"	0.00784399218512413	0.00207564330247945	174	"success"	"pgls5_castespolymorphic"
"OG0000443_00"	-0.010117657949234	0.508558467021072	0.409705145512306	"1e-05 to 1"	0.00350411106727723	-0.00228946968233168	174	"success"	"pgls5_castespolymorphic"
"OG0000446_00"	0.00964530104630209	0.383361255505426	1	"1e-05 to 1"	0.00475287438942415	-0.00103344610831169	174	"success"	"pgls5_castespolymorphic"
"OG0000449_00"	0.0203956654405614	0.0982857291224741	0.538205705215487	"1e-05 to 1"	0.0175345141460884	0.0118225055074028	174	"success"	"pgls5_castespolymorphic"
"OG0000451_00"	-0.000270639200031057	0.981606508595555	1e-05	"1e-05 to 1"	6.2901280945378e-06	-0.00580762678976532	174	"success"	"pgls5_castespolymorphic"
"OG0000452_00"	0.0280157329323281	0.0980376439082051	1e-05	"1e-05 to 1"	0.02227600713047	0.0165915653114612	174	"success"	"pgls5_castespolymorphic"
"OG0000455_00"	0.0110886015911317	0.369963436192907	1e-05	"1e-05 to 1"	0.00518896282717748	-0.000594822272664386	174	"success"	"pgls5_castespolymorphic"
"OG0000456_00"	0.0181792752367206	0.0297695635594866	1e-05	"1e-05 to 1"	0.054985375790866	0.0494911047198826	174	"success"	"pgls5_castespolymorphic"
"OG0000456_01"	-0.00112218859818659	0.902614888045022	0.560794247493841	"1e-05 to 1"	0.000165416588329092	-0.00564757517569214	174	"success"	"pgls5_castespolymorphic"
"OG0000462_00"	-0.000408775448329573	0.978207702781172	1	"1e-05 to 1"	5.76181963864718e-06	-0.00580815816978197	174	"success"	"pgls5_castespolymorphic"
"OG0000463_00"	-0.00118480762146482	0.926851507481544	0.963095512925368	"1e-05 to 1"	5.99871175254705e-05	-0.00575361760853554	174	"success"	"pgls5_castespolymorphic"
"OG0000464_00"	-0.0100785933644846	0.557970032977396	0.684168049624874	"1e-05 to 1"	0.00227799327243386	-0.00352271606900545	174	"success"	"pgls5_castespolymorphic"
"OG0000465_00"	-0.021644002631638	0.029719683214366	0.282159504162028	"1e-05 to 1"	0.0293730551733981	0.0237298752616155	174	"success"	"pgls5_castespolymorphic"
"OG0000466_00"	0.00903659662110397	0.475011493936381	1	"1e-05 to 1"	0.0059504601706148	0.000171102380909116	174	"success"	"pgls5_castespolymorphic"
"OG0000468_00"	-0.0116860844776192	0.211878004914814	0.867397485135569	"1e-05 to 1"	0.0106544067277711	0.00490239746456045	174	"success"	"pgls5_castespolymorphic"
"OG0000469_00"	0.00419248912774803	0.773968967529301	1	"1e-05 to 1"	0.000547863386334678	-0.00526290484979119	174	"success"	"pgls5_castespolymorphic"
"OG0000470_00"	-0.00642342921960507	0.678882104767268	1e-05	"1e-05 to 1"	0.0016706497594631	-0.00413359064891217	174	"success"	"pgls5_castespolymorphic"
"OG0000470_01"	0.0121356809827689	0.382286783508706	1	"1e-05 to 1"	0.0092096639016703	0.00344925497086601	174	"success"	"pgls5_castespolymorphic"
"OG0000471_00"	-0.00331630998279139	0.497486909070754	1e-05	"1e-05 to 1"	0.00341637894418479	-0.00237771187590718	174	"success"	"pgls5_castespolymorphic"
"OG0000473_00"	-0.0343766978249166	0.0708699940341717	0.40675500657104	"1e-05 to 1"	0.0250710507480982	0.0194028591826803	174	"success"	"pgls5_castespolymorphic"
"OG0000474_00"	-0.00012233680511416	0.927644586469725	1	"1e-05 to 1"	5.10586517464296e-05	-0.00576259798399903	174	"success"	"pgls5_castespolymorphic"
"OG0000476_00"	-0.00565531502989091	0.560113526458103	0.978104871506582	"1e-05 to 1"	0.00222379036674877	-0.00357723410786326	174	"success"	"pgls5_castespolymorphic"
"OG0000479_00"	-0.00495852455603269	0.672925097072565	0.336329000386368	"1e-05 to 1"	0.00113077992794529	-0.00467659925852004	174	"success"	"pgls5_castespolymorphic"
"OG0000480_00"	-0.00672927439274885	0.304304640663277	0.852456925723002	"1e-05 to 1"	0.00659400889957886	0.000818392672250812	174	"success"	"pgls5_castespolymorphic"
"OG0000481_00"	-0.0178334512290345	0.245934075938377	0.464403559426688	"1e-05 to 1"	0.00840488333670237	0.00263979544912518	174	"success"	"pgls5_castespolymorphic"
"OG0000482_00"	0.00304821459142136	0.278422065023233	0.84819702744283	"1e-05 to 1"	0.00767379663901556	0.00190445824738184	174	"success"	"pgls5_castespolymorphic"
"OG0000483_00"	0.00957351634867856	0.598661986105986	1	"1e-05 to 1"	0.00179138431130841	-0.00401215415199796	174	"success"	"pgls5_castespolymorphic"
"OG0000485_00"	0.00245265955260504	0.803157533331998	1e-05	"1e-05 to 1"	0.000407337239134175	-0.00540424800947559	174	"success"	"pgls5_castespolymorphic"
"OG0000487_00"	-0.00787093365299823	0.448253072019031	1	"1e-05 to 1"	0.00359891262669008	-0.00219411695106175	174	"success"	"pgls5_castespolymorphic"
"OG0000489_00"	0.00503299139474491	0.715260477366926	0.966507531096501	"1e-05 to 1"	0.000849980754943961	-0.00495903098485284	174	"success"	"pgls5_castespolymorphic"
"OG0000491_00"	0.011706304580022	0.273777140570246	1	"1e-05 to 1"	0.00787453792221034	0.00210636663106056	174	"success"	"pgls5_castespolymorphic"
"OG0000492_00"	-0.0246953397330629	0.0488014576626199	0.653127083909149	"1e-05 to 1"	0.0470792854912536	0.0415390487789935	174	"success"	"pgls5_castespolymorphic"
"OG0000493_00"	0.010526249580682	0.387305020990335	0.786887004200907	"1e-05 to 1"	0.00579929923489831	1.90626025430296e-05	174	"success"	"pgls5_castespolymorphic"
"OG0000494_00"	6.03312442002922e-05	0.994031778862901	1e-05	"1e-05 to 1"	3.5981981294761e-07	-0.00581359157658334	174	"success"	"pgls5_castespolymorphic"
"OG0000495_00"	-0.00886278910443947	0.639897302002288	1e-05	"1e-05 to 1"	0.00163816877595801	-0.00416626047534452	174	"success"	"pgls5_castespolymorphic"
"OG0000500_00"	0.00918621061694894	0.0939387911008083	1e-05	"1e-05 to 1"	0.0222821657745925	0.0165977597616541	174	"success"	"pgls5_castespolymorphic"
"OG0000501_00"	0.0163642983701616	0.353292453978802	1	"1e-05 to 1"	0.00598611760919803	0.000206967130181757	174	"success"	"pgls5_castespolymorphic"
"OG0000504_00"	-0.00508690594817859	0.713154575463858	0.577840897105567	"1e-05 to 1"	0.000846950014378195	-0.00496207934600323	174	"success"	"pgls5_castespolymorphic"
"OG0000505_00"	-0.00536908548960865	0.686208326746065	1e-05	"1e-05 to 1"	0.00104239529343939	-0.00476549775718027	174	"success"	"pgls5_castespolymorphic"
"OG0000506_00"	0.030618474776513	0.131723579153443	1	"1e-05 to 1"	0.0178004731990756	0.012090010833954	174	"success"	"pgls5_castespolymorphic"
"OG0000507_00"	-0.00213839661927833	0.846010571190348	1e-05	"1e-05 to 1"	0.000282489633337441	-0.00552982147344538	174	"success"	"pgls5_castespolymorphic"
"OG0000508_00"	-0.0125843971685961	0.375695407721263	1	"1e-05 to 1"	0.00493877348049956	-0.000846466208567209	174	"success"	"pgls5_castespolymorphic"
"OG0000512_00"	-0.0115001506340011	0.520163602901024	1	"1e-05 to 1"	0.00328991637632307	-0.00250490969125639	174	"success"	"pgls5_castespolymorphic"
"OG0000513_00"	0.00380853906352865	0.518725058192035	0.670715659494194	"1e-05 to 1"	0.00454070250610612	-0.00124685154909088	174	"success"	"pgls5_castespolymorphic"
"OG0000514_01"	0.00691759940857474	0.277057743833129	1	"1e-05 to 1"	0.00952080464716562	0.00376220467418409	174	"success"	"pgls5_castespolymorphic"
"OG0000515_00"	0.0209798338040173	0.0802291196167977	0.613381066443067	"1e-05 to 1"	0.0187703595258141	0.0130655360346851	174	"success"	"pgls5_castespolymorphic"
"OG0000516_00"	-0.0281882422269402	0.219466180022518	1	"1e-05 to 1"	0.0141906052452906	0.00845915527578645	174	"success"	"pgls5_castespolymorphic"
"OG0000518_00"	-0.000715966462531885	0.856675427838347	1e-05	"1e-05 to 1"	0.000211103974323607	-0.00560162216536075	174	"success"	"pgls5_castespolymorphic"
"OG0000519_00"	0.0155055369775461	0.0882217186305558	1e-05	"1e-05 to 1"	0.0323076576044633	0.0266815393347217	174	"success"	"pgls5_castespolymorphic"
"OG0000519_01"	0.00714443210900173	0.644136508834111	0.760799596205112	"1e-05 to 1"	0.00181427415528354	-0.00398913122753464	174	"success"	"pgls5_castespolymorphic"
"OG0000520_00"	0.00661399905849577	0.779452940525106	0.871446177029736	"1e-05 to 1"	0.000497765124822388	-0.00531329438026584	174	"success"	"pgls5_castespolymorphic"
"OG0000521_00"	-0.00150171844201899	0.910690442316197	1	"1e-05 to 1"	7.88779545445255e-05	-0.00573461694106858	174	"success"	"pgls5_castespolymorphic"
"OG0000522_00"	0.000574175286157028	0.966728473973854	0.788262748184825	"1e-05 to 1"	1.20404882497003e-05	-0.00580184299728392	174	"success"	"pgls5_castespolymorphic"
"OG0000523_00"	-0.0106810686075279	0.407551441037476	0.508095169941725	"1e-05 to 1"	0.00613289896805681	0.00035460186903391	174	"success"	"pgls5_castespolymorphic"
"OG0000524_00"	0.013332713580257	0.116138049107251	1e-05	"1e-05 to 1"	0.0151693587552872	0.00944359921316673	174	"success"	"pgls5_castespolymorphic"
"OG0000525_00"	0.00685638822636278	0.461676986145146	1	"1e-05 to 1"	0.00489134104576402	-0.00089417441327222	174	"success"	"pgls5_castespolymorphic"
"OG0000526_00"	0.0171227793549815	0.387033648535019	0.836875359524986	"1e-05 to 1"	0.00531136259312806	-0.000471710880167731	174	"success"	"pgls5_castespolymorphic"
"OG0000527_00"	0.00174278623867308	0.835828655063844	1e-05	"1e-05 to 1"	0.000371746517141918	-0.00544004565427003	174	"success"	"pgls5_castespolymorphic"
"OG0000528_00"	0.0231297618039797	0.0201892420533856	1e-05	"1e-05 to 1"	0.0512755197319694	0.0457596797304112	174	"success"	"pgls5_castespolymorphic"
"OG0000529_00"	0.00175792203342424	0.854307141724022	0.534169847775632	"1e-05 to 1"	0.000282119860597642	-0.00553019339602678	174	"success"	"pgls5_castespolymorphic"
"OG0000530_00"	-0.00864159873681321	0.353886178977876	1	"1e-05 to 1"	0.00540783333202855	-0.000374679264878219	174	"success"	"pgls5_castespolymorphic"
"OG0000531_00"	0.0145406610995097	0.282252781557467	1e-05	"1e-05 to 1"	0.00996041611025379	0.00420437201787149	174	"success"	"pgls5_castespolymorphic"
"OG0000532_00"	0.00920278327233093	0.571191616302956	0.687715079889484	"1e-05 to 1"	0.00203406166395029	-0.00376806588451517	174	"success"	"pgls5_castespolymorphic"
"OG0000533_00"	-0.00385004522376319	0.829206611991862	1	"1e-05 to 1"	0.000315438469320357	-0.00549668107446255	174	"success"	"pgls5_castespolymorphic"
"OG0000534_00"	0.000931957432924406	0.962977211618234	0.61937988458597	"1e-05 to 1"	1.35084101400067e-05	-0.00580036654096383	174	"success"	"pgls5_castespolymorphic"
"OG0000535_00"	-0.00628116400707769	0.332954912315998	0.926238969261379	"1e-05 to 1"	0.00593384631886476	0.000154391936997733	174	"success"	"pgls5_castespolymorphic"
"OG0000536_00"	0.00831856915368246	0.463716570465109	1	"1e-05 to 1"	0.00480369538868133	-0.00098232963812861	174	"success"	"pgls5_castespolymorphic"
"OG0000537_00"	0.00778769110992218	0.538873798747146	0.971054654401976	"1e-05 to 1"	0.00235006278063349	-0.00345022755203717	174	"success"	"pgls5_castespolymorphic"
"OG0000538_00"	0.0192142210441219	0.18233456867891	1	"1e-05 to 1"	0.0110884002935072	0.00533891424870203	174	"success"	"pgls5_castespolymorphic"
"OG0000541_00"	0.0183489856020892	0.238209433377678	1e-05	"1e-05 to 1"	0.00958112082290222	0.00382287152536087	174	"success"	"pgls5_castespolymorphic"
"OG0000542_00"	0.00718083311035237	0.492012522449438	0.983549696435926	"1e-05 to 1"	0.0031956893550734	-0.00259968454402482	174	"success"	"pgls5_castespolymorphic"
"OG0000543_00"	0.00289445210677139	0.540160176070351	0.635667507824593	"1e-05 to 1"	0.00242579580090839	-0.00337405422350501	174	"success"	"pgls5_castespolymorphic"
"OG0000544_00"	-0.00446853250492233	0.602019238527087	1	"1e-05 to 1"	0.00205041607956941	-0.00375161638508437	174	"success"	"pgls5_castespolymorphic"
"OG0000545_00"	0.0164736347599446	0.0970643207514619	0.748418298677791	"1e-05 to 1"	0.0169026009858729	0.0111869184334652	174	"success"	"pgls5_castespolymorphic"
"OG0000546_00"	0.0146268686457439	0.0655909340374627	1e-05	"1e-05 to 1"	0.026861491418669	0.0212037093920333	174	"success"	"pgls5_castespolymorphic"
"OG0000547_00"	-0.00509491300171228	0.662650262643411	1	"1e-05 to 1"	0.00126377929268155	-0.00454282664166339	174	"success"	"pgls5_castespolymorphic"
"OG0000548_00"	-0.00305932809056848	0.865747484506143	1	"1e-05 to 1"	0.000187405206580258	-0.00562545871663733	174	"success"	"pgls5_castespolymorphic"
"OG0000551_00"	0.00702351631948577	0.544852031058789	1e-05	"1e-05 to 1"	0.00229591043017915	-0.00350469474173853	174	"success"	"pgls5_castespolymorphic"
"OG0000552_00"	0.00622812073187163	0.203208844671656	1	"1e-05 to 1"	0.0101000498758529	0.00434481760768923	174	"success"	"pgls5_castespolymorphic"
"OG0000554_00"	0.000112627705335807	0.993140979917702	1	"1e-05 to 1"	6.51110213126696e-07	-0.00581329859263469	174	"success"	"pgls5_castespolymorphic"
"OG0000555_00"	0.00300344893141508	0.760303285763996	0.995243701647383	"1e-05 to 1"	0.000579737762319378	-0.00523084515766703	174	"success"	"pgls5_castespolymorphic"
"OG0000556_00"	0.000284283002262422	0.978297878365142	1	"1e-05 to 1"	5.80385560440128e-06	-0.00580811588942098	174	"success"	"pgls5_castespolymorphic"
"OG0000557_00"	0.0134062452303003	0.0725059123089919	0.74619378975666	"1e-05 to 1"	0.0200183952679478	0.0143208277985755	174	"success"	"pgls5_castespolymorphic"
"OG0000558_00"	0.0047155081233557	0.652910827397995	0.855358762152117	"1e-05 to 1"	0.0012752045395779	-0.00453133496891311	174	"success"	"pgls5_castespolymorphic"
"OG0000559_00"	-0.00192841631998025	0.810645953462507	0.977115941595325	"1e-05 to 1"	0.000472351044621492	-0.0053388562167469	174	"success"	"pgls5_castespolymorphic"
"OG0000560_00"	0.0321901623578548	0.0408194838533782	1	"1e-05 to 1"	0.0352719404751217	0.0296630564081166	174	"success"	"pgls5_castespolymorphic"
"OG0000561_00"	0.00717710019174403	0.429504714348798	1e-05	"1e-05 to 1"	0.00440129403576752	-0.00138707053379195	174	"success"	"pgls5_castespolymorphic"
"OG0000562_00"	-0.00780919149200837	0.713590194929449	1	"1e-05 to 1"	0.000958376568899859	-0.00485000496267629	174	"success"	"pgls5_castespolymorphic"
"OG0000563_00"	-0.00563073503199106	0.600346961863375	0.979541507644916	"1e-05 to 1"	0.0016980704580366	-0.00410601052767245	174	"success"	"pgls5_castespolymorphic"
"OG0000564_00"	-0.00711586439643427	0.340676331939388	1e-05	"1e-05 to 1"	0.00571156776956087	-6.91789294533507e-05	174	"success"	"pgls5_castespolymorphic"
"OG0000565_00"	-0.0782527960645484	0.0626083824358286	0.658091099076143	"1e-05 to 1"	0.0314472216533519	0.025816100849011	174	"success"	"pgls5_castespolymorphic"
"OG0000567_00"	6.53901374168299e-06	0.99928705318858	1e-05	"1e-05 to 1"	5.30512235487557e-09	-0.00581394815240599	174	"success"	"pgls5_castespolymorphic"
"OG0000568_00"	0.00698580562120981	0.341241318796388	1e-05	"1e-05 to 1"	0.00562744923735968	-0.000153786522888222	174	"success"	"pgls5_castespolymorphic"
"OG0000571_00"	0.00426434156654237	0.763823169749159	1e-05	"1e-05 to 1"	0.000702305613720633	-0.00510756470247853	174	"success"	"pgls5_castespolymorphic"
"OG0000572_00"	0.00429150271575998	0.565639122437682	1e-05	"1e-05 to 1"	0.00245075686346138	-0.00334894803849517	174	"success"	"pgls5_castespolymorphic"
"OG0000573_00"	-0.0155214326455167	0.213365802196991	0.819875760511103	"1e-05 to 1"	0.0097217031826721	0.00396427122443188	174	"success"	"pgls5_castespolymorphic"
"OG0000574_00"	-0.00264299635336044	0.893518096239561	0.712990820311849	"1e-05 to 1"	0.000191603157140147	-0.00562123635938816	174	"success"	"pgls5_castespolymorphic"
"OG0000575_00"	-0.0284308146083704	0.334983723596613	1	"1e-05 to 1"	0.0108126323030138	0.00506154295593819	174	"success"	"pgls5_castespolymorphic"
"OG0000576_00"	0.00420522567230827	0.214582509116453	1e-05	"1e-05 to 1"	0.0125966757950129	0.00685595879382106	174	"success"	"pgls5_castespolymorphic"
"OG0000577_00"	0.0269545664214802	0.00294796945604858	0.620200481104086	"1e-05 to 1"	0.0542414310526496	0.0487428347215604	174	"success"	"pgls5_castespolymorphic"
"OG0000578_00"	0.0155466516430004	0.160003513259873	1e-05	"1e-05 to 1"	0.0177070503592757	0.0119960448381088	174	"success"	"pgls5_castespolymorphic"
"OG0000579_00"	0.000464760439596015	0.969445467934678	0.837134032350846	"1e-05 to 1"	9.19853587867855e-06	-0.00580470147263368	174	"success"	"pgls5_castespolymorphic"
"OG0000580_00"	-0.00646809075961078	0.196018000012576	1	"1e-05 to 1"	0.010762272831891	0.00501089069719274	174	"success"	"pgls5_castespolymorphic"
"OG0000581_00"	0.00622766683590472	0.525760281016268	0.908745068274566	"1e-05 to 1"	0.00253669425984135	-0.00326251100608976	174	"success"	"pgls5_castespolymorphic"
"OG0000582_00"	0.0153040263971394	0.097811466614923	1	"1e-05 to 1"	0.0172516415636797	0.0115379883169571	174	"success"	"pgls5_castespolymorphic"
"OG0000588_00"	0.00870599466124382	0.431774069307491	0.847706181079129	"1e-05 to 1"	0.0038195792540837	-0.00197216737816008	174	"success"	"pgls5_castespolymorphic"
"OG0000589_00"	-0.00268531282729495	0.597340629914739	1	"1e-05 to 1"	0.0027184631833288	-0.00307968528653557	174	"success"	"pgls5_castespolymorphic"
"OG0000590_00"	0.0156132687251678	0.131002996393563	1	"1e-05 to 1"	0.0161006708918172	0.0103803259551418	174	"success"	"pgls5_castespolymorphic"
"OG0000591_00"	-0.0467912251565839	0.053760908536304	0.949211773208465	"1e-05 to 1"	0.0231971596793721	0.0175180733984382	174	"success"	"pgls5_castespolymorphic"
"OG0000592_00"	-0.00881206805874756	0.581949929025552	0.954293353189379	"1e-05 to 1"	0.00358040385665612	-0.00221273333022376	174	"success"	"pgls5_castespolymorphic"
"OG0000593_00"	-0.0146007402011965	0.440933126401603	0.753619416449595	"1e-05 to 1"	0.00504126140582394	-0.000743382423211925	174	"success"	"pgls5_castespolymorphic"
"OG0000594_00"	0.0141857665077693	0.470662868825475	0.687985178201067	"1e-05 to 1"	0.00347499100348251	-0.00231875904882273	174	"success"	"pgls5_castespolymorphic"
"OG0000595_00"	0.00508424101578469	0.626743709545127	0.763150981029818	"1e-05 to 1"	0.00150046796677539	-0.00430476187062712	174	"success"	"pgls5_castespolymorphic"
"OG0000596_00"	0.0107562121873098	0.278350251406212	0.507755946656883	"1e-05 to 1"	0.00762626617790499	0.00185665144638125	174	"success"	"pgls5_castespolymorphic"
"OG0000597_00"	0.0113366230908875	0.691177129626754	1	"1e-05 to 1"	0.00144016999107627	-0.00436541041595229	174	"success"	"pgls5_castespolymorphic"
"OG0000598_00"	0.00363518980779777	0.634129464162074	1e-05	"1e-05 to 1"	0.00140150137007535	-0.00440430385451718	174	"success"	"pgls5_castespolymorphic"
"OG0000599_00"	-0.00183035737208463	0.72079692043511	1	"1e-05 to 1"	0.000795507558418698	-0.0050138208860091	174	"success"	"pgls5_castespolymorphic"
"OG0000600_00"	-0.00967876353530621	0.265950090590712	0.853790902932579	"1e-05 to 1"	0.00787621977120773	0.00210805825824967	174	"success"	"pgls5_castespolymorphic"
"OG0000601_00"	0.0294238365030448	0.502405329830782	0.887800745449173	"1e-05 to 1"	0.00352200154353902	-0.00227147519167303	174	"success"	"pgls5_castespolymorphic"
"OG0000602_00"	-0.00227665200229955	0.695424913653946	1e-05	"1e-05 to 1"	0.000966563419091365	-0.00484177051451851	174	"success"	"pgls5_castespolymorphic"
"OG0000605_00"	-0.009076847914009	0.747183539159776	0.862241843801889	"1e-05 to 1"	0.000993876234132259	-0.00481429890404139	174	"success"	"pgls5_castespolymorphic"
"OG0000606_00"	0.010170945083444	0.42021118066047	1	"1e-05 to 1"	0.00757016027135281	0.00180021934269792	174	"success"	"pgls5_castespolymorphic"
"OG0000607_00"	-0.0108773911648582	0.490728723917798	0.886062047643784	"1e-05 to 1"	0.00466809882871997	-0.00111871455018275	174	"success"	"pgls5_castespolymorphic"
"OG0000609_00"	-0.0137995777231777	0.120264367414508	0.367499903960303	"1e-05 to 1"	0.0210426925117538	0.0153510802589153	174	"success"	"pgls5_castespolymorphic"
"OG0000610_00"	-0.0023109790314754	0.873471424331913	1	"1e-05 to 1"	0.000168494896674934	-0.00564447897020481	174	"success"	"pgls5_castespolymorphic"
"OG0000611_00"	-0.01101070370832	0.668874222910175	0.546331588861018	"1e-05 to 1"	0.00125639670054622	-0.00455025215584604	174	"success"	"pgls5_castespolymorphic"
"OG0000612_00"	0.015027549109082	0.565587078156613	0.88673425505395	"1e-05 to 1"	0.00264804877682745	-0.00315050907912129	174	"success"	"pgls5_castespolymorphic"
"OG0000613_00"	-0.00203482228217909	0.637621749607814	1	"1e-05 to 1"	0.00139003534916555	-0.00441583653833932	174	"success"	"pgls5_castespolymorphic"
"OG0000614_00"	0.00188839280287414	0.811172752807189	0.675549760643495	"1e-05 to 1"	0.000357800022969967	-0.00545407323271041	174	"success"	"pgls5_castespolymorphic"
"OG0000615_00"	-0.0126047300530385	0.167281755230736	0.645025940311831	"1e-05 to 1"	0.0118856694754653	0.00614081871660188	174	"success"	"pgls5_castespolymorphic"
"OG0000616_00"	0.00294552969273611	0.864078788533949	1	"1e-05 to 1"	0.000182562452740171	-0.00563032962602295	174	"success"	"pgls5_castespolymorphic"
"OG0000617_00"	0.00742935242868376	0.294835433869622	1e-05	"1e-05 to 1"	0.00712369753743517	0.00135116089521103	174	"success"	"pgls5_castespolymorphic"
"OG0000619_00"	0.0100846000941886	0.557429199375542	1e-05	"1e-05 to 1"	0.002738648917651	-0.00305938219329294	174	"success"	"pgls5_castespolymorphic"
"OG0000620_00"	-0.0189714227898969	0.425769428844788	1	"1e-05 to 1"	0.00423402993287998	-0.00155530710239393	174	"success"	"pgls5_castespolymorphic"
"OG0000621_00"	0.00217215926147107	0.858603328148341	1e-05	"1e-05 to 1"	0.00028460467866539	-0.00552769413134224	174	"success"	"pgls5_castespolymorphic"
"OG0000622_00"	0.00521535835058175	0.506793216791168	0.965055905052594	"1e-05 to 1"	0.00496699582187062	-0.000818079783816206	174	"success"	"pgls5_castespolymorphic"
"OG0000623_00"	0.0141975749713589	0.064685158876673	1e-05	"1e-05 to 1"	0.0235029903157983	0.0178256821199598	174	"success"	"pgls5_castespolymorphic"
"OG0000624_00"	-0.0016917845496323	0.53940697168002	1e-05	"1e-05 to 1"	0.00320028210176202	-0.00259506509532081	174	"success"	"pgls5_castespolymorphic"
"OG0000625_00"	0.00385236801893388	0.830933876297513	0.200729830107434	"1e-05 to 1"	0.000391198381334865	-0.00542048069784351	174	"success"	"pgls5_castespolymorphic"
"OG0000626_00"	0.00687168592528203	0.387812204282655	1	"1e-05 to 1"	0.00460722540404107	-0.00117994189012172	174	"success"	"pgls5_castespolymorphic"
"OG0000627_00"	0.0150876412358735	0.283336113060852	0.727236570567488	"1e-05 to 1"	0.00821700726811253	0.00245082707781086	174	"success"	"pgls5_castespolymorphic"
"OG0000628_00"	0.00963985947010993	0.538109742050159	0.924862009951052	"1e-05 to 1"	0.00235891011857859	-0.00344132877608083	174	"success"	"pgls5_castespolymorphic"
"OG0000629_00"	0.039015365368296	0.0629206214460483	0.368809658983174	"1e-05 to 1"	0.0241463201561856	0.018472752250117	174	"success"	"pgls5_castespolymorphic"
"OG0000630_00"	0.00610119003245982	0.54752733822682	1	"1e-05 to 1"	0.00366595735866874	-0.00212668242412972	174	"success"	"pgls5_castespolymorphic"
"OG0000632_00"	-0.0125414498451272	0.354683171834624	1	"1e-05 to 1"	0.00720280634945421	0.0014307296421836	174	"success"	"pgls5_castespolymorphic"
"OG0000633_00"	-0.00227941826754166	0.821493498419931	0.930718897156502	"1e-05 to 1"	0.000315158738681921	-0.00549696243144204	174	"success"	"pgls5_castespolymorphic"
"OG0000635_00"	0.00470970819054972	0.611377112715329	1e-05	"1e-05 to 1"	0.00223275758621923	-0.00356821475339575	174	"success"	"pgls5_castespolymorphic"
"OG0000637_00"	-0.0043674548948452	0.473649398307484	1	"1e-05 to 1"	0.00414881564449384	-0.00164101682268925	174	"success"	"pgls5_castespolymorphic"
"OG0000638_00"	0.0127249283780753	0.0255532926435951	1e-05	"1e-05 to 1"	0.030587426565863	0.0249513069528738	174	"success"	"pgls5_castespolymorphic"
"OG0000639_00"	-0.0213749983189757	0.21246772326755	0.897614073273859	"1e-05 to 1"	0.0097597566240394	0.00400254590673732	174	"success"	"pgls5_castespolymorphic"
"OG0000640_00"	-0.00748398902701451	0.67993091796898	1	"1e-05 to 1"	0.0010732578000647	-0.00473445581737675	174	"success"	"pgls5_castespolymorphic"
"OG0000641_00"	-0.0106170615709189	0.729127849904855	0.827562609122696	"1e-05 to 1"	0.000812640619157027	-0.00499658821445248	174	"success"	"pgls5_castespolymorphic"
"OG0000644_00"	-0.0213269801402408	0.333306995269664	1e-05	"1e-05 to 1"	0.0058879626683552	0.000108241521078134	174	"success"	"pgls5_castespolymorphic"
"OG0000645_00"	0.0218700941776342	0.0222854098409941	1e-05	"1e-05 to 1"	0.0326198649313562	0.0269955618204919	174	"success"	"pgls5_castespolymorphic"
"OG0000646_00"	0.0169866763644125	0.252856988773346	0.961656963747647	"1e-05 to 1"	0.00816361187078008	0.00239712124212177	174	"success"	"pgls5_castespolymorphic"
"OG0000648_00"	-0.0065903343222453	0.503881735777274	0.976539668048347	"1e-05 to 1"	0.00288740054115684	-0.00290976573476653	174	"success"	"pgls5_castespolymorphic"
"OG0000649_00"	0.00429119160594278	0.641107810826014	0.697986615420076	"1e-05 to 1"	0.00136142415028044	-0.00444461408140406	174	"success"	"pgls5_castespolymorphic"
"OG0000650_00"	0.0011223098461716	0.861562509793874	1e-05	"1e-05 to 1"	0.000216418626288322	-0.00559627661425655	174	"success"	"pgls5_castespolymorphic"
"OG0000651_00"	-0.016358719746823	0.188712076890712	1	"1e-05 to 1"	0.0118035159970026	0.00605818760163646	174	"success"	"pgls5_castespolymorphic"
"OG0000652_00"	0.00397351449655459	0.547285621990533	1	"1e-05 to 1"	0.00390798128516018	-0.00188325138178635	174	"success"	"pgls5_castespolymorphic"
"OG0000653_00"	-0.0162225724776996	0.379031389846491	0.970492684440179	"1e-05 to 1"	0.00944982534221613	0.00369081269885685	174	"success"	"pgls5_castespolymorphic"
"OG0000654_00"	0.0365671216694262	0.0839349755333021	0.976174448827954	"1e-05 to 1"	0.018552893200058	0.0128468053698257	174	"success"	"pgls5_castespolymorphic"
"OG0000655_00"	-0.00516567196810758	0.740614402186254	0.826188743517884	"1e-05 to 1"	0.000758097877197728	-0.00505144806537672	174	"success"	"pgls5_castespolymorphic"
"OG0000656_00"	0.0300002398992387	0.127167996888044	1e-05	"1e-05 to 1"	0.0145723941857081	0.00884316391934592	174	"success"	"pgls5_castespolymorphic"
"OG0000657_00"	-0.0142186453527047	0.0768717598980979	0.761925190592773	"1e-05 to 1"	0.0221859523149113	0.0165009869213932	174	"success"	"pgls5_castespolymorphic"
"OG0000658_00"	0.00451756894891622	0.457451538941228	1e-05	"1e-05 to 1"	0.00347734523185191	-0.00231639113307924	174	"success"	"pgls5_castespolymorphic"
"OG0000659_00"	0.0214282675845968	0.138850288066334	1e-05	"1e-05 to 1"	0.0136405087846007	0.00790586057985998	174	"success"	"pgls5_castespolymorphic"
"OG0000660_00"	0.0123423191518581	0.297241518441738	1	"1e-05 to 1"	0.00709940843667647	0.00132673057875021	174	"success"	"pgls5_castespolymorphic"
"OG0000663_00"	0.0156086529632029	0.466430357812694	1	"1e-05 to 1"	0.00331997434882281	-0.00247467696310277	174	"success"	"pgls5_castespolymorphic"
"OG0000664_00"	-0.0154649064627822	0.364524849781088	0.761749167178069	"1e-05 to 1"	0.00734716900994712	0.00157593162047009	174	"success"	"pgls5_castespolymorphic"
"OG0000666_00"	0.00304050330315145	0.788368676959021	0.553049385367104	"1e-05 to 1"	0.000634633080097191	-0.00517563068106508	174	"success"	"pgls5_castespolymorphic"
"OG0000667_00"	0.00543145988375342	0.213615949519387	1e-05	"1e-05 to 1"	0.0154247246617581	0.0097004498051404	174	"success"	"pgls5_castespolymorphic"
"OG0000668_00"	-0.00301643657110263	0.671978143378611	1e-05	"1e-05 to 1"	0.00121482652016513	-0.00459206402332213	174	"success"	"pgls5_castespolymorphic"
"OG0000669_00"	0.0114722967680386	0.25881003842459	1e-05	"1e-05 to 1"	0.00796250058407207	0.00219484070374698	174	"success"	"pgls5_castespolymorphic"
"OG0000670_00"	0.0308392924793769	0.0261398082580722	1	"1e-05 to 1"	0.0355904797225968	0.0299834476279607	174	"success"	"pgls5_castespolymorphic"
"OG0000671_00"	0.00462001155523578	0.570440491320246	0.904765352720124	"1e-05 to 1"	0.00204200265583038	-0.00376007872407746	174	"success"	"pgls5_castespolymorphic"
"OG0000672_00"	0.00675172525788856	0.634074997287183	0.859744926822273	"1e-05 to 1"	0.00158872731733743	-0.00421598938430612	174	"success"	"pgls5_castespolymorphic"
"OG0000675_00"	0.0200560245991934	0.373041892929184	0.811518312301514	"1e-05 to 1"	0.00656341185810848	0.000787617741004443	174	"success"	"pgls5_castespolymorphic"
"OG0000676_00"	0.014970323867871	0.181425210371795	1	"1e-05 to 1"	0.0189189592637893	0.0132149997246253	174	"success"	"pgls5_castespolymorphic"
"OG0000677_00"	-0.0168668906547062	0.531881115500775	1	"1e-05 to 1"	0.00264594272250291	-0.00315262737794764	174	"success"	"pgls5_castespolymorphic"
"OG0000678_00"	0.00865486133408446	0.0778339043816565	1e-05	"1e-05 to 1"	0.0190698884063193	0.0133668063621699	174	"success"	"pgls5_castespolymorphic"
"OG0000679_00"	-0.0043661048291804	0.601438690618332	1	"1e-05 to 1"	0.00176433113850178	-0.00403936461069287	174	"success"	"pgls5_castespolymorphic"
"OG0000680_00"	0.022811557335449	0.00788236263232411	0.63859876029714	"1e-05 to 1"	0.0438349104415435	0.0382758110836455	174	"success"	"pgls5_castespolymorphic"
"OG0000682_00"	0.050456907143719	0.00580538480179227	1e-05	"1e-05 to 1"	0.0607088004139777	0.0552478050675473	174	"success"	"pgls5_castespolymorphic"
"OG0000683_00"	-0.0202238909545524	0.197073115555887	0.349694354671419	"1e-05 to 1"	0.0165835710334637	0.0108660336557512	174	"success"	"pgls5_castespolymorphic"
"OG0000684_00"	-0.00237579033526653	0.833652845701764	1e-05	"1e-05 to 1"	0.000289189250970985	-0.00552308290454651	174	"success"	"pgls5_castespolymorphic"
"OG0000685_00"	-0.00990306623330606	0.631068187996406	0.834501292790131	"1e-05 to 1"	0.00189624840175885	-0.00390668038660302	174	"success"	"pgls5_castespolymorphic"
"OG0000687_00"	-0.0188631088473416	0.117320386347968	0.576176665093915	"1e-05 to 1"	0.015954696424814	0.010233502799377	174	"success"	"pgls5_castespolymorphic"
"OG0000688_00"	0.000223434585042984	0.985152508453497	1e-05	"1e-05 to 1"	3.7038855532538e-06	-0.00581022806860054	174	"success"	"pgls5_castespolymorphic"
"OG0000692_00"	4.87365480211817e-05	0.996730533588252	1	"1e-05 to 1"	1.23010015859135e-07	-0.00581382976318179	174	"success"	"pgls5_castespolymorphic"
"OG0000693_00"	0.0245600433890099	0.323557456116783	0.94252559106642	"1e-05 to 1"	0.00721919204236787	0.0014472106007537	174	"success"	"pgls5_castespolymorphic"
"OG0000694_00"	-0.0155795091375679	0.428871449607183	0.951133637362898	"1e-05 to 1"	0.00454145760394265	-0.00124609206115078	174	"success"	"pgls5_castespolymorphic"
"OG0000695_00"	0.00041503187787456	0.950247121437893	1	"1e-05 to 1"	3.83566018537189e-05	-0.0057753738830193	174	"success"	"pgls5_castespolymorphic"
"OG0000696_00"	-0.000525037589417499	0.930429462218511	1e-05	"1e-05 to 1"	9.70898600164055e-05	-0.00571629915242533	174	"success"	"pgls5_castespolymorphic"
"OG0000697_00"	-0.00851842305091917	0.179668808071481	1e-05	"1e-05 to 1"	0.011085758243947	0.00533625683838856	174	"success"	"pgls5_castespolymorphic"
"OG0000698_00"	-0.00298737444512251	0.597128980249471	0.29213156110616	"1e-05 to 1"	0.00198625192239758	-0.00381615358968168	174	"success"	"pgls5_castespolymorphic"
"OG0000699_00"	-0.0162563695296157	0.420953659546299	0.854055471321895	"1e-05 to 1"	0.00444128781898752	-0.00134684422857645	174	"success"	"pgls5_castespolymorphic"
"OG0000700_00"	0.00627900447308004	0.745026959232106	1e-05	"1e-05 to 1"	0.000768843772392021	-0.00504063969404744	174	"success"	"pgls5_castespolymorphic"
"OG0000701_00"	-0.00311330601559549	0.64130265390857	1	"1e-05 to 1"	0.00171426589165666	-0.00408972093455451	174	"success"	"pgls5_castespolymorphic"
"OG0000702_00"	0.0025259352374795	0.67294059450183	1	"1e-05 to 1"	0.0011754182682495	-0.00463170139298152	174	"success"	"pgls5_castespolymorphic"
"OG0000703_00"	-0.00625562031352414	0.482696634450267	0.736464109140276	"1e-05 to 1"	0.00331275936050522	-0.00248193389902673	174	"success"	"pgls5_castespolymorphic"
"OG0000704_00"	-0.00245502376129105	0.914319921457345	1	"1e-05 to 1"	7.44398114956366e-05	-0.00573908088727482	174	"success"	"pgls5_castespolymorphic"
"OG0000705_00"	0.0120799330958139	0.00584208517702578	0.761763495817947	"1e-05 to 1"	0.0468075431772249	0.0412657265677902	174	"success"	"pgls5_castespolymorphic"
"OG0000706_00"	-0.0127480828045378	0.370524579458412	1	"1e-05 to 1"	0.00517683936445325	-0.00060701622063708	174	"success"	"pgls5_castespolymorphic"
"OG0000707_00"	-0.00397614700305694	0.749045628078848	0.975723537621227	"1e-05 to 1"	0.000717876244894688	-0.00509190354437905	174	"success"	"pgls5_castespolymorphic"
"OG0000708_00"	-0.00216742245082948	0.528521360575217	1	"1e-05 to 1"	0.00263592987641524	-0.00316269843825689	174	"success"	"pgls5_castespolymorphic"
"OG0000709_00"	0.00271994334711455	0.840625602057058	0.963987207184974	"1e-05 to 1"	0.000260019649438101	-0.00555242209678619	174	"success"	"pgls5_castespolymorphic"
"OG0000711_00"	0.0362647590708943	0.0222980236749735	0.781285494881109	"1e-05 to 1"	0.0404422197934538	0.0348633954899275	174	"success"	"pgls5_castespolymorphic"
"OG0000712_00"	-0.00428080033109758	0.66617597410001	1e-05	"1e-05 to 1"	0.00126954620171954	-0.00453702620408447	174	"success"	"pgls5_castespolymorphic"
"OG0000713_00"	0.00419825065929421	0.759452378044624	1	"1e-05 to 1"	0.00107093307875198	-0.00473679405451111	174	"success"	"pgls5_castespolymorphic"
"OG0000714_00"	0.00077893732687419	0.950322367533967	0.85672073824896	"1e-05 to 1"	2.80249424089303e-05	-0.00578576561025135	174	"success"	"pgls5_castespolymorphic"
"OG0000715_00"	0.0302758693254552	0.292425581193962	1e-05	"1e-05 to 1"	0.0127320678832557	0.00699213804536758	174	"success"	"pgls5_castespolymorphic"
"OG0000716_01"	-0.00659678766119901	0.347378158366133	1	"1e-05 to 1"	0.00901548938891935	0.00325395153652941	174	"success"	"pgls5_castespolymorphic"
"OG0000717_00"	0.0114276502038278	0.548692946362502	0.8802993025998	"1e-05 to 1"	0.00246884798354809	-0.00333075173747788	174	"success"	"pgls5_castespolymorphic"
"OG0000718_00"	0.00992378707015532	0.679010637115154	1e-05	"1e-05 to 1"	0.00106635192337227	-0.0047414018445151	174	"success"	"pgls5_castespolymorphic"
"OG0000719_00"	0.0125559637086102	0.462580593938434	0.766012821415236	"1e-05 to 1"	0.00337760694077803	-0.00241670929793836	174	"success"	"pgls5_castespolymorphic"
"OG0000720_00"	0.0251088049176021	0.179945492908898	0.912735608434963	"1e-05 to 1"	0.0113513337987281	0.00560337643709274	174	"success"	"pgls5_castespolymorphic"
"OG0000721_00"	0.0101849681184296	0.304344164239475	0.956613427978747	"1e-05 to 1"	0.00659293469234959	0.000817312219630661	174	"success"	"pgls5_castespolymorphic"
"OG0000722_00"	-0.00582422817806965	0.694444540364206	1e-05	"1e-05 to 1"	0.00101139032463911	-0.00479668298742686	174	"success"	"pgls5_castespolymorphic"
"OG0000723_00"	0.0060192807100765	0.593523466122995	1e-05	"1e-05 to 1"	0.00267127844446681	-0.00312714435527472	174	"success"	"pgls5_castespolymorphic"
"OG0000724_00"	0.00453823664216988	0.691305711425369	1	"1e-05 to 1"	0.00104712300584875	-0.00476074255807069	174	"success"	"pgls5_castespolymorphic"
"OG0000725_00"	-0.00442765188929838	0.492465837069208	1	"1e-05 to 1"	0.00363146094125384	-0.00216137940211092	174	"success"	"pgls5_castespolymorphic"
"OG0000726_00"	-0.031621510321831	0.361636312017903	0.534317885187034	"1e-05 to 1"	0.00778355172602108	0.0020148514453584	174	"success"	"pgls5_castespolymorphic"
"OG0000727_00"	-0.00323123241015405	0.727532636004517	1e-05	"1e-05 to 1"	0.000811633684135771	-0.00499760100374713	174	"success"	"pgls5_castespolymorphic"
"OG0000728_00"	0.000219531300035647	0.956992628239049	0.331202903066235	"1e-05 to 1"	2.14624696251986e-05	-0.00579236623694679	174	"success"	"pgls5_castespolymorphic"
"OG0000729_00"	-0.00118174119148012	0.855635532225197	0.13031894213824	"1e-05 to 1"	0.000208806873667898	-0.00560393262125269	174	"success"	"pgls5_castespolymorphic"
"OG0000730_00"	0.0170164090012805	0.0480079381366867	0.564929857766819	"1e-05 to 1"	0.0243649090720279	0.0186926120317491	174	"success"	"pgls5_castespolymorphic"
"OG0000731_00"	0.00154734769711283	0.81675615771148	1	"1e-05 to 1"	0.000338702828396567	-0.00547328145748494	174	"success"	"pgls5_castespolymorphic"
"OG0000732_00"	0.00206739913031463	0.750986990219797	0.949853324306404	"1e-05 to 1"	0.000635148485599408	-0.00517511227901912	174	"success"	"pgls5_castespolymorphic"
"OG0000733_00"	-0.00151467689149527	0.875049380218007	1	"1e-05 to 1"	0.000159002230064852	-0.0056540268267371	174	"success"	"pgls5_castespolymorphic"
"OG0000734_00"	0.00497759628187347	0.486890437249698	1e-05	"1e-05 to 1"	0.00372575705169828	-0.00206653505846632	174	"success"	"pgls5_castespolymorphic"
"OG0000735_00"	0.00237454469649138	0.76669443687284	1e-05	"1e-05 to 1"	0.000544937079661819	-0.00526584816987485	174	"success"	"pgls5_castespolymorphic"
"OG0000736_00"	-0.00824460848618506	0.58735427447809	0.726898703383488	"1e-05 to 1"	0.0018331682060622	-0.00397012732762358	174	"success"	"pgls5_castespolymorphic"
"OG0000737_00"	-0.0299993880738059	0.0501511490713875	1	"1e-05 to 1"	0.0240635461420033	0.0183894969916661	174	"success"	"pgls5_castespolymorphic"
"OG0000739_00"	0.0104665478282725	0.0820437805282832	1	"1e-05 to 1"	0.0195069706408292	0.0138064297724619	174	"success"	"pgls5_castespolymorphic"
"OG0000740_00"	-0.00670352154403355	0.330189573510429	0.93648031580602	"1e-05 to 1"	0.00628017891758353	0.000502738097336808	174	"success"	"pgls5_castespolymorphic"
"OG0000741_00"	0.00874854917671442	0.206929260303481	1e-05	"1e-05 to 1"	0.0141832674240135	0.00845177479275783	174	"success"	"pgls5_castespolymorphic"
"OG0000742_00"	-0.000513041321556066	0.907657133512815	1	"1e-05 to 1"	8.43512352678267e-05	-0.00572911183894576	174	"success"	"pgls5_castespolymorphic"
"OG0000744_00"	0.00803388194119186	0.328264950835582	1e-05	"1e-05 to 1"	0.00612728543996394	0.000348955704149723	174	"success"	"pgls5_castespolymorphic"
"OG0000745_00"	0.00730215451499602	0.797302969771979	0.778004329068264	"1e-05 to 1"	0.000649695411939854	-0.00516048077752562	174	"success"	"pgls5_castespolymorphic"
"OG0000746_00"	0.0109474877031259	0.253426504536545	1	"1e-05 to 1"	0.0080436746958726	0.00227648675805792	174	"success"	"pgls5_castespolymorphic"
"OG0000747_00"	-0.00255463264522501	0.86557658649141	0.960800015910647	"1e-05 to 1"	0.000237775809432957	-0.00557479526144244	174	"success"	"pgls5_castespolymorphic"
"OG0000748_00"	0.0154926079971655	0.0467036387044004	1	"1e-05 to 1"	0.0312752596198121	0.0256431390362063	174	"success"	"pgls5_castespolymorphic"
"OG0000749_00"	-0.00870044712258641	0.551618891554312	0.852593232370847	"1e-05 to 1"	0.00221962085626771	-0.00358142785968441	174	"success"	"pgls5_castespolymorphic"
"OG0000750_00"	0.00222587255169373	0.708522260244439	1	"1e-05 to 1"	0.00088695062750643	-0.00492184617117086	174	"success"	"pgls5_castespolymorphic"
"OG0000751_00"	0.0162522890102496	0.0148813881906538	1e-05	"1e-05 to 1"	0.0369530609754681	0.0313539508648604	174	"success"	"pgls5_castespolymorphic"
"OG0000752_00"	0.00650694948974373	0.28978049772423	1e-05	"1e-05 to 1"	0.00727395465549265	0.00150229160116411	174	"success"	"pgls5_castespolymorphic"
"OG0000753_00"	0.0262514935715417	0.0446384870907015	1e-05	"1e-05 to 1"	0.0267874846617251	0.0211292723632468	174	"success"	"pgls5_castespolymorphic"
"OG0000754_00"	0.0167319399515877	0.201826149147238	1e-05	"1e-05 to 1"	0.0104889216655052	0.00473595027983953	174	"success"	"pgls5_castespolymorphic"
"OG0000755_00"	-0.00318834971963686	0.768780421509874	1e-05	"1e-05 to 1"	0.000796159664584979	-0.00501316498852789	174	"success"	"pgls5_castespolymorphic"
"OG0000756_00"	0.00549659294753192	0.568112347252253	0.9637713539601	"1e-05 to 1"	0.00317394615255238	-0.00262155416051413	174	"success"	"pgls5_castespolymorphic"
"OG0000757_00"	-0.00307945485332459	0.813530806121247	1	"1e-05 to 1"	0.000350954437730597	-0.005460958617864	174	"success"	"pgls5_castespolymorphic"
"OG0000758_00"	-0.00186693256984586	0.852545086514368	1	"1e-05 to 1"	0.000217946290465596	-0.00559474006831073	174	"success"	"pgls5_castespolymorphic"
"OG0000759_00"	0.0188310477243458	0.0314889540546173	1	"1e-05 to 1"	0.037358419377277	0.0317616660015634	174	"success"	"pgls5_castespolymorphic"
"OG0000760_00"	-0.00654190618494727	0.26524727797469	1e-05	"1e-05 to 1"	0.0078000388597782	0.00203143443454434	174	"success"	"pgls5_castespolymorphic"
"OG0000761_00"	0.00869495603330648	0.300443804035409	1	"1e-05 to 1"	0.0066171199096775	0.00084163804868731	174	"success"	"pgls5_castespolymorphic"
"OG0000763_00"	0.00317146640698547	0.624076486885784	1	"1e-05 to 1"	0.0014953186529142	-0.0043099411223595	174	"success"	"pgls5_castespolymorphic"
"OG0000764_00"	0.031606233910701	0.0414017651634766	1e-05	"1e-05 to 1"	0.0353714092138513	0.0297631034534668	174	"success"	"pgls5_castespolymorphic"
"OG0000765_00"	-0.00902727698952958	0.24929247727029	1e-05	"1e-05 to 1"	0.0086093326977941	0.00284543346929289	174	"success"	"pgls5_castespolymorphic"
"OG0000766_00"	0.000490749132374352	0.969893489317745	1	"1e-05 to 1"	8.87498940887136e-06	-0.00580502690018747	174	"success"	"pgls5_castespolymorphic"
"OG0000768_00"	-0.0225349240509399	0.0932423756373499	1	"1e-05 to 1"	0.0247328397348615	0.0190626818263432	174	"success"	"pgls5_castespolymorphic"
"OG0000769_00"	-0.00546338554291974	0.752670214888047	1	"1e-05 to 1"	0.000663995602055713	-0.00514609744676942	174	"success"	"pgls5_castespolymorphic"
"OG0000770_00"	0.0039781986920763	0.294792794842922	1e-05	"1e-05 to 1"	0.00884799652032609	0.0030854848721884	174	"success"	"pgls5_castespolymorphic"
"OG0000771_00"	-0.0131416627302475	0.199233670851506	1	"1e-05 to 1"	0.0134718992192446	0.00773627072633321	174	"success"	"pgls5_castespolymorphic"
"OG0000774_00"	-0.00322398930758229	0.551727503191923	0.964530006597701	"1e-05 to 1"	0.00219096842265768	-0.00361024687721057	174	"success"	"pgls5_castespolymorphic"
"OG0000775_00"	-0.00660077797376026	0.366717873019057	1e-05	"1e-05 to 1"	0.00509513152281084	-0.000689199107870353	174	"success"	"pgls5_castespolymorphic"
"OG0000776_00"	-0.000293081486019038	0.973692673379807	1e-05	"1e-05 to 1"	6.775667960708e-06	-0.00580713842699287	174	"success"	"pgls5_castespolymorphic"
"OG0000777_00"	-0.00409581762831309	0.676766921439869	1	"1e-05 to 1"	0.00117752337123347	-0.00462958405102687	174	"success"	"pgls5_castespolymorphic"
"OG0000778_00"	-0.00457288246550372	0.556969921577509	0.983837328219099	"1e-05 to 1"	0.00216052125087436	-0.00364087106743449	174	"success"	"pgls5_castespolymorphic"
"OG0000779_00"	0.000417935619897383	0.973891937522432	1	"1e-05 to 1"	6.63205561149155e-06	-0.00580728287429788	174	"success"	"pgls5_castespolymorphic"
"OG0000780_00"	-0.00461082997112985	0.766504806745155	0.61828964208175	"1e-05 to 1"	0.000601721125947464	-0.00520873398378541	174	"success"	"pgls5_castespolymorphic"
"OG0000781_00"	0.0014078096591474	0.87978309031796	1	"1e-05 to 1"	0.00014900963715618	-0.00566407751611608	174	"success"	"pgls5_castespolymorphic"
"OG0000782_00"	0.00172185451621867	0.705592449383706	1e-05	"1e-05 to 1"	0.00088331628238624	-0.00492550164620464	174	"success"	"pgls5_castespolymorphic"
"OG0000783_00"	-0.00598362253027808	0.4443266631281	1e-05	"1e-05 to 1"	0.0042154857195621	-0.00157395913090563	174	"success"	"pgls5_castespolymorphic"
"OG0000785_00"	-0.0566006819377672	0.00684500022856938	1	"1e-05 to 1"	0.0517960719941283	0.0462832584592104	174	"success"	"pgls5_castespolymorphic"
"OG0000786_00"	-0.00150363738824768	0.864165327071009	1e-05	"1e-05 to 1"	0.000220852686980612	-0.00559181677414156	174	"success"	"pgls5_castespolymorphic"
"OG0000787_00"	0.0114710101895781	0.0351768045952974	1e-05	"1e-05 to 1"	0.0284886927032557	0.0228403711492048	174	"success"	"pgls5_castespolymorphic"
"OG0000788_00"	0.000300582326772699	0.963895883440551	1	"1e-05 to 1"	2.16813987763233e-05	-0.00579214603495171	174	"success"	"pgls5_castespolymorphic"
"OG0000789_00"	0.00239136822995097	0.85416043732173	0.93328261950863	"1e-05 to 1"	0.00030571559453317	-0.00550646047759162	174	"success"	"pgls5_castespolymorphic"
"OG0000790_00"	0.0169874278709084	0.158551976239598	1e-05	"1e-05 to 1"	0.0123863882291353	0.00664444862581626	174	"success"	"pgls5_castespolymorphic"
"OG0000791_00"	0.0191775513630194	0.253945073632721	0.72800355756878	"1e-05 to 1"	0.00833458646561379	0.00256908987529758	174	"success"	"pgls5_castespolymorphic"
"OG0000792_00"	0.00283224063807646	0.738228163772997	0.988300817824776	"1e-05 to 1"	0.000741847127686123	-0.00506779329599016	174	"success"	"pgls5_castespolymorphic"
"OG0000793_00"	-0.0501270353664521	0.00585204110990878	0.986389649487258	"1e-05 to 1"	0.0467890817945786	0.0412471578515238	174	"success"	"pgls5_castespolymorphic"
"OG0000794_00"	-0.0109095135905079	0.176694734751654	1	"1e-05 to 1"	0.0112378814286366	0.00548926446019837	174	"success"	"pgls5_castespolymorphic"
"OG0000795_00"	-0.0379073111280569	0.00823856416058266	0.461115236282319	"1e-05 to 1"	0.0640253562912996	0.0585836432464816	174	"success"	"pgls5_castespolymorphic"
"OG0000796_00"	-0.0246779116288223	0.148491795689909	0.994607846815561	"1e-05 to 1"	0.0129229926876792	0.00718417287772388	174	"success"	"pgls5_castespolymorphic"
"OG0000797_00"	-0.00168391649028356	0.914680020576917	0.672086558531257	"1e-05 to 1"	7.28757739456441e-05	-0.00574065401806645	174	"success"	"pgls5_castespolymorphic"
"OG0000798_00"	-0.0130034749445698	0.531588809016258	1	"1e-05 to 1"	0.0024816853961229	-0.00331783968878341	174	"success"	"pgls5_castespolymorphic"
"OG0000799_00"	-0.000476439240288964	0.93682740391542	1e-05	"1e-05 to 1"	3.98836523521324e-05	-0.00577383795432018	174	"success"	"pgls5_castespolymorphic"
"OG0000802_00"	0.0321854562664238	0.0347236026511872	1e-05	"1e-05 to 1"	0.0290012187074602	0.0233558769557594	174	"success"	"pgls5_castespolymorphic"
"OG0000806_00"	-0.0135669096312941	0.265351167093223	0.939260373917613	"1e-05 to 1"	0.00799770477054463	0.00223024956572215	174	"success"	"pgls5_castespolymorphic"
"OG0000807_00"	0.00522289093599966	0.141088023104182	1e-05	"1e-05 to 1"	0.0154071602844254	0.00968278330933503	174	"success"	"pgls5_castespolymorphic"
"OG0000808_00"	0.00519613667698651	0.363997490856375	1e-05	"1e-05 to 1"	0.00763620909344895	0.0018666521695736	174	"success"	"pgls5_castespolymorphic"
"OG0000809_00"	0.000893899765980064	0.956934087434449	1e-05	"1e-05 to 1"	3.76261982745263e-05	-0.00577610853313071	174	"success"	"pgls5_castespolymorphic"
"OG0000810_00"	0.00679638273482908	0.657680600653873	0.807122666888782	"1e-05 to 1"	0.00121506490418112	-0.00459182425335269	174	"success"	"pgls5_castespolymorphic"
"OG0000811_00"	-0.00419069455639534	0.758576308836326	1	"1e-05 to 1"	0.000599592077066896	-0.00521087541085707	174	"success"	"pgls5_castespolymorphic"
"OG0000812_00"	-0.0266947639403375	0.0201029761977427	0.878870543766301	"1e-05 to 1"	0.0396625926823902	0.0340792356631017	174	"success"	"pgls5_castespolymorphic"
"OG0000814_00"	0.0225770140559454	0.134310427003659	0.972605565055276	"1e-05 to 1"	0.0139577447128057	0.00822494090299641	174	"success"	"pgls5_castespolymorphic"
"OG0000815_00"	0.029775075307488	0.102485419818863	1	"1e-05 to 1"	0.0166820566592056	0.0109650918723405	174	"success"	"pgls5_castespolymorphic"
"OG0000816_00"	0.00891361094965844	0.0645510919424499	1e-05	"1e-05 to 1"	0.021593335362393	0.0159049245214767	174	"success"	"pgls5_castespolymorphic"
"OG0000817_00"	-0.0080324515193175	0.190592630251342	1e-05	"1e-05 to 1"	0.0108173659208425	0.0050663040948008	174	"success"	"pgls5_castespolymorphic"
"OG0000818_00"	0.0029648891300484	0.589151394379481	1	"1e-05 to 1"	0.00183849643701307	-0.0039647681185857	174	"success"	"pgls5_castespolymorphic"
"OG0000820_00"	0.00887776374250158	0.524084851138557	1	"1e-05 to 1"	0.00254124806680219	-0.003257930723507	174	"success"	"pgls5_castespolymorphic"
"OG0000821_00"	-0.00651567367127675	0.468220347581876	0.986516804670894	"1e-05 to 1"	0.00331417882169837	-0.00248050618515228	174	"success"	"pgls5_castespolymorphic"
"OG0000823_00"	-0.0316643068058735	0.222135014515062	0.447484290416337	"1e-05 to 1"	0.0103330827782289	0.00457920535252088	174	"success"	"pgls5_castespolymorphic"
"OG0000824_00"	-0.0112103207672132	0.516468710072369	0.963113941906432	"1e-05 to 1"	0.00272080201112295	-0.00307733286090528	174	"success"	"pgls5_castespolymorphic"
"OG0000825_00"	0.00890150110532141	0.503193689896906	0.0685774859222848	"1e-05 to 1"	0.00278857711132615	-0.00300916371942184	174	"success"	"pgls5_castespolymorphic"
"OG0000826_00"	0.0335283555937992	0.193939638004299	0.969485446587499	"1e-05 to 1"	0.0105236736327847	0.00477090429344051	174	"success"	"pgls5_castespolymorphic"
"OG0000828_00"	0.00775465078028016	0.409327959612817	1e-05	"1e-05 to 1"	0.00434037782953985	-0.00144834090400936	174	"success"	"pgls5_castespolymorphic"
"OG0000830_00"	0.00810247836121987	0.635313160850809	0.51834147946253	"1e-05 to 1"	0.00148353891597981	-0.00432178934613647	174	"success"	"pgls5_castespolymorphic"
"OG0000831_00"	-0.00664927859579377	0.641307494888559	0.855247676735231	"1e-05 to 1"	0.00136836942638296	-0.00443762842578921	174	"success"	"pgls5_castespolymorphic"
"OG0000832_00"	0.0171221263942108	0.179167953520099	0.939621121380789	"1e-05 to 1"	0.0136286445249441	0.00789392734194949	174	"success"	"pgls5_castespolymorphic"
"OG0000833_00"	0.00523353675878029	0.729647686850355	1e-05	"1e-05 to 1"	0.000762870108380364	-0.00504664808866395	174	"success"	"pgls5_castespolymorphic"
"OG0000834_00"	0.024117775833883	0.124663018633314	1e-05	"1e-05 to 1"	0.0200343332756632	0.0143368584691264	174	"success"	"pgls5_castespolymorphic"
"OG0000835_00"	-0.0161948914275146	0.256912350570225	0.744078062643355	"1e-05 to 1"	0.00850389542075979	0.00273938318483391	174	"success"	"pgls5_castespolymorphic"
"OG0000836_00"	0.00916393960789253	0.474072122778884	1e-05	"1e-05 to 1"	0.00326918536112856	-0.0025257612356091	174	"success"	"pgls5_castespolymorphic"
"OG0000837_00"	-0.00527754104200216	0.627683785136886	0.730232586860043	"1e-05 to 1"	0.00187245046110076	-0.00393061668738137	174	"success"	"pgls5_castespolymorphic"
"OG0000838_00"	-0.0280599464871882	0.14525575704937	1	"1e-05 to 1"	0.0133786532602067	0.00764248263962652	174	"success"	"pgls5_castespolymorphic"
"OG0000839_00"	0.0125634955588751	0.0410814768850856	1e-05	"1e-05 to 1"	0.0317071125921305	0.0260775027816195	174	"success"	"pgls5_castespolymorphic"
"OG0000840_00"	0.000725447532819594	0.951825930104796	1	"1e-05 to 1"	2.27401178090617e-05	-0.0057910811605757	174	"success"	"pgls5_castespolymorphic"
"OG0000841_00"	0.00369858277204953	0.578535918225919	0.987640250541658	"1e-05 to 1"	0.00194514574509467	-0.00385749875638752	174	"success"	"pgls5_castespolymorphic"
"OG0000843_00"	-0.00472746777503653	0.672193280906887	0.873800364410611	"1e-05 to 1"	0.00131083241430845	-0.0044954999553759	174	"success"	"pgls5_castespolymorphic"
"OG0000845_00"	-0.0706911137397085	0.00267415491665313	1	"1e-05 to 1"	0.0688006404848543	0.0633866907202313	174	"success"	"pgls5_castespolymorphic"
"OG0000846_00"	0.0100976705895137	0.440171123382483	0.50812053139904	"1e-05 to 1"	0.00426208588179402	-0.00152708803749801	174	"success"	"pgls5_castespolymorphic"
"OG0000847_00"	0.00572409823924015	0.600662963954489	0.675782036240188	"1e-05 to 1"	0.0016951295716082	-0.00410896851227771	174	"success"	"pgls5_castespolymorphic"
"OG0000848_00"	0.00856347348548337	0.330939245523645	1e-05	"1e-05 to 1"	0.0103898482776641	0.00463630088392963	174	"success"	"pgls5_castespolymorphic"
"OG0000849_00"	-0.014976706789185	0.328779378304269	0.65801840939082	"1e-05 to 1"	0.00607535615671265	0.00029672450646101	174	"success"	"pgls5_castespolymorphic"
"OG0000850_00"	0.016101863323043	0.12259032872765	1e-05	"1e-05 to 1"	0.0229888039737201	0.0173085063224045	174	"success"	"pgls5_castespolymorphic"
"OG0000851_00"	-0.00619926311227083	0.542401587266376	1e-05	"1e-05 to 1"	0.0023239709131712	-0.00347647111640348	174	"success"	"pgls5_castespolymorphic"
"OG0000852_00"	-0.00994010393336849	0.135178468755383	1	"1e-05 to 1"	0.0144354003387606	0.00870537359654422	174	"success"	"pgls5_castespolymorphic"
"OG0000854_00"	0.00979310472045746	0.107021289832111	1e-05	"1e-05 to 1"	0.016461346613581	0.0107430986287762	174	"success"	"pgls5_castespolymorphic"
"OG0000855_00"	0.0125448560025642	0.6036732980074	0.740593687514995	"1e-05 to 1"	0.00169880597800843	-0.00410527073142175	174	"success"	"pgls5_castespolymorphic"
"OG0000856_00"	0.0125159737090974	0.345287717441316	0.982043227437366	"1e-05 to 1"	0.00556872652241893	-0.000212850648962482	174	"success"	"pgls5_castespolymorphic"
"OG0000857_00"	0.00979647585580232	0.159665694325749	1e-05	"1e-05 to 1"	0.012716973105028	0.00697695550680133	174	"success"	"pgls5_castespolymorphic"
"OG0000858_00"	-0.00294306363070926	0.627167394789835	0.983420932064849	"1e-05 to 1"	0.00202300893724426	-0.00377918287126011	174	"success"	"pgls5_castespolymorphic"
"OG0000859_00"	0.0230154753717344	0.314281238775898	0.377834398073061	"1e-05 to 1"	0.00636822484458866	0.000591295919266543	174	"success"	"pgls5_castespolymorphic"
"OG0000860_00"	-0.0104209539738992	0.617652373573733	0.87376147808859	"1e-05 to 1"	0.00155131670562727	-0.00425361749957265	174	"success"	"pgls5_castespolymorphic"
"OG0000861_00"	-0.000442455745140501	0.945741326771063	1	"1e-05 to 1"	3.18314208798326e-05	-0.00578193700109186	174	"success"	"pgls5_castespolymorphic"
"OG0000862_00"	-0.0109540623057131	0.0302117071625911	1	"1e-05 to 1"	0.0401925836033113	0.0346123079265864	174	"success"	"pgls5_castespolymorphic"
"OG0000864_00"	0.0380671324960865	0.0753726622663853	0.928564960144424	"1e-05 to 1"	0.0200012691376765	0.0143036020977794	174	"success"	"pgls5_castespolymorphic"
"OG0000865_00"	-0.00320397007278432	0.821560642758225	0.799895754749863	"1e-05 to 1"	0.00034248119382066	-0.00546948112481993	174	"success"	"pgls5_castespolymorphic"
"OG0000867_00"	-0.0110112577203959	0.529270666061924	0.908935181262879	"1e-05 to 1"	0.00249397899873663	-0.0033054746117358	174	"success"	"pgls5_castespolymorphic"
"OG0000868_00"	-0.00306210036696825	0.82012966043548	0.602215928233659	"1e-05 to 1"	0.000320076315941973	-0.00549201626361651	174	"success"	"pgls5_castespolymorphic"
"OG0000869_00"	0.00828910848825298	0.326699315540113	1	"1e-05 to 1"	0.00637117929817977	0.00059426754991343	174	"success"	"pgls5_castespolymorphic"
"OG0000870_00"	-0.00176534460059123	0.84780525416443	1	"1e-05 to 1"	0.00022946225321495	-0.00558315715228952	174	"success"	"pgls5_castespolymorphic"
"OG0000871_00"	0.0104517131929774	0.408651184625568	0.833891639705873	"1e-05 to 1"	0.00484740266854912	-0.000938368246168553	174	"success"	"pgls5_castespolymorphic"
"OG0000872_00"	-0.014698438925704	0.419426145528488	1	"1e-05 to 1"	0.00548629176748126	-0.000295764675730892	174	"success"	"pgls5_castespolymorphic"
"OG0000873_00"	0.0213488569857452	0.0148475726058999	1	"1e-05 to 1"	0.0360784727177426	0.0304742777916829	174	"success"	"pgls5_castespolymorphic"
"OG0000874_00"	0.0130079575387295	0.115394690479595	0.778951707315841	"1e-05 to 1"	0.0154204166869932	0.00969611678401072	174	"success"	"pgls5_castespolymorphic"
"OG0000875_00"	-0.0203018790976197	0.230491134964776	0.434357299457201	"1e-05 to 1"	0.010555070295136	0.00480248349452617	174	"success"	"pgls5_castespolymorphic"
"OG0000876_00"	0.00139823543583921	0.931780977122323	1	"1e-05 to 1"	4.56566597327875e-05	-0.00576803138294313	174	"success"	"pgls5_castespolymorphic"
"OG0000877_00"	-0.0291124014633979	0.0579708193500137	0.621580975526076	"1e-05 to 1"	0.025082598543071	0.0194144741159957	174	"success"	"pgls5_castespolymorphic"
"OG0000878_00"	0.0179483774977179	0.0842279458690067	1	"1e-05 to 1"	0.0189899750461193	0.0132864283894106	174	"success"	"pgls5_castespolymorphic"
"OG0000879_00"	0.00120116089339656	0.749982365571557	1	"1e-05 to 1"	0.000636445328342769	-0.00517380789649247	174	"success"	"pgls5_castespolymorphic"
"OG0000880_00"	-0.011768914863257	0.620112422114876	0.751383100787465	"1e-05 to 1"	0.00174728244286298	-0.00405651242665539	174	"success"	"pgls5_castespolymorphic"
"OG0000881_00"	-0.0106617875717374	0.20883136061436	0.964191509751049	"1e-05 to 1"	0.0113395048779991	0.00559147874356891	174	"success"	"pgls5_castespolymorphic"
"OG0000882_00"	0.00770346602414042	0.513990032090527	0.947197932393235	"1e-05 to 1"	0.00296377143588024	-0.00283295082321344	174	"success"	"pgls5_castespolymorphic"
"OG0000883_00"	0.0173243228070838	0.0242026501084971	1e-05	"1e-05 to 1"	0.0317392498069074	0.0261098268406684	174	"success"	"pgls5_castespolymorphic"
"OG0000884_00"	-0.00187302046834637	0.767677169418258	0.876032894225582	"1e-05 to 1"	0.000543586530328551	-0.00526720657123914	174	"success"	"pgls5_castespolymorphic"
"OG0000885_00"	0.000458662589479582	0.961059859458391	1e-05	"1e-05 to 1"	1.49449293319517e-05	-0.00579892166991614	174	"success"	"pgls5_castespolymorphic"
"OG0000886_00"	0.00284656846605545	0.738816929835772	0.775484369960215	"1e-05 to 1"	0.000692399656993077	-0.00511752825197775	174	"success"	"pgls5_castespolymorphic"
"OG0000887_00"	-0.000113759071496993	0.990758839265379	1	"1e-05 to 1"	9.09489380258367e-07	-0.00581303871126293	174	"success"	"pgls5_castespolymorphic"
"OG0000888_00"	-0.0214774403131597	0.254915852445159	1	"1e-05 to 1"	0.00830072894137743	0.00253503550499012	174	"success"	"pgls5_castespolymorphic"
"OG0000891_00"	-0.00270928936460296	0.779630216866728	1	"1e-05 to 1"	0.000689522491765133	-0.0051204221449106	174	"success"	"pgls5_castespolymorphic"
"OG0000892_00"	0.00571098914657881	0.637500199928329	1	"1e-05 to 1"	0.00140869084762371	-0.00439707257768074	174	"success"	"pgls5_castespolymorphic"
"OG0000893_00"	-0.0264666278651927	0.362564334301114	1	"1e-05 to 1"	0.00524957626096091	-0.000533856435196434	174	"success"	"pgls5_castespolymorphic"
"OG0000895_00"	-0.0103456485251926	0.589938140098611	0.729473806696569	"1e-05 to 1"	0.00194085057805087	-0.00386181889533255	174	"success"	"pgls5_castespolymorphic"
"OG0000896_00"	-0.00158517661092251	0.492480311922043	1e-05	"1e-05 to 1"	0.0036594246873584	-0.00213325307608714	174	"success"	"pgls5_castespolymorphic"
"OG0000897_00"	-0.00337053417921488	0.662401630206039	1e-05	"1e-05 to 1"	0.00130030184389518	-0.00450609175003569	174	"success"	"pgls5_castespolymorphic"
"OG0000899_00"	0.00198447447472842	0.834848570834917	0.410829579919882	"1e-05 to 1"	0.000304982563166865	-0.00550719777076814	174	"success"	"pgls5_castespolymorphic"
"OG0000900_00"	-0.00118190272233555	0.862060073369871	1	"1e-05 to 1"	0.000190453384881507	-0.00562239281636923	174	"success"	"pgls5_castespolymorphic"
"OG0000901_00"	-0.0078212393009779	0.44629586758367	0.501191215478448	"1e-05 to 1"	0.0037472549966151	-0.00204491212549751	174	"success"	"pgls5_castespolymorphic"
"OG0000902_00"	0.0108924175344103	0.368734655277886	1	"1e-05 to 1"	0.00565355780741396	-0.000127526158822056	174	"success"	"pgls5_castespolymorphic"
"OG0000903_00"	0.0235729147402631	0.027561460929217	1	"1e-05 to 1"	0.0307409011740051	0.0251056738552493	174	"success"	"pgls5_castespolymorphic"
"OG0000904_00"	0.0031939017785909	0.821074837896444	0.926141839845951	"1e-05 to 1"	0.000320634076912261	-0.00549145525984995	174	"success"	"pgls5_castespolymorphic"
"OG0000906_00"	0.0302989152391475	0.000152154512077951	0.161903869601817	"1e-05 to 1"	0.0875855163847685	0.0822807810149124	174	"success"	"pgls5_castespolymorphic"
"OG0000907_00"	-0.0032541185205261	0.713966209323653	1	"1e-05 to 1"	0.000847255416612839	-0.00496177216817428	174	"success"	"pgls5_castespolymorphic"
"OG0000908_00"	-0.0178521780636837	0.0537397604793117	1	"1e-05 to 1"	0.0227751812485633	0.0170936416046596	174	"success"	"pgls5_castespolymorphic"
"OG0000909_00"	0.00210754912465143	0.582961750125362	1e-05	"1e-05 to 1"	0.00187655055275331	-0.00392649275798651	174	"success"	"pgls5_castespolymorphic"
"OG0000910_00"	0.00945676959623182	0.409378753482852	1	"1e-05 to 1"	0.00442405950468461	-0.00136417270749734	174	"success"	"pgls5_castespolymorphic"
"OG0000911_01"	0.00394602348957339	0.15657440822481	1e-05	"1e-05 to 1"	0.0234709847691384	0.0177934904945404	174	"success"	"pgls5_castespolymorphic"
"OG0000912_00"	0.00635880874904186	0.138346074659045	1	"1e-05 to 1"	0.017485712259463	0.0117734198888785	174	"success"	"pgls5_castespolymorphic"
"OG0000913_00"	-0.00836899513266556	0.68904168045347	1	"1e-05 to 1"	0.00122624770213043	-0.00458057643913623	174	"success"	"pgls5_castespolymorphic"
"OG0000914_00"	-0.0103155631182685	0.5730324712073	1e-05	"1e-05 to 1"	0.00362346677721922	-0.00216942004384335	174	"success"	"pgls5_castespolymorphic"
"OG0000915_00"	0.0169407966639921	0.0156514222768478	1e-05	"1e-05 to 1"	0.0366380440581036	0.0310371024537902	174	"success"	"pgls5_castespolymorphic"
"OG0000916_00"	0.0029200374545905	0.726913979726686	1	"1e-05 to 1"	0.000774071260277275	-0.00503538181379093	174	"success"	"pgls5_castespolymorphic"
"OG0000917_00"	-0.000293145165492103	0.974305691589568	1e-05	"1e-05 to 1"	6.62866256710944e-06	-0.00580728628706928	174	"success"	"pgls5_castespolymorphic"
"OG0000919_00"	0.028761245632403	0.142857923476948	0.573614491586815	"1e-05 to 1"	0.0168281256251033	0.0111120100764122	174	"success"	"pgls5_castespolymorphic"
"OG0000920_00"	0.0144122477785513	0.0572653763995752	1e-05	"1e-05 to 1"	0.0267139186939015	0.0210552786863079	174	"success"	"pgls5_castespolymorphic"
"OG0000921_00"	-0.00369787465978624	0.83438069905263	0.424290851914725	"1e-05 to 1"	0.000452918921969022	-0.00535840131685683	174	"success"	"pgls5_castespolymorphic"
"OG0000923_00"	0.0100015794450752	0.263103600591306	1	"1e-05 to 1"	0.00777240429937768	0.00200363920809488	174	"success"	"pgls5_castespolymorphic"
"OG0000924_00"	0.00816932853602151	0.0720262376427807	1	"1e-05 to 1"	0.0214141560930736	0.0157247035122193	174	"success"	"pgls5_castespolymorphic"
"OG0000925_00"	0.0149715310850709	0.107246433387579	1e-05	"1e-05 to 1"	0.0160340004315948	0.0103132678759646	174	"success"	"pgls5_castespolymorphic"
"OG0000926_00"	0.00511876274674281	0.0592896851384204	1	"1e-05 to 1"	0.0223316622385448	0.0166475439957456	174	"success"	"pgls5_castespolymorphic"
"OG0000927_00"	0.0129494231987617	0.0195834246993107	1e-05	"1e-05 to 1"	0.0333777756835818	0.0277578790305794	174	"success"	"pgls5_castespolymorphic"
"OG0000928_00"	-0.0064275716750876	0.267588345357269	1e-05	"1e-05 to 1"	0.00777318294347341	0.00200442237919118	174	"success"	"pgls5_castespolymorphic"
"OG0000929_00"	-0.00287451719824349	0.747260520447138	1e-05	"1e-05 to 1"	0.000663338272680178	-0.00514675859782754	174	"success"	"pgls5_castespolymorphic"
"OG0000930_00"	-0.013719287844899	0.283796254162932	1	"1e-05 to 1"	0.0087644966515755	0.00300149953908457	174	"success"	"pgls5_castespolymorphic"
"OG0000931_00"	-0.000791485773813632	0.919855613298755	1	"1e-05 to 1"	6.38682961820741e-05	-0.00574971386488676	174	"success"	"pgls5_castespolymorphic"
"OG0000932_00"	0.00819397448296428	0.421189039014201	1e-05	"1e-05 to 1"	0.00635397021053085	0.000576958409429285	174	"success"	"pgls5_castespolymorphic"
"OG0000933_00"	0.00365255759062215	0.462341777826766	1	"1e-05 to 1"	0.00419518069299604	-0.00159438220995156	174	"success"	"pgls5_castespolymorphic"
"OG0000934_00"	0.00863319949363999	0.0798785672169857	1e-05	"1e-05 to 1"	0.0189296962825288	0.0132257991678923	174	"success"	"pgls5_castespolymorphic"
"OG0000935_00"	0.00524977436169912	0.267007614296612	1	"1e-05 to 1"	0.0141421306736707	0.00841039887526196	174	"success"	"pgls5_castespolymorphic"
"OG0000936_00"	0.0325867754321877	0.00144133163816873	0.859875063752821	"1e-05 to 1"	0.0616651989944739	0.0562097641049069	174	"success"	"pgls5_castespolymorphic"
"OG0000937_00"	-0.00266710393360034	0.657588614986331	1e-05	"1e-05 to 1"	0.00137774996746255	-0.0044281933466801	174	"success"	"pgls5_castespolymorphic"
"OG0000939_00"	0.00104006348322646	0.924793181257886	0.187085729384976	"1e-05 to 1"	9.23358448529069e-05	-0.0057210808072119	174	"success"	"pgls5_castespolymorphic"
"OG0000942_00"	-0.0265817926774174	0.0363847737577296	1	"1e-05 to 1"	0.0274197623830053	0.0217652261177902	174	"success"	"pgls5_castespolymorphic"
"OG0000943_00"	0.00395899611407871	0.775489260333609	1	"1e-05 to 1"	0.000558880075677669	-0.00525182410992886	174	"success"	"pgls5_castespolymorphic"
"OG0000944_00"	0.00632399652099285	0.464717333673869	1e-05	"1e-05 to 1"	0.00334552531757796	-0.00244897744220363	174	"success"	"pgls5_castespolymorphic"
"OG0000945_00"	-0.00426888534494932	0.349931260028959	1e-05	"1e-05 to 1"	0.00556719710814149	-0.000214388955183331	174	"success"	"pgls5_castespolymorphic"
"OG0000946_00"	-0.00164813133181121	0.863903117192241	1e-05	"1e-05 to 1"	0.000186525373500759	-0.00562634366502546	174	"success"	"pgls5_castespolymorphic"
"OG0000947_00"	0.00105719394121116	0.820268661446627	1	"1e-05 to 1"	0.000323579790548894	-0.00548849241997118	174	"success"	"pgls5_castespolymorphic"
"OG0000949_00"	-0.00455992181451334	0.588663304395596	0.956842661386646	"1e-05 to 1"	0.00183176877685721	-0.00397153489304491	174	"success"	"pgls5_castespolymorphic"
"OG0000950_00"	-0.00718076328418925	0.595013314795747	0.887818482853658	"1e-05 to 1"	0.00301766662867023	-0.00277874228627928	174	"success"	"pgls5_castespolymorphic"
"OG0000952_00"	-0.00193881744675962	0.906819207377955	0.839217027861643	"1e-05 to 1"	8.58959753209476e-05	-0.00572755811784575	174	"success"	"pgls5_castespolymorphic"
"OG0000953_00"	0.0011388111916954	0.712967117132265	1e-05	"1e-05 to 1"	0.000842826325404064	-0.00496622700991334	174	"success"	"pgls5_castespolymorphic"
"OG0000954_00"	0.0178181514996102	0.375559364293303	0.76199817343855	"1e-05 to 1"	0.00485001188961506	-0.000935743855212889	174	"success"	"pgls5_castespolymorphic"
"OG0000955_00"	-0.0188829014198569	0.219525245478948	1	"1e-05 to 1"	0.0148875109955707	0.00916011280368456	174	"success"	"pgls5_castespolymorphic"
"OG0000956_00"	-0.000660666048965522	0.533204557446511	1e-05	"1e-05 to 1"	0.00262893232830404	-0.00316973666978715	174	"success"	"pgls5_castespolymorphic"
"OG0000957_00"	0.02486000620755	0.370518204950738	0.827053804598407	"1e-05 to 1"	0.0051437706945494	-0.000640277150249613	174	"success"	"pgls5_castespolymorphic"
"OG0000958_00"	-0.0017084127757468	0.831777256916639	1e-05	"1e-05 to 1"	0.000310076620275116	-0.00550207409704884	174	"success"	"pgls5_castespolymorphic"
"OG0000959_00"	-0.00788379693500359	0.162069491629566	1e-05	"1e-05 to 1"	0.012257342657669	0.00651465278939967	174	"success"	"pgls5_castespolymorphic"
"OG0000960_00"	0.0299842380285268	0.158065355337295	1	"1e-05 to 1"	0.01241521169759	0.00667343967257594	174	"success"	"pgls5_castespolymorphic"
"OG0000961_00"	-0.00702314128809472	0.423806549329312	1e-05	"1e-05 to 1"	0.00397793521677973	-0.00181289074126223	174	"success"	"pgls5_castespolymorphic"
"OG0000962_00"	-0.00556586230912118	0.479061000468061	0.749696723593902	"1e-05 to 1"	0.00327983573627182	-0.00251504893968013	174	"success"	"pgls5_castespolymorphic"
"OG0000963_00"	-0.000323542376779131	0.970287592221238	0.930848172729536	"1e-05 to 1"	8.64405206722792e-06	-0.00580525918018826	174	"success"	"pgls5_castespolymorphic"
"OG0000964_00"	-0.00204602034276898	0.416683666392842	1e-05	"1e-05 to 1"	0.00512025925984953	-0.000663925279337452	174	"success"	"pgls5_castespolymorphic"
"OG0000965_00"	0.00699061511731455	0.32138227812969	0.203127745151667	"1e-05 to 1"	0.00618462171317819	0.000406625327789789	174	"success"	"pgls5_castespolymorphic"
"OG0000966_00"	-0.000307427406724632	0.971396422969427	1	"1e-05 to 1"	1.03269383747047e-05	-0.00580356650965808	174	"success"	"pgls5_castespolymorphic"
"OG0000967_00"	0.00917197069030141	0.182960642775249	1e-05	"1e-05 to 1"	0.0142568022902438	0.00852573718728011	174	"success"	"pgls5_castespolymorphic"
"OG0000968_00"	-0.0237545094543269	0.310730634622997	1e-05	"1e-05 to 1"	0.00828577669571096	0.00251999632766275	174	"success"	"pgls5_castespolymorphic"
"OG0000969_00"	-0.00238080222806873	0.872678379847672	0.699437306075743	"1e-05 to 1"	0.000228259740709156	-0.00558436665614725	174	"success"	"pgls5_castespolymorphic"
"OG0000970_00"	0.00568942204856702	0.442467185420825	1	"1e-05 to 1"	0.0061575716689077	0.000379418015819866	174	"success"	"pgls5_castespolymorphic"
"OG0000971_00"	0.00582380857847021	0.66480074037481	1	"1e-05 to 1"	0.00116182164272328	-0.00464537706865631	174	"success"	"pgls5_castespolymorphic"
"OG0000972_00"	0.0271003490874629	0.0166511440551673	1e-05	"1e-05 to 1"	0.0359678267957871	0.0303629885794835	174	"success"	"pgls5_castespolymorphic"
"OG0000973_00"	0.00153246732415019	0.900724573221074	1	"1e-05 to 1"	0.000106946122172197	-0.00570638558641989	174	"success"	"pgls5_castespolymorphic"
"OG0000974_00"	0.0487489586125711	0.0584921176994815	1	"1e-05 to 1"	0.0445743926421922	0.0390195925994142	174	"success"	"pgls5_castespolymorphic"
"OG0000975_00"	0.025237596107936	0.315920777917867	1	"1e-05 to 1"	0.0121167245063235	0.00637321709066252	174	"success"	"pgls5_castespolymorphic"
"OG0000976_00"	-0.0155678009238792	0.136185740262678	1	"1e-05 to 1"	0.0139118944466714	0.00817882406554737	174	"success"	"pgls5_castespolymorphic"
"OG0000977_00"	-0.0200365516114786	0.107134086172279	1	"1e-05 to 1"	0.0183069737700466	0.0125994561756863	174	"success"	"pgls5_castespolymorphic"
"OG0000978_00"	0.000192613159031601	0.986168478277022	0.968106325276084	"1e-05 to 1"	1.87251695696116e-06	-0.00581207008468865	174	"success"	"pgls5_castespolymorphic"
"OG0000979_00"	0.00225782943202885	0.694001202699714	1	"1e-05 to 1"	0.000963940934141728	-0.00484440824647381	174	"success"	"pgls5_castespolymorphic"
"OG0000980_00"	-0.00218705645201625	0.917089388793794	1	"1e-05 to 1"	6.75174413600847e-05	-0.00574604350374819	174	"success"	"pgls5_castespolymorphic"
"OG0000981_01"	-0.00959001352511492	0.294424197194564	1e-05	"1e-05 to 1"	0.0127744788634975	0.00703479560107589	174	"success"	"pgls5_castespolymorphic"
"OG0000982_00"	0.0117229767179679	0.16852855344107	1	"1e-05 to 1"	0.011816579537084	0.00607132709253211	174	"success"	"pgls5_castespolymorphic"
"OG0000983_00"	0.0144220125222491	0.332620555846822	0.967272134703311	"1e-05 to 1"	0.00782410568909613	0.00205564118728851	174	"success"	"pgls5_castespolymorphic"
"OG0000984_00"	0.0182132014762423	0.194447705903711	1	"1e-05 to 1"	0.0105657418113809	0.00481321705447035	174	"success"	"pgls5_castespolymorphic"
"OG0000985_00"	-0.0452071616968281	0.00607813103411026	0.979323072811716	"1e-05 to 1"	0.045536596465907	0.0399873906314064	174	"success"	"pgls5_castespolymorphic"
"OG0000986_00"	0.000481245176779578	0.960314061393305	1	"1e-05 to 1"	1.54266303471851e-05	-0.00579843716831374	174	"success"	"pgls5_castespolymorphic"
"OG0000987_00"	0.00628716626915092	0.0849025474612608	1	"1e-05 to 1"	0.0182125040410108	0.0125044372040398	174	"success"	"pgls5_castespolymorphic"
"OG0000988_00"	-0.0101538407356356	0.299850407625319	1e-05	"1e-05 to 1"	0.00667452459820299	0.000899376485401837	174	"success"	"pgls5_castespolymorphic"
"OG0000989_00"	0.0281507452257433	0.0954752900308768	0.173009034439229	"1e-05 to 1"	0.0170633887839973	0.0113486410443693	174	"success"	"pgls5_castespolymorphic"
"OG0000990_00"	-0.0199543708516278	0.268226104098916	0.942610783628311	"1e-05 to 1"	0.0081657201334874	0.00239924176217032	174	"success"	"pgls5_castespolymorphic"
"OG0000992_00"	8.79628947131854e-05	0.994916396681824	1	"1e-05 to 1"	3.26058959393262e-07	-0.00581362553372111	174	"success"	"pgls5_castespolymorphic"
"OG0000993_00"	-0.00423445708214577	0.635388671759632	1	"1e-05 to 1"	0.00139978408293433	-0.004406031125886	174	"success"	"pgls5_castespolymorphic"
"OG0000994_00"	0.00300761283604143	0.823778393723558	1	"1e-05 to 1"	0.000308922185531846	-0.00550323524362195	174	"success"	"pgls5_castespolymorphic"
"OG0000997_00"	0.0232230148373814	0.186424027583699	1	"1e-05 to 1"	0.0147466043792596	0.00901838696285995	174	"success"	"pgls5_castespolymorphic"
"OG0000998_00"	0.0304463375211843	0.0268611245899029	1e-05	"1e-05 to 1"	0.0320315394662184	0.026403815858464	174	"success"	"pgls5_castespolymorphic"
"OG0000999_00"	-0.000873565155494127	0.953805620993869	1	"1e-05 to 1"	2.35483872326401e-05	-0.00579026819191131	174	"success"	"pgls5_castespolymorphic"
"OG0001000_00"	0.00774111856392439	0.21453558175555	1	"1e-05 to 1"	0.0109047885501396	0.00515423499519863	174	"success"	"pgls5_castespolymorphic"
"OG0001001_00"	-0.00503280103787565	0.705577584121648	1	"1e-05 to 1"	0.00091748036061089	-0.00489113893961801	174	"success"	"pgls5_castespolymorphic"
"OG0001002_00"	0.00399035968087354	0.45864991775708	1	"1e-05 to 1"	0.00345888846655741	-0.00233495520514859	174	"success"	"pgls5_castespolymorphic"
"OG0001004_00"	0.0140710138547281	0.00695277290030938	1e-05	"1e-05 to 1"	0.0454827198429515	0.039933200772271	174	"success"	"pgls5_castespolymorphic"
"OG0001005_00"	-5.91073764840671e-05	0.997486286599025	0.890872477975049	"1e-05 to 1"	8.66848475680312e-08	-0.00581386629954284	174	"success"	"pgls5_castespolymorphic"
"OG0001006_00"	-0.00209859905994965	0.886478075344657	0.885686688832556	"1e-05 to 1"	0.000131906561038066	-0.00568128002872315	174	"success"	"pgls5_castespolymorphic"
"OG0001008_00"	0.0024002002588517	0.797145165550332	0.862960907364258	"1e-05 to 1"	0.000457134062214584	-0.00535416166998171	174	"success"	"pgls5_castespolymorphic"
"OG0001009_00"	0.029045721716772	0.0420233303732931	1e-05	"1e-05 to 1"	0.0309496734036053	0.0253156598768821	174	"success"	"pgls5_castespolymorphic"
"OG0001010_00"	0.0209564139681959	0.165340749592572	0.992915754885295	"1e-05 to 1"	0.0119201173667861	0.00617546688636039	174	"success"	"pgls5_castespolymorphic"
"OG0001011_00"	0.00795564630590887	0.176561275988116	1e-05	"1e-05 to 1"	0.0113849688684877	0.00563720705958359	174	"success"	"pgls5_castespolymorphic"
"OG0001013_00"	0.0056490457403447	0.514970951616184	1	"1e-05 to 1"	0.00262164139682069	-0.00317706999040701	174	"success"	"pgls5_castespolymorphic"
"OG0001014_00"	0.00921812295928682	0.58481364977446	0.940940000459739	"1e-05 to 1"	0.00210742228587535	-0.00369427874734618	174	"success"	"pgls5_castespolymorphic"
"OG0001015_00"	0.00560867995718429	0.38361493824018	0.293876304415674	"1e-05 to 1"	0.00468916152721562	-0.00109752939413776	174	"success"	"pgls5_castespolymorphic"
"OG0001016_00"	-0.00559907153063942	0.723941846274052	1	"1e-05 to 1"	0.000781803672681052	-0.00502760444550088	174	"success"	"pgls5_castespolymorphic"
"OG0001017_00"	0.0134141216500966	0.133218930203302	0.549574708976154	"1e-05 to 1"	0.0138631869256323	0.00812983336124651	174	"success"	"pgls5_castespolymorphic"
"OG0001018_00"	-0.00865900913995483	0.551182413085633	0.770505876039654	"1e-05 to 1"	0.00221064481687654	-0.00359045608535102	174	"success"	"pgls5_castespolymorphic"
"OG0001019_00"	-0.0152703699267447	0.29131303462845	1	"1e-05 to 1"	0.00691390579284659	0.00114014943117713	174	"success"	"pgls5_castespolymorphic"
"OG0001020_00"	-0.00896722590802342	0.320022026016979	1e-05	"1e-05 to 1"	0.00646328088807059	0.000686904614164097	174	"success"	"pgls5_castespolymorphic"
"OG0001021_00"	-0.00364514897509752	0.468380495139882	1e-05	"1e-05 to 1"	0.00365733981404863	-0.00213535007075349	174	"success"	"pgls5_castespolymorphic"
"OG0001022_00"	-0.0154578271211596	0.0475508500136557	0.186654681604144	"1e-05 to 1"	0.0244638925809061	0.0187921710261438	174	"success"	"pgls5_castespolymorphic"
"OG0001023_00"	-0.0149197512676893	0.404853635481084	1	"1e-05 to 1"	0.0044809222766997	-0.00130697933797075	174	"success"	"pgls5_castespolymorphic"
"OG0001024_00"	-0.00458940959366207	0.66126131964964	0.796060136160482	"1e-05 to 1"	0.00118811138673594	-0.00461893447729467	174	"success"	"pgls5_castespolymorphic"
"OG0001027_00"	-0.00473949252023788	0.822145117738276	0.496133402697371	"1e-05 to 1"	0.000322815956758411	-0.00548926069465572	174	"success"	"pgls5_castespolymorphic"
"OG0001028_00"	-0.0271146285015872	0.0909383596296571	0.856238097472605	"1e-05 to 1"	0.0175388427763249	0.0118268593040942	174	"success"	"pgls5_castespolymorphic"
"OG0001029_00"	-0.0135761255348099	0.0747186621217535	1	"1e-05 to 1"	0.0202182696555039	0.0145218642465242	174	"success"	"pgls5_castespolymorphic"
"OG0001030_00"	-0.00136098013208676	0.430679019370682	1e-05	"1e-05 to 1"	0.00609937760259094	0.00032088561190835	174	"success"	"pgls5_castespolymorphic"
"OG0001031_00"	-0.0414371735811256	0.00954165850772326	0.971757745314735	"1e-05 to 1"	0.0546692005305324	0.0491730912312913	174	"success"	"pgls5_castespolymorphic"
"OG0001032_00"	0.00130511689462795	0.908514962499413	1	"1e-05 to 1"	8.71557377221223e-05	-0.00572629103124456	174	"success"	"pgls5_castespolymorphic"
"OG0001033_00"	0.00168930976655822	0.32205585232998	1e-05	"1e-05 to 1"	0.00612893290257881	0.000350612745035561	174	"success"	"pgls5_castespolymorphic"
"OG0001034_00"	0.00318616009274039	0.801353863360073	1e-05	"1e-05 to 1"	0.000423320756028938	-0.00538817156515692	174	"success"	"pgls5_castespolymorphic"
"OG0001035_00"	0.00625725709713343	0.579951917289013	0.508696638958162	"1e-05 to 1"	0.00193069347678881	-0.00387203504950895	174	"success"	"pgls5_castespolymorphic"
"OG0001036_00"	0.00090452099117174	0.957816385363327	0.798548842244087	"1e-05 to 1"	1.79918513779603e-05	-0.00579585703320706	174	"success"	"pgls5_castespolymorphic"
"OG0001037_00"	-0.00240399641017119	0.765622496963679	1	"1e-05 to 1"	0.000567676107815216	-0.00524297693806974	174	"success"	"pgls5_castespolymorphic"
"OG0001038_00"	0.00615522111428953	0.407634462030007	0.504161542334148	"1e-05 to 1"	0.0042367293417113	-0.00155259199932534	174	"success"	"pgls5_castespolymorphic"
"OG0001040_00"	-0.00354884334893204	0.774872361758803	1	"1e-05 to 1"	0.000607991462525977	-0.00520242719176167	174	"success"	"pgls5_castespolymorphic"
"OG0001041_00"	0.0189232067964351	0.0858082862691483	0.978039855500084	"1e-05 to 1"	0.0181081955242823	0.0123995222424468	174	"success"	"pgls5_castespolymorphic"
"OG0001042_00"	-0.00821843038666797	0.161134577958335	0.73824462807561	"1e-05 to 1"	0.012389466046666	0.00664754433763504	174	"success"	"pgls5_castespolymorphic"
"OG0001043_00"	0.0238588139961569	0.0317138349779913	1e-05	"1e-05 to 1"	0.0301915599719236	0.0245531388089696	174	"success"	"pgls5_castespolymorphic"
"OG0001044_00"	-0.00212148899677938	0.810977040737883	0.827048165432123	"1e-05 to 1"	0.00035632269989118	-0.00545555914487683	174	"success"	"pgls5_castespolymorphic"
"OG0001045_00"	-0.00160520756608762	0.479130685803271	1	"1e-05 to 1"	0.00309636365918848	-0.0026995877148861	174	"success"	"pgls5_castespolymorphic"
"OG0001046_00"	-0.00388040067938462	0.370934554628065	1e-05	"1e-05 to 1"	0.00506981113572706	-0.000714666706506994	174	"success"	"pgls5_castespolymorphic"
"OG0001047_00"	0.00599693869933514	0.55282799810833	0.819527696759656	"1e-05 to 1"	0.00241819104068996	-0.00338170319744568	174	"success"	"pgls5_castespolymorphic"
"OG0001048_00"	-0.0108762048024967	0.0473555570691557	0.730570935822836	"1e-05 to 1"	0.0252945443494503	0.0196276521654356	174	"success"	"pgls5_castespolymorphic"
"OG0001049_00"	-0.00120479275862929	0.89860122248022	0.918195116935329	"1e-05 to 1"	0.00010116594527095	-0.00571219936900058	174	"success"	"pgls5_castespolymorphic"
"OG0001050_00"	0.00879490134292937	0.212541237487641	1	"1e-05 to 1"	0.00957627001707062	0.00381799251716997	174	"success"	"pgls5_castespolymorphic"
"OG0001052_00"	0.00294047253146219	0.858159890453489	1	"1e-05 to 1"	0.000271788482692154	-0.00554058484008291	174	"success"	"pgls5_castespolymorphic"
"OG0001053_00"	-0.000228232609205749	0.986608779967786	0.819864823614252	"1e-05 to 1"	1.80004764498444e-06	-0.00581214297533394	174	"success"	"pgls5_castespolymorphic"
"OG0001054_00"	0.0040069590032358	0.733563306468696	0.709500751566657	"1e-05 to 1"	0.000717169096686374	-0.0050926148039141	174	"success"	"pgls5_castespolymorphic"
"OG0001055_00"	-0.00347084301688252	0.679580180121942	0.637186840052969	"1e-05 to 1"	0.00108257482628473	-0.00472508462239962	174	"success"	"pgls5_castespolymorphic"
"OG0001056_00"	-0.00283193094282677	0.567740819583795	1e-05	"1e-05 to 1"	0.00368214724051039	-0.0021103984150681	174	"success"	"pgls5_castespolymorphic"
"OG0001057_00"	-0.00428247071817711	0.491844854481031	1e-05	"1e-05 to 1"	0.00297654013180376	-0.00282010789068576	174	"success"	"pgls5_castespolymorphic"
"OG0001061_00"	-0.00357591601902613	0.813578185219771	0.724908263399438	"1e-05 to 1"	0.000371885401882854	-0.00543990596205979	174	"success"	"pgls5_castespolymorphic"
"OG0001062_00"	0.0202745686908062	0.172942000440051	0.697843039252728	"1e-05 to 1"	0.0117972039005305	0.00605183880692894	174	"success"	"pgls5_castespolymorphic"
"OG0001063_00"	-0.0332489444985441	0.115600412259278	0.594625524291749	"1e-05 to 1"	0.0236377494414085	0.0179612247288585	174	"success"	"pgls5_castespolymorphic"
"OG0001064_00"	-0.000570979130701606	0.977643583190678	0.853213565748866	"1e-05 to 1"	5.25282809969657e-06	-0.00580867012057396	174	"success"	"pgls5_castespolymorphic"
"OG0001065_00"	0.00505010963796692	0.427063399278274	0.447260655870012	"1e-05 to 1"	0.00694576135057986	0.0011721901956413	174	"success"	"pgls5_castespolymorphic"
"OG0001066_00"	0.0264234313908182	0.00583862471943775	1e-05	"1e-05 to 1"	0.0578604534571286	0.0523828979539723	174	"success"	"pgls5_castespolymorphic"
"OG0001067_00"	-0.00461412826758468	0.585144245330492	1	"1e-05 to 1"	0.00249052318106683	-0.00330895052136881	174	"success"	"pgls5_castespolymorphic"
"OG0001068_00"	-0.000279672398851115	0.89451489577463	1	"1e-05 to 1"	0.000221116166409466	-0.00559155176285553	174	"success"	"pgls5_castespolymorphic"
"OG0001069_00"	0.0208798108670126	0.231510463864023	0.573072262334732	"1e-05 to 1"	0.00899117595210218	0.00322949674252127	174	"success"	"pgls5_castespolymorphic"
"OG0001070_00"	-0.0077247419691454	0.467165563295575	1	"1e-05 to 1"	0.00445138647562756	-0.00133668685881649	174	"success"	"pgls5_castespolymorphic"
"OG0001071_00"	-0.0172186753847296	0.0419009072445107	0.963985644526626	"1e-05 to 1"	0.0256169806482733	0.0199519630939029	174	"success"	"pgls5_castespolymorphic"
"OG0001072_00"	0.0124535238213275	0.38487726642553	1e-05	"1e-05 to 1"	0.00466438637257135	-0.00112244859037869	174	"success"	"pgls5_castespolymorphic"
"OG0001073_00"	0.044168342907935	0.00544715229504966	1e-05	"1e-05 to 1"	0.0904222224691048	0.0851339795764833	174	"success"	"pgls5_castespolymorphic"
"OG0001074_00"	0.0045253950714704	0.528887681448059	1	"1e-05 to 1"	0.00246751808880636	-0.00333208936416574	174	"success"	"pgls5_castespolymorphic"
"OG0001075_00"	0.00213094999472703	0.911071536610598	0.859881324956839	"1e-05 to 1"	7.91964646877113e-05	-0.00573429657912228	174	"success"	"pgls5_castespolymorphic"
"OG0001076_00"	-0.0090350857533293	0.287476911728647	1	"1e-05 to 1"	0.00706827041551035	0.00129541152257739	174	"success"	"pgls5_castespolymorphic"
"OG0001077_00"	0.0299852573726006	0.058229419976993	0.771597043022099	"1e-05 to 1"	0.0223771942423694	0.0166933407205228	174	"success"	"pgls5_castespolymorphic"
"OG0001078_00"	0.0103118049559538	0.263182238838114	1e-05	"1e-05 to 1"	0.00781837625623629	0.00204987844377258	174	"success"	"pgls5_castespolymorphic"
"OG0001079_00"	-0.00299895229440256	0.651123906611658	1	"1e-05 to 1"	0.00128121631063071	-0.00452528824570275	174	"success"	"pgls5_castespolymorphic"
"OG0001080_00"	-0.0323377803064813	0.19344041434967	1e-05	"1e-05 to 1"	0.0106803664947064	0.00492850816037327	174	"success"	"pgls5_castespolymorphic"
"OG0001082_00"	-0.00182725818411287	0.880694795436083	1e-05	"1e-05 to 1"	0.000219744504850995	-0.0055929313991907	174	"success"	"pgls5_castespolymorphic"
"OG0001083_00"	-0.00319339601896252	0.308982335355499	0.664479934971908	"1e-05 to 1"	0.00642793751692849	0.000651355758305994	174	"success"	"pgls5_castespolymorphic"
"OG0001084_00"	0.0387606771153997	0.000210155401499712	1	"1e-05 to 1"	0.0835274450778871	0.0781991162702005	174	"success"	"pgls5_castespolymorphic"
"OG0001085_00"	-0.00394277641847806	0.272686141864178	1	"1e-05 to 1"	0.007610107641958	0.00184039896545785	174	"success"	"pgls5_castespolymorphic"
"OG0001086_00"	-0.00359046820612524	0.310990055588875	1e-05	"1e-05 to 1"	0.00933019234533052	0.00357048416129169	174	"success"	"pgls5_castespolymorphic"
"OG0001087_00"	0.0181741746998267	0.208797617226284	1	"1e-05 to 1"	0.00979428735027438	0.00403727739300852	174	"success"	"pgls5_castespolymorphic"
"OG0001088_00"	0.0326784249356093	0.0596856259211975	0.79752008364921	"1e-05 to 1"	0.0218515578454862	0.0161646482980763	174	"success"	"pgls5_castespolymorphic"
"OG0001089_00"	-0.00576981691341699	0.611053462182204	0.978467517774317	"1e-05 to 1"	0.00167265949862665	-0.00413156922521862	174	"success"	"pgls5_castespolymorphic"
"OG0001090_00"	0.00228772157847037	0.578911902240659	1e-05	"1e-05 to 1"	0.00205804734515958	-0.00374394075167084	174	"success"	"pgls5_castespolymorphic"
"OG0001091_00"	0.00933899636090049	0.120228681831633	1e-05	"1e-05 to 1"	0.0150228042898138	0.00929619268684767	174	"success"	"pgls5_castespolymorphic"
"OG0001093_00"	-0.0101079420643849	0.406995580750697	0.831743838669282	"1e-05 to 1"	0.00430141682760209	-0.00148752842340016	174	"success"	"pgls5_castespolymorphic"
"OG0001094_00"	-0.027512726808293	0.023490431673876	0.225274887649689	"1e-05 to 1"	0.0333059427995828	0.0276856285135337	174	"success"	"pgls5_castespolymorphic"
"OG0001095_00"	-0.0013414355546493	0.861978537202457	1e-05	"1e-05 to 1"	0.000191891410024682	-0.00562094643061473	174	"success"	"pgls5_castespolymorphic"
"OG0001096_00"	-0.005427668890046	0.433036574695885	1	"1e-05 to 1"	0.00387048249575841	-0.00192096818740572	174	"success"	"pgls5_castespolymorphic"
"OG0001097_00"	0.0135024421568821	0.0278949988768238	1e-05	"1e-05 to 1"	0.0296722662961481	0.0240308259839164	174	"success"	"pgls5_castespolymorphic"
"OG0001098_00"	0.00362393033362671	0.589766611396498	1e-05	"1e-05 to 1"	0.00180962139128631	-0.00399381104248531	174	"success"	"pgls5_castespolymorphic"
"OG0001099_00"	0.00196425994876958	0.83406772645309	0.819190269452543	"1e-05 to 1"	0.000273388032996497	-0.00553897599006747	174	"success"	"pgls5_castespolymorphic"
"OG0001100_00"	-0.00437934870068459	0.636103552927245	1	"1e-05 to 1"	0.0013852516450945	-0.00442064805464337	174	"success"	"pgls5_castespolymorphic"
"OG0001101_00"	0.0165751386079015	0.184680652822863	1e-05	"1e-05 to 1"	0.0115469079467724	0.00580008764413731	174	"success"	"pgls5_castespolymorphic"
"OG0001102_00"	-0.000907596757421188	0.898163889873334	1	"1e-05 to 1"	0.000103332787051078	-0.0057100199293032	174	"success"	"pgls5_castespolymorphic"
"OG0001104_00"	0.0143697017600259	0.481157701107854	1e-05	"1e-05 to 1"	0.0036288161950782	-0.002164039524718	174	"success"	"pgls5_castespolymorphic"
"OG0001106_00"	-0.0165707919638178	0.373671712201235	1e-05	"1e-05 to 1"	0.00694850659838301	0.00117495140418744	174	"success"	"pgls5_castespolymorphic"
"OG0001107_00"	-0.00477861940889784	0.435349595946992	1e-05	"1e-05 to 1"	0.00483689862702317	-0.000948933357703519	174	"success"	"pgls5_castespolymorphic"
"OG0001108_00"	0.00685208317048246	0.505781921340267	0.920014777982401	"1e-05 to 1"	0.00286179408897336	-0.00293552106167216	174	"success"	"pgls5_castespolymorphic"
"OG0001109_00"	0.00120304823766116	0.827021674253399	1	"1e-05 to 1"	0.000317238802273313	-0.00549487027445772	174	"success"	"pgls5_castespolymorphic"
"OG0001110_00"	0.00628166619946312	0.620614230090079	0.529207210788456	"1e-05 to 1"	0.00155437088044114	-0.00425054556792848	174	"success"	"pgls5_castespolymorphic"
"OG0001111_00"	0.000356498283911933	0.933504368981187	1e-05	"1e-05 to 1"	4.39210250946416e-05	-0.00576977710848037	174	"success"	"pgls5_castespolymorphic"
"OG0001112_00"	-0.00341093620243942	0.675414230021414	0.97066596105927	"1e-05 to 1"	0.00109182122019298	-0.00471578447038734	174	"success"	"pgls5_castespolymorphic"
"OG0001113_00"	-0.00456589243751665	0.638560534039972	0.978952630253285	"0.001 to 1"	0.00166373157429667	-0.0041405490560853	174	"success"	"pgls5_castespolymorphic"
"OG0001114_00"	-0.00172322219636684	0.843735278061519	1e-05	"1e-05 to 1"	0.000251458730996184	-0.00556103278800979	174	"success"	"pgls5_castespolymorphic"
"OG0001115_00"	0.000936716073197293	0.936387399132542	1e-05	"1e-05 to 1"	3.99352511783967e-05	-0.00577378605550094	174	"success"	"pgls5_castespolymorphic"
"OG0001116_00"	0.00634124587357795	0.546252750737714	0.978060848925119	"1e-05 to 1"	0.00227997480758675	-0.00352072301329942	174	"success"	"pgls5_castespolymorphic"
"OG0001118_00"	0.00892179568154713	0.011878121653988	1	"1e-05 to 1"	0.0420000099133395	0.0364302425291148	174	"success"	"pgls5_castespolymorphic"
"OG0001119_00"	-0.00992262756483377	0.465747733890303	0.320091996374884	"1e-05 to 1"	0.00440554594911934	-0.00138279390001372	174	"success"	"pgls5_castespolymorphic"
"OG0001120_00"	0.0645518344519692	0.0132295652576571	1	"1e-05 to 1"	0.0535612163059835	0.0480586652379951	174	"success"	"pgls5_castespolymorphic"
"OG0001122_00"	-0.00287862607891324	0.684132262626113	1	"1e-05 to 1"	0.00112912508721172	-0.00467826372042079	174	"success"	"pgls5_castespolymorphic"
"OG0001123_00"	-0.00239057532307449	0.828354720527425	1	"1e-05 to 1"	0.000477113614447544	-0.00533406595756158	174	"success"	"pgls5_castespolymorphic"
"OG0001124_00"	-0.00671421087894459	0.24085758018282	1e-05	"1e-05 to 1"	0.00853383275117393	0.0027694945694946	174	"success"	"pgls5_castespolymorphic"
"OG0001125_00"	0.004673960311882	0.595048577685295	1	"1e-05 to 1"	0.00226671403292635	-0.0035340608854868	174	"success"	"pgls5_castespolymorphic"
"OG0001126_00"	-0.00845252585061569	0.132020341292641	1e-05	"1e-05 to 1"	0.0141223156596969	0.00839046865771842	174	"success"	"pgls5_castespolymorphic"
"OG0001127_00"	-0.00310861780646606	0.779300508096	1	"1e-05 to 1"	0.000492222731348127	-0.0053188689969581	174	"success"	"pgls5_castespolymorphic"
"OG0001128_00"	0.0625734789485777	0.00229881568907819	0.44387144185676	"1e-05 to 1"	0.0598859008427801	0.0544201211965172	174	"success"	"pgls5_castespolymorphic"
"OG0001129_00"	0.0198091423775096	0.0749781685505049	1	"1e-05 to 1"	0.0195600467174607	0.0138598144309343	174	"success"	"pgls5_castespolymorphic"
"OG0001130_00"	0.0044551127672655	0.63106833875617	1	"1e-05 to 1"	0.00147248372075579	-0.00433290881575132	174	"success"	"pgls5_castespolymorphic"
"OG0001131_00"	0.00643085438829225	0.662413579652307	0.948907195068676	"1e-05 to 1"	0.00120945184526615	-0.00459746994633115	174	"success"	"pgls5_castespolymorphic"
"OG0001132_00"	-0.00634515638979501	0.528134451687644	1	"1e-05 to 1"	0.00249204658283244	-0.00330741826261605	174	"success"	"pgls5_castespolymorphic"
"OG0001134_00"	0.00590641338320705	0.596474661243494	1e-05	"1e-05 to 1"	0.00174516891189621	-0.00405863824559272	174	"success"	"pgls5_castespolymorphic"
"OG0001135_00"	-0.000226672919340337	0.983456558618443	0.664656592552063	"1e-05 to 1"	2.78293120473881e-06	-0.0058111543773347	174	"success"	"pgls5_castespolymorphic"
"OG0001136_00"	0.00659621345059132	0.468809901248615	1	"1e-05 to 1"	0.00328472911871078	-0.00251012710734333	174	"success"	"pgls5_castespolymorphic"
"OG0001137_00"	0.00793471423356244	0.401743027781229	1e-05	"1e-05 to 1"	0.00488765158263784	-0.00089788532676538	174	"success"	"pgls5_castespolymorphic"
"OG0001138_00"	0.00591693804884205	0.516178273393789	0.907206963009056	"1e-05 to 1"	0.00263927108659862	-0.0031593378024326	174	"success"	"pgls5_castespolymorphic"
"OG0001139_00"	0.0337439202473878	0.00852418424654755	1	"1e-05 to 1"	0.0497861435499731	0.044261644384566	174	"success"	"pgls5_castespolymorphic"
"OG0001140_00"	-0.00656127009224584	0.64156749839491	1e-05	"1e-05 to 1"	0.00169813446270649	-0.00410594615088233	174	"success"	"pgls5_castespolymorphic"
"OG0001141_00"	-0.000434477448652373	0.797825880043977	1	"1e-05 to 1"	0.000416538910716739	-0.00539499283980249	174	"success"	"pgls5_castespolymorphic"
"OG0001142_00"	0.00257982745385233	0.810012851458642	1	"1e-05 to 1"	0.000362294325063475	-0.00544955280095372	174	"success"	"pgls5_castespolymorphic"
"OG0001143_00"	-0.00447254693620797	0.441186485317521	0.406362896712817	"1e-05 to 1"	0.00380746502694702	-0.00198435203684988	174	"success"	"pgls5_castespolymorphic"
"OG0001145_00"	0.00295059884665544	0.622461791139492	1	"1e-05 to 1"	0.00160947559448086	-0.00419512047764425	174	"success"	"pgls5_castespolymorphic"
"OG0001146_00"	-0.00299344177937294	0.759917028962111	1	"1e-05 to 1"	0.000678929103712522	-0.00513107712242866	174	"success"	"pgls5_castespolymorphic"
"OG0001147_00"	-0.00474055277755278	0.393836916236954	1e-05	"1e-05 to 1"	0.00568617087719284	-9.47234781722983e-05	174	"success"	"pgls5_castespolymorphic"
"OG0001148_00"	-0.0267612459755681	0.194428286711798	0.856962597180845	"1e-05 to 1"	0.0107694102255038	0.00501806958728002	174	"success"	"pgls5_castespolymorphic"
"OG0001149_00"	-0.0142037616602816	0.157654341165016	0.911142357150203	"1e-05 to 1"	0.0125965968399623	0.00685587937972942	174	"success"	"pgls5_castespolymorphic"
"OG0001150_00"	0.0255595616743987	0.0498983160376028	1e-05	"1e-05 to 1"	0.0281812487421239	0.0225311397231828	174	"success"	"pgls5_castespolymorphic"
"OG0001152_00"	-0.00991518867252744	0.145324061917607	1	"1e-05 to 1"	0.0135449839368377	0.00780978035507507	174	"success"	"pgls5_castespolymorphic"
"OG0001154_00"	-0.00177974266692431	0.587524264876603	0.911451744962812	"1e-05 to 1"	0.00202012401430805	-0.00378208456700402	174	"success"	"pgls5_castespolymorphic"
"OG0001155_00"	-0.00211464126686195	0.876108725725423	1e-05	"1e-05 to 1"	0.000152376625308502	-0.00566069095245125	174	"success"	"pgls5_castespolymorphic"
"OG0001156_00"	0.0050501731963932	0.789884407957248	1e-05	"1e-05 to 1"	0.000484530299958573	-0.00532660615178604	174	"success"	"pgls5_castespolymorphic"
"OG0001157_00"	-0.00157278150851162	0.847202390394442	1	"1e-05 to 1"	0.000280178524518665	-0.00553214601894347	174	"success"	"pgls5_castespolymorphic"
"OG0001159_00"	-0.00100627999958659	0.91064252511214	1e-05	"1e-05 to 1"	9.36392281661381e-05	-0.00571976984608868	174	"success"	"pgls5_castespolymorphic"
"OG0001160_00"	0.0078858765442675	0.412918335878419	0.689072237793336	"1e-05 to 1"	0.00578729830962019	6.99190444353182e-06	174	"success"	"pgls5_castespolymorphic"
"OG0001161_00"	-0.00129533448552587	0.558833521905734	1e-05	"1e-05 to 1"	0.00211371407460351	-0.00368795037845127	174	"success"	"pgls5_castespolymorphic"
"OG0001162_00"	-0.00126525481142274	0.914648098616979	1e-05	"1e-05 to 1"	0.000105864552736264	-0.00570747344405009	174	"success"	"pgls5_castespolymorphic"
"OG0001163_00"	0.0175175964122306	0.274486475394869	0.60577744123187	"1e-05 to 1"	0.00736703085261607	0.00159590893896844	174	"success"	"pgls5_castespolymorphic"
"OG0001164_00"	0.0161992811445024	0.252047556701835	0.842934191444113	"1e-05 to 1"	0.00829498740596626	0.00252926058855918	174	"success"	"pgls5_castespolymorphic"
"OG0001165_00"	-0.00902036658799664	0.50913680237457	1	"1e-05 to 1"	0.00309724063678876	-0.00269870563857877	174	"success"	"pgls5_castespolymorphic"
"OG0001166_00"	-0.00353109372208022	0.680832286921496	0.984931797795943	"1e-05 to 1"	0.00106687249426132	-0.00474087824705127	174	"success"	"pgls5_castespolymorphic"
"OG0001167_00"	0.00297362255121643	0.623550122795865	0.547870857654104	"1e-05 to 1"	0.0015187699767624	-0.00428635345360528	174	"success"	"pgls5_castespolymorphic"
"OG0001168_00"	0.00872058323115799	0.486721702774509	0.969003393756491	"1e-05 to 1"	0.00304747663188668	-0.00274875896909088	174	"success"	"pgls5_castespolymorphic"
"OG0001169_00"	-0.00136098540340291	0.832520314860115	1e-05	"1e-05 to 1"	0.000283892735563539	-0.00552841021364836	174	"success"	"pgls5_castespolymorphic"
"OG0001170_00"	-0.00123503459970663	0.932163845276555	1	"1e-05 to 1"	4.48648692849878e-05	-0.00576882777682375	174	"success"	"pgls5_castespolymorphic"
"OG0001171_00"	-0.00129230342585348	0.888884204443861	0.758274877839386	"1e-05 to 1"	0.000120862850790364	-0.00569238794658866	174	"success"	"pgls5_castespolymorphic"
"OG0001172_00"	-0.0442827818810041	0.0278433436606262	0.919440555539377	"1e-05 to 1"	0.0331500315863044	0.027528810839713	174	"success"	"pgls5_castespolymorphic"
"OG0001173_00"	0.0262951548878203	0.0837696808539197	1e-05	"1e-05 to 1"	0.0190456954917847	0.0133424727911555	174	"success"	"pgls5_castespolymorphic"
"OG0001174_00"	-0.0154750789313952	0.428177696263419	0.721638844984272	"1e-05 to 1"	0.0061056958253501	0.000327240568520737	174	"success"	"pgls5_castespolymorphic"
"OG0001175_00"	0.007650493075682	0.430117832548471	1e-05	"1e-05 to 1"	0.00387100306249652	-0.001920444594117	174	"success"	"pgls5_castespolymorphic"
"OG0001176_00"	-0.00396097534002381	0.784432984243196	0.424908199036322	"1e-05 to 1"	0.000500392346112203	-0.00531065188443369	174	"success"	"pgls5_castespolymorphic"
"OG0001177_00"	-0.00378117464654841	0.579315224285692	1	"1e-05 to 1"	0.00191306713818069	-0.00388976386682982	174	"success"	"pgls5_castespolymorphic"
"OG0001178_00"	-0.00292001461660299	0.832854338661199	1	"1e-05 to 1"	0.000277460520476999	-0.00553487982533429	174	"success"	"pgls5_castespolymorphic"
"OG0001179_00"	-0.0124422608015545	0.227578298606253	1	"1e-05 to 1"	0.00914357161556953	0.00338277842728796	174	"success"	"pgls5_castespolymorphic"
"OG0001180_00"	0.00180034363485969	0.795256010865617	1	"1e-05 to 1"	0.000683370161611148	-0.00512661024442607	174	"success"	"pgls5_castespolymorphic"
"OG0001181_00"	0.00294804947571787	0.827538446237325	0.833591925839888	"1e-05 to 1"	0.0002994037414052	-0.00551280902754003	174	"success"	"pgls5_castespolymorphic"
"OG0001182_00"	-0.0152790938660663	0.234900568239522	1	"1e-05 to 1"	0.00880693865077971	0.00304418829409814	174	"success"	"pgls5_castespolymorphic"
"OG0001183_00"	-0.0229486238881841	0.0679447773130502	0.958928407682505	"1e-05 to 1"	0.027725880830782	0.0220731243239842	174	"success"	"pgls5_castespolymorphic"
"OG0001184_00"	0.00647145807522591	0.398854251002001	0.810875228581037	"1e-05 to 1"	0.00439756909930702	-0.00139081712685973	174	"success"	"pgls5_castespolymorphic"
"OG0001185_00"	0.0355291474942605	0.0642518455238612	1e-05	"1e-05 to 1"	0.0209783733192066	0.0152863871175741	174	"success"	"pgls5_castespolymorphic"
"OG0001186_00"	-0.00349965854281841	0.718019704164264	0.892460575918484	"1e-05 to 1"	0.00103027496752732	-0.00477768855010341	174	"success"	"pgls5_castespolymorphic"
"OG0001187_00"	-0.00910572672428779	0.528446440376337	0.798056503105225	"1e-05 to 1"	0.00256870638136024	-0.00323031276758545	174	"success"	"pgls5_castespolymorphic"
"OG0001188_00"	5.54494436779719e-06	0.999302323596376	1e-05	"1e-05 to 1"	4.73427426553168e-09	-0.00581394872657293	174	"success"	"pgls5_castespolymorphic"
"OG0001190_00"	0.0398836266779062	0.00407843587097401	1	"1e-05 to 1"	0.0500937254388778	0.0445710145402667	174	"success"	"pgls5_castespolymorphic"
"OG0001191_00"	0.0136906108777009	0.172842184830012	0.537756777544438	"1e-05 to 1"	0.0114393516988287	0.00569190606917069	174	"success"	"pgls5_castespolymorphic"
"OG0001192_00"	-0.00720785794874757	0.430531297538921	0.949918292919521	"1e-05 to 1"	0.00391274200552866	-0.00187846298281125	174	"success"	"pgls5_castespolymorphic"
"OG0001193_00"	0.000122925110763611	0.977265392582585	1	"1e-05 to 1"	5.09153139299031e-06	-0.00580883235505247	174	"success"	"pgls5_castespolymorphic"
"OG0001195_00"	-0.00355287137413916	0.538482645177326	1e-05	"1e-05 to 1"	0.00256184376741591	-0.00323721528044807	174	"success"	"pgls5_castespolymorphic"
"OG0001197_00"	-0.0162371695469599	0.457731547276757	0.730096502987937	"1e-05 to 1"	0.00394511353274376	-0.00184590324904277	174	"success"	"pgls5_castespolymorphic"
"OG0001198_00"	0.00470775219457104	0.378671306055687	1	"1e-05 to 1"	0.00484718745148198	-0.000938584714497814	174	"success"	"pgls5_castespolymorphic"
"OG0001200_00"	0.0101448883576049	0.654850413224401	0.796687525169833	"1e-05 to 1"	0.00130955734040574	-0.00449678244249885	174	"success"	"pgls5_castespolymorphic"
"OG0001201_00"	0.00158741715313468	0.898620685462789	0.892777038191983	"1e-05 to 1"	0.000100500768339387	-0.00571286841324015	174	"success"	"pgls5_castespolymorphic"
"OG0001202_00"	-0.0208190275518112	0.279516167452457	1e-05	"1e-05 to 1"	0.0129811036369872	0.00724262168138823	174	"success"	"pgls5_castespolymorphic"
"OG0001203_00"	0.00938743526288624	0.128459990089337	0.831289129326178	"1e-05 to 1"	0.0144746398775005	0.00874484127213726	174	"success"	"pgls5_castespolymorphic"
"OG0001204_00"	0.00812608960251692	0.354338590985756	1e-05	"1e-05 to 1"	0.00529770375017518	-0.000485449134998373	174	"success"	"pgls5_castespolymorphic"
"OG0001205_00"	-0.0105316362376046	0.293435520718755	0.589389834652131	"1e-05 to 1"	0.00681127518821819	0.00103692213698692	174	"success"	"pgls5_castespolymorphic"
"OG0001206_00"	-0.0134283113926829	0.51712062165574	0.991184686938217	"1e-05 to 1"	0.00274788738784459	-0.00305009001106327	174	"success"	"pgls5_castespolymorphic"
"OG0001207_00"	0.0151617769391181	0.0937614620594514	1e-05	"1e-05 to 1"	0.0176740158625551	0.0119628182803606	174	"success"	"pgls5_castespolymorphic"
"OG0001208_00"	0.00989102293152343	0.2725791683779	0.951354510672072	"1e-05 to 1"	0.0075183847965844	0.00174814284772729	174	"success"	"pgls5_castespolymorphic"
"OG0001209_00"	0.0274454332885002	0.0855994381094431	1e-05	"1e-05 to 1"	0.0276224825589254	0.0219691248993843	174	"success"	"pgls5_castespolymorphic"
"OG0001210_00"	0.0149891601628601	0.0571415507105666	0.389514809371235	"1e-05 to 1"	0.0236010097664492	0.0179242714511378	174	"success"	"pgls5_castespolymorphic"
"OG0001211_00"	-0.0169257714874685	0.213986966557381	1e-05	"1e-05 to 1"	0.012133123162445	0.00638971108780806	174	"success"	"pgls5_castespolymorphic"
"OG0001214_00"	0.00409879919474345	0.799235165864539	0.719491282353281	"1e-05 to 1"	0.00047033958605147	-0.00534087936984373	174	"success"	"pgls5_castespolymorphic"
"OG0001215_00"	0.00148353785635574	0.852686002752116	1	"1e-05 to 1"	0.000295933366184234	-0.00551629957936117	174	"success"	"pgls5_castespolymorphic"
"OG0001216_00"	0.00761898122040136	0.256958549346297	1e-05	"1e-05 to 1"	0.00797464127399983	0.00220705197908133	174	"success"	"pgls5_castespolymorphic"
"OG0001217_00"	0.000151204631314118	0.989065635968494	1e-05	"1e-05 to 1"	1.17752746636348e-06	-0.00581276911481576	174	"success"	"pgls5_castespolymorphic"
"OG0001218_00"	0.00101010192702119	0.944706759623182	0.873048112727902	"1e-05 to 1"	2.99692879871819e-05	-0.00578380996033867	174	"success"	"pgls5_castespolymorphic"
"OG0001219_00"	-0.000996531183765236	0.740055198078811	1	"1e-05 to 1"	0.00118930807889431	-0.00461773082762384	174	"success"	"pgls5_castespolymorphic"
"OG0001220_00"	-0.00326840759616412	0.646046899309613	1	"1e-05 to 1"	0.00180882044950873	-0.00399461664090106	174	"success"	"pgls5_castespolymorphic"
"OG0001222_00"	-0.0246578222876618	0.111897231158404	0.672533139148394	"1e-05 to 1"	0.0157196297855395	0.0099970694935948	174	"success"	"pgls5_castespolymorphic"
"OG0001223_00"	-0.0116483655427427	0.398482288780808	0.767192883057128	"1e-05 to 1"	0.00451610162886472	-0.00127159545468825	174	"success"	"pgls5_castespolymorphic"
"OG0001224_00"	0.000117882209615109	0.993429398651508	0.685637727442097	"1e-05 to 1"	5.0421357776568e-07	-0.00581344634331993	174	"success"	"pgls5_castespolymorphic"
"OG0001225_00"	0.00900334968589828	0.464103287927055	1e-05	"1e-05 to 1"	0.0033547207615184	-0.00243972853637975	174	"success"	"pgls5_castespolymorphic"
"OG0001226_00"	-0.00059654501560814	0.958541097229911	0.87343262674051	"1e-05 to 1"	1.67327907914178e-05	-0.00579712341391336	174	"success"	"pgls5_castespolymorphic"
"OG0001227_00"	-0.0107693663606618	0.408120398704195	0.878076671074135	"1e-05 to 1"	0.00492835018821131	-0.000856950101392195	174	"success"	"pgls5_castespolymorphic"
"OG0001228_00"	0.0324552366691117	0.00605973701801243	1e-05	"1e-05 to 1"	0.0458461641109417	0.0402987580883309	174	"success"	"pgls5_castespolymorphic"
"OG0001229_00"	-0.00704682979781027	0.630792592158123	1	"1e-05 to 1"	0.00142923332012049	-0.0043764106722044	174	"success"	"pgls5_castespolymorphic"
"OG0001230_00"	-0.0074725206122261	0.158961246627585	1e-05	"1e-05 to 1"	0.0122100719216327	0.00646710722350274	174	"success"	"pgls5_castespolymorphic"
"OG0001231_00"	-0.000811495426908473	0.941385551301867	1	"1e-05 to 1"	3.41092985814644e-05	-0.00577964587991509	174	"success"	"pgls5_castespolymorphic"
"OG0001232_00"	0.00255945878943979	0.677497419818791	1	"1e-05 to 1"	0.0010906080944317	-0.00471700464920533	174	"success"	"pgls5_castespolymorphic"
"OG0001233_00"	0.0234431424924135	0.197541180629762	0.989626098852576	"1e-05 to 1"	0.0145228964987694	0.00879337845515771	174	"success"	"pgls5_castespolymorphic"
"OG0001234_00"	-0.0112348285490348	0.474926062884575	1	"1e-05 to 1"	0.00321556827700938	-0.00257969004696146	174	"success"	"pgls5_castespolymorphic"
"OG0001235_00"	-0.00163941402724669	0.83622094770305	1	"1e-05 to 1"	0.000267907448160761	-0.00554448843876854	174	"success"	"pgls5_castespolymorphic"
"OG0001236_00"	-0.00527364873256081	0.709470676427218	0.465673109312267	"1e-05 to 1"	0.00086445807760529	-0.00494446949171112	174	"success"	"pgls5_castespolymorphic"
"OG0001237_00"	-0.00356974335637691	0.622874752991877	1e-05	"1e-05 to 1"	0.00169572646457079	-0.00410836814900728	174	"success"	"pgls5_castespolymorphic"
"OG0001238_00"	0.00356755150243394	0.762694692309173	0.800260464999803	"1e-05 to 1"	0.00057143394639524	-0.00523919725159083	174	"success"	"pgls5_castespolymorphic"
"OG0001239_00"	0.05933910092664	0.00181894113453862	1e-05	"1e-05 to 1"	0.0896675311846516	0.0843749005520043	174	"success"	"pgls5_castespolymorphic"
"OG0001241_00"	-0.00670612124589785	0.375815992068237	0.921964701262327	"1e-05 to 1"	0.00633077046023313	0.0005536237768623	174	"success"	"pgls5_castespolymorphic"
"OG0001242_00"	-0.0139027554960888	0.0606254011752159	0.95071624643858	"1e-05 to 1"	0.0216936659745094	0.0160058384511054	174	"success"	"pgls5_castespolymorphic"
"OG0001243_00"	-0.00553142739828365	0.551896603378482	1	"1e-05 to 1"	0.00223049580872418	-0.00357048968076001	174	"success"	"pgls5_castespolymorphic"
"OG0001244_00"	0.0199928145341298	0.359834220265118	0.536002226242251	"1e-05 to 1"	0.00530945054335585	-0.000473634046508353	174	"success"	"pgls5_castespolymorphic"
"OG0001245_00"	0.016226393027939	0.128165286994426	1	"1e-05 to 1"	0.0144066119622195	0.00867641784572082	174	"success"	"pgls5_castespolymorphic"
"OG0001246_00"	0.0132314264502283	0.343991164360203	0.841231324879652	"1e-05 to 1"	0.00566954502780175	-0.000111445989478653	174	"success"	"pgls5_castespolymorphic"
"OG0001247_00"	-0.00294288492990765	0.746575023143926	1	"1e-05 to 1"	0.000658653884653231	-0.00515147022066853	174	"success"	"pgls5_castespolymorphic"
"OG0001248_00"	0.00714743617669683	0.516310438186075	0.518039606715393	"1e-05 to 1"	0.00267105928173981	-0.00312736479220344	174	"success"	"pgls5_castespolymorphic"
"OG0001249_00"	-0.000128865718350664	0.984224738943646	0.839542719362527	"1e-05 to 1"	2.43585767282941e-06	-0.00581150346873605	174	"success"	"pgls5_castespolymorphic"
"OG0001250_00"	0.0042817445197629	0.531620267312269	1	"1e-05 to 1"	0.00245023041269518	-0.00334947755002157	174	"success"	"pgls5_castespolymorphic"
"OG0001251_00"	0.00828399372973905	0.558866072401958	1e-05	"1e-05 to 1"	0.00222338344408244	-0.00357764339635902	174	"success"	"pgls5_castespolymorphic"
"OG0001252_00"	-0.00613188034653905	0.591931795741726	1	"1e-05 to 1"	0.0018701437616615	-0.00393293679786377	174	"success"	"pgls5_castespolymorphic"
"OG0001253_00"	0.00889138875209054	0.38649758705915	1e-05	"1e-05 to 1"	0.00463275291845663	-0.00115426595992441	174	"success"	"pgls5_castespolymorphic"
"OG0001254_00"	0.0124022776699314	0.538515930182075	1e-05	"1e-05 to 1"	0.00252720169701463	-0.00327205875823533	174	"success"	"pgls5_castespolymorphic"
"OG0001255_00"	0.00447590334352984	0.742652640509153	0.823204490015278	"1e-05 to 1"	0.000984060666552706	-0.00482417153887438	174	"success"	"pgls5_castespolymorphic"
"OG0001256_00"	0.0166445397996428	0.328833915651126	0.984248569622944	"1e-05 to 1"	0.00588649815734573	0.000106768495469867	174	"success"	"pgls5_castespolymorphic"
"OG0001257_00"	-0.0134276497144884	0.234049857535408	1	"1e-05 to 1"	0.00883887951535996	0.00307631486137949	174	"success"	"pgls5_castespolymorphic"
"OG0001260_00"	0.00131848442227051	0.895694930727521	0.657981793815691	"1e-05 to 1"	0.000120606934748962	-0.00569264535051417	174	"success"	"pgls5_castespolymorphic"
"OG0001261_00"	0.0285123659145733	0.00118113037750023	1	"1e-05 to 1"	0.0646081945682058	0.0591698701180209	174	"success"	"pgls5_castespolymorphic"
"OG0001263_00"	0.000483112372352595	0.956624308275877	0.703802955038157	"1e-05 to 1"	2.03315693093539e-05	-0.0057935037122645	174	"success"	"pgls5_castespolymorphic"
"OG0001264_00"	-0.00843926195862817	0.469960804280691	1	"1e-05 to 1"	0.00493622451214197	-0.000849029996508488	174	"success"	"pgls5_castespolymorphic"
"OG0001265_00"	0.00486411241834347	0.402710745382255	1e-05	"1e-05 to 1"	0.0044359274909187	-0.00135223572134335	174	"success"	"pgls5_castespolymorphic"
"OG0001266_00"	0.009225614102329	0.52735217515753	1e-05	"1e-05 to 1"	0.0027995010452849	-0.00299817627421906	174	"success"	"pgls5_castespolymorphic"
"OG0001267_00"	0.00564096928290751	0.570901638726633	0.649925506521704	"1e-05 to 1"	0.00198672051644285	-0.00381568227125229	174	"success"	"pgls5_castespolymorphic"
"OG0001268_00"	0.000476486377530455	0.938859792554309	1e-05	"1e-05 to 1"	3.73537492925219e-05	-0.00577638256611857	174	"success"	"pgls5_castespolymorphic"
"OG0001269_00"	-0.00813191081774769	0.749366954398761	0.949163521208408	"1e-05 to 1"	0.000839670894863141	-0.00496940078598063	174	"success"	"pgls5_castespolymorphic"
"OG0001270_00"	0.0230096119051476	0.242444908338171	0.386411983860021	"1e-05 to 1"	0.0158529683840232	0.0101311833164884	174	"success"	"pgls5_castespolymorphic"
"OG0001271_00"	-0.00664420949083836	0.420485144606021	1e-05	"1e-05 to 1"	0.00507689493800438	-0.000707541719332738	174	"success"	"pgls5_castespolymorphic"
"OG0001272_00"	-0.00160995961345408	0.851313076063188	0.319758416365622	"1e-05 to 1"	0.000250038240256089	-0.0055624615374168	174	"success"	"pgls5_castespolymorphic"
"OG0001273_00"	-0.00204223688298094	0.660970843354058	1e-05	"1e-05 to 1"	0.0011902844977122	-0.00461674873195217	174	"success"	"pgls5_castespolymorphic"
"OG0001275_00"	0.0113704416671836	0.617097134672308	1	"1e-05 to 1"	0.00187065844460306	-0.00393241912257958	174	"success"	"pgls5_castespolymorphic"
"OG0001276_00"	-0.00407306628596957	0.643686629796858	0.808365660765929	"1e-05 to 1"	0.00132390196196236	-0.00448235442197964	174	"success"	"pgls5_castespolymorphic"
"OG0001278_00"	-0.00626790421614598	0.276585965366107	1	"1e-05 to 1"	0.00734845001928801	0.00157722007753969	174	"success"	"pgls5_castespolymorphic"
"OG0001279_00"	-0.00285908946459442	0.628218835856165	1e-05	"1e-05 to 1"	0.00145988454056456	-0.00434558124699014	174	"success"	"pgls5_castespolymorphic"
"OG0001280_00"	0.0089888739594079	0.59446164100204	0.667481017834949	"1e-05 to 1"	0.00185682237485948	-0.00394633563458902	174	"success"	"pgls5_castespolymorphic"
"OG0001281_00"	0.0137025934481079	0.267659360124446	1	"1e-05 to 1"	0.00767382046319008	0.00190448221006911	174	"success"	"pgls5_castespolymorphic"
"OG0001282_00"	-0.00335827506989145	0.762166737533935	0.829671482874399	"1e-05 to 1"	0.000581345243330679	-0.00522922833083617	174	"success"	"pgls5_castespolymorphic"
"OG0001283_00"	-0.00322983770506148	0.77706639636359	1e-05	"1e-05 to 1"	0.000518765952385537	-0.00529217145486793	174	"success"	"pgls5_castespolymorphic"
"OG0001285_00"	0.00852740469827467	0.56750222255673	0.944118895283598	"1e-05 to 1"	0.0024094708201716	-0.00339047411692039	174	"success"	"pgls5_castespolymorphic"
"OG0001286_00"	0.0107752385054591	0.118415834678195	1e-05	"1e-05 to 1"	0.017963968785621	0.0122544569762351	174	"success"	"pgls5_castespolymorphic"
"OG0001287_00"	-0.000314303205028461	0.908275538534997	1	"1e-05 to 1"	8.27018169666194e-05	-0.00573077084688833	174	"success"	"pgls5_castespolymorphic"
"OG0001288_00"	0.00514335931509109	0.520680592856215	0.692409864715793	"1e-05 to 1"	0.0026158907653666	-0.00318285405576502	174	"success"	"pgls5_castespolymorphic"
"OG0001289_00"	0.00548791768144334	0.281573248886932	1e-05	"1e-05 to 1"	0.00724306408713219	0.00147122143647593	174	"success"	"pgls5_castespolymorphic"
"OG0001291_00"	0.0211614887810376	0.630649439665084	0.562386266250831	"1e-05 to 1"	0.0021888644854447	-0.0036123630466165	174	"success"	"pgls5_castespolymorphic"
"OG0001292_00"	0.00768679927813628	0.439010591600776	0.755584755548809	"1e-05 to 1"	0.00372428527959011	-0.0020680153873891	174	"success"	"pgls5_castespolymorphic"
"OG0001293_00"	0.0160723620656508	0.119145171876259	1e-05	"1e-05 to 1"	0.014924665348831	0.00919748317062652	174	"success"	"pgls5_castespolymorphic"
"OG0001294_00"	-0.00362605877367297	0.383291190800379	1	"1e-05 to 1"	0.00490775116579266	-0.00087766888556895	174	"success"	"pgls5_castespolymorphic"
"OG0001295_00"	0.00125999033781475	0.85869353862762	1	"1e-05 to 1"	0.000198708706469	-0.00561408949872599	174	"success"	"pgls5_castespolymorphic"
"OG0001296_00"	-0.00221248937198253	0.677393298251041	1	"1e-05 to 1"	0.00217463047409937	-0.00362667981384179	174	"success"	"pgls5_castespolymorphic"
"OG0001297_00"	0.0187525108219014	0.150487848184195	1e-05	"1e-05 to 1"	0.0127976654897778	0.00705811703332315	174	"success"	"pgls5_castespolymorphic"
"OG0001298_00"	0.00808964046788749	0.455566515242801	0.300737815781534	"1e-05 to 1"	0.00352875561801921	-0.00226468184931772	174	"success"	"pgls5_castespolymorphic"
"OG0001299_00"	-0.0123038316126377	0.446131567697542	1	"1e-05 to 1"	0.00367866340692607	-0.00211390250349863	174	"success"	"pgls5_castespolymorphic"
"OG0001300_00"	-0.0052117111005753	0.437306346041149	0.963689671476098	"1e-05 to 1"	0.00372886277574484	-0.00206341127788456	174	"success"	"pgls5_castespolymorphic"
"OG0001301_00"	0.0111450695563944	0.327683699527649	0.640914946584761	"1e-05 to 1"	0.00595121742941369	0.000171864042375458	174	"success"	"pgls5_castespolymorphic"
"OG0001302_00"	0.00779302466639207	0.397421599100803	1e-05	"1e-05 to 1"	0.00445180300661501	-0.00133626790613728	174	"success"	"pgls5_castespolymorphic"
"OG0001303_00"	0.000397667859227355	0.968114876863861	0.184564544419573	"1e-05 to 1"	9.95515555114345e-06	-0.00580394045400956	174	"success"	"pgls5_castespolymorphic"
"OG0001305_00"	-0.0064304042549027	0.465962057846315	1	"1e-05 to 1"	0.00330625043037387	-0.0024884806717751	174	"success"	"pgls5_castespolymorphic"
"OG0001306_00"	0.00211472316092972	0.750544333348514	0.794729857025129	"1e-05 to 1"	0.00063748559106156	-0.00517276158573465	174	"success"	"pgls5_castespolymorphic"
"OG0001307_00"	-0.00661664796466794	0.401235318524793	1	"1e-05 to 1"	0.00538479532756578	-0.000397851211227485	174	"success"	"pgls5_castespolymorphic"
"OG0001308_00"	0.0210955357809164	0.267160755383844	0.776526442693141	"1e-05 to 1"	0.00759490530524067	0.0018251082430617	174	"success"	"pgls5_castespolymorphic"
"OG0001309_00"	0.0171506023194639	0.0923113590874283	1e-05	"1e-05 to 1"	0.0177185613049583	0.0120076227078941	174	"success"	"pgls5_castespolymorphic"
"OG0001310_00"	-0.000496691657010666	0.905043019358169	1e-05	"1e-05 to 1"	9.09275593825226e-05	-0.00572249728038843	174	"success"	"pgls5_castespolymorphic"
"OG0001311_00"	-0.00395523425694774	0.608994601471168	0.745798944494449	"1e-05 to 1"	0.00165982826148766	-0.00414447506257343	174	"success"	"pgls5_castespolymorphic"
"OG0001312_00"	0.00185123127723695	0.870036224497737	0.429317824267961	"1e-05 to 1"	0.000167816066709656	-0.00564516174685603	174	"success"	"pgls5_castespolymorphic"
"OG0001313_00"	0.0319826646721813	0.0404591290550331	1	"1e-05 to 1"	0.0263048251713343	0.020643806713028	174	"success"	"pgls5_castespolymorphic"
"OG0001314_00"	-0.0190476411463164	0.14971064774665	1e-05	"1e-05 to 1"	0.0130893190487621	0.00735146625253391	174	"success"	"pgls5_castespolymorphic"
"OG0001315_00"	-0.0146400347515829	0.217314688043367	0.798236836904797	"1e-05 to 1"	0.00943807464495866	0.00367899368359204	174	"success"	"pgls5_castespolymorphic"
"OG0001316_00"	0.00567109641158648	0.411729047534947	1	"1e-05 to 1"	0.00435165664796792	-0.00143699651105544	174	"success"	"pgls5_castespolymorphic"
"OG0001317_00"	-0.00694623452030354	0.448765367926995	1	"1e-05 to 1"	0.00356847750617281	-0.00222472901995396	174	"success"	"pgls5_castespolymorphic"
"OG0001318_00"	-0.00328040125945835	0.452054123160627	1e-05	"1e-05 to 1"	0.00363000558650669	-0.0021628432182228	174	"success"	"pgls5_castespolymorphic"
"OG0001319_00"	-0.00704356146295625	0.135415112648728	1e-05	"1e-05 to 1"	0.0139664193254156	0.00823366594940067	174	"success"	"pgls5_castespolymorphic"
"OG0001320_00"	0.00281244765890246	0.900591563149657	0.675009285854021	"1e-05 to 1"	9.84396463792768e-05	-0.00571494151846741	174	"success"	"pgls5_castespolymorphic"
"OG0001321_00"	-0.0361673008072222	0.0833572587345826	1e-05	"1e-05 to 1"	0.0209655064439046	0.0152734454348575	174	"success"	"pgls5_castespolymorphic"
"OG0001322_00"	-0.0407729136637048	0.137805380408081	1e-05	"1e-05 to 1"	0.0204661040391971	0.0147711395277972	174	"success"	"pgls5_castespolymorphic"
"OG0001323_00"	-0.0027731592828293	0.622533900548892	1e-05	"1e-05 to 1"	0.00159819863754069	-0.00420646299828742	174	"success"	"pgls5_castespolymorphic"
"OG0001324_00"	-0.00608007484395688	0.437250472234219	0.774878759791475	"1e-05 to 1"	0.00416764521169627	-0.001622077781259	174	"success"	"pgls5_castespolymorphic"
"OG0001325_00"	-0.00268373446029485	0.754298231757735	1	"1e-05 to 1"	0.000610119303327686	-0.00520028697979247	174	"success"	"pgls5_castespolymorphic"
"OG0001326_00"	0.00403514537916627	0.346189237533642	1e-05	"1e-05 to 1"	0.00576423745520229	-1.62030247092826e-05	174	"success"	"pgls5_castespolymorphic"
"OG0001327_00"	0.00137992329004731	0.935180114184475	1e-05	"1e-05 to 1"	5.06837575884041e-05	-0.00576297505777457	174	"success"	"pgls5_castespolymorphic"
"OG0001328_00"	-0.00642023562098365	0.497974763032047	1	"1e-05 to 1"	0.00306717216452693	-0.00272894892753972	174	"success"	"pgls5_castespolymorphic"
"OG0001330_00"	0.00493085118564458	0.671887267227234	0.984235188798968	"1e-05 to 1"	0.00113123037818332	-0.00467614618938539	174	"success"	"pgls5_castespolymorphic"
"OG0001331_00"	0.0105969262025199	0.153830261082511	1e-05	"1e-05 to 1"	0.0129116699592976	0.00717278431952606	174	"success"	"pgls5_castespolymorphic"
"OG0001332_00"	-0.00482009505274402	0.4550992120517	0.510709308325178	"1e-05 to 1"	0.00372493190111994	-0.00206736500643157	174	"success"	"pgls5_castespolymorphic"
"OG0001333_00"	-0.0193986865711997	0.224467419094037	0.502777023717904	"1e-05 to 1"	0.0109107797991177	0.0051602610770195	174	"success"	"pgls5_castespolymorphic"
"OG0001336_00"	-0.0137360882842377	0.15276608991701	0.722360491498132	"1e-05 to 1"	0.0166854196172011	0.0109684743824172	174	"success"	"pgls5_castespolymorphic"
"OG0001337_00"	0.00673108138127214	0.561489160979526	0.919799004511897	"1e-05 to 1"	0.00246676838076866	-0.00333284343097096	174	"success"	"pgls5_castespolymorphic"
"OG0001338_00"	0.00131234658674301	0.790960938513351	1e-05	"1e-05 to 1"	0.000454641030354595	-0.00535666919621303	174	"success"	"pgls5_castespolymorphic"
"OG0001339_00"	-0.00426278974927981	0.772138296325717	1e-05	"1e-05 to 1"	0.000609671938187061	-0.00520073694589329	174	"success"	"pgls5_castespolymorphic"
"OG0001340_00"	0.00199698656040532	0.125888206503866	1e-05	"1e-05 to 1"	0.0145790094609466	0.00884981765548709	174	"success"	"pgls5_castespolymorphic"
"OG0001341_00"	-0.00744706459943322	0.43145772459701	1	"1e-05 to 1"	0.00387268630592398	-0.00191875156439036	174	"success"	"pgls5_castespolymorphic"
"OG0001342_00"	-0.00904195701379454	0.310251848314752	1	"1e-05 to 1"	0.0100924361195647	0.00433715958537628	174	"success"	"pgls5_castespolymorphic"
"OG0001343_00"	-0.0119500333251169	0.264896934403984	1	"1e-05 to 1"	0.00781143961297234	0.00204290147118724	174	"success"	"pgls5_castespolymorphic"
"OG0001344_00"	0.0149249968531463	0.253733987580912	1	"1e-05 to 1"	0.00818472742245352	0.00241835955863057	174	"success"	"pgls5_castespolymorphic"
"OG0001345_00"	0.0100558970289337	0.537351871071669	0.877447981996101	"1e-05 to 1"	0.0023975487113004	-0.00340246554037815	174	"success"	"pgls5_castespolymorphic"
"OG0001346_00"	-0.0100441820265704	0.49486358861767	1	"1e-05 to 1"	0.00348403230609186	-0.00230966518050058	174	"success"	"pgls5_castespolymorphic"
"OG0001348_00"	-0.00165256629258393	0.855852310161602	1	"1e-05 to 1"	0.000210833437525288	-0.00560189427504709	174	"success"	"pgls5_castespolymorphic"
"OG0001349_00"	0.00290483957677937	0.749474493755016	1	"1e-05 to 1"	0.000659799105990434	-0.00515031834106772	174	"success"	"pgls5_castespolymorphic"
"OG0001350_00"	0.007860030233467	0.266588568417361	0.855578593938718	"1e-05 to 1"	0.00887164212478381	0.00310926795109079	174	"success"	"pgls5_castespolymorphic"
"OG0001351_00"	0.0405381984183485	0.00766464722289051	1	"1e-05 to 1"	0.0435983621295685	0.038037887490787	174	"success"	"pgls5_castespolymorphic"
"OG0001352_00"	0.0128615950510819	0.167566910585762	1e-05	"1e-05 to 1"	0.01209596742867	0.00635233933232504	174	"success"	"pgls5_castespolymorphic"
"OG0001353_00"	0.0116355940723494	0.0921082773038977	1e-05	"1e-05 to 1"	0.0242642688626033	0.0185913867048277	174	"success"	"pgls5_castespolymorphic"
"OG0001354_00"	-0.0304671702572107	0.171725007782735	1e-05	"1e-05 to 1"	0.0177147559087145	0.0120037951872536	174	"success"	"pgls5_castespolymorphic"
"OG0001356_00"	0.00469130278341716	0.776180976858671	0.709124683788209	"1e-05 to 1"	0.000503460281242811	-0.00530756611247085	174	"success"	"pgls5_castespolymorphic"
"OG0001357_00"	-0.00998180542292563	0.551565476062053	1	"1e-05 to 1"	0.00271292046445913	-0.00308526023051492	174	"success"	"pgls5_castespolymorphic"
"OG0001358_00"	0.00756731012748998	0.717156094338186	0.960463884070492	"1e-05 to 1"	0.00110683586769792	-0.00470068252842015	174	"success"	"pgls5_castespolymorphic"
"OG0001359_00"	0.0267384267952481	0.0507338150276877	1	"1e-05 to 1"	0.025545930759138	0.0198805001240168	174	"success"	"pgls5_castespolymorphic"
"OG0001360_00"	0.0226778016733343	0.0940329440793564	0.653886394563514	"1e-05 to 1"	0.0173181570525841	0.0116048905238201	174	"success"	"pgls5_castespolymorphic"
"OG0001361_00"	-0.00858133482956144	0.391368321105696	0.365958783262898	"1e-05 to 1"	0.0045955646173519	-0.00119167047208202	174	"success"	"pgls5_castespolymorphic"
"OG0001362_00"	0.00566865098255219	0.366220000827853	1	"1e-05 to 1"	0.00507397137466071	-0.000710482280137814	174	"success"	"pgls5_castespolymorphic"
"OG0001363_00"	0.0095805847824896	0.376193557468012	0.877729152885817	"1e-05 to 1"	0.00483717380109871	-0.000948656583778629	174	"success"	"pgls5_castespolymorphic"
"OG0001364_00"	-0.0136064080567095	0.277663273874026	1	"1e-05 to 1"	0.00740765427856751	0.00163676854762895	174	"success"	"pgls5_castespolymorphic"
"OG0001365_00"	0.00861123144564508	0.233251700711783	1e-05	"1e-05 to 1"	0.00909607081495209	0.00333500145922516	174	"success"	"pgls5_castespolymorphic"
"OG0001366_00"	0.0120104335804443	0.0484014272865971	1e-05	"1e-05 to 1"	0.023981587048944	0.0183070613922519	174	"success"	"pgls5_castespolymorphic"
"OG0001367_00"	-0.00900547296322716	0.25163881648424	1	"1e-05 to 1"	0.00820547915946264	0.00243923194527362	174	"success"	"pgls5_castespolymorphic"
"OG0001369_00"	-0.00982073529213873	0.299781510607776	0.305024007307461	"1e-05 to 1"	0.00808154805923187	0.00231458031539022	174	"success"	"pgls5_castespolymorphic"
"OG0001371_00"	0.00080432105045857	0.954404212451866	1	"1e-05 to 1"	2.02424687314973e-05	-0.00579359333086904	174	"success"	"pgls5_castespolymorphic"
"OG0001372_00"	0.00654738661868473	0.652907432181445	1	"1e-05 to 1"	0.00125935066671835	-0.00454728101545188	174	"success"	"pgls5_castespolymorphic"
"OG0001373_00"	-0.00254947033563916	0.851753091341665	1	"1e-05 to 1"	0.000218939900461879	-0.00559374068151208	174	"success"	"pgls5_castespolymorphic"
"OG0001374_00"	0.0046936074116603	0.699067971221684	0.634703026928916	"1e-05 to 1"	0.000992479860000463	-0.0048157033966274	174	"success"	"pgls5_castespolymorphic"
"OG0001375_00"	0.0169165262307849	0.0650487084661306	0.946691033956162	"1e-05 to 1"	0.0215141089644438	0.0158252375049348	174	"success"	"pgls5_castespolymorphic"
"OG0001376_00"	0.000668496809571979	0.859041579861224	1	"1e-05 to 1"	0.000195272525390461	-0.00561754565760153	174	"success"	"pgls5_castespolymorphic"
"OG0001377_00"	0.00083283095895973	0.951517099677797	1	"1e-05 to 1"	2.42412303701613e-05	-0.00578957132061597	174	"success"	"pgls5_castespolymorphic"
"OG0001378_00"	-0.0124122152934932	0.197417999252318	0.830374694909887	"1e-05 to 1"	0.0105595720593458	0.00480701143178386	174	"success"	"pgls5_castespolymorphic"
"OG0001379_00"	0.0508605188085576	0.00665258966362892	0.830809174545822	"1e-05 to 1"	0.0451216462411761	0.0395700279053689	174	"success"	"pgls5_castespolymorphic"
"OG0001380_00"	-0.00738869687767809	0.210279055937256	1	"1e-05 to 1"	0.0120464382426281	0.00630252218589922	174	"success"	"pgls5_castespolymorphic"
"OG0001382_00"	0.00330289846328558	0.743753066219515	1	"1e-05 to 1"	0.000665540563464161	-0.00514454350302729	174	"success"	"pgls5_castespolymorphic"
"OG0001383_00"	0.0124442598363651	0.124663540750443	1e-05	"1e-05 to 1"	0.0149523120608266	0.00922529061931965	174	"success"	"pgls5_castespolymorphic"
"OG0001384_00"	-0.00931463433462567	0.447020670526124	1e-05	"1e-05 to 1"	0.00359595958201468	-0.00219708716460154	174	"success"	"pgls5_castespolymorphic"
"OG0001385_00"	0.00948380832498713	0.355851780343114	0.105304764378559	"1e-05 to 1"	0.00533040943904091	-0.000452553296778513	174	"success"	"pgls5_castespolymorphic"
"OG0001386_00"	0.00800012711128553	0.437831638890558	0.823256017634585	"1e-05 to 1"	0.00374347577517404	-0.00204871331915624	174	"success"	"pgls5_castespolymorphic"
"OG0001387_00"	-0.0150645568199714	0.209877752787933	0.874481349348792	"1e-05 to 1"	0.00980898930126557	0.00405206482045906	174	"success"	"pgls5_castespolymorphic"
"OG0001388_00"	-0.017953479022205	0.026998503682967	1	"1e-05 to 1"	0.0298299080250869	0.0241893842345351	174	"success"	"pgls5_castespolymorphic"
"OG0001389_00"	0.000669501574765245	0.968014270345047	1e-05	"1e-05 to 1"	1.00809192449843e-05	-0.00580381395913143	174	"success"	"pgls5_castespolymorphic"
"OG0001390_00"	0.00808183872805728	0.38540118749764	1	"1e-05 to 1"	0.00465413729983393	-0.00113275725074846	174	"success"	"pgls5_castespolymorphic"
"OG0001391_00"	-0.00701436692741638	0.515246513990949	1	"1e-05 to 1"	0.00263450082188153	-0.00316413580124708	174	"success"	"pgls5_castespolymorphic"
"OG0001393_00"	-0.0100111498022683	0.496857765567639	0.607453612838429	"1e-05 to 1"	0.00292674944906406	-0.00287018805413908	174	"success"	"pgls5_castespolymorphic"
"OG0001394_00"	0.00910771914327249	0.429354459891309	0.625193838665952	"1e-05 to 1"	0.00395764125521667	-0.00183330269097381	174	"success"	"pgls5_castespolymorphic"
"OG0001395_00"	0.00777813532536142	0.339482838916073	1	"1e-05 to 1"	0.00588795111747422	0.000108229903040824	174	"success"	"pgls5_castespolymorphic"
"OG0001396_00"	-0.000316138331944727	0.908407603435484	1	"1e-05 to 1"	8.35032835982988e-05	-0.00572996472056686	174	"success"	"pgls5_castespolymorphic"
"OG0001397_00"	-0.00556549272782776	0.651336982685572	0.749549074682657	"1e-05 to 1"	0.00127157480119122	-0.00453498581042977	174	"success"	"pgls5_castespolymorphic"
"OG0001398_00"	-0.00812625540630272	0.219057576690805	1	"1e-05 to 1"	0.00936721169109075	0.00360771873580645	174	"success"	"pgls5_castespolymorphic"
"OG0001399_00"	0.00345427407218523	0.781726208542696	1	"1e-05 to 1"	0.000478187874281526	-0.00533298545203076	174	"success"	"pgls5_castespolymorphic"
"OG0001400_00"	-0.00157005887330255	0.861800471369691	0.762014020833688	"1e-05 to 1"	0.000188796112579431	-0.00562405972397539	174	"success"	"pgls5_castespolymorphic"
"OG0001401_00"	4.39813395473372e-05	0.986238126206419	1	"1e-05 to 1"	1.86532650710702e-06	-0.00581207731694344	174	"success"	"pgls5_castespolymorphic"
"OG0001402_00"	-0.00636049817756647	0.555418258751723	0.982863405576542	"1e-05 to 1"	0.0021639957607816	-0.00363737635688821	174	"success"	"pgls5_castespolymorphic"
"OG0001407_00"	-0.00393827866258394	0.6636073557775	0.393985939455182	"1e-05 to 1"	0.0011853168062457	-0.00462174530534587	174	"success"	"pgls5_castespolymorphic"
"OG0001408_00"	-0.0209377760329422	0.323551809091314	1e-05	"1e-05 to 1"	0.00628777359171946	0.000510376926555201	174	"success"	"pgls5_castespolymorphic"
"OG0001409_00"	0.0302236401682921	0.0411457624189384	1	"1e-05 to 1"	0.0282526146681456	0.022602920567379	174	"success"	"pgls5_castespolymorphic"
"OG0001410_00"	-0.0104413328850091	0.181530676737936	1e-05	"1e-05 to 1"	0.0126244741234673	0.00688391874046423	174	"success"	"pgls5_castespolymorphic"
"OG0001411_00"	0.00473295870247128	0.80375183434402	0.992118841045163	"1e-05 to 1"	0.000387067395466854	-0.00542463570107121	174	"success"	"pgls5_castespolymorphic"
"OG0001412_00"	-0.00217058642308554	0.480644778054248	0.45272318828209	"1e-05 to 1"	0.00307512097910944	-0.00272095389891902	174	"success"	"pgls5_castespolymorphic"
"OG0001413_00"	-0.0011931601767098	0.841366603826846	0.989175168705915	"1e-05 to 1"	0.000249552153627533	-0.00556295045013044	174	"success"	"pgls5_castespolymorphic"
"OG0001414_00"	-0.0354571613779135	0.0534122180698455	0.785713822363756	"1e-05 to 1"	0.0262051292843708	0.0205435311988148	174	"success"	"pgls5_castespolymorphic"
"OG0001415_00"	-0.0121661134683135	0.34328244809841	0.887738644810257	"1e-05 to 1"	0.00572240402248648	-5.82796750572268e-05	174	"success"	"pgls5_castespolymorphic"
"OG0001416_00"	0.00402122942019335	0.717990030202089	1e-05	"1e-05 to 1"	0.0010817839896635	-0.0047258800569081	174	"success"	"pgls5_castespolymorphic"
"OG0001417_00"	0.0451767217318713	0.00567957819657972	1e-05	"1e-05 to 1"	0.0615046262177232	0.0560482577655007	174	"success"	"pgls5_castespolymorphic"
"OG0001418_00"	-0.00709822878333804	0.197185200799321	0.880564836583769	"1e-05 to 1"	0.0121986612585296	0.00645563021933493	174	"success"	"pgls5_castespolymorphic"
"OG0001419_00"	-0.00172237557536203	0.446852868263884	1e-05	"1e-05 to 1"	0.0073437077744144	0.00157245026147501	174	"success"	"pgls5_castespolymorphic"
"OG0001420_00"	0.0128915689103967	0.0958705469237922	1	"1e-05 to 1"	0.0175621817156505	0.0118503339349275	174	"success"	"pgls5_castespolymorphic"
"OG0001421_00"	-0.00225701766221127	0.746337653878822	0.814660919326243	"1e-05 to 1"	0.000655795753787679	-0.00515434496857403	174	"success"	"pgls5_castespolymorphic"
"OG0001422_00"	-0.00808621869033992	0.64168304091293	1e-05	"1e-05 to 1"	0.00185703422407311	-0.00394612255369386	174	"success"	"pgls5_castespolymorphic"
"OG0001423_00"	0.00202872115580993	0.582631709788017	1	"1e-05 to 1"	0.0019654769513133	-0.00383704934548135	174	"success"	"pgls5_castespolymorphic"
"OG0001424_00"	0.014325060323482	0.064148967976339	1e-05	"1e-05 to 1"	0.0211238251933397	0.0154326846421382	174	"success"	"pgls5_castespolymorphic"
"OG0001425_00"	0.011803670170375	0.084299620658044	1e-05	"1e-05 to 1"	0.0193510478581717	0.0136496004619981	174	"success"	"pgls5_castespolymorphic"
"OG0001426_00"	0.000242610919036448	0.953331434645303	1e-05	"1e-05 to 1"	2.18848299030437e-05	-0.00579194142108586	174	"success"	"pgls5_castespolymorphic"
"OG0001427_00"	-0.00366477744133261	0.458873496747533	0.95948889744209	"1e-05 to 1"	0.00347735436107392	-0.00231638195078032	174	"success"	"pgls5_castespolymorphic"
"OG0001428_00"	-0.0103831088231821	0.184546932632306	1	"1e-05 to 1"	0.0114785774559132	0.00573135988298246	174	"success"	"pgls5_castespolymorphic"
"OG0001430_00"	-0.0030760584754435	0.689305395075907	0.870132779996971	"1e-05 to 1"	0.00125283844281666	-0.0045538311011204	174	"success"	"pgls5_castespolymorphic"
"OG0001431_00"	0.0153670010113405	0.0706125186578306	1e-05	"1e-05 to 1"	0.0201596965758349	0.0144629506256944	174	"success"	"pgls5_castespolymorphic"
"OG0001432_00"	-0.00950896398738075	0.498282891241053	1e-05	"1e-05 to 1"	0.0028531749697759	-0.00294419029202775	174	"success"	"pgls5_castespolymorphic"
"OG0001433_00"	0.00966554818999444	0.384664504252446	1	"1e-05 to 1"	0.00487955477070799	-0.000906029213183279	174	"success"	"pgls5_castespolymorphic"
"OG0001434_00"	0.0339747087955746	0.160323198170546	0.78165920484273	"1e-05 to 1"	0.0122823123351052	0.00653976763937913	174	"success"	"pgls5_castespolymorphic"
"OG0001435_00"	0.00168323903884432	0.87832129234652	0.171742647041221	"1e-05 to 1"	0.000147867702844579	-0.00566522608958087	174	"success"	"pgls5_castespolymorphic"
"OG0001436_00"	-0.00420207008505505	0.448799936107667	1	"1e-05 to 1"	0.0035902636994218	-0.00220281616279072	174	"success"	"pgls5_castespolymorphic"
"OG0001437_00"	0.000852393375011232	0.964395216740867	0.879803541997097	"1e-05 to 1"	1.28141431313257e-05	-0.00580106484440845	174	"success"	"pgls5_castespolymorphic"
"OG0001438_00"	-0.0213620594043181	0.136297635302021	0.946267835240219	"1e-05 to 1"	0.0161267356723382	0.0104065422750843	174	"success"	"pgls5_castespolymorphic"
"OG0001439_00"	-0.0011649740878382	0.728156134344216	1e-05	"1e-05 to 1"	0.000791887686572424	-0.00501746180362184	174	"success"	"pgls5_castespolymorphic"
"OG0001440_00"	-0.012299459898474	0.172244322175726	0.948229925507571	"1e-05 to 1"	0.0116140735643912	0.00586764375953297	174	"success"	"pgls5_castespolymorphic"
"OG0001441_00"	0.00661893140687839	0.447033827810304	1	"1e-05 to 1"	0.00359575171073724	-0.00219729624443299	174	"success"	"pgls5_castespolymorphic"
"OG0001442_00"	0.0228937379430096	0.562784544861872	0.871104699796776	"1e-05 to 1"	0.00357541639167264	-0.00221774979209655	174	"success"	"pgls5_castespolymorphic"
"OG0001443_00"	-0.00207436015372934	0.616605984062761	0.982313392789405	"1e-05 to 1"	0.00156055949647009	-0.00424432097157368	174	"success"	"pgls5_castespolymorphic"
"OG0001444_00"	0.0213250225965929	0.0782336240412635	1	"1e-05 to 1"	0.0191365807033132	0.0134338864050765	174	"success"	"pgls5_castespolymorphic"
"OG0001445_00"	0.017111412204138	0.200953046956286	1	"1e-05 to 1"	0.0103299055111346	0.00457600961294358	174	"success"	"pgls5_castespolymorphic"
"OG0001446_00"	0.00383234202452492	0.712045569987311	1e-05	"1e-05 to 1"	0.00105968154818129	-0.00474811100095729	174	"success"	"pgls5_castespolymorphic"
"OG0001447_00"	-0.000919625525618584	0.951576328239111	0.884439060612086	"1e-05 to 1"	2.32665807037184e-05	-0.00579055163685016	174	"success"	"pgls5_castespolymorphic"
"OG0001448_00"	0.0221920761478495	0.0370970541269595	0.580029378586109	"1e-05 to 1"	0.026713949301153	0.0210553094715085	174	"success"	"pgls5_castespolymorphic"
"OG0001449_00"	0.00864051963542908	0.145092070008838	1	"1e-05 to 1"	0.0134744479074259	0.00773883423246891	174	"success"	"pgls5_castespolymorphic"
"OG0001450_00"	-0.00018246799454162	0.982421807163231	1	"1e-05 to 1"	3.06271443844074e-06	-0.00581087296745442	174	"success"	"pgls5_castespolymorphic"
"OG0001451_00"	0.00441322432956018	0.243544734696859	1e-05	"1e-05 to 1"	0.00865211710917091	0.00288846662724751	174	"success"	"pgls5_castespolymorphic"
"OG0001452_00"	0.00846851976613578	0.598046530046656	0.959662242074252	"1e-05 to 1"	0.00270802078991588	-0.00309018839153818	174	"success"	"pgls5_castespolymorphic"
"OG0001453_00"	-0.0055810405648436	0.458215792382286	0.675750478379769	"1e-05 to 1"	0.00344387587797728	-0.00235005507622055	174	"success"	"pgls5_castespolymorphic"
"OG0001454_00"	-0.0226294461619303	0.469409839052824	0.971426157818019	"0.001 to 1"	0.00416151600859012	-0.00162824261926686	174	"success"	"pgls5_castespolymorphic"
"OG0001455_00"	-0.0444019553764534	0.00240490337371435	1	"1e-05 to 1"	0.0554403828493193	0.0499487571682107	174	"success"	"pgls5_castespolymorphic"
"OG0001456_00"	-0.00635195664686898	0.631789675339804	0.666661762864707	"1e-05 to 1"	0.00149490969823724	-0.00431035245467992	174	"success"	"pgls5_castespolymorphic"
"OG0001457_00"	0.0144621997269324	0.079479032410096	1e-05	"1e-05 to 1"	0.0193375145396713	0.0136359884614136	174	"success"	"pgls5_castespolymorphic"
"OG0001458_00"	-0.033971539192358	0.127341945471142	1e-05	"1e-05 to 1"	0.0180668069057908	0.0123578929924524	174	"success"	"pgls5_castespolymorphic"
"OG0001459_00"	0.0160879314830949	0.0218286888258048	1e-05	"1e-05 to 1"	0.0324360670220425	0.0268106953186823	174	"success"	"pgls5_castespolymorphic"
"OG0001460_00"	0.00719869052578792	0.618056747154445	1e-05	"1e-05 to 1"	0.00207822170766592	-0.00372364909635925	174	"success"	"pgls5_castespolymorphic"
"OG0001461_00"	0.00536116777430713	0.256498623264854	1e-05	"1e-05 to 1"	0.00799001613174101	0.00222251622553027	174	"success"	"pgls5_castespolymorphic"
"OG0001462_00"	0.0149222070309554	0.352185959860128	1	"1e-05 to 1"	0.00534516771295717	-0.00043770921894426	174	"success"	"pgls5_castespolymorphic"
"OG0001463_00"	-0.00333206702578318	0.811371161069692	1	"1e-05 to 1"	0.000378380823399547	-0.00543337277646438	174	"success"	"pgls5_castespolymorphic"
"OG0001464_00"	-0.00323042204875842	0.810149853852721	1e-05	"1e-05 to 1"	0.000368695317277002	-0.00544311459366909	174	"success"	"pgls5_castespolymorphic"
"OG0001465_00"	0.00477409907422482	0.0230347630077108	1e-05	"1e-05 to 1"	0.0326748910514267	0.0270509078598653	174	"success"	"pgls5_castespolymorphic"
"OG0001466_00"	-0.00321092731914884	0.646977278845882	0.935123070557248	"1e-05 to 1"	0.00132235026986944	-0.00448391513553825	174	"success"	"pgls5_castespolymorphic"
"OG0001467_00"	0.00462121448103789	0.787774883018904	1	"1e-05 to 1"	0.000577272985369358	-0.00523332426471579	174	"success"	"pgls5_castespolymorphic"
"OG0001468_00"	0.025318927186862	0.119806238656754	0.167791105703795	"1e-05 to 1"	0.0148717811127053	0.00914429146801188	174	"success"	"pgls5_castespolymorphic"
"OG0001469_00"	-0.00889134801116305	0.437091611687745	0.981425458630382	"1e-05 to 1"	0.00373235137299754	-0.00205990239808962	174	"success"	"pgls5_castespolymorphic"
"OG0001472_00"	-0.00554800331064498	0.427957195313263	0.527606890192174	"1e-05 to 1"	0.00395655019086194	-0.00183440009872604	174	"success"	"pgls5_castespolymorphic"
"OG0001473_00"	0.00844486381174392	0.478054772595448	1	"1e-05 to 1"	0.00311152529900608	-0.00268433792599976	174	"success"	"pgls5_castespolymorphic"
"OG0001474_00"	-0.00845504330847636	0.39935757518527	0.953035466184252	"1e-05 to 1"	0.00444311253419052	-0.00134500890456413	174	"success"	"pgls5_castespolymorphic"
"OG0001476_00"	0.044522687434601	0.00886481234840675	1e-05	"1e-05 to 1"	0.0634444617648581	0.0579993714262818	174	"success"	"pgls5_castespolymorphic"
"OG0001477_00"	0.0088408267821052	0.416751986443568	1e-05	"1e-05 to 1"	0.00423186951880718	-0.00155748007701373	174	"success"	"pgls5_castespolymorphic"
"OG0001478_00"	0.000425641680253287	0.971283163822438	0.582469160191738	"1e-05 to 1"	8.02424712759901e-06	-0.0058058825886449	174	"success"	"pgls5_castespolymorphic"
"OG0001479_00"	0.0132845267462749	0.299035204349937	0.965880385462992	"1e-05 to 1"	0.00669700494883266	0.000921987535744351	174	"success"	"pgls5_castespolymorphic"
"OG0001480_00"	-0.0077744626131569	0.446881311307314	0.921827524191457	"1e-05 to 1"	0.00359816189198474	-0.00219487205050384	174	"success"	"pgls5_castespolymorphic"
"OG0001481_00"	0.0184061078433727	0.0663030313124597	0.187200443171759	"1e-05 to 1"	0.0214528186989023	0.0157635909006402	174	"success"	"pgls5_castespolymorphic"
"OG0001482_00"	-9.30335039387925e-05	0.993616455794557	1	"1e-05 to 1"	4.01319234724242e-07	-0.005813549835886	174	"success"	"pgls5_castespolymorphic"
"OG0001483_00"	-0.0151012495571821	0.319913237493495	1e-05	"1e-05 to 1"	0.00696708611571831	0.00119363894197255	174	"success"	"pgls5_castespolymorphic"
"OG0001484_00"	0.0467004729189955	0.00351085497403059	0.62276209966298	"1e-05 to 1"	0.0568799974938801	0.0513967416653561	174	"success"	"pgls5_castespolymorphic"
"OG0001485_00"	-0.015978562206866	0.244212142915859	0.772080567179993	"1e-05 to 1"	0.00846617813952517	0.00270144661708072	174	"success"	"pgls5_castespolymorphic"
"OG0001486_00"	0.000330656043273086	0.952923830415288	0.795472161045476	"1e-05 to 1"	2.17142417385051e-05	-0.0057921130010421	174	"success"	"pgls5_castespolymorphic"
"OG0001487_00"	-0.00324370617649379	0.598159613790044	1	"1e-05 to 1"	0.00204792598398702	-0.00375412095796657	174	"success"	"pgls5_castespolymorphic"
"OG0001488_00"	0.0229667317283747	0.00146866292288017	1e-05	"1e-05 to 1"	0.0618369900518678	0.0563825539475181	174	"success"	"pgls5_castespolymorphic"
"OG0001490_00"	-0.0097965351967486	0.434194179949675	1e-05	"1e-05 to 1"	0.00405537070936062	-0.00173500504232904	174	"success"	"pgls5_castespolymorphic"
"OG0001493_00"	-0.0121335710287988	0.210353955657706	0.661739101923802	"1e-05 to 1"	0.0102356213632754	0.00448117730143394	174	"success"	"pgls5_castespolymorphic"
"OG0001494_00"	-0.00352386318417528	0.795809338327373	1e-05	"1e-05 to 1"	0.000505258611299061	-0.00530575732700744	174	"success"	"pgls5_castespolymorphic"
"OG0001495_00"	0.002661934986134	0.673210706734088	1	"1e-05 to 1"	0.00132156507582413	-0.00448470489466524	174	"success"	"pgls5_castespolymorphic"
"OG0001496_00"	0.0331562025179162	0.142701992422886	0.979101990693741	"1e-05 to 1"	0.0133802732019411	0.00764411199962678	174	"success"	"pgls5_castespolymorphic"
"OG0001497_00"	-0.0244866986450665	0.260267034798535	0.523895072640883	"1e-05 to 1"	0.011612389623455	0.00586595002824253	174	"success"	"pgls5_castespolymorphic"
"OG0001498_00"	-0.00139387802320105	0.809812672065435	1	"1e-05 to 1"	0.000370031472056294	-0.00544177067054807	174	"success"	"pgls5_castespolymorphic"
"OG0001499_00"	0.00575327916711818	0.701579262425207	1e-05	"1e-05 to 1"	0.000920162199642452	-0.00488844150849932	174	"success"	"pgls5_castespolymorphic"
"OG0001500_00"	-0.00597390471899257	0.656200273302401	1	"1e-05 to 1"	0.00123394929590013	-0.0045728300686585	174	"success"	"pgls5_castespolymorphic"
"OG0001502_00"	0.00193919114718912	0.891527719882	1	"1e-05 to 1"	0.000144713294502561	-0.00566839883750614	174	"success"	"pgls5_castespolymorphic"
"OG0001503_00"	0.0236444569649134	0.136668770035339	0.949546012682194	"1e-05 to 1"	0.0138778925151635	0.00814462444839126	174	"success"	"pgls5_castespolymorphic"
"OG0001504_00"	0.0144264555365668	0.285550455114115	0.277351910109036	"1e-05 to 1"	0.00745062193290521	0.00167998601391051	174	"success"	"pgls5_castespolymorphic"
"OG0001505_00"	-0.005376273360094	0.364600093716954	1	"1e-05 to 1"	0.00510828564711828	-0.000675968506096192	174	"success"	"pgls5_castespolymorphic"
"OG0001506_00"	0.00252272435433816	0.883459010056634	0.423176920709596	"1e-05 to 1"	0.000138172236287965	-0.00567497792512905	174	"success"	"pgls5_castespolymorphic"
"OG0001507_00"	0.00951119747524428	0.576935406181576	0.856728732404565	"1e-05 to 1"	0.00196156607339049	-0.00384098296106661	174	"success"	"pgls5_castespolymorphic"
"OG0001508_00"	-0.0220268624287529	0.0515294180400641	0.770356857004271	"1e-05 to 1"	0.0252050801434719	0.0195376678187246	174	"success"	"pgls5_castespolymorphic"
"OG0001509_00"	-0.00111306662399401	0.904648781193889	0.816121106628984	"1e-05 to 1"	9.16877391512626e-05	-0.00572173268096998	174	"success"	"pgls5_castespolymorphic"
"OG0001510_00"	0.0103706022255713	0.0309483224795639	1	"1e-05 to 1"	0.0364177906436819	0.0308155684962613	174	"success"	"pgls5_castespolymorphic"
"OG0001511_00"	0.00592450682300643	0.656972856607886	0.9701376309114	"1e-05 to 1"	0.00124352023544519	-0.0045632034841161	174	"success"	"pgls5_castespolymorphic"
"OG0001513_00"	-0.00115889106027785	0.847616709423938	1	"1e-05 to 1"	0.000231480190655799	-0.00558112748265449	174	"success"	"pgls5_castespolymorphic"
"OG0001514_00"	0.0120590900150902	0.591355977850346	0.964063156367572	"1e-05 to 1"	0.00249237518587985	-0.00330708774908595	174	"success"	"pgls5_castespolymorphic"
"OG0001515_00"	-0.00465630672425987	0.555367767854244	0.974003552178007	"1e-05 to 1"	0.00247228331102433	-0.00332729643716734	174	"success"	"pgls5_castespolymorphic"
"OG0001516_00"	-0.00961515912158029	0.158437667902338	0.883271116962721	"1e-05 to 1"	0.0129583045256646	0.00721969001709299	174	"success"	"pgls5_castespolymorphic"
"OG0001517_00"	-0.00521283129028995	0.781527455335993	0.943704215649336	"1e-05 to 1"	0.000479081585184738	-0.00533208654513406	174	"success"	"pgls5_castespolymorphic"
"OG0001518_00"	-0.00941029866063797	0.355845093308386	0.839264627926126	"1e-05 to 1"	0.00533055724758148	-0.000452404628886072	174	"success"	"pgls5_castespolymorphic"
"OG0001521_00"	0.00904801820654659	0.271777883129272	1e-05	"1e-05 to 1"	0.0082662739644823	0.00250038020846188	174	"success"	"pgls5_castespolymorphic"
"OG0001522_00"	-0.00580315431494122	0.503715711925534	1e-05	"1e-05 to 1"	0.00283468351618616	-0.00296278925406868	174	"success"	"pgls5_castespolymorphic"
"OG0001523_00"	0.00889699186335824	0.0824494708961709	0.552903138800079	"1e-05 to 1"	0.019086507435742	0.0133835220138567	174	"success"	"pgls5_castespolymorphic"
"OG0001524_00"	-0.0141787900164687	0.53443014557139	0.546762847083694	"1e-05 to 1"	0.00246315176337944	-0.00333648107520546	174	"success"	"pgls5_castespolymorphic"
"OG0001525_00"	0.00276377425108126	0.818822153843345	0.322120733983078	"1e-05 to 1"	0.000330975459697665	-0.0054810537527461	174	"success"	"pgls5_castespolymorphic"
"OG0001526_00"	0.00692598737218808	0.197953284836055	1e-05	"1e-05 to 1"	0.0102733338899162	0.00451910908695052	174	"success"	"pgls5_castespolymorphic"
"OG0001527_00"	-0.000777352063031091	0.864167810348176	1e-05	"1e-05 to 1"	0.000181192258369968	-0.00563170778663946	174	"success"	"pgls5_castespolymorphic"
"OG0001528_00"	-0.0118168724241731	0.253119586294792	1e-05	"1e-05 to 1"	0.0127843785004562	0.00704475279406347	174	"success"	"pgls5_castespolymorphic"
"OG0001529_00"	-0.00487785816116662	0.570586330357249	1	"1e-05 to 1"	0.00201489960810357	-0.00378733934766329	174	"success"	"pgls5_castespolymorphic"
"OG0001530_00"	-0.00281253213110679	0.575320440046803	1	"1e-05 to 1"	0.00208327038623712	-0.00371857106500562	174	"success"	"pgls5_castespolymorphic"
"OG0001531_00"	0.0121281406788513	0.200997810740096	0.953960112333749	"1e-05 to 1"	0.0103935108112325	0.0046399847112979	174	"success"	"pgls5_castespolymorphic"
"OG0001532_00"	-0.0264124475878752	0.273428667560309	1	"1e-05 to 1"	0.015163235583214	0.00943744044125583	174	"success"	"pgls5_castespolymorphic"
"OG0001533_00"	-0.00143646609791748	0.908981632896465	1	"1e-05 to 1"	0.000101704422551757	-0.0057116577610381	174	"success"	"pgls5_castespolymorphic"
"OG0001534_00"	0.0141196960576812	0.225099485933172	0.964231729302225	"1e-05 to 1"	0.00929966557312174	0.00353977990784915	174	"success"	"pgls5_castespolymorphic"
"OG0001535_00"	0.0300555821748229	0.0968036631099523	0.473007823864352	"1e-05 to 1"	0.0215616855740833	0.0158730907227699	174	"success"	"pgls5_castespolymorphic"
"OG0001536_00"	0.0275866098158285	0.048414642258976	0.948466607207992	"1e-05 to 1"	0.0242776605009825	0.0186048562015696	174	"success"	"pgls5_castespolymorphic"
"OG0001538_00"	-0.00270189818547105	0.822618717241647	1e-05	"1e-05 to 1"	0.000311131645737865	-0.00550101293771732	174	"success"	"pgls5_castespolymorphic"
"OG0001539_00"	0.00395067874284106	0.714491686974709	1	"1e-05 to 1"	0.000833491401824829	-0.00497561620630416	174	"success"	"pgls5_castespolymorphic"
"OG0001540_00"	-0.00086413791396022	0.955290106053384	1	"1e-05 to 1"	2.00845069360742e-05	-0.00579375221104694	174	"success"	"pgls5_castespolymorphic"
"OG0001541_00"	-0.00120165659349763	0.872326517685767	0.941772514375101	"1e-05 to 1"	0.000161903232481656	-0.00565110895802712	174	"success"	"pgls5_castespolymorphic"
"OG0001542_00"	-0.00472914453704275	0.347626473315832	1e-05	"1e-05 to 1"	0.00625859093490642	0.000481024603132596	174	"success"	"pgls5_castespolymorphic"
"OG0001543_00"	0.00424458508829037	0.826793022425678	0.854527859939307	"1e-05 to 1"	0.000372539741702365	-0.00543924781793881	174	"success"	"pgls5_castespolymorphic"
"OG0001544_00"	0.00105589357230949	0.927572658081139	1	"1e-05 to 1"	5.14792401017948e-05	-0.00576217495036269	174	"success"	"pgls5_castespolymorphic"
"OG0001545_00"	0.00333546358346584	0.641816457321448	1e-05	"1e-05 to 1"	0.00133887544172868	-0.00446729388709843	174	"success"	"pgls5_castespolymorphic"
"OG0001546_00"	0.000736356129698169	0.900819565227672	1	"1e-05 to 1"	9.7986283876068e-05	-0.00571539751679917	174	"success"	"pgls5_castespolymorphic"
"OG0001547_00"	0.004759955163929	0.599232019843859	0.53015474108663	"1e-05 to 1"	0.00179743248413018	-0.00400607081538062	174	"success"	"pgls5_castespolymorphic"
"OG0001548_00"	-0.00679701607415655	0.447954401375864	0.941164635499306	"1e-05 to 1"	0.00360364315400837	-0.00218935892067762	174	"success"	"pgls5_castespolymorphic"
"OG0001549_00"	-0.0217255913602509	0.128687110889462	0.648033336775819	"1e-05 to 1"	0.0143675805237409	0.00863715948027421	174	"success"	"pgls5_castespolymorphic"
"OG0001550_00"	0.0113372400392832	0.0230085753914357	1e-05	"1e-05 to 1"	0.0318806729116959	0.0262520721728102	174	"success"	"pgls5_castespolymorphic"
"OG0001551_00"	-0.0275994936355863	0.0888620806101219	1	"1e-05 to 1"	0.0179857547470936	0.0122763696002742	174	"success"	"pgls5_castespolymorphic"
"OG0001552_00"	-0.00199681936177172	0.787942997300635	1	"1e-05 to 1"	0.000453510472569162	-0.005357806327009	174	"success"	"pgls5_castespolymorphic"
"OG0001553_00"	0.00129086608411371	0.912625886921138	1e-05	"1e-05 to 1"	8.27453263984188e-05	-0.00573072708449462	174	"success"	"pgls5_castespolymorphic"
"OG0001554_00"	-0.000233291502541611	0.968429392950857	1e-05	"1e-05 to 1"	9.75962698370419e-06	-0.00580413711937111	174	"success"	"pgls5_castespolymorphic"
"OG0001555_00"	-0.000102983606333455	0.99033202234955	1e-05	"1e-05 to 1"	9.09154310989551e-07	-0.00581303904828023	174	"success"	"pgls5_castespolymorphic"
"OG0001556_00"	-0.00117429227033055	0.854256509100396	0.911414298149387	"1e-05 to 1"	0.000212860082167363	-0.00559985584758738	174	"success"	"pgls5_castespolymorphic"
"OG0001557_00"	-0.0173556090530751	0.297517020644018	0.542390235673868	"1e-05 to 1"	0.00686700032918193	0.00109297126132835	174	"success"	"pgls5_castespolymorphic"
"OG0001558_00"	-0.0138545590771439	0.333484147225879	0.332422938380207	"1e-05 to 1"	0.00584688197027776	6.69219817328592e-05	174	"success"	"pgls5_castespolymorphic"
"OG0001559_00"	-0.0212747455486203	0.212538477551202	1e-05	"1e-05 to 1"	0.00969587932153675	0.00393829722456884	174	"success"	"pgls5_castespolymorphic"
"OG0001560_00"	-0.00177122895689878	0.821917489299391	0.631148459500852	"1e-05 to 1"	0.000317570209659043	-0.00549453694028479	174	"success"	"pgls5_castespolymorphic"
"OG0001561_00"	0.00940117632882879	0.218305190660847	1e-05	"1e-05 to 1"	0.00951573576953968	0.0037571063263393	174	"success"	"pgls5_castespolymorphic"
"OG0001562_00"	0.00442682908517527	0.539321300995554	1e-05	"1e-05 to 1"	0.00302189618876526	-0.00277448813571857	174	"success"	"pgls5_castespolymorphic"
"OG0001563_00"	0.00758683405107829	0.499289602576354	1	"1e-05 to 1"	0.00360173507829357	-0.00219127808985586	174	"success"	"pgls5_castespolymorphic"
"OG0001564_00"	0.0444526995289669	0.0650588731221866	1e-05	"1e-05 to 1"	0.0216493299188631	0.0159612446276937	174	"success"	"pgls5_castespolymorphic"
"OG0001565_00"	0.0121901121602993	0.100874688457047	0.718938042062821	"1e-05 to 1"	0.0167338596844172	0.0110171960779312	174	"success"	"pgls5_castespolymorphic"
"OG0001566_00"	0.0305574927314392	0.00593031103716224	1e-05	"1e-05 to 1"	0.046645039285859	0.0411022778863582	174	"success"	"pgls5_castespolymorphic"
"OG0001567_00"	0.0137928042823044	0.0652888340072173	1	"1e-05 to 1"	0.0212080150267136	0.0155173639512876	174	"success"	"pgls5_castespolymorphic"
"OG0001568_00"	0.0339838275377385	0.0509047464899437	0.372634586405578	"1e-05 to 1"	0.0234670706078348	0.017789553576485	174	"success"	"pgls5_castespolymorphic"
"OG0001569_00"	0.0135657908940364	0.0825655749305358	1e-05	"1e-05 to 1"	0.0187168680618845	0.0130117335738722	174	"success"	"pgls5_castespolymorphic"
"OG0001570_00"	0.0449307738919651	0.0820884569023037	1	"1e-05 to 1"	0.0187746834803999	0.0130698851285418	174	"success"	"pgls5_castespolymorphic"
"OG0001571_00"	0.00200767553912568	0.76156273628182	0.805055533930128	"1e-05 to 1"	0.000588126297867778	-0.00522240785156325	174	"success"	"pgls5_castespolymorphic"
"OG0001572_00"	-0.0023231043459465	0.795047488118327	0.780865714644216	"1e-05 to 1"	0.000428326437433245	-0.00538313678095359	174	"success"	"pgls5_castespolymorphic"
"OG0001573_00"	-0.0135916736743186	0.1153247827403	1	"1e-05 to 1"	0.0157196698390468	0.00999710977997148	174	"success"	"pgls5_castespolymorphic"
"OG0001574_00"	0.00461666670462436	0.599715824531321	1e-05	"1e-05 to 1"	0.0017039538739517	-0.004100092905851	174	"success"	"pgls5_castespolymorphic"
"OG0001576_00"	0.00488045638389958	0.493489710973853	1	"1e-05 to 1"	0.00295402486345642	-0.00284275406175594	174	"success"	"pgls5_castespolymorphic"
"OG0001577_00"	0.0142077793161268	0.167061595366417	1e-05	"1e-05 to 1"	0.011897930157899	0.00615315068207289	174	"success"	"pgls5_castespolymorphic"
"OG0001578_00"	0.00953665765477653	0.381826242507909	0.475633353118691	"1e-05 to 1"	0.00475383059776409	-0.00103248434062109	174	"success"	"pgls5_castespolymorphic"
"OG0001579_00"	-0.00358123171733484	0.477482116454565	1	"1e-05 to 1"	0.00321912429285065	-0.00257611335660957	174	"success"	"pgls5_castespolymorphic"
"OG0001580_00"	-0.00416196207741955	0.812535537764142	0.655750695524314	"1e-05 to 1"	0.00035255745162969	-0.00545934628411682	174	"success"	"pgls5_castespolymorphic"
"OG0001581_00"	-0.00803969575095977	0.620099833673037	0.970731965571756	"1e-05 to 1"	0.00161001955550094	-0.00419457335406004	174	"success"	"pgls5_castespolymorphic"
"OG0001582_00"	-0.0123364758859705	0.628984854012092	1e-05	"1e-05 to 1"	0.00160310127733912	-0.00420153185476924	174	"success"	"pgls5_castespolymorphic"
"OG0001583_00"	-0.0178366972607156	0.422690130620539	1	"1e-05 to 1"	0.00409905026388204	-0.00169107153690939	174	"success"	"pgls5_castespolymorphic"
"OG0001584_00"	0.00513823565105376	0.592962380272519	0.793259277307582	"1e-05 to 1"	0.0020759484293131	-0.00372593559144674	174	"success"	"pgls5_castespolymorphic"
"OG0001585_00"	-0.00337299945990546	0.632740922572921	1e-05	"1e-05 to 1"	0.00144886006778646	-0.00435666981554039	174	"success"	"pgls5_castespolymorphic"
"OG0001586_00"	-0.0258928025343903	0.072902170802984	0.551008625134942	"1e-05 to 1"	0.0200882536439039	0.0143910923278801	174	"success"	"pgls5_castespolymorphic"
"OG0001587_00"	0.000427182661468001	0.975090748521912	0.881894862388134	"1e-05 to 1"	6.03679518105849e-06	-0.00580788159554468	174	"success"	"pgls5_castespolymorphic"
"OG0001589_00"	-0.0233917674666938	0.293586345274402	0.967016133302114	"1e-05 to 1"	0.00771111730212077	0.00194199589108668	174	"success"	"pgls5_castespolymorphic"
"OG0001590_00"	-0.00215000745763709	0.776945183692417	1	"1e-05 to 1"	0.00049993568861741	-0.00531111119691374	174	"success"	"pgls5_castespolymorphic"
"OG0001591_00"	-0.0182813129162834	0.124337856103599	1	"1e-05 to 1"	0.0146983644112579	0.00896986652992815	174	"success"	"pgls5_castespolymorphic"
"OG0001592_00"	0.00279235788098921	0.784048440699155	1	"1e-05 to 1"	0.000482850622499202	-0.00532829559481196	174	"success"	"pgls5_castespolymorphic"
"OG0001593_00"	0.0206064752366651	0.224566170123474	1e-05	"1e-05 to 1"	0.0091475630387996	0.00338679305646705	174	"success"	"pgls5_castespolymorphic"
"OG0001594_00"	0.011987794223299	0.244579336054594	1	"1e-05 to 1"	0.00861440075471582	0.00285053099166188	174	"success"	"pgls5_castespolymorphic"
"OG0001595_00"	0.00629402871233964	0.477711928634971	0.370919413201964	"1e-05 to 1"	0.0032364177931673	-0.00255871931268636	174	"success"	"pgls5_castespolymorphic"
"OG0001596_00"	0.0128820204253434	0.290105906241104	0.928862050579084	"1e-05 to 1"	0.00721733557314384	0.00144534333810398	174	"success"	"pgls5_castespolymorphic"
"OG0001597_00"	0.0167419847652174	0.197081706827768	1	"1e-05 to 1"	0.010377481288249	0.00462386199341336	174	"success"	"pgls5_castespolymorphic"
"OG0001598_00"	0.0159243794132611	0.0287541563135538	1e-05	"1e-05 to 1"	0.0293561970756603	0.0237129191516816	174	"success"	"pgls5_castespolymorphic"
"OG0001599_00"	-0.00501372577338123	0.608749208155945	0.791046370888048	"1e-05 to 1"	0.00196060993992017	-0.00384194465345233	174	"success"	"pgls5_castespolymorphic"
"OG0001600_00"	-0.00478339564045882	0.31395189525154	0.514991871342175	"1e-05 to 1"	0.00658389862006808	0.000808223612045134	174	"success"	"pgls5_castespolymorphic"
"OG0001601_00"	-0.00578637708647443	0.716374018269793	0.843712374641774	"1e-05 to 1"	0.00084846794011215	-0.00496055259511974	174	"success"	"pgls5_castespolymorphic"
"OG0001602_00"	-0.0014439531391108	0.887297963696906	0.830111113625267	"1e-05 to 1"	0.000125136177287214	-0.00568808977517032	174	"success"	"pgls5_castespolymorphic"
"OG0001603_00"	0.00286994837988968	0.746977662129209	0.820971361343765	"1e-05 to 1"	0.000664876000355213	-0.00514521192987516	174	"success"	"pgls5_castespolymorphic"
"OG0001604_00"	0.0153504720211313	0.261509264100408	1	"1e-05 to 1"	0.00782431252749514	0.00205584922823643	174	"success"	"pgls5_castespolymorphic"
"OG0001606_00"	-0.00487232555314387	0.656584991498564	1e-05	"1e-05 to 1"	0.00126244483473071	-0.0045441688580905	174	"success"	"pgls5_castespolymorphic"
"OG0001607_00"	0.0181784032268315	0.434147968102947	0.856516108179999	"0.001 to 1"	0.00440684230674818	-0.00138149000542187	174	"success"	"pgls5_castespolymorphic"
"OG0001608_00"	0.0176096829048901	0.0357677225902979	1e-05	"1e-05 to 1"	0.0269255563810369	0.0212681468251127	174	"success"	"pgls5_castespolymorphic"
"OG0001609_00"	0.0306392488080235	0.0285737622984592	0.832230170858933	"1e-05 to 1"	0.0303532560123738	0.0247157749426783	174	"success"	"pgls5_castespolymorphic"
"OG0001610_00"	-0.00584117554245352	0.584874014712626	0.934844677600466	"1e-05 to 1"	0.00188100067744963	-0.0039220167604721	174	"success"	"pgls5_castespolymorphic"
"OG0001611_00"	-0.0001272396618025	0.993707201295481	0.728332539629016	"1e-05 to 1"	3.87560343947223e-07	-0.00581356367477048	174	"success"	"pgls5_castespolymorphic"
"OG0001612_00"	0.0122671427133577	0.037451874721278	1e-05	"1e-05 to 1"	0.0264530696200894	0.0207929130481133	174	"success"	"pgls5_castespolymorphic"
"OG0001613_00"	0.0284283794130747	0.0907935689632819	0.981584755418558	"1e-05 to 1"	0.0190764054572339	0.0133733613029156	174	"success"	"pgls5_castespolymorphic"
"OG0001614_00"	0.00968860824368102	0.166330554585066	1	"1e-05 to 1"	0.011938773743917	0.00619423173080025	174	"success"	"pgls5_castespolymorphic"
"OG0001615_00"	-0.00837510335103623	0.656121905803266	1	"1e-05 to 1"	0.00123455023354122	-0.00457222563719384	174	"success"	"pgls5_castespolymorphic"
"OG0001616_00"	0.0121980546043605	0.130028827404555	1	"1e-05 to 1"	0.0154197911156836	0.00969548757565863	174	"success"	"pgls5_castespolymorphic"
"OG0001617_00"	0.00755256919147377	0.680249278619798	1	"1e-05 to 1"	0.00108467931659526	-0.00472296789668025	174	"success"	"pgls5_castespolymorphic"
"OG0001618_00"	-0.00446917089490871	0.833459458353252	0.547226822190894	"1e-05 to 1"	0.000280671044869735	-0.00553165063510197	174	"success"	"pgls5_castespolymorphic"
"OG0001619_00"	0.025818178966317	0.0438262580685675	1	"1e-05 to 1"	0.0253095071872335	0.0196427019964616	174	"success"	"pgls5_castespolymorphic"
"OG0001620_00"	0.00886798101541596	0.437468689157301	0.908417150288085	"1e-05 to 1"	0.00372622706291173	-0.00206606231462958	174	"success"	"pgls5_castespolymorphic"
"OG0001621_00"	-0.00815674004050208	0.289234922368564	0.201980217532419	"1e-05 to 1"	0.00701709261773249	0.0012439361794635	174	"success"	"pgls5_castespolymorphic"
"OG0001622_00"	0.00311135662751207	0.674247065843259	1	"1e-05 to 1"	0.00112826579307789	-0.00467912801045078	174	"success"	"pgls5_castespolymorphic"
"OG0001623_00"	-0.00875525863905656	0.532346657454785	1	"1e-05 to 1"	0.00260467979454337	-0.00319413020665116	174	"success"	"pgls5_castespolymorphic"
"OG0001624_00"	-0.0161336294365994	0.377860461959136	0.820810507595451	"1e-05 to 1"	0.0048035741721024	-0.0009824515594552	174	"success"	"pgls5_castespolymorphic"
"OG0001625_00"	-0.00403913847674574	0.744189203517229	1	"1e-05 to 1"	0.000671561164900611	-0.00513848789809424	174	"success"	"pgls5_castespolymorphic"
"OG0001626_00"	-0.021380206635823	0.284783742470336	0.332288671659992	"1e-05 to 1"	0.00747428836438358	0.00170379004092069	174	"success"	"pgls5_castespolymorphic"
"OG0001627_00"	0.00585757419965229	0.671084119376743	0.465762740562158	"1e-05 to 1"	0.00111600650801518	-0.00469145857042674	174	"success"	"pgls5_castespolymorphic"
"OG0001628_00"	-0.0222072028353844	0.243213005146704	0.981135362673089	"1e-05 to 1"	0.0100742649810106	0.00431888280066772	174	"success"	"pgls5_castespolymorphic"
"OG0001629_00"	-0.0013956016291206	0.921787283614307	1	"1e-05 to 1"	8.49279607022076e-05	-0.00572853176045651	174	"success"	"pgls5_castespolymorphic"
"OG0001630_00"	-0.00403165515262524	0.619399506253325	0.806452340487917	"1e-05 to 1"	0.00213373731264292	-0.00366781072623712	174	"success"	"pgls5_castespolymorphic"
"OG0001631_00"	0.00944360092310488	0.527796386671045	1	"1e-05 to 1"	0.0025118567602557	-0.00328749290974284	174	"success"	"pgls5_castespolymorphic"
"OG0001632_00"	-0.0218315057693166	0.200740016006561	0.746347270115941	"1e-05 to 1"	0.0102106475363133	0.00445605827780338	174	"success"	"pgls5_castespolymorphic"
"OG0001633_00"	-7.41776363897047e-05	0.9649860666864	1	"1e-05 to 1"	1.2157563148761e-05	-0.00580172524171663	174	"success"	"pgls5_castespolymorphic"
"OG0001634_00"	-0.00521986437548103	0.563395480147344	0.148359187091209	"1e-05 to 1"	0.00211748359885581	-0.00368415893836027	174	"success"	"pgls5_castespolymorphic"
"OG0001635_00"	0.00979980644826732	0.464092604922013	1	"1e-05 to 1"	0.00337601133729864	-0.00241831417818217	174	"success"	"pgls5_castespolymorphic"
"OG0001636_00"	0.0064578998039527	0.374039063220583	0.637071704828709	"1e-05 to 1"	0.00568913758264584	-9.17395244317554e-05	174	"success"	"pgls5_castespolymorphic"
"OG0001637_00"	0.00278216452253209	0.713611115775841	0.450931478321459	"1e-05 to 1"	0.000844133077306081	-0.0049649126606166	174	"success"	"pgls5_castespolymorphic"
"OG0001638_00"	0.00235229252176532	0.790150664092125	0.820661219896382	"1e-05 to 1"	0.000449529492807771	-0.00536181045200146	174	"success"	"pgls5_castespolymorphic"
"OG0001639_00"	0.014338076171993	0.301371254983119	0.0733959894175993	"1e-05 to 1"	0.00667423868522	0.000899088910134016	174	"success"	"pgls5_castespolymorphic"
"OG0001640_00"	0.00199228825862377	0.900110747404273	1	"1e-05 to 1"	9.81606442098832e-05	-0.00571522214274234	174	"success"	"pgls5_castespolymorphic"
"OG0001641_00"	0.0216018001947711	0.0559541140267716	1e-05	"1e-05 to 1"	0.0225054015276289	0.0168222933969755	174	"success"	"pgls5_castespolymorphic"
"OG0001642_00"	-0.00128518229833979	0.664743668685951	1	"1e-05 to 1"	0.00196466012625981	-0.00383787091951771	174	"success"	"pgls5_castespolymorphic"
"OG0001643_00"	-0.00310035414499667	0.526146751349625	0.814178875693698	"1e-05 to 1"	0.00251611251670299	-0.00328321241052554	174	"success"	"pgls5_castespolymorphic"
"OG0001644_00"	0.000561728102451857	0.957145857965493	1e-05	"1e-05 to 1"	1.86891090148972e-05	-0.0057951557217466	174	"success"	"pgls5_castespolymorphic"
"OG0001645_00"	-0.0136537242992705	0.113683631285582	0.805556225902197	"1e-05 to 1"	0.0158615405766784	0.0101398053474731	174	"success"	"pgls5_castespolymorphic"
"OG0001647_00"	0.00222281012520137	0.566037102587973	1e-05	"1e-05 to 1"	0.00389007136491714	-0.001901265429473	174	"success"	"pgls5_castespolymorphic"
"OG0001648_00"	0.0240327963469799	0.38381037674649	0.716938915108293	"1e-05 to 1"	0.00570783580789674	-7.29325885688858e-05	174	"success"	"pgls5_castespolymorphic"
"OG0001649_00"	-0.00103201839404437	0.816491855536147	1e-05	"1e-05 to 1"	0.000335465916245567	-0.00547653718889252	174	"success"	"pgls5_castespolymorphic"
"OG0001650_00"	0.0174284848567184	0.384574412911252	1	"1e-05 to 1"	0.00831894549151454	0.00255335796530254	174	"success"	"pgls5_castespolymorphic"
"OG0001651_00"	0.0235667587931301	0.00580756045882724	0.455919982181	"1e-05 to 1"	0.0468718094474356	0.0413303664791067	174	"success"	"pgls5_castespolymorphic"
"OG0001652_00"	0.00474706751298513	0.684556642306639	0.420630199666222	"1e-05 to 1"	0.00103420293234026	-0.00477373774828571	174	"success"	"pgls5_castespolymorphic"
"OG0001653_00"	0.00728657564374409	0.605969929889264	1	"1e-05 to 1"	0.00166684699633697	-0.00413741552112623	174	"success"	"pgls5_castespolymorphic"
"OG0001654_00"	-0.0247184823498548	0.0389915804615808	1	"1e-05 to 1"	0.026200096794481	0.0205384694502631	174	"success"	"pgls5_castespolymorphic"
"OG0001655_00"	0.00288167773274018	0.831344432010805	1	"1e-05 to 1"	0.000287953628168445	-0.00552432571120254	174	"success"	"pgls5_castespolymorphic"
"OG0001656_00"	0.00766588634008123	0.332885268359619	0.754144985081794	"1e-05 to 1"	0.00586134363882594	8.14677297493738e-05	174	"success"	"pgls5_castespolymorphic"
"OG0001657_00"	0.00264517763297113	0.693821353672	1e-05	"1e-05 to 1"	0.00120533056019239	-0.00460161519236468	174	"success"	"pgls5_castespolymorphic"
"OG0001658_00"	-0.0130760710410687	0.545161803545977	0.970013207081189	"1e-05 to 1"	0.00230682582369115	-0.00349371588663638	174	"success"	"pgls5_castespolymorphic"
"OG0001659_00"	0.00205712525985754	0.716116217818545	1e-05	"1e-05 to 1"	0.000828770663053778	-0.00498036439123073	174	"success"	"pgls5_castespolymorphic"
"OG0001660_00"	0.00725219372009693	0.636679658353906	1	"1e-05 to 1"	0.00148135794011717	-0.00432398300209158	174	"success"	"pgls5_castespolymorphic"
"OG0001661_00"	-0.00150988247835834	0.795573271839171	0.851042860655818	"0.001 to 1"	0.000418119898317463	-0.00539340266041322	174	"success"	"pgls5_castespolymorphic"
"OG0001662_00"	-0.00052566295498708	0.950411655027008	0.982782797361985	"1e-05 to 1"	2.42477117108496e-05	-0.00578956480159309	174	"success"	"pgls5_castespolymorphic"
"OG0001664_00"	-0.00383998336361776	0.727613860670351	1	"1e-05 to 1"	0.000875522830638776	-0.00493334040871796	174	"success"	"pgls5_castespolymorphic"
"OG0001665_00"	0.0160462844885659	0.0615178464180204	1	"1e-05 to 1"	0.0216797030363837	0.0159917943331069	174	"success"	"pgls5_castespolymorphic"
"OG0001666_00"	0.00707503742691006	0.478601507353325	1e-05	"1e-05 to 1"	0.00314267147956383	-0.00265301066299672	174	"success"	"pgls5_castespolymorphic"
"OG0001667_00"	-0.0114399423467818	0.255464528173757	0.672027021134688	"1e-05 to 1"	0.00812555274992399	0.00235884084730731	174	"success"	"pgls5_castespolymorphic"
"OG0001668_00"	-0.0136696373987925	0.223930215598801	1e-05	"1e-05 to 1"	0.0097148350370045	0.0039573631476848	174	"success"	"pgls5_castespolymorphic"
"OG0001669_00"	-0.000163433266526587	0.983016293155293	1e-05	"1e-05 to 1"	3.4992637725437e-06	-0.00581043388004288	174	"success"	"pgls5_castespolymorphic"
"OG0001670_00"	0.031689970583538	0.0625453568873737	1	"1e-05 to 1"	0.0223429050538347	0.0166588521762407	174	"success"	"pgls5_castespolymorphic"
"OG0001671_00"	-0.0027606638242133	0.791010932786003	0.806387480449515	"1e-05 to 1"	0.000445764908388219	-0.00536559692353977	174	"success"	"pgls5_castespolymorphic"
"OG0001672_00"	0.00369430075764124	0.747346347883395	1	"1e-05 to 1"	0.000689289457365768	-0.00512065653416105	174	"success"	"pgls5_castespolymorphic"
"OG0001673_00"	-0.0518396669093699	0.0400499564258214	1	"1e-05 to 1"	0.0259241994211857	0.0202609680224717	174	"success"	"pgls5_castespolymorphic"
"OG0001674_00"	0.0174380996773313	0.293414272348668	1e-05	"1e-05 to 1"	0.00835937257797338	0.00259402009296161	174	"success"	"pgls5_castespolymorphic"
"OG0001675_00"	-0.016111780790921	0.176563468877392	1	"1e-05 to 1"	0.0117511167311242	0.00600548368886333	174	"success"	"pgls5_castespolymorphic"
"OG0001676_00"	-0.00159677449468534	0.895243774052183	1	"1e-05 to 1"	0.00015274016540955	-0.00566032529874505	174	"success"	"pgls5_castespolymorphic"
"OG0001677_00"	0.0358862213271256	0.00107735805086273	0.711921681526009	"1e-05 to 1"	0.0644313846233418	0.0589920322083612	174	"success"	"pgls5_castespolymorphic"
"OG0001678_00"	-0.00249454292851528	0.744279226075708	1	"1e-05 to 1"	0.000868195871601992	-0.00494070996635387	174	"success"	"pgls5_castespolymorphic"
"OG0001679_00"	-0.00472410018317306	0.676887143874424	0.947186142843677	"1e-05 to 1"	0.00108812348593727	-0.00471950370309804	174	"success"	"pgls5_castespolymorphic"
"OG0001683_00"	-0.00439279917834742	0.723489878150513	0.875348566290944	"1e-05 to 1"	0.000896891885283982	-0.00491184711538306	174	"success"	"pgls5_castespolymorphic"
"OG0001686_00"	0.00172763267120105	0.595729800175757	1	"1e-05 to 1"	0.0017743424405463	-0.004029295103404	174	"success"	"pgls5_castespolymorphic"
"OG0001687_00"	0.00626609810333618	0.604526768012743	1	"1e-05 to 1"	0.00165943214934744	-0.00414487347769121	174	"success"	"pgls5_castespolymorphic"
"OG0001688_00"	0.00609655767965001	0.364990374644221	1e-05	"1e-05 to 1"	0.00603809735691964	0.000259249085738822	174	"success"	"pgls5_castespolymorphic"
"OG0001689_00"	0.00873194177551761	0.449815937367303	0.877003544252754	"1e-05 to 1"	0.00433362983289341	-0.00145512813319448	174	"success"	"pgls5_castespolymorphic"
"OG0001690_00"	0.00291290485611411	0.827314950159694	0.967833298295069	"1e-05 to 1"	0.000305983116716516	-0.00550619140004693	174	"success"	"pgls5_castespolymorphic"
"OG0001691_00"	0.00772562090393383	0.652182996926568	0.964607718549286	"1e-05 to 1"	0.00127290652555977	-0.00453364634347775	174	"success"	"pgls5_castespolymorphic"
"OG0001692_00"	-0.0139089931091582	0.318558460632256	0.955749986546054	"1e-05 to 1"	0.00621788813053176	0.000440085154546521	174	"success"	"pgls5_castespolymorphic"
"OG0001693_00"	0.0204764691806102	0.0229742669045585	1	"1e-05 to 1"	0.03943740881117	0.0338527425833278	174	"success"	"pgls5_castespolymorphic"
"OG0001694_00"	0.00145779835166055	0.852861098055895	1	"1e-05 to 1"	0.000255718632131409	-0.00555674812000739	174	"success"	"pgls5_castespolymorphic"
"OG0001695_00"	0.0100971076350652	0.621233027590602	0.950253600527479	"1e-05 to 1"	0.00209339308044477	-0.00370838951792485	174	"success"	"pgls5_castespolymorphic"
"OG0001696_00"	0.00400650462451612	0.573442333506393	1e-05	"1e-05 to 1"	0.00198520529947337	-0.00381720629762272	174	"success"	"pgls5_castespolymorphic"
"OG0001697_00"	0.0290050780273183	0.00332074990922582	1e-05	"1e-05 to 1"	0.0871978874822111	0.0818908984559449	174	"success"	"pgls5_castespolymorphic"
"OG0001698_00"	0.00972438729588895	0.185073931843845	1e-05	"1e-05 to 1"	0.0182231574416632	0.0125151525430681	174	"success"	"pgls5_castespolymorphic"
"OG0001699_00"	0.000764775183323364	0.905205960753325	1	"1e-05 to 1"	0.000106224729957196	-0.00570711117277556	174	"success"	"pgls5_castespolymorphic"
"OG0001700_00"	0.00672794649265596	0.592055260672653	0.728041967596073	"1e-05 to 1"	0.0018448838317623	-0.00395834358782055	174	"success"	"pgls5_castespolymorphic"
"OG0001701_00"	0.00113006996564677	0.744494475249984	1e-05	"1e-05 to 1"	0.00066990192409662	-0.00514015678564705	174	"success"	"pgls5_castespolymorphic"
"OG0001702_00"	0.00772203714857937	0.649170192327736	0.84781174546686	"1e-05 to 1"	0.00128855747688707	-0.00451790439824729	174	"success"	"pgls5_castespolymorphic"
"OG0001703_00"	-0.011384565874669	0.14524691693426	0.849327592527426	"1e-05 to 1"	0.0134641479659316	0.00772847440759394	174	"success"	"pgls5_castespolymorphic"
"OG0001704_00"	0.0131029561047087	0.385748021249322	1	"1e-05 to 1"	0.00485740854445711	-0.000928304196563312	174	"success"	"pgls5_castespolymorphic"
"OG0001705_00"	0.00297960537420999	0.709424724821009	1	"1e-05 to 1"	0.00101670813536621	-0.00479133425919565	174	"success"	"pgls5_castespolymorphic"
"OG0001706_00"	-0.000346580917974532	0.94356613980105	1	"1e-05 to 1"	3.1416291697246e-05	-0.00578235454381604	174	"success"	"pgls5_castespolymorphic"
"OG0001707_00"	0.00509605727665092	0.651600110625966	1e-05	"1e-05 to 1"	0.00128553043659269	-0.00452094903761324	174	"success"	"pgls5_castespolymorphic"
"OG0001708_00"	0.0112328133188054	0.195432664721766	0.356947259225061	"1e-05 to 1"	0.0105859069607896	0.00483349944311984	174	"success"	"pgls5_castespolymorphic"
"OG0001709_00"	-0.0100647600360224	0.420488554487576	1	"1e-05 to 1"	0.00408592288108564	-0.00170427524169869	174	"success"	"pgls5_castespolymorphic"
"OG0001710_00"	-0.00288002736617551	0.697988849751192	1e-05	"1e-05 to 1"	0.000961656798058465	-0.00484670566241774	174	"success"	"pgls5_castespolymorphic"
"OG0001711_00"	-0.00631206041845051	0.619971292091001	0.998029753343537	"1e-05 to 1"	0.0021834376269156	-0.00361782145664891	174	"success"	"pgls5_castespolymorphic"
"OG0001712_00"	-0.00698199876108883	0.667838194710481	0.98019202706668	"1e-05 to 1"	0.00120674811584223	-0.0046001893951122	174	"success"	"pgls5_castespolymorphic"
"OG0001713_00"	0.00490128239879976	0.622518812358996	1	"1e-05 to 1"	0.00157752857152993	-0.00422725323910078	174	"success"	"pgls5_castespolymorphic"
"OG0001715_00"	0.000983305096045604	0.856880190016063	1e-05	"1e-05 to 1"	0.000259127899733597	-0.00555331903108192	174	"success"	"pgls5_castespolymorphic"
"OG0001717_00"	-0.00174233752054834	0.864997096312408	0.976285584494289	"1e-05 to 1"	0.000183510086586912	-0.00562937648267714	174	"success"	"pgls5_castespolymorphic"
"OG0001718_00"	-0.00618812321987983	0.66166542858926	1	"1e-05 to 1"	0.00120750907952076	-0.00459942400722624	174	"success"	"pgls5_castespolymorphic"
"OG0001719_00"	-0.000325687091580734	0.9928886586769	1e-05	"1e-05 to 1"	8.587883839052e-07	-0.00581308970703254	174	"success"	"pgls5_castespolymorphic"
"OG0001721_00"	0.00644606475365499	0.212089441235261	1e-05	"1e-05 to 1"	0.00965461637814887	0.0038967943803474	174	"success"	"pgls5_castespolymorphic"
"OG0001722_00"	-0.00458391907855116	0.798394303312024	1	"1e-05 to 1"	0.000406409467600902	-0.00540518117502931	174	"success"	"pgls5_castespolymorphic"
"OG0001723_00"	-0.00149688719885133	0.566861508559389	1e-05	"1e-05 to 1"	0.00267363689668638	-0.00312477219112361	174	"success"	"pgls5_castespolymorphic"
"OG0001724_00"	-0.00323764168513103	0.603813835924097	1	"1e-05 to 1"	0.00168685486963369	-0.00411729132298455	174	"success"	"pgls5_castespolymorphic"
"OG0001725_00"	-0.00704193264440155	0.405177683288175	0.92366380253843	"1e-05 to 1"	0.00430784034104106	-0.00148106756395294	174	"success"	"pgls5_castespolymorphic"
"OG0001726_00"	0.00844683148174618	0.160594117208801	1	"1e-05 to 1"	0.0121155270317111	0.00637201265398857	174	"success"	"pgls5_castespolymorphic"
"OG0001727_00"	-0.00732045466396314	0.477447920763745	1	"1e-05 to 1"	0.00414514610859052	-0.00164470769310365	174	"success"	"pgls5_castespolymorphic"
"OG0001728_00"	-0.0160099544892131	0.196229609891591	1	"1e-05 to 1"	0.0102885246596848	0.00453438817514806	174	"success"	"pgls5_castespolymorphic"
"OG0001729_00"	0.0144959846029947	0.402792236147527	1	"1e-05 to 1"	0.00435169006890763	-0.00143696289580797	174	"success"	"pgls5_castespolymorphic"
"OG0001730_00"	0.00638050428578149	0.806668340192184	0.906420591371915	"1e-05 to 1"	0.00037077139203638	-0.0054410264487077	174	"success"	"pgls5_castespolymorphic"
"OG0001731_00"	-0.0011921794214159	0.924694972388677	0.957543442802969	"1e-05 to 1"	5.53189331989324e-05	-0.00575831293346862	174	"success"	"pgls5_castespolymorphic"
"OG0001732_00"	0.000206222908099844	0.970967894573617	1e-05	"1e-05 to 1"	8.30431945712567e-06	-0.00580560088798787	174	"success"	"pgls5_castespolymorphic"
"OG0001734_00"	-0.00289821608817032	0.757205732783861	1	"1e-05 to 1"	0.000834360538005724	-0.00497474201700587	174	"success"	"pgls5_castespolymorphic"
"OG0001735_00"	0.00318486493644221	0.798712626183004	1	"1e-05 to 1"	0.00040509919178887	-0.00540649906872392	174	"success"	"pgls5_castespolymorphic"
"OG0001736_00"	-0.0144970622720118	0.296491108581293	0.981617750396614	"1e-05 to 1"	0.00698451346558629	0.00121116761364204	174	"success"	"pgls5_castespolymorphic"
"OG0001737_00"	-0.00512567156025448	0.487315155707442	1	"1e-05 to 1"	0.00298282556540481	-0.00281378591386616	174	"success"	"pgls5_castespolymorphic"
"OG0001738_00"	-0.0197929720802638	0.366122363201773	0.753169371628886	"1e-05 to 1"	0.00834213317205088	0.00257668045793491	174	"success"	"pgls5_castespolymorphic"
"OG0001739_00"	-0.00400218997251212	0.57889446287887	0.467947880583262	"1e-05 to 1"	0.00195379430901684	-0.00384879991011666	174	"success"	"pgls5_castespolymorphic"
"OG0001740_00"	-0.00961348887784532	0.471605403753036	1e-05	"1e-05 to 1"	0.00334848345461581	-0.00244600210669454	174	"success"	"pgls5_castespolymorphic"
"OG0001742_00"	-0.00323882267165171	0.796835440694069	0.872630302440753	"1e-05 to 1"	0.000420720815868044	-0.00539078662124903	174	"success"	"pgls5_castespolymorphic"
"OG0001743_00"	0.0136605207092324	0.55438053593226	0.985381916425879	"1e-05 to 1"	0.0022597457451162	-0.00354106968659829	174	"success"	"pgls5_castespolymorphic"
"OG0001744_00"	0.0118556105708022	0.25003896330223	0.977459298666366	"1e-05 to 1"	0.00820958451771956	0.00244336117189237	174	"success"	"pgls5_castespolymorphic"
"OG0001745_00"	-0.0075213544599662	0.443836432049451	0.968137518521296	"1e-05 to 1"	0.00369247410722804	-0.00210001150842754	174	"success"	"pgls5_castespolymorphic"
"OG0001746_00"	0.000886845476902584	0.962331328714798	0.678341863732361	"1e-05 to 1"	1.38110189701265e-05	-0.00580006217278006	174	"success"	"pgls5_castespolymorphic"
"OG0001747_00"	-0.00374632892799075	0.764501064961961	0.439413304235797	"1e-05 to 1"	0.000738366174856483	-0.00507129448691757	174	"success"	"pgls5_castespolymorphic"
"OG0001748_00"	0.00886432029692328	0.140240282042066	1e-05	"1e-05 to 1"	0.0135456787930399	0.00781047925113898	174	"success"	"pgls5_castespolymorphic"
"OG0001749_00"	0.0044399152676879	0.579843341954804	1	"1e-05 to 1"	0.00191969932428935	-0.0038830931214997	174	"success"	"pgls5_castespolymorphic"
"OG0001750_00"	-0.00139440383114668	0.897443875160969	0.548405320754721	"1e-05 to 1"	0.000106146520316508	-0.00570718983712348	174	"success"	"pgls5_castespolymorphic"
"OG0001751_00"	0.0188458030790624	0.108285121456036	0.595703911613873	"1e-05 to 1"	0.0166612471477446	0.0109441613753478	174	"success"	"pgls5_castespolymorphic"
"OG0001752_00"	-0.00637140584489977	0.476019145132843	1e-05	"1e-05 to 1"	0.00326133572662184	-0.00253365650752579	174	"success"	"pgls5_castespolymorphic"
"OG0001753_00"	-0.0037207463860479	0.226501076131828	1e-05	"1e-05 to 1"	0.00907192678199273	0.003310717053981	174	"success"	"pgls5_castespolymorphic"
"OG0001754_00"	-0.00241778192643084	0.772941029160334	1	"1e-05 to 1"	0.000521802190907139	-0.0052891175637968	174	"success"	"pgls5_castespolymorphic"
"OG0001756_00"	-0.0104983372081102	0.263285010360971	0.912298278015138	"1e-05 to 1"	0.00776652254703659	0.0019977232595193	174	"success"	"pgls5_castespolymorphic"
"OG0001757_00"	0.00569011933642076	0.240989326436309	1e-05	"1e-05 to 1"	0.00852907474135523	0.00276470889682823	174	"success"	"pgls5_castespolymorphic"
"OG0001758_00"	0.00182962449492307	0.841862761511024	0.986197836176823	"1e-05 to 1"	0.000251101467438967	-0.00556139212868056	174	"success"	"pgls5_castespolymorphic"
"OG0001759_00"	0.0262478668887255	0.00291381384743583	0.849353483235477	"1e-05 to 1"	0.0583022741374269	0.0528272873591562	174	"success"	"pgls5_castespolymorphic"
"OG0001760_00"	0.0227935410828238	0.124825655322643	0.570530592053762	"1e-05 to 1"	0.0157379976842662	0.0100155441824306	174	"success"	"pgls5_castespolymorphic"
"OG0001761_00"	-0.00729139750420663	0.281754276452715	1	"1e-05 to 1"	0.00719270485598429	0.00142056941910063	174	"success"	"pgls5_castespolymorphic"
"OG0001762_00"	-0.00104148607202184	0.892755785476814	0.976618722950072	"1e-05 to 1"	0.000114667230691103	-0.0056986195877351	174	"success"	"pgls5_castespolymorphic"
"OG0001763_00"	-0.00867240591817155	0.249330861871111	0.947084390238819	"1e-05 to 1"	0.0082854828104408	0.0025197007337574	174	"success"	"pgls5_castespolymorphic"
"OG0001764_00"	-0.00584998439634572	0.424946387317192	0.983893096031565	"1e-05 to 1"	0.00398321514701088	-0.00180758011376247	174	"success"	"pgls5_castespolymorphic"
"OG0001765_00"	0.00792224461286495	0.577006039806101	0.911172815152613	"1e-05 to 1"	0.00216558060996267	-0.00363578229346784	174	"success"	"pgls5_castespolymorphic"
"OG0001766_00"	0.00521526469316208	0.494099937594202	1e-05	"1e-05 to 1"	0.00289106457092705	-0.00290608040249785	174	"success"	"pgls5_castespolymorphic"
"OG0001767_00"	-0.00449782393903326	0.538338225063877	0.166498670317437	"1e-05 to 1"	0.00238595820453819	-0.00341412343380743	174	"success"	"pgls5_castespolymorphic"
"OG0001768_00"	0.000135379070075292	0.986466704394058	0.795203293305054	"1e-05 to 1"	1.81525165911664e-06	-0.00581212768292416	174	"success"	"pgls5_castespolymorphic"
"OG0001769_00"	0.0063575776970049	0.401375962605481	0.950718272702708	"1e-05 to 1"	0.00440528946969614	-0.0013830518705964	174	"success"	"pgls5_castespolymorphic"
"OG0001770_00"	-0.00294459798425932	0.70188498348304	0.97257861801934	"1e-05 to 1"	0.000906818513997821	-0.00490186277371141	174	"success"	"pgls5_castespolymorphic"
"OG0001771_00"	0.013381773174724	0.301070343729384	1	"1e-05 to 1"	0.00685383035616041	0.00107972471869622	174	"success"	"pgls5_castespolymorphic"
"OG0001772_00"	0.022041953366101	0.0725113726682831	1e-05	"1e-05 to 1"	0.0200176377184077	0.0143200658446776	174	"success"	"pgls5_castespolymorphic"
"OG0001773_00"	-0.0118769787425501	0.0900534179218511	0.644545907115796	"1e-05 to 1"	0.0178536882913588	0.0121435353163085	174	"success"	"pgls5_castespolymorphic"
"OG0001774_00"	-0.00570482693814868	0.309155916113533	1e-05	"1e-05 to 1"	0.012925187766897	0.00718638071903022	174	"success"	"pgls5_castespolymorphic"
"OG0001775_00"	0.0117554844680215	0.0666897457835538	1	"1e-05 to 1"	0.0213925316917407	0.015702953387623	174	"success"	"pgls5_castespolymorphic"
"OG0001776_00"	0.00897496708719673	0.652635981378419	1	"1e-05 to 1"	0.00126936225506325	-0.00453721122019801	174	"success"	"pgls5_castespolymorphic"
"OG0001777_00"	-0.0184729359880971	0.166553747913594	0.811031119862171	"1e-05 to 1"	0.0128902590342893	0.0071512489123956	174	"success"	"pgls5_castespolymorphic"
"OG0001778_00"	-0.008961567755087	0.555278762076239	0.665694376225043	"1e-05 to 1"	0.00219281627465941	-0.00360838828188315	174	"success"	"pgls5_castespolymorphic"
"OG0001779_00"	-0.0117707770286699	0.381461965462768	1e-05	"1e-05 to 1"	0.00488248388575543	-0.000903083068397148	174	"success"	"pgls5_castespolymorphic"
"OG0001780_00"	0.0166528302828977	0.1014003191595	1	"1e-05 to 1"	0.0198992980520817	0.0142010381570357	174	"success"	"pgls5_castespolymorphic"
"OG0001781_00"	-0.00176323795108235	0.854563176184553	1e-05	"1e-05 to 1"	0.000210626529353806	-0.0056021023861732	174	"success"	"pgls5_castespolymorphic"
"OG0001782_00"	-0.00469243494418566	0.81901588957631	0.943896740582802	"1e-05 to 1"	0.000343246943395232	-0.00546871092321277	174	"success"	"pgls5_castespolymorphic"
"OG0001783_00"	-0.00509953440026035	0.175669638395073	1e-05	"1e-05 to 1"	0.0154861214097425	0.00976220351096191	174	"success"	"pgls5_castespolymorphic"
"OG0001784_00"	0.0109432756508472	0.227821487779519	1	"1e-05 to 1"	0.00902075212216737	0.00325924486706364	174	"success"	"pgls5_castespolymorphic"
"OG0001786_00"	-0.00275168689833304	0.833060078272177	0.715428357088404	"1e-05 to 1"	0.000283840645299933	-0.00552846260676221	174	"success"	"pgls5_castespolymorphic"
"OG0001787_00"	-0.00417452507947977	0.59516973787718	1	"1e-05 to 1"	0.00175758965279063	-0.00404614529108849	174	"success"	"pgls5_castespolymorphic"
"OG0001788_00"	0.00356634827904587	0.823563059515707	0.963728292641658	"1e-05 to 1"	0.000311631456197005	-0.0055005102213832	174	"success"	"pgls5_castespolymorphic"
"OG0001789_00"	-0.00390086929948828	0.750113004590934	0.594232146925083	"1e-05 to 1"	0.000669317421263607	-0.00514074468675219	174	"success"	"pgls5_castespolymorphic"
"OG0001790_00"	0.0138947975819268	0.40450001416949	0.948967300272615	"1e-05 to 1"	0.00432025921793241	-0.00146857648428877	174	"success"	"pgls5_castespolymorphic"
"OG0001791_00"	-0.00781216273850824	0.540405708504726	1e-05	"1e-05 to 1"	0.00242286037164906	-0.00337700671921337	174	"success"	"pgls5_castespolymorphic"
"OG0001792_00"	-0.00405208890478895	0.830081940469345	1e-05	"1e-05 to 1"	0.000318643812333242	-0.00549345709573457	174	"success"	"pgls5_castespolymorphic"
"OG0001794_00"	-0.00922578621835933	0.343819623648445	0.740103566688931	"1e-05 to 1"	0.00609825991660345	0.000319761427746479	174	"success"	"pgls5_castespolymorphic"
"OG0001795_00"	-0.00729124311287436	0.402561685720546	1e-05	"1e-05 to 1"	0.00511985360967137	-0.000664333287946794	174	"success"	"pgls5_castespolymorphic"
"OG0001796_00"	-0.00720540331055661	0.571277343561587	1	"1e-05 to 1"	0.0020997467005316	-0.00370199895818613	174	"success"	"pgls5_castespolymorphic"
"OG0001797_00"	-0.0151845588034533	0.705706626745911	0.836238752440795	"1e-05 to 1"	0.00112665401517687	-0.00468074915915362	174	"success"	"pgls5_castespolymorphic"
"OG0001798_00"	0.017160685759839	0.00363283903928213	0.597315000939312	"1e-05 to 1"	0.0513370915969164	0.045821609571317	174	"success"	"pgls5_castespolymorphic"
"OG0001799_00"	-0.0237477817177043	0.206464512167818	0.993713319705007	"1e-05 to 1"	0.010762221113247	0.00501083867785879	174	"success"	"pgls5_castespolymorphic"
"OG0001800_00"	0.00374219327834322	0.824278304813225	0.862713885582868	"1e-05 to 1"	0.000327547792988738	-0.00548450134774958	174	"success"	"pgls5_castespolymorphic"
"OG0001801_00"	0.00862412075803656	0.698555752014229	0.916079110472855	"1e-05 to 1"	0.0014911926539724	-0.0043140911096673	174	"success"	"pgls5_castespolymorphic"
"OG0001803_00"	0.000720422202844839	0.929964864200393	0.897488815498133	"1e-05 to 1"	5.70052489727595e-05	-0.00575661681353323	174	"success"	"pgls5_castespolymorphic"
"OG0001804_00"	-0.00387576085222053	0.592584749041759	0.947150567096942	"1e-05 to 1"	0.00182787473262701	-0.00397545157706691	174	"success"	"pgls5_castespolymorphic"
"OG0001805_00"	-0.00504838628668944	0.568491260281781	1	"1e-05 to 1"	0.00254742190244561	-0.00325172099347038	174	"success"	"pgls5_castespolymorphic"
"OG0001806_00"	0.0183837581237189	0.0224311993881838	1	"1e-05 to 1"	0.041653781774422	0.0360820014359011	174	"success"	"pgls5_castespolymorphic"
"OG0001807_00"	0.00249106234166604	0.844775930167238	0.927627549068215	"1e-05 to 1"	0.000256373888065654	-0.00555608905444571	174	"success"	"pgls5_castespolymorphic"
"OG0001808_00"	-0.00166077322803058	0.457722137405469	1e-05	"1e-05 to 1"	0.00365745099881089	-0.00213523823956807	174	"success"	"pgls5_castespolymorphic"
"OG0001809_00"	-0.0111326470129601	0.452353936011635	1e-05	"1e-05 to 1"	0.00351246888071194	-0.00228106327695832	174	"success"	"pgls5_castespolymorphic"
"OG0001810_00"	0.00888594821690161	0.0542499959924561	1	"1e-05 to 1"	0.0235444282023294	0.017867360924436	174	"success"	"pgls5_castespolymorphic"
"OG0001811_00"	0.00407348258495219	0.674087415685222	1	"1e-05 to 1"	0.00109449124960522	-0.00471309891754834	174	"success"	"pgls5_castespolymorphic"
"OG0001812_00"	-0.0391936112164139	0.0219549235416965	0.734992357321948	"1e-05 to 1"	0.0334052108032717	0.027785473656779	174	"success"	"pgls5_castespolymorphic"
"OG0001813_00"	-0.0157730082009097	0.112717540737701	1	"1e-05 to 1"	0.0155518081832201	0.00982827218428539	174	"success"	"pgls5_castespolymorphic"
"OG0001814_00"	-0.0030603456088795	0.404817415415815	0.617828794288372	"1e-05 to 1"	0.0043964366717221	-0.00139195613832599	174	"success"	"pgls5_castespolymorphic"
"OG0001815_00"	0.030287403393668	0.100773434323606	1	"1e-05 to 1"	0.0165381009790618	0.010820299240568	174	"success"	"pgls5_castespolymorphic"
"OG0001816_00"	0.00794849285253072	0.0586840748190367	1e-05	"1e-05 to 1"	0.0224374671830484	0.0167539640852753	174	"success"	"pgls5_castespolymorphic"
"OG0001817_00"	0.00960586844655817	0.130114965128014	1e-05	"1e-05 to 1"	0.0147197876021963	0.00899141427430206	174	"success"	"pgls5_castespolymorphic"
"OG0001818_00"	0.00400769869529269	0.613539264586102	1	"1e-05 to 1"	0.00158784583643231	-0.00421687599010001	174	"success"	"pgls5_castespolymorphic"
"OG0001819_00"	0.000112646894176968	0.994141461443453	0.696881340295926	"1e-05 to 1"	3.5123315682637e-07	-0.00581360021316191	174	"success"	"pgls5_castespolymorphic"
"OG0001820_00"	-0.0111812731788327	0.208613526216125	0.922048308952511	"1e-05 to 1"	0.0102468743309572	0.00449249569334653	174	"success"	"pgls5_castespolymorphic"
"OG0001821_00"	0.0243547886324093	0.0456486082953924	1	"1e-05 to 1"	0.0250427911877982	0.019374435322611	174	"success"	"pgls5_castespolymorphic"
"OG0001822_00"	0.00133427884777125	0.810962881555252	1e-05	"1e-05 to 1"	0.000431669728971466	-0.00537977405167411	174	"success"	"pgls5_castespolymorphic"
"OG0001823_00"	-0.00120400434077221	0.881956803477867	0.984393339810041	"1e-05 to 1"	0.000137366882341435	-0.00567578796136581	174	"success"	"pgls5_castespolymorphic"
"OG0001824_00"	-0.0133783488764641	0.362500686766813	0.792966840113957	"1e-05 to 1"	0.0061009009318607	0.000322417797743557	174	"success"	"pgls5_castespolymorphic"
"OG0001825_00"	-0.00743651574525524	0.41895810946764	1	"1e-05 to 1"	0.00408712364464037	-0.00170306749696048	174	"success"	"pgls5_castespolymorphic"
"OG0001826_00"	-0.00743481704633684	0.156867589172261	0.828648446911001	"1e-05 to 1"	0.0125648674646743	0.00682396553132936	174	"success"	"pgls5_castespolymorphic"
"OG0001827_00"	0.0101884174240288	0.511351054502338	0.797173423084935	"1e-05 to 1"	0.00271743016306028	-0.00308072431273598	174	"success"	"pgls5_castespolymorphic"
"OG0001828_00"	-0.00445506058780098	0.773294142408053	0.968778790504853	"1e-05 to 1"	0.00052673838585759	-0.00528415267003846	174	"success"	"pgls5_castespolymorphic"
"OG0001829_00"	-0.00510713418992227	0.406995328222562	1e-05	"1e-05 to 1"	0.00430142144844277	-0.00148752377569417	174	"success"	"pgls5_castespolymorphic"
"OG0001830_00"	0.00492947230401613	0.446845721614018	0.742227787572528	"1e-05 to 1"	0.00371422254448481	-0.00207813662676815	174	"success"	"pgls5_castespolymorphic"
"OG0001831_00"	0.0110465407740763	0.532224853629856	1e-05	"1e-05 to 1"	0.0024430277073792	-0.00335672213153138	174	"success"	"pgls5_castespolymorphic"
"OG0001832_00"	-0.0218950700235665	0.260361160667494	0.904060997362058	"1e-05 to 1"	0.00781344487937225	0.00204491839611287	174	"success"	"pgls5_castespolymorphic"
"OG0001833_00"	0.0455657081326787	9.81013528040808e-05	1e-05	"1e-05 to 1"	0.0907407831067951	0.0854543923109043	174	"success"	"pgls5_castespolymorphic"
"OG0001834_00"	-0.00768854696136325	0.375222101946093	1	"1e-05 to 1"	0.0049176017156411	-0.000867761065081796	174	"success"	"pgls5_castespolymorphic"
"OG0001835_00"	-0.000519889726023498	0.944694732516088	0.920454673486057	"1e-05 to 1"	2.99823476826044e-05	-0.00578379682471475	174	"success"	"pgls5_castespolymorphic"
"OG0001836_00"	0.00784490052422404	0.0466808653875446	1	"1e-05 to 1"	0.0310363086292573	0.0254027987957065	174	"success"	"pgls5_castespolymorphic"
"OG0001837_00"	0.00577120202245038	0.687798837451195	0.979195354369777	"1e-05 to 1"	0.00101188747605168	-0.00479618294559936	174	"success"	"pgls5_castespolymorphic"
"OG0001838_00"	-0.000911860406588097	0.91933504062353	1e-05	"1e-05 to 1"	6.3897279299433e-05	-0.00574968471326276	174	"success"	"pgls5_castespolymorphic"
"OG0001839_00"	0.00533781616843776	0.622695068468424	0.770977945938743	"1e-05 to 1"	0.00173395095444821	-0.00406992142372364	174	"success"	"pgls5_castespolymorphic"
"OG0001840_00"	-0.00117704020422235	0.899548181431326	0.843269294913106	"1e-05 to 1"	9.92752715729313e-05	-0.00571410103498771	174	"success"	"pgls5_castespolymorphic"
"OG0001841_00"	0.0189983449396037	0.386187887475855	0.985151618794398	"0.1 to 1"	0.00466761882496417	-0.00111919734465804	174	"success"	"pgls5_castespolymorphic"
"OG0001842_00"	0.00378067857493487	0.79259050880546	1	"1e-05 to 1"	0.000583299211883345	-0.00522726300200094	174	"success"	"pgls5_castespolymorphic"
"OG0001843_00"	0.0137036399190757	0.298489884440064	0.97621773146842	"1e-05 to 1"	0.00679649216023734	0.00102205316116888	174	"success"	"pgls5_castespolymorphic"
"OG0001844_00"	0.00151404317634105	0.799095806755186	1	"1e-05 to 1"	0.000511952917391321	-0.00529902410053062	174	"success"	"pgls5_castespolymorphic"
"OG0001845_00"	-0.00389512289607572	0.662132488131829	1	"1e-05 to 1"	0.0011889657572779	-0.00461807513948198	174	"success"	"pgls5_castespolymorphic"
"OG0001846_00"	0.0388630802151647	0.00917938961671338	0.690421994171516	"1e-05 to 1"	0.0414078612735098	0.0358346511646349	174	"success"	"pgls5_castespolymorphic"
"OG0001847_00"	0.00793302136988647	0.444808913813806	0.63809840524853	"1e-05 to 1"	0.00367677046569239	-0.0021158064502047	174	"success"	"pgls5_castespolymorphic"
"OG0001848_00"	0.0130362492989313	0.118754574478889	1e-05	"1e-05 to 1"	0.0172941696021645	0.0115807636114794	174	"success"	"pgls5_castespolymorphic"
"OG0001849_00"	0.00271073695512456	0.637718929734249	1e-05	"1e-05 to 1"	0.00138923284611886	-0.00441664370710138	174	"success"	"pgls5_castespolymorphic"
"OG0001850_00"	0.00506309324342648	0.141730560215463	1	"1e-05 to 1"	0.0133619555329707	0.007625687832581	174	"success"	"pgls5_castespolymorphic"
"OG0001853_00"	-0.00865727552784529	0.476208056844963	1e-05	"1e-05 to 1"	0.00620793218183658	0.00043007132242856	174	"success"	"pgls5_castespolymorphic"
"OG0001855_00"	-0.00387829830484788	0.302335376363666	1e-05	"1e-05 to 1"	0.00668955983375268	0.000914499135111768	174	"success"	"pgls5_castespolymorphic"
"OG0001856_00"	0.0157665950606133	0.226065281938652	1	"1e-05 to 1"	0.00914561628415206	0.00338483498347852	174	"success"	"pgls5_castespolymorphic"
"OG0001857_00"	-0.000399399329893848	0.974221018393315	1	"1e-05 to 1"	6.67243791900153e-06	-0.00580724225720952	174	"success"	"pgls5_castespolymorphic"
"OG0001858_00"	0.010835825060489	0.272900923512673	0.923070858056699	"1e-05 to 1"	0.00755553206898303	0.00178550609263994	174	"success"	"pgls5_castespolymorphic"
"OG0001859_00"	0.011786785766028	0.230365533022284	0.912317682843005	"1e-05 to 1"	0.00886813960831858	0.00310574507115768	174	"success"	"pgls5_castespolymorphic"
"OG0001860_00"	0.034051849132013	0.186306439366479	1	"1e-05 to 1"	0.0108230794298439	0.00507205082187789	174	"success"	"pgls5_castespolymorphic"
"OG0001861_00"	-0.00064828056637792	0.92977172145	1e-05	"1e-05 to 1"	4.96295600857779e-05	-0.00576403538433223	174	"success"	"pgls5_castespolymorphic"
"OG0001862_00"	0.00055233843600179	0.872502829893251	1	"1e-05 to 1"	0.000194348694069793	-0.00561847486003453	174	"success"	"pgls5_castespolymorphic"
"OG0001863_00"	0.00118228984950969	0.914275070708056	0.834253365659936	"0.001 to 1"	7.26493594232578e-05	-0.00574088174895215	174	"success"	"pgls5_castespolymorphic"
"OG0001864_00"	-0.00859464307288623	0.5890178225353	1	"1e-05 to 1"	0.00366464489041787	-0.00212800252300993	174	"success"	"pgls5_castespolymorphic"
"OG0001866_00"	-0.00334476480917798	0.601811601814124	1e-05	"1e-05 to 1"	0.00169495311532694	-0.00410914599446754	174	"success"	"pgls5_castespolymorphic"
"OG0001867_00"	0.00890901739226311	0.297165700649269	1e-05	"1e-05 to 1"	0.00679102403739498	0.00101655324691474	174	"success"	"pgls5_castespolymorphic"
"OG0001868_00"	0.0252066015291289	0.0475000708382001	1	"1e-05 to 1"	0.0294254650783679	0.0237825898753351	174	"success"	"pgls5_castespolymorphic"
"OG0001869_00"	-0.00192472132374695	0.839155278901154	0.204656521932965	"1e-05 to 1"	0.000341834708625223	-0.00547013136865004	174	"success"	"pgls5_castespolymorphic"
"OG0001870_00"	-0.0026666737862756	0.708876851881931	1	"1e-05 to 1"	0.000873603512362766	-0.00493527088582124	174	"success"	"pgls5_castespolymorphic"
"OG0001871_00"	0.0175451218955374	0.0160946825704027	0.825111075262404	"1e-05 to 1"	0.0356645746729962	0.0300579733629555	174	"success"	"pgls5_castespolymorphic"
"OG0001872_00"	0.00177465839606895	0.867341992219305	0.61213797686226	"1e-05 to 1"	0.000177132050341115	-0.00563579160052896	174	"success"	"pgls5_castespolymorphic"
"OG0001873_00"	-0.00469028906546144	0.296553748015121	0.948810920486948	"1e-05 to 1"	0.00680819341037076	0.00103382244182637	174	"success"	"pgls5_castespolymorphic"
"OG0001874_00"	-0.015347763222737	0.0965125016620962	1e-05	"1e-05 to 1"	0.017949865117354	0.0122402713098968	174	"success"	"pgls5_castespolymorphic"
"OG0001875_00"	-0.00433721005455754	0.252062317349485	1	"1e-05 to 1"	0.00829447323130109	0.00252874342450626	174	"success"	"pgls5_castespolymorphic"
"OG0001876_00"	-0.0066963853424981	0.684336805391629	1e-05	"1e-05 to 1"	0.00116740087736275	-0.00463976539660615	174	"success"	"pgls5_castespolymorphic"
"OG0001877_00"	-0.00207327519422081	0.545721835681343	1e-05	"1e-05 to 1"	0.00228600599402866	-0.00351465676182006	174	"success"	"pgls5_castespolymorphic"
"OG0001878_00"	-0.0235415257469088	0.0722226474280216	0.916847205323474	"1e-05 to 1"	0.0200577776942328	0.014360439192455	174	"success"	"pgls5_castespolymorphic"
"OG0001879_00"	0.0214637091144817	0.260413678813737	0.589069579365399	"1e-05 to 1"	0.0078602088474346	0.00209195424771025	174	"success"	"pgls5_castespolymorphic"
"OG0001880_00"	-0.000446352167965693	0.943512683911737	1	"1e-05 to 1"	3.18756196930901e-05	-0.00578189254530859	174	"success"	"pgls5_castespolymorphic"
"OG0001881_00"	0.00285438772187609	0.627304799639588	1e-05	"1e-05 to 1"	0.00148616360312329	-0.0043191493991841	174	"success"	"pgls5_castespolymorphic"
"OG0001882_00"	-0.00131093896160413	0.862373951822988	0.922347182483385	"1e-05 to 1"	0.0001883905272039	-0.00562446766740554	174	"success"	"pgls5_castespolymorphic"
"OG0001883_00"	-0.00507961158239413	0.60197416267848	0.953834132953117	"1e-05 to 1"	0.00169343818300271	-0.00411066973453789	174	"success"	"pgls5_castespolymorphic"
"OG0001884_00"	0.00820952429163046	0.203601293242227	1e-05	"1e-05 to 1"	0.010082613735701	0.00432728009462946	174	"success"	"pgls5_castespolymorphic"
"OG0001885_00"	-0.00608920353563667	0.28402336116695	1e-05	"1e-05 to 1"	0.00721503926885413	0.00144303368320786	174	"success"	"pgls5_castespolymorphic"
"OG0001886_00"	-0.00307290344265921	0.527726837777924	0.812682173370486	"1e-05 to 1"	0.00248143063477945	-0.0033180959312975	174	"success"	"pgls5_castespolymorphic"
"OG0001887_00"	-0.00473276422866592	0.634248234074296	0.94175656758227	"1e-05 to 1"	0.00145451990056667	-0.00435097707675558	174	"success"	"pgls5_castespolymorphic"
"OG0001888_00"	-0.00609015339841642	0.4418931005471	0.247817054006768	"1e-05 to 1"	0.00452121466659186	-0.0012664526899977	174	"success"	"pgls5_castespolymorphic"
"OG0001889_00"	0.0132099834592171	0.593699652271993	0.744922212219765	"1e-05 to 1"	0.00328474742941298	-0.00251010869018353	174	"success"	"pgls5_castespolymorphic"
"OG0001890_00"	0.00848387827483128	0.162541964720595	1	"1e-05 to 1"	0.0120041557756399	0.0062599938906146	174	"success"	"pgls5_castespolymorphic"
"OG0001891_00"	-0.0158952481493914	0.0890684612815256	1	"1e-05 to 1"	0.0211104518645225	0.0154192335614094	174	"success"	"pgls5_castespolymorphic"
"OG0001892_00"	0.011993904138257	0.333229531288414	1	"1e-05 to 1"	0.00585302619784408	7.31019315525216e-05	174	"success"	"pgls5_castespolymorphic"
"OG0001893_00"	-0.0041934628063162	0.773911029287785	0.819813848130749	"1e-05 to 1"	0.000517230176461599	-0.00529371615972174	174	"success"	"pgls5_castespolymorphic"
"OG0001894_00"	-0.0023489710519059	0.683769801716295	1e-05	"1e-05 to 1"	0.00103318709939742	-0.00477475948723405	174	"success"	"pgls5_castespolymorphic"
"OG0001895_00"	0.0104516599846549	0.308957005798078	0.97006702462915	"1e-05 to 1"	0.0064286084632105	0.000652030605438392	174	"success"	"pgls5_castespolymorphic"
"OG0001896_00"	-0.0121659765834154	0.447341816529004	0.553633845771253	"1e-05 to 1"	0.00377890427932992	-0.0020130788353252	174	"success"	"pgls5_castespolymorphic"
"OG0001897_00"	-0.00139719925482431	0.888040895228841	0.833209709889015	"1e-05 to 1"	0.000129958218677224	-0.00568323969865592	174	"success"	"pgls5_castespolymorphic"
"OG0001899_00"	-0.00144712087900383	0.771559287010992	1	"1e-05 to 1"	0.000521811250475404	-0.00528910845155672	174	"success"	"pgls5_castespolymorphic"
"OG0001900_00"	0.000794991250310811	0.915781057862911	1	"1e-05 to 1"	7.01098570090824e-05	-0.0057434360159152	174	"success"	"pgls5_castespolymorphic"
"OG0001901_00"	-0.0173856082859304	0.234040974142445	0.991555289159365	"1e-05 to 1"	0.0090078876377902	0.0032463055891726	174	"success"	"pgls5_castespolymorphic"
"OG0001902_00"	-0.00855571189788757	0.392833811989937	0.924825131238167	"1e-05 to 1"	0.00462512985202189	-0.00116193334651271	174	"success"	"pgls5_castespolymorphic"
"OG0001903_00"	-0.00700929514787259	0.229317350864755	1e-05	"1e-05 to 1"	0.0091331467504991	0.00337229295253694	174	"success"	"pgls5_castespolymorphic"
"OG0001904_00"	-0.000892996831031428	0.902237839901546	1e-05	"1e-05 to 1"	9.51900205991395e-05	-0.00571821003742068	174	"success"	"pgls5_castespolymorphic"
"OG0001905_00"	0.0319766506804654	0.127671802852515	0.918618636872716	"1e-05 to 1"	0.0147185085841513	0.00899012782010578	174	"success"	"pgls5_castespolymorphic"
"OG0001906_00"	0.00275926809634393	0.78474990530762	0.154723416411924	"1e-05 to 1"	0.00047056445075575	-0.00534065319778643	174	"success"	"pgls5_castespolymorphic"
"OG0001907_00"	0.00287441174918742	0.608336614888541	1e-05	"1e-05 to 1"	0.00166593026720972	-0.00413833758007387	174	"success"	"pgls5_castespolymorphic"
"OG0001908_00"	0.00168991889080902	0.868576700629932	1	"1e-05 to 1"	0.000202038796381884	-0.00561074004782514	174	"success"	"pgls5_castespolymorphic"
"OG0001909_00"	-0.00356916590405087	0.474483187810154	1	"1e-05 to 1"	0.0046604312631614	-0.00112642669461094	174	"success"	"pgls5_castespolymorphic"
"OG0001910_00"	-0.0186623099713304	0.13477856408924	0.349736076144598	"1e-05 to 1"	0.013924486047284	0.00819148887314036	174	"success"	"pgls5_castespolymorphic"
"OG0001911_00"	0.00651252153163302	0.5600869303516	1	"1e-05 to 1"	0.00218123036412635	-0.00362004155236129	174	"success"	"pgls5_castespolymorphic"
"OG0001912_00"	-0.00831785875310831	0.468033134351657	1	"1e-05 to 1"	0.00325545004750986	-0.00253957640570235	174	"success"	"pgls5_castespolymorphic"
"OG0001913_00"	-0.0117302183489202	0.283556076533909	0.523400214201488	"1e-05 to 1"	0.00722900592540613	0.00145708154125157	174	"success"	"pgls5_castespolymorphic"
"OG0001914_00"	-0.00608623147794826	0.676959569958558	1e-05	"1e-05 to 1"	0.00113009460905521	-0.00467728856182226	174	"success"	"pgls5_castespolymorphic"
"OG0001915_00"	-0.00869511597042511	0.467266293758428	1e-05	"1e-05 to 1"	0.00334948984908244	-0.0024449898610972	174	"success"	"pgls5_castespolymorphic"
"OG0001916_00"	-0.00660108462392575	0.587529211515246	0.934343606063508	"1e-05 to 1"	0.00182012420968523	-0.0039832471611887	174	"success"	"pgls5_castespolymorphic"
"OG0001917_00"	0.0280399071038063	0.0415677429264178	0.342195367251643	"1e-05 to 1"	0.0260215964141206	0.0203589312769935	174	"success"	"pgls5_castespolymorphic"
"OG0001918_00"	-0.0179793164023058	0.0440068550258208	0.858024375216441	"1e-05 to 1"	0.0255855288763958	0.0199203284628865	174	"success"	"pgls5_castespolymorphic"
"OG0001919_00"	0.0102610583354688	0.263757180103767	0.706388696792508	"1e-05 to 1"	0.00770342775781999	0.00193426164013277	174	"success"	"pgls5_castespolymorphic"
"OG0001920_00"	0.013478612515272	0.305589350025404	0.923890671988566	"1e-05 to 1"	0.00647821991523888	0.000701930496141423	174	"success"	"pgls5_castespolymorphic"
"OG0001921_00"	0.000824980158859712	0.941581157256187	1	"1e-05 to 1"	3.40967340075586e-05	-0.00577965851753892	174	"success"	"pgls5_castespolymorphic"
"OG0001922_00"	0.00477979282668294	0.437736250573515	1e-05	"1e-05 to 1"	0.00372188633329593	-0.00207042828104531	174	"success"	"pgls5_castespolymorphic"
"OG0001923_00"	-0.00502716158667258	0.757994622411177	1e-05	"1e-05 to 1"	0.00059131759068226	-0.0052191980047207	174	"success"	"pgls5_castespolymorphic"
"OG0001924_00"	0.00315018518786445	0.831654184547136	1	"1e-05 to 1"	0.000300222131951847	-0.005511985878909	174	"success"	"pgls5_castespolymorphic"
"OG0001925_00"	-0.0243666548314886	0.0503974878966751	0.975203108199131	"0.001 to 1"	0.0234249460235127	0.0177471840817891	174	"success"	"pgls5_castespolymorphic"
"OG0001926_00"	-0.0086734203663948	0.320150550850264	1e-05	"1e-05 to 1"	0.00610097275555361	0.000322490039016188	174	"success"	"pgls5_castespolymorphic"
"OG0001927_00"	0.00715400652897928	0.646007769781998	0.854195396962958	"1e-05 to 1"	0.0013471389666565	-0.00445898231842112	174	"success"	"pgls5_castespolymorphic"
"OG0001928_00"	0.00932710278603498	0.27494382227874	1e-05	"1e-05 to 1"	0.00768491605614833	0.00191564231228869	174	"success"	"pgls5_castespolymorphic"
"OG0001929_00"	-0.00226545975212545	0.902774524338775	0.88219003114783	"1e-05 to 1"	9.41426103737785e-05	-0.00571926353724028	174	"success"	"pgls5_castespolymorphic"
"OG0001930_00"	0.0329409963059594	0.0284431233097173	1	"1e-05 to 1"	0.0372406995509683	0.0316432617576601	174	"success"	"pgls5_castespolymorphic"
"OG0001931_00"	0.00672152867617571	0.574231002729232	0.976044031019945	"1e-05 to 1"	0.00195259692191008	-0.00385000425877635	174	"success"	"pgls5_castespolymorphic"
"OG0001932_00"	0.000421861210834248	0.875854741121032	1e-05	"1e-05 to 1"	0.000154949869960026	-0.00565810274707501	174	"success"	"pgls5_castespolymorphic"
"OG0001933_00"	-0.0108825483881843	0.235717711263712	1e-05	"1e-05 to 1"	0.00877638866707821	0.00301346069421238	174	"success"	"pgls5_castespolymorphic"
"OG0001934_00"	0.00523113536852308	0.347419837349455	0.55339038192828	"1e-05 to 1"	0.00551983985218343	-0.000262021544024771	174	"success"	"pgls5_castespolymorphic"
"OG0001935_00"	0.0016508963788801	0.880730325050218	1e-05	"1e-05 to 1"	0.000211365365858822	-0.0056013592541071	174	"success"	"pgls5_castespolymorphic"
"OG0001938_00"	1.40138466027314e-05	0.99920281587575	0.96721987283328	"1e-05 to 1"	6.46110120889387e-09	-0.00581394698970628	174	"success"	"pgls5_castespolymorphic"
"OG0001939_00"	0.00701859995256323	0.180574423257297	1e-05	"1e-05 to 1"	0.0222989835685629	0.0166146753334963	174	"success"	"pgls5_castespolymorphic"
"OG0001940_00"	0.0140214226535646	0.409900546481242	0.887578765453836	"1e-05 to 1"	0.0042485359365266	-0.0015407167615169	174	"success"	"pgls5_castespolymorphic"
"OG0001941_00"	0.0140827907245615	0.161106843815469	0.29816770046913	"1e-05 to 1"	0.013049808555223	0.00731172604682306	174	"success"	"pgls5_castespolymorphic"
"OG0001942_00"	0.00351189368141459	0.815184684534912	1	"1e-05 to 1"	0.000344643461256515	-0.00546730628606173	174	"success"	"pgls5_castespolymorphic"
"OG0001943_00"	0.0586143523858982	0.0380567717370108	1e-05	"1e-05 to 1"	0.0267795686680345	0.0211213103463371	174	"success"	"pgls5_castespolymorphic"
"OG0001944_00"	-0.0142198297865195	0.0916396639017845	0.99113401855183	"1e-05 to 1"	0.0176807299085367	0.0119695713614933	174	"success"	"pgls5_castespolymorphic"
"OG0001945_00"	0.00750829862897762	0.557117213667066	1e-05	"1e-05 to 1"	0.00243320326054498	-0.00336660369724262	174	"success"	"pgls5_castespolymorphic"
"OG0001946_00"	-0.00463272206561662	0.448135331882174	1e-05	"1e-05 to 1"	0.00369322899465649	-0.0020992522321186	174	"success"	"pgls5_castespolymorphic"
"OG0001947_00"	0.00800685849121375	0.424737138542483	1e-05	"1e-05 to 1"	0.00398680918147565	-0.00180396518374848	174	"success"	"pgls5_castespolymorphic"
"OG0001948_00"	0.00252416101816576	0.805493817888882	1e-05	"1e-05 to 1"	0.000468117064102918	-0.00534311481343153	174	"success"	"pgls5_castespolymorphic"
"OG0001949_00"	-0.00334967312852835	0.893774879909765	1e-05	"1e-05 to 1"	0.000208513207574306	-0.00560422799470728	174	"success"	"pgls5_castespolymorphic"
"OG0001950_00"	-0.020679095412122	0.141860122835466	0.94265834802688	"1e-05 to 1"	0.0135206749938112	0.00778533008098459	174	"success"	"pgls5_castespolymorphic"
"OG0001952_00"	0.00415701969836908	0.527540426501481	1e-05	"1e-05 to 1"	0.0029197148231891	-0.00287726357900175	174	"success"	"pgls5_castespolymorphic"
"OG0001953_00"	-9.38298652544127e-05	0.990231638195496	0.709292173454283	"1e-05 to 1"	1.15747546267652e-06	-0.00581278928340079	174	"success"	"pgls5_castespolymorphic"
"OG0001954_00"	0.02957037812248	0.0908763648416842	0.667692814457399	"1e-05 to 1"	0.024657952329181	0.0189873590287692	174	"success"	"pgls5_castespolymorphic"
"OG0001955_00"	0.0072274980380543	0.588187212259536	1	"1e-05 to 1"	0.00181372566573017	-0.00398968290598067	174	"success"	"pgls5_castespolymorphic"
"OG0001956_00"	-0.00367646704768206	0.82763507060443	0.445857083877969	"1e-05 to 1"	0.000295336988959624	-0.00551689942389522	174	"success"	"pgls5_castespolymorphic"
"OG0001957_00"	0.00472090737919274	0.60200157413224	0.828482763562575	"1e-05 to 1"	0.00184227315289247	-0.00396096944505597	174	"success"	"pgls5_castespolymorphic"
"OG0001958_00"	0.000896602109296045	0.916751970310652	0.524490156072218	"1e-05 to 1"	6.76486291129359e-05	-0.00574591155327608	174	"success"	"pgls5_castespolymorphic"
"OG0001959_00"	0.000587278081107518	0.929757008599678	0.910548432758846	"1e-05 to 1"	5.0293111412714e-05	-0.00576336797514876	174	"success"	"pgls5_castespolymorphic"
"OG0001960_00"	-0.0282939931866326	0.154029367345126	1	"1e-05 to 1"	0.0127375447192957	0.00699764672347769	174	"success"	"pgls5_castespolymorphic"
"OG0001961_00"	0.00984681594750901	0.528987912285104	1e-05	"1e-05 to 1"	0.00246631939235431	-0.00333329502978308	174	"success"	"pgls5_castespolymorphic"
"OG0001962_00"	-0.00862504344964806	0.323548650041832	1e-05	"1e-05 to 1"	0.00654107379518351	0.000765149805620702	174	"success"	"pgls5_castespolymorphic"
"OG0001963_00"	0.0368584560343911	0.0120598017945333	1	"1e-05 to 1"	0.0530998889789053	0.0475946557752943	174	"success"	"pgls5_castespolymorphic"
"OG0001964_00"	0.00276974348861254	0.771774202246204	0.284333076120416	"1e-05 to 1"	0.000721894462895056	-0.00508786196464617	174	"success"	"pgls5_castespolymorphic"
"OG0001965_00"	0.000889572805666939	0.960144841996595	0.247785726680524	"1e-05 to 1"	1.56561209878489e-05	-0.00579820634342498	174	"success"	"pgls5_castespolymorphic"
"OG0001966_00"	0.0282864059454076	0.251746265097047	0.960893821537741	"1e-05 to 1"	0.00815088446404932	0.00238431983884024	174	"success"	"pgls5_castespolymorphic"
"OG0001967_00"	-0.0178002306455712	0.305574462564003	0.633200161798309	"1e-05 to 1"	0.00668490587402688	0.000909818117480587	174	"success"	"pgls5_castespolymorphic"
"OG0001968_00"	-0.0106235180169958	0.272420170579334	1	"1e-05 to 1"	0.00743053331623402	0.00165978060295624	174	"success"	"pgls5_castespolymorphic"
"OG0001969_00"	0.00202985591928319	0.911506536648534	0.623513534366683	"1e-05 to 1"	0.000132093777333644	-0.00568109172396092	174	"success"	"pgls5_castespolymorphic"
"OG0001970_00"	-0.00428793280176953	0.659160123268289	1	"1e-05 to 1"	0.00126658693526173	-0.00454000267557975	174	"success"	"pgls5_castespolymorphic"
"OG0001972_00"	0.000488996296342858	0.97145902769738	1	"1e-05 to 1"	8.28533636200859e-06	-0.00580561998145002	174	"success"	"pgls5_castespolymorphic"
"OG0001973_00"	0.00969332896305735	0.205104370215359	1e-05	"1e-05 to 1"	0.0100161950926836	0.00426047529671081	174	"success"	"pgls5_castespolymorphic"
"OG0001974_00"	-0.0164985524433168	0.335402681474077	0.679137248849172	"1e-05 to 1"	0.00576474744174261	-1.56900731309584e-05	174	"success"	"pgls5_castespolymorphic"
"OG0001975_00"	-0.00644965028070929	0.551006613463097	1e-05	"1e-05 to 1"	0.00221259541778513	-0.00358849414373941	174	"success"	"pgls5_castespolymorphic"
"OG0001976_00"	0.00412819058126618	0.685502660362451	1e-05	"1e-05 to 1"	0.00101494254761046	-0.00479311011199646	174	"success"	"pgls5_castespolymorphic"
"OG0001977_00"	-0.021801686116825	0.122234339629118	1	"1e-05 to 1"	0.0150502553423036	0.00932380333847982	174	"success"	"pgls5_castespolymorphic"
"OG0001978_00"	0.00400152769242579	0.515331214982836	0.279655783374947	"1e-05 to 1"	0.00263344008704586	-0.00316520270314569	174	"success"	"pgls5_castespolymorphic"
"OG0001979_00"	-0.0335639655286897	0.0118638967030904	1	"1e-05 to 1"	0.0393996313224757	0.0338147454580715	174	"success"	"pgls5_castespolymorphic"
"OG0001980_00"	0.00539138793234119	0.705748611007181	1e-05	"1e-05 to 1"	0.000904732192736455	-0.00490396122474768	174	"success"	"pgls5_castespolymorphic"
"OG0001981_00"	0.00949417693465026	0.458668728165552	1	"1e-05 to 1"	0.00352520619917669	-0.00226825190431645	174	"success"	"pgls5_castespolymorphic"
"OG0001982_00"	-0.00190834494493248	0.8266837352799	1	"1e-05 to 1"	0.000298658345808419	-0.00551355875683224	174	"success"	"pgls5_castespolymorphic"
"OG0001984_00"	-0.0153405820639386	0.199923926329371	1e-05	"1e-05 to 1"	0.0105097644711156	0.00475691426455227	174	"success"	"pgls5_castespolymorphic"
"OG0001985_00"	0.000319501231433539	0.966443119289072	1e-05	"1e-05 to 1"	1.19989185722153e-05	-0.00580188480864541	174	"success"	"pgls5_castespolymorphic"
"OG0001986_00"	0.0221193274462108	0.113759527407677	0.951265727107529	"1e-05 to 1"	0.0155590561643462	0.00983556230483662	174	"success"	"pgls5_castespolymorphic"
"OG0001987_00"	0.0128071383311966	0.219915512467749	0.98297531468999	"1e-05 to 1"	0.0093325742474735	0.00357287991170296	174	"success"	"pgls5_castespolymorphic"
"OG0001988_00"	0.00563841324940424	0.518646750458319	0.97492552242938	"1e-05 to 1"	0.00262482132281724	-0.00317387157646865	174	"success"	"pgls5_castespolymorphic"
"OG0001989_00"	-0.0352066173196233	0.0717133882566312	0.490994910368829	"1e-05 to 1"	0.0201289944837355	0.0144320700330596	174	"success"	"pgls5_castespolymorphic"
"OG0001990_00"	0.00576224761621447	0.782569948363551	0.996453245330256	"1e-05 to 1"	0.000772891707249516	-0.00503656822468512	174	"success"	"pgls5_castespolymorphic"
"OG0001991_00"	-0.00676081135145073	0.608912999797804	0.24228439608008	"1e-05 to 1"	0.00166058424934091	-0.00414371467944208	174	"success"	"pgls5_castespolymorphic"
"OG0001992_00"	0.00168072620646927	0.791845917802607	0.932297476340919	"1e-05 to 1"	0.000433864970861548	-0.00537756604674966	174	"success"	"pgls5_castespolymorphic"
"OG0001993_00"	0.0146753709344661	0.277458975106852	1	"1e-05 to 1"	0.00732188772535714	0.0015505033516674	174	"success"	"pgls5_castespolymorphic"
"OG0001994_00"	0.00211654712592774	0.285801854072313	1	"1e-05 to 1"	0.00702957285457746	0.00125648897582498	174	"success"	"pgls5_castespolymorphic"
"OG0001995_00"	0.00973149623704083	0.255214288653877	0.858726419097635	"1e-05 to 1"	0.00873802108974558	0.00297487004956976	174	"success"	"pgls5_castespolymorphic"
"OG0001996_00"	0.00607705906974175	0.607868413483742	0.482307780865635	"1e-05 to 1"	0.00163908657708081	-0.00416533733816871	174	"success"	"pgls5_castespolymorphic"
"OG0001997_00"	-0.0051969285726527	0.369324246043975	0.546945029273733	"1e-05 to 1"	0.00500879661592322	-0.000776035961891131	174	"success"	"pgls5_castespolymorphic"
"OG0001998_00"	-0.0102367274328001	0.490329458029801	1	"1e-05 to 1"	0.00299739460563058	-0.00279913216991812	174	"success"	"pgls5_castespolymorphic"
"OG0001999_00"	0.034110865719342	0.0249513685619194	0.95785172857453	"1e-05 to 1"	0.0308366198258854	0.0252019490109195	174	"success"	"pgls5_castespolymorphic"
"OG0002000_00"	-0.00265401431612664	0.709449587529414	1e-05	"1e-05 to 1"	0.000864589495810147	-0.00494433730944666	174	"success"	"pgls5_castespolymorphic"
"OG0002001_00"	0.00254232278089793	0.776878139107931	0.420325324079822	"1e-05 to 1"	0.000513026755549135	-0.00529794401912809	174	"success"	"pgls5_castespolymorphic"
"OG0002003_00"	0.00113173996064581	0.810916651016164	1	"1e-05 to 1"	0.000358789797762005	-0.00545307770341363	174	"success"	"pgls5_castespolymorphic"
"OG0002004_00"	-0.0116137926757239	0.0731310445746471	0.730740978219482	"1e-05 to 1"	0.020182587080335	0.014485974214523	174	"success"	"pgls5_castespolymorphic"
"OG0002006_00"	-0.00763414781724353	0.538076509765368	1	"1e-05 to 1"	0.00319415015819211	-0.00260123268972534	174	"success"	"pgls5_castespolymorphic"
"OG0002007_00"	-0.000326837811509169	0.969371883236533	0.789100060751186	"1e-05 to 1"	9.12845489247307e-06	-0.00580477196106743	174	"success"	"pgls5_castespolymorphic"
"OG0002008_00"	0.000603094983337952	0.96156723088524	0.857717327197375	"1e-05 to 1"	2.20088424085121e-05	-0.00579181668757744	174	"success"	"pgls5_castespolymorphic"
"OG0002009_00"	-0.000246820449923609	0.959872131395531	1e-05	"1e-05 to 1"	1.58712891488087e-05	-0.00579798992428637	174	"success"	"pgls5_castespolymorphic"
"OG0002010_00"	-0.000996151348142644	0.937189449297936	0.820144086485257	"1e-05 to 1"	3.8932509709611e-05	-0.00577479462686181	174	"success"	"pgls5_castespolymorphic"
"OG0002011_00"	0.0112350643244931	0.239086535774993	0.756761615088301	"1e-05 to 1"	0.0085450903581946	0.00278081762771898	174	"success"	"pgls5_castespolymorphic"
"OG0002012_00"	-0.00746932824640026	0.143812971761395	1	"1e-05 to 1"	0.0133900514503797	0.00765394709834699	174	"success"	"pgls5_castespolymorphic"
"OG0002013_00"	-0.0222954423358042	0.106475263393319	1e-05	"1e-05 to 1"	0.0165122971714477	0.0107943454108166	174	"success"	"pgls5_castespolymorphic"
"OG0002014_00"	-0.0233851775548074	0.0743787614413298	1e-05	"1e-05 to 1"	0.0200104709500938	0.0143128574091059	174	"success"	"pgls5_castespolymorphic"
"OG0002015_00"	0.0406184636660978	0.0192275475943173	1e-05	"1e-05 to 1"	0.0333664094013034	0.0277464466652645	174	"success"	"pgls5_castespolymorphic"
"OG0002016_00"	-0.000894760119329359	0.89034216600017	1e-05	"1e-05 to 1"	0.000119919551586713	-0.0056933367300902	174	"success"	"pgls5_castespolymorphic"
"OG0002017_00"	-0.00576159332040766	0.442435707045181	1e-05	"1e-05 to 1"	0.00364630025421425	-0.00214645381407541	174	"success"	"pgls5_castespolymorphic"
"OG0002018_00"	0.00123822243577986	0.930474098460668	1e-05	"1e-05 to 1"	6.88863021064681e-05	-0.00574466668450913	174	"success"	"pgls5_castespolymorphic"
"OG0002019_00"	0.0077005795319541	0.382852204465693	1e-05	"1e-05 to 1"	0.00476303246188356	-0.00102322897729157	174	"success"	"pgls5_castespolymorphic"
"OG0002020_00"	-0.00053744960391127	0.784616951598038	1	"1e-05 to 1"	0.000477180215528173	-0.00533399896926534	174	"success"	"pgls5_castespolymorphic"
"OG0002021_00"	0.0162635532084636	0.319727735733275	0.526099975076758	"1e-05 to 1"	0.00622692518295589	0.000449174747973125	174	"success"	"pgls5_castespolymorphic"
"OG0002022_00"	-0.0117875680770048	0.192214856446679	0.17992208909111	"1e-05 to 1"	0.0106716463621344	0.00491973732935602	174	"success"	"pgls5_castespolymorphic"
"OG0002023_00"	0.0106355603866667	0.327595198001786	0.803365020136629	"1e-05 to 1"	0.00599060180013473	0.000211477391996118	174	"success"	"pgls5_castespolymorphic"
"OG0002024_00"	0.00728008166366152	0.532367700639706	0.232197651963771	"1e-05 to 1"	0.00242613592203493	-0.00337371212492998	174	"success"	"pgls5_castespolymorphic"
"OG0002025_00"	0.0148215598356004	0.402101211333585	0.476251478840764	"1e-05 to 1"	0.00453356976430191	-0.00125402576032441	174	"success"	"pgls5_castespolymorphic"
"OG0002026_00"	-0.00285568523063814	0.611270567115989	1e-05	"1e-05 to 1"	0.00161829730936221	-0.00418624747372287	174	"success"	"pgls5_castespolymorphic"
"OG0002027_00"	0.0036775607209219	0.845488184753475	0.961159157573288	"1e-05 to 1"	0.00024577800688487	-0.00556674653958678	174	"success"	"pgls5_castespolymorphic"
"OG0002028_00"	0.00977853363919075	0.163567698803396	1e-05	"1e-05 to 1"	0.0121708374351219	0.00642764462951206	174	"success"	"pgls5_castespolymorphic"
"OG0002029_00"	0.0127862188112999	0.39896478087962	0.627498735289335	"1e-05 to 1"	0.00456472458822618	-0.00122268980370266	174	"success"	"pgls5_castespolymorphic"
"OG0002031_00"	-0.00294947768632065	0.532613290897022	1e-05	"1e-05 to 1"	0.00242323385494699	-0.00337663106450092	174	"success"	"pgls5_castespolymorphic"
"OG0002032_00"	0.00322792620057971	0.456437577882887	1e-05	"1e-05 to 1"	0.00347115962913736	-0.00232261269860023	174	"success"	"pgls5_castespolymorphic"
"OG0002033_00"	-0.00691217487334863	0.684116133554373	0.858102882626773	"1e-05 to 1"	0.00106392408528604	-0.00474384379793924	174	"success"	"pgls5_castespolymorphic"
"OG0002034_00"	0.00192887668955417	0.844069782315561	0.413970429790861	"1e-05 to 1"	0.000247170304198364	-0.00556534614752136	174	"success"	"pgls5_castespolymorphic"
"OG0002035_00"	8.19750840258423e-05	0.993970448815616	0.174871290907769	"1e-05 to 1"	3.55812249146588e-07	-0.00581359560744721	174	"success"	"pgls5_castespolymorphic"
"OG0002036_00"	-0.00184673371990122	0.56389874158092	1	"1e-05 to 1"	0.00208557600180566	-0.00371625204469539	174	"success"	"pgls5_castespolymorphic"
"OG0002038_00"	-0.0123561722049153	0.193415216462864	0.761341697771547	"1e-05 to 1"	0.0104829661912387	0.00472996018072258	174	"success"	"pgls5_castespolymorphic"
"OG0002039_00"	0.0105143419585631	0.489011029827235	0.908783223741518	"1e-05 to 1"	0.00295969154659644	-0.00283705443278381	174	"success"	"pgls5_castespolymorphic"
"OG0002040_00"	-0.00476625433490883	0.626996087589968	0.960962506385321	"1e-05 to 1"	0.0014702895053293	-0.0043351157882443	174	"success"	"pgls5_castespolymorphic"
"OG0002041_00"	0.0135102489660603	0.206444370915783	1e-05	"1e-05 to 1"	0.0102122853396841	0.00445770560328684	174	"success"	"pgls5_castespolymorphic"
"OG0002042_00"	0.00830637139131827	0.726593303061236	1	"1e-05 to 1"	0.00101410415638082	-0.00479395337759358	174	"success"	"pgls5_castespolymorphic"
"OG0002043_00"	0.000401116700950685	0.950253273454806	0.1998331675632	"1e-05 to 1"	2.41008510828436e-05	-0.00578971251606197	174	"success"	"pgls5_castespolymorphic"
"OG0002044_00"	0.0264110465331446	0.0151951292659018	1e-05	"1e-05 to 1"	0.0362762271275059	0.0306731819363868	174	"success"	"pgls5_castespolymorphic"
"OG0002045_00"	0.00706357241508641	0.666819538329128	1e-05	"1e-05 to 1"	0.00114698270821572	-0.00466030227603875	174	"success"	"pgls5_castespolymorphic"
"OG0002046_00"	-0.0141606433989413	0.20982839172527	0.466843991442846	"1e-05 to 1"	0.00975027511422611	0.00399300927186697	174	"success"	"pgls5_castespolymorphic"
"OG0002047_00"	0.0114610230042143	0.304988746879387	0.6443195772886	"1e-05 to 1"	0.00653460712104288	0.000758645534537306	174	"success"	"pgls5_castespolymorphic"
"OG0002048_00"	-0.00917277646651324	0.318992586678722	1e-05	"1e-05 to 1"	0.00624581344727162	0.000468172827779112	174	"success"	"pgls5_castespolymorphic"
"OG0002049_00"	0.0494764712590497	0.00570836878599668	0.808938596098891	"1e-05 to 1"	0.0482470505934433	0.0427136032131726	174	"success"	"pgls5_castespolymorphic"
"OG0002050_00"	0.00424536700957687	0.689633116590975	0.910022587430844	"1e-05 to 1"	0.00101207148405988	-0.00479599786777696	174	"success"	"pgls5_castespolymorphic"
"OG0002051_00"	-0.00270968557661549	0.727873646506289	0.845286695152705	"1e-05 to 1"	0.000754060593198302	-0.00505550882195749	174	"success"	"pgls5_castespolymorphic"
"OG0002052_00"	-0.00743858626224447	0.504525571286462	0.411821310839454	"1e-05 to 1"	0.00275410570112099	-0.00304383554480281	174	"success"	"pgls5_castespolymorphic"
"OG0002053_00"	0.00171134075466491	0.755070761980868	0.949888287158636	"1e-05 to 1"	0.000609962360504645	-0.00520044483507398	174	"success"	"pgls5_castespolymorphic"
"OG0002054_00"	-0.00210228381424149	0.532651048854141	1	"1e-05 to 1"	0.00256652931694022	-0.00323250248935669	174	"success"	"pgls5_castespolymorphic"
"OG0002055_00"	-0.0133627923606953	0.177227740229166	1	"1e-05 to 1"	0.011715323393508	0.00596948225044702	174	"success"	"pgls5_castespolymorphic"
"OG0002056_00"	0.011902587281299	0.080503255093463	1e-05	"1e-05 to 1"	0.023858322781912	0.0181830804725045	174	"success"	"pgls5_castespolymorphic"
"OG0002057_00"	0.0100717673979354	0.24001562098516	1e-05	"1e-05 to 1"	0.00861777642437694	0.00285392628730929	174	"success"	"pgls5_castespolymorphic"
"OG0002058_00"	-0.0015255871963699	0.876924478604312	1	"1e-05 to 1"	0.000149423943280517	-0.00566366080123526	174	"success"	"pgls5_castespolymorphic"
"OG0002059_00"	-0.0019627360717224	0.883171308439376	0.948671144987761	"1e-05 to 1"	0.000136232110028216	-0.00567692933119246	174	"success"	"pgls5_castespolymorphic"
"OG0002060_00"	0.0388885930649764	0.02216120431372	0.350025872339836	"1e-05 to 1"	0.0322764894014828	0.026650189921259	174	"success"	"pgls5_castespolymorphic"
"OG0002061_00"	-0.011504693051781	0.208232993408184	1e-05	"1e-05 to 1"	0.0100681849048537	0.0043127673752309	174	"success"	"pgls5_castespolymorphic"
"OG0002062_00"	0.0124164449931387	0.156717033985587	0.969354602530898	"1e-05 to 1"	0.0124182334749775	0.0066764790184366	174	"success"	"pgls5_castespolymorphic"
"OG0002063_00"	0.00681710263252506	0.47203691113415	1	"1e-05 to 1"	0.00323738660671341	-0.00255774486650329	174	"success"	"pgls5_castespolymorphic"
"OG0002064_00"	-0.0197509008952229	0.118514613150328	0.813298497646456	"1e-05 to 1"	0.0192294961206481	0.0135273420283262	174	"success"	"pgls5_castespolymorphic"
"OG0002065_00"	-0.000991497638813798	0.916427359382124	1e-05	"1e-05 to 1"	6.81791517113119e-05	-0.00574537794624375	174	"success"	"pgls5_castespolymorphic"
"OG0002066_00"	-0.0122325529490787	0.434448084897735	0.51233947825263	"1e-05 to 1"	0.00384683528266681	-0.00194475288429441	174	"success"	"pgls5_castespolymorphic"
"OG0002067_00"	0.00686410643074543	0.538637242332807	0.280604540776184	"1e-05 to 1"	0.00235279952531051	-0.00344747489605401	174	"success"	"pgls5_castespolymorphic"
"OG0002068_00"	-0.0168089108443631	0.185525588068918	1	"1e-05 to 1"	0.0109290717264451	0.00517865935276152	174	"success"	"pgls5_castespolymorphic"
"OG0002069_00"	-0.0141751982193401	0.0847210954800315	0.926962672738315	"1e-05 to 1"	0.0184600501607854	0.012753422545441	174	"success"	"pgls5_castespolymorphic"
"OG0002070_00"	0.00482050410004619	0.596673352307722	1e-05	"1e-05 to 1"	0.00173249778454648	-0.0040713830422876	174	"success"	"pgls5_castespolymorphic"
"OG0002071_00"	-0.007120197579413	0.719130696957517	0.852334203663504	"1e-05 to 1"	0.00081049573181833	-0.00499874557206659	174	"success"	"pgls5_castespolymorphic"
"OG0002072_00"	-0.00774380992667289	0.239291910566622	1e-05	"1e-05 to 1"	0.00859061846565303	0.00282661043347665	174	"success"	"pgls5_castespolymorphic"
"OG0002073_00"	-0.000723653356169464	0.937295645456353	0.995357064223315	"1e-05 to 1"	5.09354112584699e-05	-0.00576272194100169	174	"success"	"pgls5_castespolymorphic"
"OG0002074_00"	-0.0125289460196485	0.278902775038679	0.618988343452353	"1e-05 to 1"	0.00727818702500258	0.00150654857747368	174	"success"	"pgls5_castespolymorphic"
"OG0002075_00"	5.13150090924071e-05	0.996072045937415	1e-05	"1e-05 to 1"	1.51947420515572e-07	-0.00581380065753634	174	"success"	"pgls5_castespolymorphic"
"OG0002076_00"	-0.00225503452751154	0.845872047915759	1	"1e-05 to 1"	0.000233944951041996	-0.00557864839226596	174	"success"	"pgls5_castespolymorphic"
"OG0002077_00"	0.00351680683093773	0.441757096604765	1e-05	"1e-05 to 1"	0.00374984322313646	-0.00204230885114765	174	"success"	"pgls5_castespolymorphic"
"OG0002078_00"	-0.00167682754978822	0.915609760944313	0.898320247729035	"1e-05 to 1"	7.71696068388175e-05	-0.00573633522102845	174	"success"	"pgls5_castespolymorphic"
"OG0002081_00"	-0.0152390658556978	0.191783408037158	0.69022452191389	"1e-05 to 1"	0.0107597942588527	0.00500839771384598	174	"success"	"pgls5_castespolymorphic"
"OG0002082_00"	-0.0180499476070764	0.148154640467189	0.700599028276718	"1e-05 to 1"	0.01294434810983	0.0072056524593056	174	"success"	"pgls5_castespolymorphic"
"OG0002083_00"	0.00306699664270856	0.772392116463173	0.49606864290333	"1e-05 to 1"	0.000521132695432882	-0.00528979095168669	174	"success"	"pgls5_castespolymorphic"
"OG0002084_00"	0.0346119095922391	0.169815111765932	1	"1e-05 to 1"	0.011673139755562	0.00592705335879196	174	"success"	"pgls5_castespolymorphic"
"OG0002085_00"	-0.028867958965839	0.272664779013416	0.942592930599727	"1e-05 to 1"	0.00756294825439953	0.00179296539541351	174	"success"	"pgls5_castespolymorphic"
"OG0002086_00"	0.0140713942003533	0.459814707997644	0.621192149440551	"1e-05 to 1"	0.00553121824158748	-0.000250577001194019	174	"success"	"pgls5_castespolymorphic"
"OG0002087_00"	-0.00282308315919788	0.87659759864416	1	"1e-05 to 1"	0.00015116684461793	-0.00566190776675057	174	"success"	"pgls5_castespolymorphic"
"OG0002088_00"	-0.00260403694190199	0.436963784247655	1	"1e-05 to 1"	0.00375765274237404	-0.00203445392772839	174	"success"	"pgls5_castespolymorphic"
"OG0002090_00"	0.00197583786864302	0.855138467633767	0.839473529250773	"1e-05 to 1"	0.000232239123273828	-0.00558036413763729	174	"success"	"pgls5_castespolymorphic"
"OG0002091_00"	-0.00697761000125428	0.659224268800632	1e-05	"1e-05 to 1"	0.00130867891812065	-0.00449766597189005	174	"success"	"pgls5_castespolymorphic"
"OG0002092_00"	0.00408387104923045	0.318789138396208	1	"1e-05 to 1"	0.00645400670582145	0.000677576512250644	174	"success"	"pgls5_castespolymorphic"
"OG0002095_00"	-7.39999262390907e-05	0.964810924937773	1	"1e-05 to 1"	1.21265573696901e-05	-0.00580175642776193	174	"success"	"pgls5_castespolymorphic"
"OG0002097_00"	-0.0200340520678967	0.129171618208604	0.731896559866036	"1e-05 to 1"	0.0202577026800851	0.0145615265328762	174	"success"	"pgls5_castespolymorphic"
"OG0002098_00"	0.0045100352044492	0.445867883534661	1	"1e-05 to 1"	0.00375430129651821	-0.00203782485873449	174	"success"	"pgls5_castespolymorphic"
"OG0002099_00"	0.00604622824933427	0.430407107068645	1	"1e-05 to 1"	0.00389035012907165	-0.00190098504459657	174	"success"	"pgls5_castespolymorphic"
"OG0002100_00"	-0.00756939843877541	0.515390488676177	0.734395189707757	"1e-05 to 1"	0.00263269796592306	-0.00316594913892621	174	"success"	"pgls5_castespolymorphic"
"OG0002101_00"	0.0163340188609862	0.241345730410598	0.97600409898718	"1e-05 to 1"	0.00851621895721674	0.00275177836975882	174	"success"	"pgls5_castespolymorphic"
"OG0002102_00"	-0.0138827700918322	0.289373892325428	1	"1e-05 to 1"	0.00719281131392921	0.00142067649598698	174	"success"	"pgls5_castespolymorphic"
"OG0002103_00"	0.0231549171010698	0.0657606614776594	0.749143319469044	"1e-05 to 1"	0.0363257848135091	0.0307230277484714	174	"success"	"pgls5_castespolymorphic"
"OG0002104_00"	-0.00999969192948966	0.280490866703047	0.934814647924134	"1e-05 to 1"	0.00727561086419078	0.00150395743898257	174	"success"	"pgls5_castespolymorphic"
"OG0002105_00"	-0.00679001025558285	0.513486546953038	1e-05	"1e-05 to 1"	0.00267324354929405	-0.00312516782541938	174	"success"	"pgls5_castespolymorphic"
"OG0002106_00"	-0.00186499961179321	0.868465119589859	1	"1e-05 to 1"	0.000171935143560848	-0.00564101872188361	174	"success"	"pgls5_castespolymorphic"
"OG0002107_00"	0.011201231371641	0.362838665837849	0.902841630973412	"1e-05 to 1"	0.00511405606229802	-0.00067016454199087	174	"success"	"pgls5_castespolymorphic"
"OG0002108_00"	-0.00494509176808783	0.474045300870081	1	"1e-05 to 1"	0.0031882275106596	-0.00260718977125518	174	"success"	"pgls5_castespolymorphic"
"OG0002109_00"	-0.00357624032703509	0.90986382659967	0.945807456613848	"1e-05 to 1"	8.03510647301107e-05	-0.00573313526628905	174	"success"	"pgls5_castespolymorphic"
"OG0002110_00"	-0.00485920171807602	0.4423591932	1e-05	"1e-05 to 1"	0.00425194835781619	-0.00153728450056856	174	"success"	"pgls5_castespolymorphic"
"OG0002113_00"	-0.00583743331451492	0.518909414536528	1e-05	"1e-05 to 1"	0.00260511519609917	-0.00319369227369082	174	"success"	"pgls5_castespolymorphic"
"OG0002114_00"	0.0093349338772028	0.317882198207172	1e-05	"1e-05 to 1"	0.00867505632844776	0.00291153921407827	174	"success"	"pgls5_castespolymorphic"
"OG0002115_00"	0.0183732973931841	0.000459843020827133	1	"1e-05 to 1"	0.0736083772725577	0.0682223794660028	174	"success"	"pgls5_castespolymorphic"
"OG0002117_00"	-0.00209132197259605	0.422880963724651	1e-05	"1e-05 to 1"	0.00404411038696294	-0.0017463308317176	174	"success"	"pgls5_castespolymorphic"
"OG0002118_00"	0.00870012168205441	0.344956172550097	0.748060016299391	"1e-05 to 1"	0.00583157796981584	5.15290045239869e-05	174	"success"	"pgls5_castespolymorphic"
"OG0002119_00"	-0.00627144999995406	0.41014868047956	1	"1e-05 to 1"	0.00419159748068948	-0.00159798625488805	174	"success"	"pgls5_castespolymorphic"
"OG0002120_00"	0.0212555613518707	0.18718572856596	1e-05	"1e-05 to 1"	0.0129462579598958	0.00720757341315104	174	"success"	"pgls5_castespolymorphic"
"OG0002121_00"	0.0278845748372766	0.00457918077409736	1e-05	"1e-05 to 1"	0.0491487217177311	0.0436205166114388	174	"success"	"pgls5_castespolymorphic"
"OG0002122_00"	0.00316005671649787	0.767263489668423	1e-05	"1e-05 to 1"	0.000545581128648352	-0.00526520037641776	174	"success"	"pgls5_castespolymorphic"
"OG0002124_00"	0.0077463524471383	0.279936757998268	1e-05	"1e-05 to 1"	0.00948439686067653	0.0037255852145176	174	"success"	"pgls5_castespolymorphic"
"OG0002125_00"	0.0100082591226679	0.0639298100505568	1	"1e-05 to 1"	0.0210286725727063	0.0153369788085941	174	"success"	"pgls5_castespolymorphic"
"OG0002126_00"	-0.000831620496553992	0.852701163134108	1	"1e-05 to 1"	0.000217479870237736	-0.005595209200284	174	"success"	"pgls5_castespolymorphic"
"OG0002127_00"	-0.000203719641615899	0.89145439813061	1	"1e-05 to 1"	0.000179908777312918	-0.00563299872979584	174	"success"	"pgls5_castespolymorphic"
"OG0002128_00"	-0.0089266137930098	0.269538801908622	1	"1e-05 to 1"	0.0075667675058399	0.00179680685180417	174	"success"	"pgls5_castespolymorphic"
"OG0002129_00"	0.00831315262085636	0.617357313620492	1	"1e-05 to 1"	0.00157351168493847	-0.00423129347968398	174	"success"	"pgls5_castespolymorphic"
"OG0002130_00"	-0.00367806539796284	0.42664625397472	1e-05	"1e-05 to 1"	0.00427511412461556	-0.00151398404907854	174	"success"	"pgls5_castespolymorphic"
"OG0002131_00"	0.00249121713562387	0.805907621768036	1	"1e-05 to 1"	0.000378439569933107	-0.00543331368838129	174	"success"	"pgls5_castespolymorphic"
"OG0002132_00"	0.0185236904963506	0.0553332924789691	1	"1e-05 to 1"	0.0224801543361804	0.0167968994195302	174	"success"	"pgls5_castespolymorphic"
"OG0002133_00"	0.0144802894250003	0.181602909369261	1	"1e-05 to 1"	0.0109883705728623	0.0052383029599139	174	"success"	"pgls5_castespolymorphic"
"OG0002134_00"	-0.0221356592241064	0.0932691720787076	1	"1e-05 to 1"	0.0178389448620299	0.0121287061693673	174	"success"	"pgls5_castespolymorphic"
"OG0002135_00"	-0.00570894957167539	0.738308853142509	0.950485881943575	"1e-05 to 1"	0.000717543102382398	-0.00509223862376662	174	"success"	"pgls5_castespolymorphic"
"OG0002136_00"	-0.00194029887697135	0.933841735353204	0.480506701954437	"1e-05 to 1"	4.90450836198474e-05	-0.00576462325891725	174	"success"	"pgls5_castespolymorphic"
"OG0002137_00"	-0.00910494245150856	0.616864408454367	1	"1e-05 to 1"	0.0016617261444866	-0.00414256614537112	174	"success"	"pgls5_castespolymorphic"
"OG0002138_00"	-0.00541495334093679	0.774255028181345	0.720499408303611	"1e-05 to 1"	0.000518866201583226	-0.00529207062282611	174	"success"	"pgls5_castespolymorphic"
"OG0002139_00"	-0.00303670846235276	0.515715216122453	0.976923474762742	"0.1 to 1"	0.00261238001246871	-0.00318638522001691	174	"success"	"pgls5_castespolymorphic"
"OG0002140_01"	-0.000862185493437626	0.877446262945922	1	"1e-05 to 1"	0.000291729825861861	-0.00552052755887145	174	"success"	"pgls5_castespolymorphic"
"OG0002141_00"	-0.00336019938634012	0.83017057482848	1	"1e-05 to 1"	0.000284805563159989	-0.00552749207891456	174	"success"	"pgls5_castespolymorphic"
"OG0002142_00"	0.00282749536603057	0.505688633252233	1e-05	"1e-05 to 1"	0.0028085904394211	-0.00298903403476825	174	"success"	"pgls5_castespolymorphic"
"OG0002143_00"	-0.00124519718062908	0.858423103596837	0.787461151971369	"1e-05 to 1"	0.000200736466910791	-0.00561204994897935	174	"success"	"pgls5_castespolymorphic"
"OG0002144_00"	-0.0103914422489177	0.384809995326174	1	"1e-05 to 1"	0.00466570377535838	-0.00112112352827332	174	"success"	"pgls5_castespolymorphic"
"OG0002145_00"	-0.00188338163590728	0.837935252497836	0.740138017989701	"1e-05 to 1"	0.000259003376672819	-0.00555344427811399	174	"success"	"pgls5_castespolymorphic"
"OG0002146_00"	-0.000215072878270034	0.981391351611946	1	"1e-05 to 1"	3.36862720396101e-06	-0.00581056527612622	174	"success"	"pgls5_castespolymorphic"
"OG0002147_00"	0.0109180622574848	0.5250367741041	0.971572337472633	"1e-05 to 1"	0.00254556117627897	-0.00325359253781232	174	"success"	"pgls5_castespolymorphic"
"OG0002148_00"	0.0158882457312225	0.366097454808455	1	"1e-05 to 1"	0.00698713682104243	0.00121380622116485	174	"success"	"pgls5_castespolymorphic"
"OG0002149_00"	-0.0105849589878071	0.357443889099219	1e-05	"1e-05 to 1"	0.00522992107846852	-0.00055362589200536	174	"success"	"pgls5_castespolymorphic"
"OG0002150_00"	-0.00587042632519847	0.434341135067112	0.683635433295178	"1e-05 to 1"	0.00410725312280525	-0.00168282098694594	174	"success"	"pgls5_castespolymorphic"
"OG0002151_00"	0.0174448592315919	0.204344842409151	1	"1e-05 to 1"	0.0102413389466794	0.00448692812660201	174	"success"	"pgls5_castespolymorphic"
"OG0002152_00"	-0.00513807333532747	0.57587449082995	1	"1e-05 to 1"	0.00277789756533147	-0.00301990535580021	174	"success"	"pgls5_castespolymorphic"
"OG0002153_00"	-0.00270172131614049	0.7204908007118	1	"1e-05 to 1"	0.00080232547562643	-0.00500696332974782	174	"success"	"pgls5_castespolymorphic"
"OG0002154_00"	0.00244032820137154	0.806807794297291	1	"1e-05 to 1"	0.000522154303017455	-0.00528876340452311	174	"success"	"pgls5_castespolymorphic"
"OG0002155_00"	-0.0195281073033377	0.10547034702413	1	"1e-05 to 1"	0.0162970250851623	0.0105778217426342	174	"success"	"pgls5_castespolymorphic"
"OG0002156_00"	-0.00517420941012361	0.439874873030119	1	"1e-05 to 1"	0.00375699540156222	-0.00203511509028909	174	"success"	"pgls5_castespolymorphic"
"OG0002157_00"	0.0150046981047383	0.111483825334331	0.903120906776721	"1e-05 to 1"	0.0156582788863788	0.00993536190316002	174	"success"	"pgls5_castespolymorphic"
"OG0002158_00"	0.00174580621843168	0.838753168668606	0.950336699529908	"1e-05 to 1"	0.00025635971701881	-0.00555610330788237	174	"success"	"pgls5_castespolymorphic"
"OG0002159_00"	0.00704076200101228	0.481940057492285	0.907306941358424	"1e-05 to 1"	0.00309530769000025	-0.00270064982342988	174	"success"	"pgls5_castespolymorphic"
"OG0002160_00"	0.00505449832948521	0.681433363643912	1	"1e-05 to 1"	0.00122481737550708	-0.00458201508161205	174	"success"	"pgls5_castespolymorphic"
"OG0002161_00"	-0.00456716181796157	0.246492739701915	1e-05	"1e-05 to 1"	0.00854515444222031	0.00278088208432614	174	"success"	"pgls5_castespolymorphic"
"OG0002162_00"	0.00955720301203119	0.339905153082495	1e-05	"1e-05 to 1"	0.00572978753640609	-5.08532337311074e-05	174	"success"	"pgls5_castespolymorphic"
"OG0002163_00"	-0.0108984966440428	0.298343299685605	0.907536486307794	"1e-05 to 1"	0.00671614670414218	0.000941240580329072	174	"success"	"pgls5_castespolymorphic"
"OG0002164_00"	-0.00167070579701635	0.516019850853186	1e-05	"1e-05 to 1"	0.0028950325774926	-0.00290208932612668	174	"success"	"pgls5_castespolymorphic"
"OG0002165_00"	-0.0249159248564084	0.218415409104157	0.606398356749367	"1e-05 to 1"	0.00957130053659984	0.00381299414437064	174	"success"	"pgls5_castespolymorphic"
"OG0002167_00"	0.0163759801649196	0.4341493419602	1	"1e-05 to 1"	0.00382772760287582	-0.00196397165524687	174	"success"	"pgls5_castespolymorphic"
"OG0002168_00"	-0.00687497103065059	0.212223439342976	1e-05	"1e-05 to 1"	0.0096489849980224	0.00389113025963883	174	"success"	"pgls5_castespolymorphic"
"OG0002169_00"	0.0245845208717499	0.0602424706680749	1e-05	"1e-05 to 1"	0.0220291816476073	0.0163433047967213	174	"success"	"pgls5_castespolymorphic"
"OG0002170_00"	-0.0411905606776563	0.00110773434734956	0.859470886255916	"1e-05 to 1"	0.0649139054131733	0.0594773583516219	174	"success"	"pgls5_castespolymorphic"
"OG0002171_00"	0.0091067377909572	0.473288558152761	1	"1e-05 to 1"	0.00323944086875312	-0.00255567866107964	174	"success"	"pgls5_castespolymorphic"
"OG0002172_00"	-0.0142481235696056	0.299263418307225	0.753547356123055	"1e-05 to 1"	0.0066494138247285	0.000874119719058375	174	"success"	"pgls5_castespolymorphic"
"OG0002173_00"	-0.00617713015141186	0.614772318802535	0.950205909316755	"1e-05 to 1"	0.00193897397463623	-0.00386370640923217	174	"success"	"pgls5_castespolymorphic"
"OG0002174_00"	0.00600394689228534	0.626739580429168	0.862909953668645	"1e-05 to 1"	0.00148170293383	-0.00432363600260133	174	"success"	"pgls5_castespolymorphic"
"OG0002175_00"	0.00202108113113764	0.828415043708033	1	"1e-05 to 1"	0.000296320292506512	-0.00551591040346744	174	"success"	"pgls5_castespolymorphic"
"OG0002176_00"	0.00300281497059097	0.635969391436874	0.677387404197845	"1e-05 to 1"	0.00139498391980399	-0.0044108591969414	174	"success"	"pgls5_castespolymorphic"
"OG0002177_00"	0.00550941622090385	0.416682330551359	1e-05	"1e-05 to 1"	0.00412719287752504	-0.00166276530341958	174	"success"	"pgls5_castespolymorphic"
"OG0002178_00"	0.0164643534056571	0.0489729462952861	0.493618935189695	"1e-05 to 1"	0.0240094976298477	0.0183351342439747	174	"success"	"pgls5_castespolymorphic"
"OG0002179_00"	-0.00562381266841791	0.390725136500266	1	"1e-05 to 1"	0.00460803145990411	-0.00117913114788726	174	"success"	"pgls5_castespolymorphic"
"OG0002180_00"	0.00400022851105851	0.813873522419745	1	"1e-05 to 1"	0.00034745000936595	-0.00546448342081196	174	"success"	"pgls5_castespolymorphic"
"OG0002181_00"	-0.000760157358909518	0.921713589492656	1e-05	"1e-05 to 1"	6.05499667919485e-05	-0.00575305148688954	174	"success"	"pgls5_castespolymorphic"
"OG0002182_00"	0.0127038297412135	0.193743900771048	1e-05	"1e-05 to 1"	0.01247835364733	0.00673694872667496	174	"success"	"pgls5_castespolymorphic"
"OG0002183_00"	0.00736542127089024	0.69990727646101	1	"1e-05 to 1"	0.000931024462960784	-0.00487751609248699	174	"success"	"pgls5_castespolymorphic"
"OG0002184_00"	-0.00124453680360871	0.864987466413845	1	"1e-05 to 1"	0.000181235351967305	-0.00563166444249785	174	"success"	"pgls5_castespolymorphic"
"OG0002186_00"	-0.00637567493260504	0.532375007518786	0.953853965440717	"1e-05 to 1"	0.00241104585241262	-0.00338888992751518	174	"success"	"pgls5_castespolymorphic"
"OG0002187_00"	0.0183715146626264	0.00466263920330645	1e-05	"1e-05 to 1"	0.048656246581805	0.0431251782479782	174	"success"	"pgls5_castespolymorphic"
"OG0002188_00"	0.00331279971304892	0.6703183968046	1e-05	"1e-05 to 1"	0.00114274692269798	-0.00466456268821669	174	"success"	"pgls5_castespolymorphic"
"OG0002189_00"	-0.005326726214752	0.749810596975973	0.799087443843502	"1e-05 to 1"	0.000641369919037392	-0.0051688546744566	174	"success"	"pgls5_castespolymorphic"
"OG0002190_00"	0.012285153438185	0.414274120673001	1e-05	"1e-05 to 1"	0.00416994722060549	-0.0016197623885772	174	"success"	"pgls5_castespolymorphic"
"OG0002191_00"	0.0239348586579707	0.171973735025966	1	"1e-05 to 1"	0.0114854759913121	0.00573829852614527	174	"success"	"pgls5_castespolymorphic"
"OG0002193_00"	-0.0011857103986619	0.909302891566181	0.824257159084504	"1e-05 to 1"	8.08516856216725e-05	-0.00573263173481076	174	"success"	"pgls5_castespolymorphic"
"OG0002194_00"	0.077098298829327	0.0047585815747504	1e-05	"1e-05 to 1"	0.0769635253636041	0.0715970342319971	174	"success"	"pgls5_castespolymorphic"
"OG0002195_00"	-0.018580627746054	0.174307332842362	1	"1e-05 to 1"	0.0113621323400281	0.00561423776060976	174	"success"	"pgls5_castespolymorphic"
"OG0002196_00"	0.00588028953888452	0.361743968150436	1	"1e-05 to 1"	0.00523435669193659	-0.000549164490087017	174	"success"	"pgls5_castespolymorphic"
"OG0002197_00"	0.00275345178523508	0.674861884877571	1	"1e-05 to 1"	0.00120041465994234	-0.00460655967343016	174	"success"	"pgls5_castespolymorphic"
"OG0002198_00"	0.00581679138138753	0.579117648147095	0.5733904098139	"1e-05 to 1"	0.00198935513773258	-0.00381303233239683	174	"success"	"pgls5_castespolymorphic"
"OG0002199_00"	-0.0175829898103793	0.0473788207801908	0.748569875735136	"1e-05 to 1"	0.0240517973828836	0.0183776799258073	174	"success"	"pgls5_castespolymorphic"
"OG0002200_00"	-0.00209033528735088	0.80100137848393	0.68493052129507	"1e-05 to 1"	0.000405857224574183	-0.00540573662877142	174	"success"	"pgls5_castespolymorphic"
"OG0002201_00"	0.0138612202288167	0.502779677465342	1e-05	"1e-05 to 1"	0.00279398184068677	-0.00300372756721634	174	"success"	"pgls5_castespolymorphic"
"OG0002202_00"	-0.00994962631926609	0.209512862919194	1	"1e-05 to 1"	0.010273267852996	0.00451904266609482	174	"success"	"pgls5_castespolymorphic"
"OG0002203_00"	0.00738219509806206	0.379396825434096	0.674006334061439	"1e-05 to 1"	0.00483249050107609	-0.00095336711228966	174	"success"	"pgls5_castespolymorphic"
"OG0002204_00"	-0.00328916351930254	0.736156530364474	0.935430353881276	"1e-05 to 1"	0.000729849035143533	-0.00507986114488479	174	"success"	"pgls5_castespolymorphic"
"OG0002205_00"	0.0069784515218259	0.282793730737703	1e-05	"1e-05 to 1"	0.00711762689251428	0.00134505495584281	174	"success"	"pgls5_castespolymorphic"
"OG0002206_00"	-0.0107758842554334	0.350120893659733	0.76497482920979	"1e-05 to 1"	0.00545848625218909	-0.000323731850995879	174	"success"	"pgls5_castespolymorphic"
"OG0002207_00"	0.0267142753735459	0.117324088691938	0.97342646652491	"1e-05 to 1"	0.0152595676732235	0.00953433260155612	174	"success"	"pgls5_castespolymorphic"
"OG0002208_00"	0.0145620326380789	0.158480817636875	1	"1e-05 to 1"	0.0123138753979535	0.00657151420840674	174	"success"	"pgls5_castespolymorphic"
"OG0002209_00"	0.015961811244246	0.320310863660737	1e-05	"1e-05 to 1"	0.0061348141655612	0.000356528201407524	174	"success"	"pgls5_castespolymorphic"
"OG0002210_00"	-0.00890260684055411	0.471884818032089	1	"1e-05 to 1"	0.00321945453015694	-0.002575781199319	174	"success"	"pgls5_castespolymorphic"
"OG0002211_00"	0.0239235131733021	0.213125386413105	0.923989333438025	"1e-05 to 1"	0.00961118858539728	0.00385311410042855	174	"success"	"pgls5_castespolymorphic"
"OG0002212_00"	0.00745876921358578	0.365679695994896	1	"1e-05 to 1"	0.00511719451058257	-0.000667007846913981	174	"success"	"pgls5_castespolymorphic"
"OG0002213_00"	-0.00181826567493585	0.505611265794816	1	"1e-05 to 1"	0.00280961039817979	-0.00298800814601696	174	"success"	"pgls5_castespolymorphic"
"OG0002214_00"	-0.0080671374245596	0.332677107458229	0.585332663523492	"1e-05 to 1"	0.00621609422529112	0.00043828081962427	174	"success"	"pgls5_castespolymorphic"
"OG0002215_00"	0.00347274561922768	0.407754971519591	1e-05	"1e-05 to 1"	0.00445475529026466	-0.00133329845804786	174	"success"	"pgls5_castespolymorphic"
"OG0002216_00"	0.0136003423487568	0.170978132264415	0.952004587052141	"1e-05 to 1"	0.0116825162772395	0.00593648439513061	174	"success"	"pgls5_castespolymorphic"
"OG0002217_00"	-0.00470251512040923	0.724333798130807	1e-05	"1e-05 to 1"	0.000784407756345081	-0.00502498522181583	174	"success"	"pgls5_castespolymorphic"
"OG0002218_00"	-0.00854966014310811	0.204203092463706	1e-05	"1e-05 to 1"	0.0101190739700569	0.00436395230709208	174	"success"	"pgls5_castespolymorphic"
"OG0002219_00"	0.0148483797632899	0.532422260185839	0.962051328037118	"1e-05 to 1"	0.00247163316691945	-0.00332795036117983	174	"success"	"pgls5_castespolymorphic"
"OG0002220_00"	-0.00823072524384371	0.0595494436496171	1	"1e-05 to 1"	0.0218746548879042	0.0161878796256246	174	"success"	"pgls5_castespolymorphic"
"OG0002221_00"	-0.00118806673463365	0.849766658451572	1	"1e-05 to 1"	0.000224917046987092	-0.00558772878413505	174	"success"	"pgls5_castespolymorphic"
"OG0002222_00"	-0.0106248341015135	0.321532167392637	0.803872456950058	"1e-05 to 1"	0.00610402059573072	0.000325555599194227	174	"success"	"pgls5_castespolymorphic"
"OG0002223_00"	0.00338202181833886	0.826593835801045	0.698856955686607	"1e-05 to 1"	0.000370527851892793	-0.00544127140478223	174	"success"	"pgls5_castespolymorphic"
"OG0002225_00"	0.00741894398802882	0.430724660505544	0.96630202065079	"1e-05 to 1"	0.00386084575392682	-0.00193066095680616	174	"success"	"pgls5_castespolymorphic"
"OG0002226_00"	-0.0222178730459686	0.0947988309117822	0.97750326082173	"1e-05 to 1"	0.0172385340290095	0.0115248045756898	174	"success"	"pgls5_castespolymorphic"
"OG0002227_00"	0.0374773451280926	0.000172941822887962	1	"1e-05 to 1"	0.085139804710226	0.0798208500864482	174	"success"	"pgls5_castespolymorphic"
"OG0002228_00"	-0.0215778952630986	0.196201407904583	1e-05	"1e-05 to 1"	0.0103535923052091	0.00459983412093723	174	"success"	"pgls5_castespolymorphic"
"OG0002229_00"	-0.0124731455097284	0.302154428113099	1e-05	"1e-05 to 1"	0.00669455237366672	0.00091952070142054	174	"success"	"pgls5_castespolymorphic"
"OG0002230_00"	0.013050154197936	0.281517045510077	0.908047281387406	"1e-05 to 1"	0.00733640750198826	0.00156510754560446	174	"success"	"pgls5_castespolymorphic"
"OG0002231_00"	-0.00497587997713963	0.338380416831106	0.45485991959004	"1e-05 to 1"	0.00580247633009467	2.22581692231882e-05	174	"success"	"pgls5_castespolymorphic"
"OG0002232_00"	-0.00666910805269898	0.444027542976334	1	"1e-05 to 1"	0.0036893838691275	-0.00210311971302857	174	"success"	"pgls5_castespolymorphic"
"OG0002233_00"	0.00490362847360587	0.769884690655519	1	"1e-05 to 1"	0.000533009770270784	-0.005277844824088	174	"success"	"pgls5_castespolymorphic"
"OG0002234_00"	-0.000518705478839664	0.912675347703785	1	"1e-05 to 1"	9.50645565165731e-05	-0.00571833623094564	174	"success"	"pgls5_castespolymorphic"
"OG0002235_00"	0.00495904155643928	0.715067722080204	0.978044324026135	"0.001 to 1"	0.00102855705798133	-0.00477941644749569	174	"success"	"pgls5_castespolymorphic"
"OG0002236_00"	0.00408583119616462	0.583277879084483	1	"1e-05 to 1"	0.00187340634829166	-0.00392965524270661	174	"success"	"pgls5_castespolymorphic"
"OG0002237_00"	0.00641335037531281	0.429895720357113	0.619229267950902	"1e-05 to 1"	0.00385078067488887	-0.00194078455374558	174	"success"	"pgls5_castespolymorphic"
"OG0002238_00"	0.000902981392582367	0.894264926675804	1e-05	"1e-05 to 1"	0.000110055364250762	-0.00570325826735241	174	"success"	"pgls5_castespolymorphic"
"OG0002239_00"	0.00169219671584918	0.894945377299121	0.840834008237669	"1e-05 to 1"	0.00010931631150186	-0.00570400161691964	174	"success"	"pgls5_castespolymorphic"
"OG0002240_00"	-0.00313697476897486	0.558620025021751	1e-05	"1e-05 to 1"	0.0021425123443841	-0.00365898467686931	174	"success"	"pgls5_castespolymorphic"
"OG0002241_00"	0.00897080509221395	0.420156079399237	1	"1e-05 to 1"	0.00406616044229524	-0.00172415257838909	174	"success"	"pgls5_castespolymorphic"
"OG0002242_00"	0.00609490616167332	0.483580680554662	1	"1e-05 to 1"	0.00309158133021431	-0.00270439784809828	174	"success"	"pgls5_castespolymorphic"
"OG0002243_00"	-0.00131348671643502	0.7293527942511	1e-05	"1e-05 to 1"	0.000745554428443428	-0.00506406444115881	174	"success"	"pgls5_castespolymorphic"
"OG0002244_00"	0.00318719637802059	0.456952843726558	1e-05	"1e-05 to 1"	0.00342042211441277	-0.0023736451988754	174	"success"	"pgls5_castespolymorphic"
"OG0002245_00"	-0.00292981459844071	0.46931113471175	0.77847980273875	"1e-05 to 1"	0.00327734142442758	-0.0025175577533374	174	"success"	"pgls5_castespolymorphic"
"OG0002246_00"	0.00230628580929198	0.792129889244441	1	"1e-05 to 1"	0.000432654478029591	-0.00537878357733068	174	"success"	"pgls5_castespolymorphic"
"OG0002247_00"	0.0118478572118977	0.426506975293047	1	"1e-05 to 1"	0.00458806920577238	-0.00119920946163599	174	"success"	"pgls5_castespolymorphic"
"OG0002248_00"	0.00464812180668042	0.460545182039264	1	"1e-05 to 1"	0.00384112224286776	-0.00195049913944101	174	"success"	"pgls5_castespolymorphic"
"OG0002249_00"	0.0463602431336382	0.124049220416466	0.920135345173741	"1e-05 to 1"	0.0150965558780148	0.0093703730633522	174	"success"	"pgls5_castespolymorphic"
"OG0002250_00"	-0.00306454641928594	0.540091489184695	1	"1e-05 to 1"	0.00244240648746437	-0.00335734696318979	174	"success"	"pgls5_castespolymorphic"
"OG0002251_00"	0.00838602984630878	0.290842411575537	1	"1e-05 to 1"	0.00688461513638898	0.00111068848020524	174	"success"	"pgls5_castespolymorphic"
"OG0002252_00"	0.00450530254164718	0.701292326174237	0.712327560753737	"1e-05 to 1"	0.000922021124555789	-0.00488657177588281	174	"success"	"pgls5_castespolymorphic"
"OG0002253_00"	-0.00280146108251938	0.850815179270164	1	"1e-05 to 1"	0.000238175593829427	-0.00557439315271813	174	"success"	"pgls5_castespolymorphic"
"OG0002254_00"	-0.00962042567000648	0.585659407728139	0.939973999919301	"0.001 to 1"	0.00184982955858508	-0.00395336910677213	174	"success"	"pgls5_castespolymorphic"
"OG0002255_00"	0.0203730487643849	0.181521933674367	0.582931578599855	"1e-05 to 1"	0.0111993098654038	0.00545046864369092	174	"success"	"pgls5_castespolymorphic"
"OG0002256_00"	0.00565023762313481	0.590381832555197	0.662014039438196	"1e-05 to 1"	0.00192337455830727	-0.00387939651984204	174	"success"	"pgls5_castespolymorphic"
"OG0002257_00"	0.0022483385221643	0.8135270830897	0.405829158126854	"1e-05 to 1"	0.000353196668866087	-0.00545870335050092	174	"success"	"pgls5_castespolymorphic"
"OG0002258_00"	0.0182571928332712	0.0976984559116889	0.366503871167071	"1e-05 to 1"	0.0168392272714242	0.0111231762671883	174	"success"	"pgls5_castespolymorphic"
"OG0002259_00"	0.00430790663738577	0.682841102303037	0.296144476208268	"1e-05 to 1"	0.00103961088643378	-0.00476829835259873	174	"success"	"pgls5_castespolymorphic"
"OG0002261_00"	0.0094242240797334	0.608850918724253	1e-05	"1e-05 to 1"	0.00163013547741881	-0.0041743404791077	174	"success"	"pgls5_castespolymorphic"
"OG0002262_00"	-0.010982816897039	0.2731558257938	0.732362784960414	"1e-05 to 1"	0.00845045031849144	0.00268562735522693	174	"success"	"pgls5_castespolymorphic"
"OG0002263_00"	-0.00243525362097758	0.76344502866042	1e-05	"1e-05 to 1"	0.000567716141112225	-0.0052429366720208	174	"success"	"pgls5_castespolymorphic"
"OG0002264_00"	-0.0104203972673309	0.299085711733996	1e-05	"1e-05 to 1"	0.00686615247659561	0.00109211847936652	174	"success"	"pgls5_castespolymorphic"
"OG0002265_00"	-0.00232966222133036	0.766880427943849	1	"1e-05 to 1"	0.000658110248179282	-0.00515201701781964	174	"success"	"pgls5_castespolymorphic"
"OG0002266_00"	-0.0105394301247107	0.283878673620513	1	"1e-05 to 1"	0.00726503040814678	0.00149331546865916	174	"success"	"pgls5_castespolymorphic"
"OG0002267_00"	-0.0216313697504522	0.0431295367032589	0.721909506998793	"1e-05 to 1"	0.0251625625441889	0.019494903024097	174	"success"	"pgls5_castespolymorphic"
"OG0002268_00"	-0.00073696202894603	0.53295238758248	1e-05	"1e-05 to 1"	0.00243437975265059	-0.0033654203650666	174	"success"	"pgls5_castespolymorphic"
"OG0002269_00"	-0.0291595345753553	0.0119104512919983	1	"1e-05 to 1"	0.0384014709292111	0.0328107818067065	174	"success"	"pgls5_castespolymorphic"
"OG0002270_00"	0.0337812280288117	0.0959686040475101	0.960301294522321	"1e-05 to 1"	0.0172246443590228	0.0115108341518078	174	"success"	"pgls5_castespolymorphic"
"OG0002271_00"	0.00883389915091412	0.10405592004328	1e-05	"1e-05 to 1"	0.0162274419062046	0.0105078340103105	174	"success"	"pgls5_castespolymorphic"
"OG0002274_00"	-0.00448006361526859	0.539474172065469	0.894420318598684	"1e-05 to 1"	0.0023286353615898	-0.00347177954909861	174	"success"	"pgls5_castespolymorphic"
"OG0002275_00"	0.0220109246945785	0.0213412799407957	1	"1e-05 to 1"	0.0326745388194653	0.0270505535800436	174	"success"	"pgls5_castespolymorphic"
"OG0002276_00"	-0.00200089832239746	0.403296624739052	1e-05	"1e-05 to 1"	0.00439705917956863	-0.0013913300112478	174	"success"	"pgls5_castespolymorphic"
"OG0002277_00"	0.0250167944789915	0.00252266996785599	1e-05	"1e-05 to 1"	0.055938534498595	0.0504498050480054	174	"success"	"pgls5_castespolymorphic"
"OG0002278_00"	0.0128190438578481	0.513410336495773	1	"1e-05 to 1"	0.00267420990729776	-0.0031241958490551	174	"success"	"pgls5_castespolymorphic"
"OG0002279_00"	0.00224765471136891	0.794224530586897	0.855452070313584	"1e-05 to 1"	0.000426437721901111	-0.00538503647739019	174	"success"	"pgls5_castespolymorphic"
"OG0002281_00"	0.000401132500274312	0.966091901808545	0.89880883399794	"1e-05 to 1"	1.62071093455957e-05	-0.00579765215164652	174	"success"	"pgls5_castespolymorphic"
"OG0002282_00"	0.0289987634243514	0.0638728162840996	1e-05	"1e-05 to 1"	0.0219801904177688	0.0162940287341512	174	"success"	"pgls5_castespolymorphic"
"OG0002283_00"	0.0098439596841821	0.338258415737502	0.331784839785605	"1e-05 to 1"	0.00573281452551945	-4.78086458437499e-05	174	"success"	"pgls5_castespolymorphic"
"OG0002284_00"	0.0359360282291445	0.0401730854819067	0.491025072396688	"1e-05 to 1"	0.0270572187050289	0.0214005746277327	174	"success"	"pgls5_castespolymorphic"
"OG0002285_00"	0.014250231101952	0.354931916036265	1	"1e-05 to 1"	0.00684982208901471	0.00107569314767186	174	"success"	"pgls5_castespolymorphic"
"OG0002286_00"	0.0307914085312839	0.0013594226795699	1e-05	"1e-05 to 1"	0.0714003899122283	0.0660015549698575	174	"success"	"pgls5_castespolymorphic"
"OG0002287_00"	-0.00790670081888312	0.480012447297321	1e-05	"1e-05 to 1"	0.00316217768215817	-0.00263339105224802	174	"success"	"pgls5_castespolymorphic"
"OG0002288_00"	0.00652864053155501	0.179101181568881	1e-05	"1e-05 to 1"	0.0119220538651237	0.00617741464340926	174	"success"	"pgls5_castespolymorphic"
"OG0002289_00"	-0.0191781038082858	0.0918938463233703	0.809625672108668	"1e-05 to 1"	0.0222069257001872	0.0165220822449558	174	"success"	"pgls5_castespolymorphic"
"OG0002291_00"	0.00564419478993145	0.758380328631206	1	"1e-05 to 1"	0.000636984740858879	-0.00517326534785711	174	"success"	"pgls5_castespolymorphic"
"OG0002292_00"	0.00645030094296797	0.651436749774658	1e-05	"1e-05 to 1"	0.00127079611852473	-0.00453576902032093	174	"success"	"pgls5_castespolymorphic"
"OG0002293_00"	-0.000899367214988257	0.757424034334671	1	"1e-05 to 1"	0.000659970021898723	-0.00515014643146228	174	"success"	"pgls5_castespolymorphic"
"OG0002294_00"	0.00516687101144875	0.636761381346254	1	"1e-05 to 1"	0.00150056639249518	-0.00430466287266462	174	"success"	"pgls5_castespolymorphic"
"OG0002295_00"	-0.000626443303787652	0.901124704391332	0.952760948548128	"1e-05 to 1"	0.000101880387473982	-0.00571148077306405	174	"success"	"pgls5_castespolymorphic"
"OG0002297_00"	-0.00550425869349779	0.400964600755179	1	"1e-05 to 1"	0.00438554130778803	-0.00140291484739929	174	"success"	"pgls5_castespolymorphic"
"OG0002298_00"	-0.0119490694741237	0.137876988493453	0.381000234873038	"1e-05 to 1"	0.0137075411826098	0.0079732827011133	174	"success"	"pgls5_castespolymorphic"
"OG0002299_00"	-0.00237173615961386	0.709681634171981	1e-05	"1e-05 to 1"	0.00113073937254178	-0.00467664004971069	174	"success"	"pgls5_castespolymorphic"
"OG0002300_00"	0.0137094155140849	0.408906432314489	0.773117817483302	"1e-05 to 1"	0.00434817888907637	-0.0014404944894757	174	"success"	"pgls5_castespolymorphic"
"OG0002301_00"	0.00353632026630104	0.647856119351995	1	"1e-05 to 1"	0.00141332204556777	-0.00439241445416716	174	"success"	"pgls5_castespolymorphic"
"OG0002303_00"	0.00215171517575253	0.711572491952391	1	"1e-05 to 1"	0.000867627531496922	-0.00494128161076168	174	"success"	"pgls5_castespolymorphic"
"OG0002304_00"	-0.0193429177871802	0.336347258333159	0.958060842375157	"1e-05 to 1"	0.00577821741487016	-2.14178620616678e-06	174	"success"	"pgls5_castespolymorphic"
"OG0002305_00"	0.00172707116564867	0.101370068994374	1e-05	"1e-05 to 1"	0.0164808263960925	0.0107626916658372	174	"success"	"pgls5_castespolymorphic"
"OG0002306_00"	0.00181236864738732	0.858155702505145	1e-05	"1e-05 to 1"	0.000197760821556696	-0.00561504289459713	174	"success"	"pgls5_castespolymorphic"
"OG0002307_00"	0.0394967832505407	0.0697047501063297	1	"1e-05 to 1"	0.0202893247437647	0.0145933324457633	174	"success"	"pgls5_castespolymorphic"
"OG0002308_00"	0.0566554221245741	0.115640303228615	0.964307752843913	"1e-05 to 1"	0.0195307412514888	0.0138303385843462	174	"success"	"pgls5_castespolymorphic"
"OG0002309_00"	0.00552320148579857	0.467007875013356	1e-05	"1e-05 to 1"	0.00329079643049232	-0.00250402452049325	174	"success"	"pgls5_castespolymorphic"
"OG0002310_00"	0.00605512130497402	0.0343040962433738	1e-05	"1e-05 to 1"	0.0275233498183498	0.0218694158056658	174	"success"	"pgls5_castespolymorphic"
"OG0002311_00"	-0.0135922810431519	0.107955064753655	1e-05	"1e-05 to 1"	0.0158719585380616	0.0101502838783991	174	"success"	"pgls5_castespolymorphic"
"OG0002312_00"	0.00245493749634572	0.866512236960202	1	"1e-05 to 1"	0.000184049504220461	-0.00562883392889457	174	"success"	"pgls5_castespolymorphic"
"OG0002313_00"	-0.0103887665559712	0.367801333792886	1	"1e-05 to 1"	0.00751642977571837	0.00174617646046094	174	"success"	"pgls5_castespolymorphic"
"OG0002314_00"	0.00404370533723098	0.746949300014666	0.832007062184479	"1e-05 to 1"	0.000648461875850709	-0.00516172148533633	174	"success"	"pgls5_castespolymorphic"
"OG0002315_00"	0.00480550842294772	0.661096072195867	1	"1e-05 to 1"	0.00119675309766291	-0.00461024252386233	174	"success"	"pgls5_castespolymorphic"
"OG0002316_00"	0.00970413209465328	0.283913713838094	0.911726474860788	"1e-05 to 1"	0.00708470549595824	0.00131194215581831	174	"success"	"pgls5_castespolymorphic"
"OG0002317_00"	0.0169663064717746	0.00923819087850597	0.399667051887167	"1e-05 to 1"	0.0410891537419766	0.0355140906823368	174	"success"	"pgls5_castespolymorphic"
"OG0002318_00"	-0.00191056448659014	0.771294463018165	1e-05	"1e-05 to 1"	0.000623388577161787	-0.00518694055901747	174	"success"	"pgls5_castespolymorphic"
"OG0002319_00"	0.010114336877956	0.564083952027859	0.614816805246235	"1e-05 to 1"	0.00205782063609359	-0.0037441687788129	174	"success"	"pgls5_castespolymorphic"
"OG0002320_00"	0.0007000300303094	0.923354045561548	1	"1e-05 to 1"	5.80312708176044e-05	-0.005755584826445	174	"success"	"pgls5_castespolymorphic"
"OG0002321_00"	0.00289494250046912	0.782565162803913	1	"1e-05 to 1"	0.000474425334227134	-0.00533676986731813	174	"success"	"pgls5_castespolymorphic"
"OG0002322_00"	0.00468241375039519	0.690925965632156	1	"1e-05 to 1"	0.000990631045201432	-0.00481756296034974	174	"success"	"pgls5_castespolymorphic"
"OG0002323_00"	-0.00160493027630461	0.860365618161058	1	"1e-05 to 1"	0.000193985824877439	-0.00561883983893141	174	"success"	"pgls5_castespolymorphic"
"OG0002324_00"	-0.00140392019155754	0.711216716858906	0.940633232630898	"1e-05 to 1"	0.000875424671412954	-0.00493343913863686	174	"success"	"pgls5_castespolymorphic"
"OG0002325_00"	-0.00132994419835167	0.78140858496195	0.811485496674334	"1e-05 to 1"	0.000488749751674055	-0.00532236216837423	174	"success"	"pgls5_castespolymorphic"
"OG0002326_00"	-0.00224651517347708	0.787766709448726	1	"1e-05 to 1"	0.000457148583215293	-0.00535414706455684	174	"success"	"pgls5_castespolymorphic"
"OG0002327_00"	0.00618987522818578	0.569100154448578	0.69753571817506	"1e-05 to 1"	0.00200534714283558	-0.00379694735051994	174	"success"	"pgls5_castespolymorphic"
"OG0002328_00"	-0.00648135693610415	0.480717469781266	1	"1e-05 to 1"	0.00309322728964265	-0.00270274231913858	174	"success"	"pgls5_castespolymorphic"
"OG0002329_00"	-0.000699680564887887	0.869577078735521	1e-05	"1e-05 to 1"	0.000174483730718081	-0.00563845531735918	174	"success"	"pgls5_castespolymorphic"
"OG0002330_00"	-0.0037550758065879	0.774336646626581	1	"1e-05 to 1"	0.000717647360286398	-0.00509213375971185	174	"success"	"pgls5_castespolymorphic"
"OG0002331_00"	0.0121798745979392	0.072367333779392	1	"1e-05 to 1"	0.0199140502649353	0.0142158761385686	174	"success"	"pgls5_castespolymorphic"
"OG0002332_00"	0.00155238933054225	0.830544037810875	1	"1e-05 to 1"	0.000396434139615196	-0.00541521449910798	174	"success"	"pgls5_castespolymorphic"
"OG0002333_00"	-0.0166707854994798	0.262734662922897	1e-05	"1e-05 to 1"	0.00824490170965375	0.00247888369633786	174	"success"	"pgls5_castespolymorphic"
"OG0002334_00"	-0.00351645847549083	0.791367568520009	0.578969041545359	"1e-05 to 1"	0.000447046947705116	-0.00536430743050587	174	"success"	"pgls5_castespolymorphic"
"OG0002335_00"	0.0146089610712903	0.122501887376523	0.600863340488192	"1e-05 to 1"	0.0146594013828923	0.00893067697232786	174	"success"	"pgls5_castespolymorphic"
"OG0002337_00"	0.0106171891212146	0.384430648742371	1	"1e-05 to 1"	0.00473159659177525	-0.00105484761408636	174	"success"	"pgls5_castespolymorphic"
"OG0002338_00"	-0.0194087082749898	0.0655282055854278	1	"1e-05 to 1"	0.0224308098480723	0.0167472680448634	174	"success"	"pgls5_castespolymorphic"
"OG0002339_00"	-0.000511451339484543	0.859442330847512	1	"1e-05 to 1"	0.000196586460015013	-0.00561622408382223	174	"success"	"pgls5_castespolymorphic"
"OG0002340_00"	0.0110048152695715	0.418128839093299	0.878077916519423	"1e-05 to 1"	0.00415366305375596	-0.00163614123081524	174	"success"	"pgls5_castespolymorphic"
"OG0002341_00"	0.00330753168918377	0.637998726567223	1	"1e-05 to 1"	0.00140452306093544	-0.00440126459568702	174	"success"	"pgls5_castespolymorphic"
"OG0002342_00"	0.0320741968758115	0.0787266737572931	0.848076376801673	"1e-05 to 1"	0.0191925159057373	0.0134901468121661	174	"success"	"pgls5_castespolymorphic"
"OG0002343_00"	0.0146264053922396	0.200823351045085	1e-05	"1e-05 to 1"	0.0102709524331334	0.00451671378448892	174	"success"	"pgls5_castespolymorphic"
"OG0002344_00"	0.00128127371043584	0.778725761194498	1e-05	"1e-05 to 1"	0.000491775310338748	-0.00531931901925242	174	"success"	"pgls5_castespolymorphic"
"OG0002345_00"	-0.0021652179911952	0.610022460290293	1	"1e-05 to 1"	0.0019322592023871	-0.0038704602208548	174	"success"	"pgls5_castespolymorphic"
"OG0002346_00"	0.00876500471395938	0.294640317106772	1	"1e-05 to 1"	0.00686217053595757	0.00108811338791082	174	"success"	"pgls5_castespolymorphic"
"OG0002347_00"	0.00465266510246108	0.148073202848623	1e-05	"1e-05 to 1"	0.0170703882142643	0.0113556811689983	174	"success"	"pgls5_castespolymorphic"
"OG0002348_00"	0.0189863013605069	0.246022680955246	0.837099187977951	"1e-05 to 1"	0.00845452576928502	0.00268972650050181	174	"success"	"pgls5_castespolymorphic"
"OG0002349_00"	0.00382032931730296	0.789932467669322	0.263231095398544	"1e-05 to 1"	0.000439332014685804	-0.00537206721778682	174	"success"	"pgls5_castespolymorphic"
"OG0002350_00"	0.00354713616973347	0.658852443012177	1e-05	"1e-05 to 1"	0.00122131969220869	-0.00458553310027843	174	"success"	"pgls5_castespolymorphic"
"OG0002351_00"	0.000919362841054124	0.888729895555342	1	"1e-05 to 1"	0.000130058823876157	-0.00568313850854318	174	"success"	"pgls5_castespolymorphic"
"OG0002352_00"	0.00177566601277068	0.761880076110851	1	"1e-05 to 1"	0.000568360576516617	-0.00524228848989883	174	"success"	"pgls5_castespolymorphic"
"OG0002353_00"	-0.00137356138907439	0.829587170063874	1	"1e-05 to 1"	0.000288582552646865	-0.00552369313018652	174	"success"	"pgls5_castespolymorphic"
"OG0002354_00"	0.00921970941724694	0.0825580805215291	1e-05	"1e-05 to 1"	0.0184881350087908	0.0127816706774467	174	"success"	"pgls5_castespolymorphic"
"OG0002355_00"	0.00216172857863284	0.799404221562943	0.986952506586294	"1e-05 to 1"	0.000399769963461344	-0.00541185928093713	174	"success"	"pgls5_castespolymorphic"
"OG0002356_00"	-0.0289318806438468	0.0403877409001616	0.401737135515771	"1e-05 to 1"	0.0261594565512783	0.0204975929265764	174	"success"	"pgls5_castespolymorphic"
"OG0002357_00"	0.00250565453526123	0.918335599942739	0.855488812102621	"1e-05 to 1"	8.65181944598094e-05	-0.00572693228115373	174	"success"	"pgls5_castespolymorphic"
"OG0002358_00"	-0.0133764888617882	0.357827626864918	1	"1e-05 to 1"	0.00549298375705647	-0.000289033779239611	174	"success"	"pgls5_castespolymorphic"
"OG0002359_00"	0.00191112547098926	0.822954835232619	1	"1e-05 to 1"	0.000422373945284998	-0.00538912388061452	174	"success"	"pgls5_castespolymorphic"
"OG0002360_00"	-0.00143621538390278	0.880166602823238	1e-05	"1e-05 to 1"	0.000141596637761374	-0.00567153361434469	174	"success"	"pgls5_castespolymorphic"
"OG0002361_00"	0.012157742244816	0.222499535547229	1e-05	"1e-05 to 1"	0.00952454702697263	0.00376596881201319	174	"success"	"pgls5_castespolymorphic"
"OG0002362_00"	0.0152072343271087	0.0164520163602115	1e-05	"1e-05 to 1"	0.0352144090122392	0.0296051904599848	174	"success"	"pgls5_castespolymorphic"
"OG0002363_00"	0.0133647890252614	0.0868694337454277	1	"1e-05 to 1"	0.0185567842916501	0.0128507190840433	174	"success"	"pgls5_castespolymorphic"
"OG0002364_00"	-0.00243905109218573	0.782898213052584	0.976015771701556	"1e-05 to 1"	0.000470008422982911	-0.00534121245827879	174	"success"	"pgls5_castespolymorphic"
"OG0002365_00"	0.0167816130499567	0.408693638422455	1	"1e-05 to 1"	0.00424388915931408	-0.00154539055487612	174	"success"	"pgls5_castespolymorphic"
"OG0002366_00"	0.00569031471759091	0.623005720209813	0.923961334878355	"1e-05 to 1"	0.0015045637011079	-0.00430064232388583	174	"success"	"pgls5_castespolymorphic"
"OG0002367_00"	0.00983352051300262	0.16293036279425	1e-05	"1e-05 to 1"	0.0156398865005036	0.00991686258480895	174	"success"	"pgls5_castespolymorphic"
"OG0002368_00"	-0.000423448278888412	0.964234349346948	1e-05	"1e-05 to 1"	1.2449899951814e-05	-0.00580143120528098	174	"success"	"pgls5_castespolymorphic"
"OG0002369_00"	0.0114133349708296	0.341317623861025	0.823763330438478	"1e-05 to 1"	0.00573252232146629	-4.81025487577558e-05	174	"success"	"pgls5_castespolymorphic"
"OG0002370_00"	0.00934998778215403	0.556855566730829	0.692568705557337	"1e-05 to 1"	0.002189193755278	-0.00361203186242398	174	"success"	"pgls5_castespolymorphic"
"OG0002371_00"	0.00856944207642065	0.229968472076448	1	"1e-05 to 1"	0.00888319559245755	0.00312088859008808	174	"success"	"pgls5_castespolymorphic"
"OG0002374_00"	0.00747480261347818	0.708579162859525	0.660787204146648	"1e-05 to 1"	0.000897985751188868	-0.00491074688979265	174	"success"	"pgls5_castespolymorphic"
"OG0002375_00"	0.0280998931525191	0.114959366680848	0.512418643521024	"1e-05 to 1"	0.0152671681379546	0.00954197725503569	174	"success"	"pgls5_castespolymorphic"
"OG0002377_00"	0.0049782498442559	0.103885929702923	1e-05	"1e-05 to 1"	0.0163436383113189	0.0106247059759196	174	"success"	"pgls5_castespolymorphic"
"OG0002378_00"	-0.00740319499420564	0.100476977720028	1	"1e-05 to 1"	0.0166690486887832	0.0109520082741831	174	"success"	"pgls5_castespolymorphic"
"OG0002379_00"	0.00845034130729176	0.630286667065538	0.723274159838383	"1e-05 to 1"	0.00145142836174218	-0.00435408658964298	174	"success"	"pgls5_castespolymorphic"
"OG0002380_00"	-0.0300003869802196	0.167452640782921	0.482455780022657	"1e-05 to 1"	0.0117299605467755	0.00598420450344284	174	"success"	"pgls5_castespolymorphic"
"OG0002381_00"	-0.00497150367757304	0.618253107879938	0.569549892602986	"1e-05 to 1"	0.00153646040626488	-0.00426856017276855	174	"success"	"pgls5_castespolymorphic"
"OG0002382_00"	-0.00738292397312064	0.665741204653171	1	"1e-05 to 1"	0.00119942945370631	-0.00460755060760931	174	"success"	"pgls5_castespolymorphic"
"OG0002383_00"	0.00470915269946864	0.667098386099861	0.780582089776545	"1e-05 to 1"	0.00115207135589969	-0.00465518404319387	174	"success"	"pgls5_castespolymorphic"
"OG0002384_00"	0.000934579132547983	0.901522235162492	1	"1e-05 to 1"	9.53921508583063e-05	-0.00571800673198553	174	"success"	"pgls5_castespolymorphic"
"OG0002385_00"	0.0138712909208993	0.118212468956973	1	"1e-05 to 1"	0.015092576290046	0.00936637033824395	174	"success"	"pgls5_castespolymorphic"
"OG0002386_00"	-0.0133637278426991	0.475728293707551	1	"1e-05 to 1"	0.00341930158940742	-0.00237477223856097	174	"success"	"pgls5_castespolymorphic"
"OG0002387_00"	2.04574019611259e-05	0.99777677486276	0.597059788153801	"1e-05 to 1"	4.86771404374143e-08	-0.00581390452822506	174	"success"	"pgls5_castespolymorphic"
"OG0002388_00"	0.0265699792588172	0.194306478015849	1	"1e-05 to 1"	0.0107752614309977	0.00502395481141038	174	"success"	"pgls5_castespolymorphic"
"OG0002390_00"	0.0107301024184494	0.186400974675633	0.212721393832091	"1e-05 to 1"	0.0119270674349514	0.00618245736189871	174	"success"	"pgls5_castespolymorphic"
"OG0002391_00"	0.0234319143127113	0.0472230544536671	1	"1e-05 to 1"	0.0248451089888069	0.0191756038085094	174	"success"	"pgls5_castespolymorphic"
"OG0002392_00"	0.0328490529096639	0.0134964058061811	1e-05	"1e-05 to 1"	0.0470975378460785	0.0415574072521603	174	"success"	"pgls5_castespolymorphic"
"OG0002393_00"	-0.0141327031824393	0.163251378536857	1	"1e-05 to 1"	0.0121890265994998	0.00644593954484585	174	"success"	"pgls5_castespolymorphic"
"OG0002394_00"	0.0239892844386177	0.129703856569735	0.813012995477782	"1e-05 to 1"	0.014292029377471	0.00856116908315396	174	"success"	"pgls5_castespolymorphic"
"OG0002395_00"	0.0123305451470318	0.164602842091327	0.971964113968195	"1e-05 to 1"	0.0118879547378283	0.00614311726537398	174	"success"	"pgls5_castespolymorphic"
"OG0002396_00"	-0.00604986566283967	0.668566739722516	1	"1e-05 to 1"	0.00120112843041729	-0.00460584175312673	174	"success"	"pgls5_castespolymorphic"
"OG0002397_00"	0.0182541796138425	0.269688677834522	0.897175383794798	"1e-05 to 1"	0.00765710346302862	0.0018876680180463	174	"success"	"pgls5_castespolymorphic"
"OG0002398_00"	0.00107650244434228	0.843749677326279	1e-05	"1e-05 to 1"	0.000243531584182287	-0.00556900602288635	174	"success"	"pgls5_castespolymorphic"
"OG0002399_00"	0.00351648611568033	0.827390984718741	1e-05	"1e-05 to 1"	0.000298043979428684	-0.00551417669510967	174	"success"	"pgls5_castespolymorphic"
"OG0002400_00"	-0.0113395947270789	0.435696968778185	1e-05	"1e-05 to 1"	0.00380206788275129	-0.00198978055979082	174	"success"	"pgls5_castespolymorphic"
"OG0002401_00"	-0.00284029402898906	0.667956501800325	1	"1e-05 to 1"	0.00116757680330571	-0.00463958844783785	174	"success"	"pgls5_castespolymorphic"
"OG0002402_00"	-0.00265439559926482	0.847145280281878	0.704220185788012	"1e-05 to 1"	0.00024203605136834	-0.00557051025065869	174	"success"	"pgls5_castespolymorphic"
"OG0002403_00"	-0.0271755818622511	0.107674360274391	0.969878375373402	"1e-05 to 1"	0.0159953295816799	0.0102743721955267	174	"success"	"pgls5_castespolymorphic"
"OG0002404_00"	0.00240979838951898	0.802335155224877	0.536220881927942	"1e-05 to 1"	0.000387930072501096	-0.00542376800847277	174	"success"	"pgls5_castespolymorphic"
"OG0002405_00"	-0.0131434764713778	0.105542880432401	1e-05	"1e-05 to 1"	0.0163922261189102	0.0106735762707643	174	"success"	"pgls5_castespolymorphic"
"OG0002406_00"	-0.00672669760531376	0.531981078323792	0.989395234777364	"1e-05 to 1"	0.00241567692958646	-0.00338423192547399	174	"success"	"pgls5_castespolymorphic"
"OG0002407_00"	0.00421223714743173	0.782439884953578	0.950039175253316	"1e-05 to 1"	0.000480978178678299	-0.00533017892493404	174	"success"	"pgls5_castespolymorphic"
"OG0002408_00"	0.0129977629253405	0.27989026595022	0.962552850142732	"1e-05 to 1"	0.00733958605755198	0.00156830458114243	174	"success"	"pgls5_castespolymorphic"
"OG0002409_00"	0.00662068900688409	0.278649523758609	1e-05	"1e-05 to 1"	0.0072858318957502	0.00151423789514393	174	"success"	"pgls5_castespolymorphic"
"OG0002410_00"	0.000176281089254261	0.975864014532706	0.421065696484379	"1e-05 to 1"	5.77497046235675e-06	-0.00580814494250004	174	"success"	"pgls5_castespolymorphic"
"OG0002411_00"	0.010534052972237	0.394377007794262	0.861607857038419	"1e-05 to 1"	0.00462441411283435	-0.00116265324697484	174	"success"	"pgls5_castespolymorphic"
"OG0002413_00"	0.011668093610013	0.161315963866602	1e-05	"1e-05 to 1"	0.0123788094987113	0.00663682583300618	174	"success"	"pgls5_castespolymorphic"
"OG0002414_00"	0.00572251995629517	0.246945703854815	1e-05	"1e-05 to 1"	0.00836911512175914	0.00260381927944386	174	"success"	"pgls5_castespolymorphic"
"OG0002415_00"	-0.00332200806830492	0.721058373301481	0.918981936019727	"1e-05 to 1"	0.000798929810076064	-0.00501037873753996	174	"success"	"pgls5_castespolymorphic"
"OG0002416_00"	0.00434805599694973	0.667570097653825	0.0600800809730811	"1e-05 to 1"	0.00115579958072686	-0.00465143414264091	174	"success"	"pgls5_castespolymorphic"
"OG0002417_00"	0.00838676278227836	0.0289522680470125	1e-05	"1e-05 to 1"	0.0291060358956416	0.0234613035461977	174	"success"	"pgls5_castespolymorphic"
"OG0002418_00"	0.0150219146951009	0.271519798546177	1e-05	"1e-05 to 1"	0.00759902030560756	0.00182924716784949	174	"success"	"pgls5_castespolymorphic"
"OG0002419_00"	0.00623462161761054	0.221657808314518	1	"1e-05 to 1"	0.00932052422399257	0.00356075982994597	174	"success"	"pgls5_castespolymorphic"
"OG0002420_00"	-0.0016008628667329	0.396045312260009	1e-05	"1e-05 to 1"	0.00447777218549777	-0.00131014774365634	174	"success"	"pgls5_castespolymorphic"
"OG0002421_00"	0.00332745337430493	0.766851778474178	0.727249853557749	"1e-05 to 1"	0.000544180606297316	-0.00526660904134046	174	"success"	"pgls5_castespolymorphic"
"OG0002422_00"	-0.00933158694849813	0.161186805018668	1e-05	"1e-05 to 1"	0.0121562915972886	0.00641301422285412	174	"success"	"pgls5_castespolymorphic"
"OG0002423_00"	-0.00582746710322725	0.481532753874185	1	"1e-05 to 1"	0.00306271345588384	-0.00273343355890754	174	"success"	"pgls5_castespolymorphic"
"OG0002424_00"	0.028641184109633	0.0193590175557796	0.891752081509882	"1e-05 to 1"	0.0339144872157946	0.0282977109786771	174	"success"	"pgls5_castespolymorphic"
"OG0002425_00"	0.00683258520173595	0.242693762907545	1	"1e-05 to 1"	0.00852066308040927	0.00275624833087673	174	"success"	"pgls5_castespolymorphic"
"OG0002426_00"	-0.00135933405484642	0.794246695082935	0.865131264064936	"1e-05 to 1"	0.000421065135429824	-0.00539044029982927	174	"success"	"pgls5_castespolymorphic"
"OG0002427_00"	-0.0152108701022124	0.345336363845687	1	"1e-05 to 1"	0.00586073841772346	8.08589899196077e-05	174	"success"	"pgls5_castespolymorphic"
"OG0002428_00"	0.00266694248740603	0.838129492883692	0.982345542176924	"1e-05 to 1"	0.000259983859943677	-0.00555245809435911	174	"success"	"pgls5_castespolymorphic"
"OG0002429_00"	-0.0124896276366171	0.0234761610827046	1	"1e-05 to 1"	0.0314744424537093	0.0258434799098355	174	"success"	"pgls5_castespolymorphic"
"OG0002430_00"	0.00339398186002137	0.661148835215718	1	"1e-05 to 1"	0.00118895262473298	-0.00461808834837907	174	"success"	"pgls5_castespolymorphic"
"OG0002431_00"	0.00302151425872516	0.628862214500266	1e-05	"1e-05 to 1"	0.0014544279934222	-0.00435106951824382	174	"success"	"pgls5_castespolymorphic"
"OG0002432_00"	0.00599146703363488	0.534904261076755	0.870785772060163	"1e-05 to 1"	0.00239627783723456	-0.00340374380324682	174	"success"	"pgls5_castespolymorphic"
"OG0002433_00"	-0.00742957745565546	0.416858838306453	1e-05	"1e-05 to 1"	0.00409843144178108	-0.00169169395681323	174	"success"	"pgls5_castespolymorphic"
"OG0002434_00"	-0.0122560380585468	0.225099765781744	1e-05	"1e-05 to 1"	0.00912662727922862	0.00336573557736364	174	"success"	"pgls5_castespolymorphic"
"OG0002435_00"	-0.00751657494451133	0.384605048376343	1	"1e-05 to 1"	0.00484946158509265	-0.000936297359179994	174	"success"	"pgls5_castespolymorphic"
"OG0002436_00"	0.00294976015154575	0.752560857349012	1	"1e-05 to 1"	0.000630855975838265	-0.00517942974523256	174	"success"	"pgls5_castespolymorphic"
"OG0002437_00"	7.58299675808527e-05	0.992794302427144	1	"1e-05 to 1"	5.21155197983872e-07	-0.00581342930320194	174	"success"	"pgls5_castespolymorphic"
"OG0002438_00"	-0.0232794665716024	0.331921691672743	1e-05	"1e-05 to 1"	0.00833285332828802	0.00256734666159208	174	"success"	"pgls5_castespolymorphic"
"OG0002439_00"	-0.00407809964489816	0.743577591484791	0.973865240050607	"1e-05 to 1"	0.000666485298355099	-0.00514359327549152	174	"success"	"pgls5_castespolymorphic"
"OG0002440_00"	0.00430524715361719	0.343015117833674	1e-05	"1e-05 to 1"	0.0072538893101883	0.00148210959687545	174	"success"	"pgls5_castespolymorphic"
"OG0002441_00"	-1.51723218613205e-05	0.997727836956871	1e-05	"1e-05 to 1"	5.05269260635348e-08	-0.00581390266768489	174	"success"	"pgls5_castespolymorphic"
"OG0002442_00"	-0.00162047590207382	0.704150781978673	1e-05	"1e-05 to 1"	0.000903598302164231	-0.00490510170770686	174	"success"	"pgls5_castespolymorphic"
"OG0002443_00"	-0.0358735376630744	0.0268222000621039	0.125942992305687	"1e-05 to 1"	0.0300813078238795	0.0244422456600648	174	"success"	"pgls5_castespolymorphic"
"OG0002444_00"	-0.00623250563682297	0.741947487010308	0.831662458695773	"1e-05 to 1"	0.000675297036034676	-0.00513473030677902	174	"success"	"pgls5_castespolymorphic"
"OG0002445_00"	0.0112959347656935	0.182366140853918	1	"1e-05 to 1"	0.0111563637954338	0.00540727288726783	174	"success"	"pgls5_castespolymorphic"
"OG0002446_00"	-0.0062896998418611	0.346962801147468	1	"1e-05 to 1"	0.00546198671860405	-0.000320211033032036	174	"success"	"pgls5_castespolymorphic"
"OG0002447_00"	0.00179114810054312	0.799469518946166	0.664783202028358	"1e-05 to 1"	0.000399504124361311	-0.0054121266656133	174	"success"	"pgls5_castespolymorphic"
"OG0002448_00"	-0.0301709883843048	0.114196358897462	0.775313686064602	"1e-05 to 1"	0.0154258490608808	0.00970158074146721	174	"success"	"pgls5_castespolymorphic"
"OG0002449_00"	0.00176021252920375	0.612625140593111	1e-05	"1e-05 to 1"	0.00159603665629207	-0.00420863754919476	174	"success"	"pgls5_castespolymorphic"
"OG0002450_00"	0.00701545940852258	0.461689519115144	1	"1e-05 to 1"	0.00336996312328119	-0.00242439755623458	174	"success"	"pgls5_castespolymorphic"
"OG0002451_00"	0.0202811246992399	0.160483900702624	1e-05	"1e-05 to 1"	0.0129167950446284	0.0071779392018646	174	"success"	"pgls5_castespolymorphic"
"OG0002452_00"	-0.00148166397723946	0.429872546381382	1	"1e-05 to 1"	0.0040252996318412	-0.00176525095169455	174	"success"	"pgls5_castespolymorphic"
"OG0002453_00"	-0.00444156244440727	0.173914589546562	1e-05	"1e-05 to 1"	0.0113827586402834	0.00563498398121531	174	"success"	"pgls5_castespolymorphic"
"OG0002454_00"	0.0346135093639638	0.00125677733841112	0.980403440187271	"1e-05 to 1"	0.0623941084568913	0.056942911413036	174	"success"	"pgls5_castespolymorphic"
"OG0002455_00"	-0.00821116349468401	0.695683556328996	1	"1e-05 to 1"	0.000958790876237875	-0.00484958824657467	174	"success"	"pgls5_castespolymorphic"
"OG0002456_00"	0.0137761800322233	0.166598399303384	0.99061377043799	"1e-05 to 1"	0.0118499371297263	0.00610487862466658	174	"success"	"pgls5_castespolymorphic"
"OG0002457_00"	0.0067035152614858	0.14227555864062	1	"1e-05 to 1"	0.0133257143179908	0.00758923591286287	174	"success"	"pgls5_castespolymorphic"
"OG0002458_00"	-0.00268953827529673	0.79921317048874	1	"1e-05 to 1"	0.000403043412552271	-0.00540856680016555	174	"success"	"pgls5_castespolymorphic"
"OG0002459_00"	0.00775195267343775	0.571255819905761	1	"1e-05 to 1"	0.00199541502364834	-0.00380693721458636	174	"success"	"pgls5_castespolymorphic"
"OG0002460_00"	-0.00406561522312109	0.706384698711964	0.551970712073995	"1e-05 to 1"	0.000889348410648546	-0.00491943444742904	174	"success"	"pgls5_castespolymorphic"
"OG0002461_00"	-0.00191657547279413	0.81299457363798	1e-05	"1e-05 to 1"	0.000387208587297686	-0.00542449368835762	174	"success"	"pgls5_castespolymorphic"
"OG0002462_00"	0.010272266054981	0.309600091333865	0.952786427024607	"1e-05 to 1"	0.00661707020067899	0.000841588050683018	174	"success"	"pgls5_castespolymorphic"
"OG0002463_00"	-0.00908013756186703	0.539704979625917	1	"1e-05 to 1"	0.00232598909672129	-0.00347444119922802	174	"success"	"pgls5_castespolymorphic"
"OG0002464_00"	0.0115938563415085	0.00177388690712021	1e-05	"1e-05 to 1"	0.0594140362075245	0.0539455131622194	174	"success"	"pgls5_castespolymorphic"
"OG0002465_00"	-0.0230763651053926	0.0785323937159279	1	"1e-05 to 1"	0.0199608425524983	0.0142629404743152	174	"success"	"pgls5_castespolymorphic"
"OG0002466_00"	-0.0119298605978493	0.197183410409098	1	"1e-05 to 1"	0.0103085018489521	0.00455448151086457	174	"success"	"pgls5_castespolymorphic"
"OG0002467_00"	-0.00153230777421632	0.788247012055266	1	"1e-05 to 1"	0.000455031846404005	-0.00535627610797729	174	"success"	"pgls5_castespolymorphic"
"OG0002468_00"	-0.00586760015409614	0.675398086624285	0.89167865105351	"1e-05 to 1"	0.00110570695290431	-0.0047018180066718	174	"success"	"pgls5_castespolymorphic"
"OG0002470_00"	0.023670114976832	0.0598085724480391	1	"1e-05 to 1"	0.0218307532564281	0.016143722752105	174	"success"	"pgls5_castespolymorphic"
"OG0002471_00"	0.00872511123514404	0.250644717154007	1e-05	"1e-05 to 1"	0.00813820542052966	0.00237156707995134	174	"success"	"pgls5_castespolymorphic"
"OG0002472_00"	-0.0118271965085696	0.147332354914644	0.827297247560382	"1e-05 to 1"	0.0129966606967573	0.00725826918918027	174	"success"	"pgls5_castespolymorphic"
"OG0002473_00"	-0.00159004129614393	0.858291862824461	0.978862974491645	"1e-05 to 1"	0.000199851989659457	-0.00561293956854025	174	"success"	"pgls5_castespolymorphic"
"OG0002474_00"	0.00228117343302961	0.79778860517732	0.850817371878517	"1e-05 to 1"	0.000408908854825994	-0.00540266725648308	174	"success"	"pgls5_castespolymorphic"
"OG0002475_00"	-0.00963269160121128	0.523192955746612	0.959425099574187	"1e-05 to 1"	0.00252060935388392	-0.00327868942894227	174	"success"	"pgls5_castespolymorphic"
"OG0002476_00"	0.00525892016877913	0.717258187315862	0.922816679272406	"1e-05 to 1"	0.000816702286895106	-0.00499250293236719	174	"success"	"pgls5_castespolymorphic"
"OG0002477_00"	-0.00746924126896155	0.601650036121125	0.962028337308966	"1e-05 to 1"	0.00169645962586429	-0.00410763072514797	174	"success"	"pgls5_castespolymorphic"
"OG0002478_00"	0.0315810004376201	0.181426587388114	1e-05	"1e-05 to 1"	0.0112041746870196	0.0054553617491534	174	"success"	"pgls5_castespolymorphic"
"OG0002479_00"	0.0229051874641388	0.110003199564939	0.989644481244702	"1e-05 to 1"	0.0158859585506207	0.0101643652863802	174	"success"	"pgls5_castespolymorphic"
"OG0002480_00"	-0.0130745000227194	0.2102711766179	1e-05	"1e-05 to 1"	0.00979215853558525	0.00403513620148976	174	"success"	"pgls5_castespolymorphic"
"OG0002481_00"	-0.00304611485201148	0.29465816853166	1	"1e-05 to 1"	0.00690480576773791	0.00113099649894566	174	"success"	"pgls5_castespolymorphic"
"OG0002482_00"	0.016624855490331	0.296056601955943	1e-05	"1e-05 to 1"	0.00673797621209413	0.000963197004024918	174	"success"	"pgls5_castespolymorphic"
"OG0002483_00"	-0.0173270797671304	0.199364928331364	1	"1e-05 to 1"	0.0102092615397273	0.0044546642230977	174	"success"	"pgls5_castespolymorphic"
"OG0002484_00"	0.00207230473140506	0.76399004624482	1	"1e-05 to 1"	0.000565023948708976	-0.00524564451670551	174	"success"	"pgls5_castespolymorphic"
"OG0002485_00"	-9.93931877302392e-06	0.99919813088	0.527834132068328	"1e-05 to 1"	9.66508640616933e-09	-0.00581394376709343	174	"success"	"pgls5_castespolymorphic"
"OG0002486_00"	-0.00723023132864362	0.565900516306693	0.752376435087628	"1e-05 to 1"	0.00203871408416161	-0.00376338641534901	174	"success"	"pgls5_castespolymorphic"
"OG0002487_00"	0.0080856303569588	0.403469238409478	0.959414268573032	"0.001 to 1"	0.00433920708875315	-0.00144951845142871	174	"success"	"pgls5_castespolymorphic"
"OG0002488_00"	-0.00561052742106788	0.587304584131847	0.665516055708384	"1e-05 to 1"	0.00246198999272268	-0.00333764960034277	174	"success"	"pgls5_castespolymorphic"
"OG0002489_00"	0.00429742497443156	0.776406139958544	1	"1e-05 to 1"	0.000511987783297867	-0.0052989890319155	174	"success"	"pgls5_castespolymorphic"
"OG0002490_00"	0.0024446685101042	0.785072219059438	1e-05	"1e-05 to 1"	0.000463276835826174	-0.00534798318257024	174	"success"	"pgls5_castespolymorphic"
"OG0002491_00"	0.0186711995690706	0.216556744693014	0.94784926669241	"1e-05 to 1"	0.0097099407712719	0.00395244042691878	174	"success"	"pgls5_castespolymorphic"
"OG0002492_00"	-0.00882396437804196	0.15969335310776	1e-05	"1e-05 to 1"	0.0160100473904561	0.0102891755729587	174	"success"	"pgls5_castespolymorphic"
"OG0002493_00"	0.000767870678339647	0.953277636833213	0.250448803335873	"1e-05 to 1"	2.12562724454541e-05	-0.00579257363294738	174	"success"	"pgls5_castespolymorphic"
"OG0002494_00"	-0.010678984529278	0.404669972193127	0.535694186860123	"1e-05 to 1"	0.00574606713316062	-3.44789881581153e-05	174	"success"	"pgls5_castespolymorphic"
"OG0002495_00"	0.00137111503609036	0.945907602597987	1	"1e-05 to 1"	2.86797351819151e-05	-0.00578510701054369	174	"success"	"pgls5_castespolymorphic"
"OG0002496_00"	-0.00399547207718254	0.716237340874578	0.965107367891202	"1e-05 to 1"	0.000877526499759103	-0.00493132509035865	174	"success"	"pgls5_castespolymorphic"
"OG0002497_00"	0.0103654134922539	0.0406090726156338	0.726845663715129	"1e-05 to 1"	0.0259410115210962	0.0202778778671491	174	"success"	"pgls5_castespolymorphic"
"OG0002498_00"	0.0130796201279375	0.29259344162349	0.872949363704511	"1e-05 to 1"	0.0068350009293366	0.0010607858184607	174	"success"	"pgls5_castespolymorphic"
"OG0002499_00"	-0.00719378495371745	0.0893512423077738	1	"1e-05 to 1"	0.0178205816540908	0.0121102361985914	174	"success"	"pgls5_castespolymorphic"
"OG0002500_00"	0.00549662794200993	0.487238132519796	1e-05	"1e-05 to 1"	0.00309883311333047	-0.00269710390345246	174	"success"	"pgls5_castespolymorphic"
"OG0002501_00"	-0.0109795381555884	0.365358588360931	0.848848680424938	"1e-05 to 1"	0.00509219244557225	-0.000692155272767447	174	"success"	"pgls5_castespolymorphic"
"OG0002502_00"	0.0121790052999971	0.196472795489989	0.417762083392855	"1e-05 to 1"	0.0103411048537576	0.00458727406802373	174	"success"	"pgls5_castespolymorphic"
"OG0002503_00"	0.0126093352650907	0.483673075679353	0.955854376685818	"1e-05 to 1"	0.00305182837055411	-0.00274438192961712	174	"success"	"pgls5_castespolymorphic"
"OG0002504_00"	0.0208032234172768	0.0921848554411455	1e-05	"1e-05 to 1"	0.0175132014830933	0.0118010689335764	174	"success"	"pgls5_castespolymorphic"
"OG0002505_00"	0.0122931920612073	0.345563172592042	0.97383537395755	"0.001 to 1"	0.005527827645093	-0.000253987310458781	174	"success"	"pgls5_castespolymorphic"
"OG0002506_00"	0.00879585792980178	0.106908312047324	0.410614319593055	"1e-05 to 1"	0.0164718655225483	0.0107536786941911	174	"success"	"pgls5_castespolymorphic"
"OG0002507_00"	0.00171254083993732	0.697207295463858	1	"1e-05 to 1"	0.000936976610926865	-0.00487152933900958	174	"success"	"pgls5_castespolymorphic"
"OG0002508_00"	-0.00266382042606153	0.709599056274659	1e-05	"1e-05 to 1"	0.000874551324175272	-0.00493431756347484	174	"success"	"pgls5_castespolymorphic"
"OG0002509_00"	-0.027871697317192	0.134074971050698	0.986528243898372	"1e-05 to 1"	0.0138880614561656	0.00815485251114323	174	"success"	"pgls5_castespolymorphic"
"OG0002510_00"	-0.00318493263965924	0.887573005557287	0.445465290067515	"1e-05 to 1"	0.000131918893257835	-0.00568126762480459	174	"success"	"pgls5_castespolymorphic"
"OG0002511_00"	0.00253628972459501	0.693228887033736	1	"1e-05 to 1"	0.0010473379912226	-0.0047605263227819	174	"success"	"pgls5_castespolymorphic"
"OG0002512_00"	0.0103477473862396	0.0664869721799821	1e-05	"1e-05 to 1"	0.0212886723168431	0.0155984901791503	174	"success"	"pgls5_castespolymorphic"
"OG0002513_00"	0.0112612229286292	0.216987133071833	0.598422932828506	"1e-05 to 1"	0.00939322110805113	0.00363387937030724	174	"success"	"pgls5_castespolymorphic"
"OG0002514_00"	-0.0143774599869253	0.0551209257113219	0.602105254481017	"1e-05 to 1"	0.0232299717178878	0.0175510762046197	174	"success"	"pgls5_castespolymorphic"
"OG0002515_00"	-0.00563824626652172	0.523441028495228	1	"1e-05 to 1"	0.00264863959602139	-0.00314991482493188	174	"success"	"pgls5_castespolymorphic"
"OG0002516_00"	-0.00487431988774605	0.462261650504524	1e-05	"1e-05 to 1"	0.00338241581434428	-0.00241187246580488	174	"success"	"pgls5_castespolymorphic"
"OG0002517_00"	-0.000904350230613298	0.931166545064022	1	"1e-05 to 1"	4.67762699384558e-05	-0.00576690526337598	174	"success"	"pgls5_castespolymorphic"
"OG0002518_00"	0.0093847288161387	0.197009344690291	0.857773341437754	"1e-05 to 1"	0.0102529257817487	0.00449858232699141	174	"success"	"pgls5_castespolymorphic"
"OG0002519_00"	-0.00509255904123296	0.586226965242442	1	"1e-05 to 1"	0.00272689111810943	-0.00307120835213404	174	"success"	"pgls5_castespolymorphic"
"OG0002520_00"	0.0199607951354063	0.214734277336442	1	"1e-05 to 1"	0.00954423331968297	0.00378576955991361	174	"success"	"pgls5_castespolymorphic"
"OG0002521_00"	0.00091782864804997	0.935301369439724	0.492430906430921	"1e-05 to 1"	4.10560839595302e-05	-0.00577265870624988	174	"success"	"pgls5_castespolymorphic"
"OG0002522_00"	0.0270823516821301	0.00730276697376886	1e-05	"1e-05 to 1"	0.0438496023180143	0.0382905883780027	174	"success"	"pgls5_castespolymorphic"
"OG0002523_00"	0.00998344314930468	0.541592300281755	1	"1e-05 to 1"	0.00231876884960016	-0.00348170342453002	174	"success"	"pgls5_castespolymorphic"
"OG0002524_00"	-0.00295128941413287	0.376435446688155	1	"1e-05 to 1"	0.00489272885842815	-0.000892778531929705	174	"success"	"pgls5_castespolymorphic"
"OG0002525_00"	0.00405670110597973	0.491565789895793	1e-05	"1e-05 to 1"	0.0029250912193374	-0.00287185592473627	174	"success"	"pgls5_castespolymorphic"
"OG0002526_00"	-0.00648199538572796	0.567488784129833	0.987711176365367	"1e-05 to 1"	0.0020603389234628	-0.00374163585023801	174	"success"	"pgls5_castespolymorphic"
"OG0002527_00"	0.0125922021987212	0.393570244043791	1	"1e-05 to 1"	0.00476159904156603	-0.00102467073144807	174	"success"	"pgls5_castespolymorphic"
"OG0002528_00"	0.000960630403421782	0.875743804319826	0.864649603620594	"1e-05 to 1"	0.000152327938858721	-0.00566073992196192	174	"success"	"pgls5_castespolymorphic"
"OG0002529_00"	0.00491433385960538	0.410502904483224	1e-05	"1e-05 to 1"	0.00574798030017745	-3.25546980775027e-05	174	"success"	"pgls5_castespolymorphic"
"OG0002530_00"	-0.000383093949878243	0.957035979794342	1	"1e-05 to 1"	1.80829260163275e-05	-0.00579576542906479	174	"success"	"pgls5_castespolymorphic"
"OG0002531_00"	0.00148752812593057	0.828446040970889	1e-05	"1e-05 to 1"	0.0002943547309412	-0.00551788739271619	174	"success"	"pgls5_castespolymorphic"
"OG0002532_00"	0.00311897630648483	0.689625962765042	1	"1e-05 to 1"	0.00101858453735698	-0.00478944694789085	174	"success"	"pgls5_castespolymorphic"
"OG0002534_00"	0.0130152997291018	0.37000989797571	1	"1e-05 to 1"	0.00512182921394901	-0.000662346197597863	174	"success"	"pgls5_castespolymorphic"
"OG0002535_00"	-0.00182485664515606	0.387811015230093	1e-05	"1e-05 to 1"	0.00463588704895181	-0.00115111360774045	174	"success"	"pgls5_castespolymorphic"
"OG0002536_00"	0.00117379476569359	0.540336732715971	1	"1e-05 to 1"	0.00231875645198229	-0.00348171589422708	174	"success"	"pgls5_castespolymorphic"
"OG0002537_00"	-0.000674310901142617	0.928878774279094	0.733516502228807	"1e-05 to 1"	4.93271113432835e-05	-0.00576433959149769	174	"success"	"pgls5_castespolymorphic"
"OG0002538_00"	0.00695623121306005	0.304920217211983	1	"1e-05 to 1"	0.00670295571186736	0.000927972896238805	174	"success"	"pgls5_castespolymorphic"
"OG0002539_00"	0.0094474738403554	0.477489215674639	0.915850331121787	"1e-05 to 1"	0.00311951733545124	-0.0026762994242262	174	"success"	"pgls5_castespolymorphic"
"OG0002540_00"	0.00201523414289767	0.82821815823568	0.779725664498007	"1e-05 to 1"	0.00029331088947314	-0.00551893730302999	174	"success"	"pgls5_castespolymorphic"
"OG0002541_00"	-0.00580260017173316	0.624263889996486	1	"1e-05 to 1"	0.00202257385030474	-0.00377962048777492	174	"success"	"pgls5_castespolymorphic"
"OG0002542_00"	-0.00318390522482809	0.626695368326056	0.865612783511498	"1e-05 to 1"	0.00147285545970417	-0.0043325349155301	174	"success"	"pgls5_castespolymorphic"
"OG0002543_00"	0.0123701851724431	0.35378003499165	0.976959853292349	"1e-05 to 1"	0.00541021255198743	-0.000372286212245054	174	"success"	"pgls5_castespolymorphic"
"OG0002544_00"	-3.28556440386961e-05	0.947622810565796	1	"1e-05 to 1"	2.67207346364166e-05	-0.00578707740062723	174	"success"	"pgls5_castespolymorphic"
"OG0002545_00"	0.00403470364444766	0.269751465348627	1e-05	"1e-05 to 1"	0.00901487161019063	0.00325333016606377	174	"success"	"pgls5_castespolymorphic"
"OG0002546_00"	0.0107300327499949	0.503610974019802	0.677169061678531	"1e-05 to 1"	0.00294822624361923	-0.00284858639449914	174	"success"	"pgls5_castespolymorphic"
"OG0002547_00"	-0.00362750028586352	0.443588870090387	1e-05	"1e-05 to 1"	0.00369648019430975	-0.00209598213014184	174	"success"	"pgls5_castespolymorphic"
"OG0002548_00"	0.0174465909832488	0.0906598098615046	0.528122231547181	"1e-05 to 1"	0.0193501700785203	0.0136487175789767	174	"success"	"pgls5_castespolymorphic"
"OG0002549_00"	-0.00545988739025931	0.359811311860278	1e-05	"1e-05 to 1"	0.00616941013430731	0.000391325309506807	174	"success"	"pgls5_castespolymorphic"
"OG0002550_00"	-0.00120798248819027	0.90111839232676	1e-05	"1e-05 to 1"	0.000102570452942838	-0.00571078669558656	174	"success"	"pgls5_castespolymorphic"
"OG0002553_00"	0.00845340189090551	0.269643361878209	0.65835942817996	"1e-05 to 1"	0.00863544889697018	0.00287170150683624	174	"success"	"pgls5_castespolymorphic"
"OG0002554_00"	-0.0121751305972154	0.277085466755273	1e-05	"1e-05 to 1"	0.0134098789498393	0.00767388987396622	174	"success"	"pgls5_castespolymorphic"
"OG0002555_00"	0.0466309813791312	0.00884231671966296	0.392115035908274	"1e-05 to 1"	0.0531506899217146	0.0476457520724223	174	"success"	"pgls5_castespolymorphic"
"OG0002556_00"	-0.00953293815820696	0.574370894902327	0.778092509650782	"1e-05 to 1"	0.00232512544092981	-0.00347530987627409	174	"success"	"pgls5_castespolymorphic"
"OG0002557_00"	0.0180507152011073	0.0695864834630791	0.787885221360654	"1e-05 to 1"	0.0206890955025724	0.0149954274531686	174	"success"	"pgls5_castespolymorphic"
"OG0002558_00"	-0.0194219542285302	0.128675714504962	0.911263901406365	"1e-05 to 1"	0.0154244894348236	0.00970021321060743	174	"success"	"pgls5_castespolymorphic"
"OG0002559_00"	0.00346985654488085	0.768768845458182	0.780312471244685	"1e-05 to 1"	0.000545132988212176	-0.00526565112232169	174	"success"	"pgls5_castespolymorphic"
"OG0002560_00"	-0.00429887270076071	0.78512640630546	0.493456165731163	"1e-05 to 1"	0.000536567868741381	-0.00527426603899861	174	"success"	"pgls5_castespolymorphic"
"OG0002561_00"	0.0261620305795056	0.0076387410205756	0.678016256810471	"1e-05 to 1"	0.065828896263372	0.060397668916066	174	"success"	"pgls5_castespolymorphic"
"OG0002562_00"	0.0110364362580953	0.521386311354284	0.951563089042149	"1e-05 to 1"	0.00262369434273523	-0.00317500510876045	174	"success"	"pgls5_castespolymorphic"
"OG0002563_00"	-0.0031209043745164	0.748816061707068	1	"1e-05 to 1"	0.000646655631124811	-0.00516353823148497	174	"success"	"pgls5_castespolymorphic"
"OG0002564_00"	-0.014075176139597	0.0782009697994666	0.919483345369637	"1e-05 to 1"	0.0200047952970796	0.0143071487581092	174	"success"	"pgls5_castespolymorphic"
"OG0002565_00"	-0.00621225237217664	0.446025207579311	1e-05	"1e-05 to 1"	0.00365720401930917	-0.00213548665499719	174	"success"	"pgls5_castespolymorphic"
"OG0002566_00"	0.061201608511464	0.0161039393068547	0.580538271839333	"1e-05 to 1"	0.0515144260954792	0.0459999750844063	174	"success"	"pgls5_castespolymorphic"
"OG0002567_00"	-0.00441965580797656	0.787620261125081	0.931762584049151	"1e-05 to 1"	0.00045209177715143	-0.00535923327065579	174	"success"	"pgls5_castespolymorphic"
"OG0002568_00"	-0.00810359254625833	0.360218106131093	0.574953446875177	"1e-05 to 1"	0.00540364591576752	-0.000378891026582728	174	"success"	"pgls5_castespolymorphic"
"OG0002569_00"	-0.00323450055640962	0.363298344619597	1	"1e-05 to 1"	0.00513601297211593	-0.000648079975720695	174	"success"	"pgls5_castespolymorphic"
"OG0002570_00"	-0.0159850188431565	0.233843563681766	0.987349285346179	"1e-05 to 1"	0.00937318610084874	0.00361372788050474	174	"success"	"pgls5_castespolymorphic"
"OG0002571_00"	0.00788569915297905	0.438201160673821	1	"1e-05 to 1"	0.0037374523844722	-0.00205477172957158	174	"success"	"pgls5_castespolymorphic"
"OG0002572_00"	0.00382680895620702	0.637645275517127	0.868575005678163	"1e-05 to 1"	0.00138984104880026	-0.00441603196835794	174	"success"	"pgls5_castespolymorphic"
"OG0002573_00"	0.00278524445976048	0.826305102343291	1	"1e-05 to 1"	0.000393022763483156	-0.00541864570882211	174	"success"	"pgls5_castespolymorphic"
"OG0002574_00"	0.00393610370545705	0.551756803737538	1	"1e-05 to 1"	0.0021906460335512	-0.0036105711406722	174	"success"	"pgls5_castespolymorphic"
"OG0002575_00"	-0.0134129791819145	0.367858526686981	0.602181356903131	"1e-05 to 1"	0.00510290142364894	-0.000681384033190291	174	"success"	"pgls5_castespolymorphic"
"OG0002576_00"	0.0041982959688487	0.52029287346577	0.991067547720771	"1e-05 to 1"	0.00257183004342765	-0.00322717094469183	174	"success"	"pgls5_castespolymorphic"
"OG0002577_00"	0.0134803583344402	0.496861999638249	1	"1e-05 to 1"	0.00296427799533942	-0.00283244131864113	174	"success"	"pgls5_castespolymorphic"
"OG0002578_00"	0.000519042095009004	0.890108734055063	0.815917598545901	"1e-05 to 1"	0.000124356524041185	-0.00568887396128415	174	"success"	"pgls5_castespolymorphic"
"OG0002579_00"	-0.00188915667760721	0.956795716473116	0.459285312386592	"1e-05 to 1"	2.15009697091137e-05	-0.00579232751302516	174	"success"	"pgls5_castespolymorphic"
"OG0002580_00"	0.0101841273439931	0.372027278790389	1	"1e-05 to 1"	0.00675895045650577	0.000984293191718111	174	"success"	"pgls5_castespolymorphic"
"OG0002581_00"	0.00770747850765152	0.586279524156033	1	"1e-05 to 1"	0.0018669648561935	-0.00393613418534011	174	"success"	"pgls5_castespolymorphic"
"OG0002582_00"	3.52068543963204e-06	0.999859762516264	1	"1e-05 to 1"	2.77056807388506e-10	-0.00581395320970457	174	"success"	"pgls5_castespolymorphic"
"OG0002583_00"	0.00173798833083031	0.793427245738983	0.144995157791779	"1e-05 to 1"	0.000494979635857076	-0.00531609606393446	174	"success"	"pgls5_castespolymorphic"
"OG0002584_00"	0.0279216547606605	0.0482508514360367	0.373702600145749	"1e-05 to 1"	0.0299030031641931	0.0242629043453803	174	"success"	"pgls5_castespolymorphic"
"OG0002585_00"	-0.00378836006106468	0.740756719200677	0.954348522385978	"1e-05 to 1"	0.00068604734564392	-0.00512391749536967	174	"success"	"pgls5_castespolymorphic"
"OG0002586_00"	-0.0159920265361278	0.205822417560095	0.547055474145068	"1e-05 to 1"	0.0103729093121051	0.0046192634360126	174	"success"	"pgls5_castespolymorphic"
"OG0002587_00"	0.00284558012586138	0.837620899719547	0.855054100286647	"1e-05 to 1"	0.000292634177979663	-0.00551961794889255	174	"success"	"pgls5_castespolymorphic"
"OG0002589_00"	-0.00615530883865336	0.660798026655075	1	"1e-05 to 1"	0.00169506981090965	-0.00410902862042239	174	"success"	"pgls5_castespolymorphic"
"OG0002590_00"	0.013877851846243	0.41421898368865	0.812178215923103	"1e-05 to 1"	0.0041193851396226	-0.00167061843514693	174	"success"	"pgls5_castespolymorphic"
"OG0002591_00"	-0.000850990445607456	0.957006963783588	0.27098031292408	"1e-05 to 1"	1.83358625189124e-05	-0.00579551102200138	174	"success"	"pgls5_castespolymorphic"
"OG0002593_00"	0.00248561930701415	0.865351868739674	0.938831725340922	"1e-05 to 1"	0.000188521883453279	-0.005624335547457	174	"success"	"pgls5_castespolymorphic"
"OG0002594_00"	0.00230632420890721	0.795872709349738	0.424784628039477	"1e-05 to 1"	0.000414287817631152	-0.00539725702063842	174	"success"	"pgls5_castespolymorphic"
"OG0002595_00"	0.00119975833555987	0.907804004856595	0.587211774714683	"1e-05 to 1"	9.09221142394188e-05	-0.00572250275718944	174	"success"	"pgls5_castespolymorphic"
"OG0002596_00"	0.0141599577032679	0.358618811578291	1e-05	"1e-05 to 1"	0.00537031194547639	-0.000412418799026648	174	"success"	"pgls5_castespolymorphic"
"OG0002597_00"	-0.000692888460888513	0.965137244542072	0.98226197691504	"1e-05 to 1"	1.19025519815448e-05	-0.00580198173550683	174	"success"	"pgls5_castespolymorphic"
"OG0002598_00"	0.0250178204172872	0.00174551981242743	1e-05	"1e-05 to 1"	0.0599532530584431	0.0544878649948294	174	"success"	"pgls5_castespolymorphic"
"OG0002599_00"	0.00415605305194435	0.435492436195762	1e-05	"1e-05 to 1"	0.00397977730654049	-0.00181103794167736	174	"success"	"pgls5_castespolymorphic"
"OG0002600_00"	-0.00635705912141374	0.52925798199996	1	"1e-05 to 1"	0.0026981515293104	-0.00310011503156571	174	"success"	"pgls5_castespolymorphic"
"OG0002601_00"	0.00115303472771832	0.94772303857514	1	"1e-05 to 1"	2.87549647614819e-05	-0.00578503134358277	174	"success"	"pgls5_castespolymorphic"
"OG0002602_00"	0.00629240809052695	0.522686690143401	1e-05	"1e-05 to 1"	0.00269330503205742	-0.00310498970612838	174	"success"	"pgls5_castespolymorphic"
"OG0002603_00"	0.0303115724508384	0.00530921532734263	1e-05	"1e-05 to 1"	0.0840584127407555	0.0787331709543644	174	"success"	"pgls5_castespolymorphic"
"OG0002604_00"	0.00524436416077568	0.589334868270847	0.792810078307055	"1e-05 to 1"	0.00190888052922074	-0.00389397481653964	174	"success"	"pgls5_castespolymorphic"
"OG0002605_00"	0.0211152518602034	0.0231025186971596	1	"1e-05 to 1"	0.0318377145315256	0.0262088640346158	174	"success"	"pgls5_castespolymorphic"
"OG0002606_00"	0.00262240234393177	0.815522710440562	0.935831852320256	"1e-05 to 1"	0.000475274060144092	-0.00533591620694795	174	"success"	"pgls5_castespolymorphic"
"OG0002607_00"	0.00291410447171031	0.803219044253037	0.937038898156864	"0.001 to 1"	0.000389215615225488	-0.00542247499166271	174	"success"	"pgls5_castespolymorphic"
"OG0002608_00"	0.0161585355412459	0.147023883632253	1	"1e-05 to 1"	0.0130163695214203	0.00727809260003331	174	"success"	"pgls5_castespolymorphic"
"OG0002609_00"	-0.00144245200544614	0.617702264739117	0.87203458576199	"1e-05 to 1"	0.00155087687057141	-0.00425405989180883	174	"success"	"pgls5_castespolymorphic"
"OG0002610_00"	0.0195007183180691	0.0663711470188351	0.59009407215046	"1e-05 to 1"	0.0207811962945619	0.015088063714879	174	"success"	"pgls5_castespolymorphic"
"OG0002611_00"	0.0117315896286125	0.339465719790644	1e-05	"1e-05 to 1"	0.00566886940377041	-0.000112125541556374	174	"success"	"pgls5_castespolymorphic"
"OG0002612_00"	0.0102207945830988	0.127878310675579	1	"1e-05 to 1"	0.014428152068838	0.00869808318551735	174	"success"	"pgls5_castespolymorphic"
"OG0002613_00"	0.00113253106455654	0.921837851999646	1	"1e-05 to 1"	6.0738075749476e-05	-0.0057528622842753	174	"success"	"pgls5_castespolymorphic"
"OG0002614_00"	0.00270970568914253	0.821126271689377	0.445192105740216	"1e-05 to 1"	0.000590794361040898	-0.00521972427639472	174	"success"	"pgls5_castespolymorphic"
"OG0002615_00"	-0.00381323265253513	0.394860494528265	1	"1e-05 to 1"	0.00603954533159344	0.000260705478870138	174	"success"	"pgls5_castespolymorphic"
"OG0002616_00"	0.0109683397064275	0.109158117889413	1	"1e-05 to 1"	0.0161622123558515	0.0104422252183854	174	"success"	"pgls5_castespolymorphic"
"OG0002617_00"	0.00594387734157969	0.671692162479206	1	"1e-05 to 1"	0.0011928300038879	-0.004614188426322	174	"success"	"pgls5_castespolymorphic"
"OG0002618_00"	-0.0133258638987959	0.459717618147435	1e-05	"1e-05 to 1"	0.00537049515297814	-0.000412234526365074	174	"success"	"pgls5_castespolymorphic"
"OG0002619_00"	0.0231008573458414	0.0287532504314401	1e-05	"1e-05 to 1"	0.0395527842434119	0.0339687888029666	174	"success"	"pgls5_castespolymorphic"
"OG0002620_00"	0.0151067021577617	0.386410988062045	0.497852873085983	"1e-05 to 1"	0.00469241365847681	-0.00109425835513677	174	"success"	"pgls5_castespolymorphic"
"OG0002621_00"	0.0062477727982033	0.0245047515309089	1	"1e-05 to 1"	0.0555535510592572	0.0500625833328575	174	"success"	"pgls5_castespolymorphic"
"OG0002622_00"	0.0955159595371967	0.0016676173004111	0.658316356784311	"1e-05 to 1"	0.0604512111529986	0.0549887181945858	174	"success"	"pgls5_castespolymorphic"
"OG0002623_00"	-0.01539131098874	0.18150641532189	1e-05	"1e-05 to 1"	0.0115628023208623	0.00581607442737886	174	"success"	"pgls5_castespolymorphic"
"OG0002624_00"	-0.0070913274864661	0.377074211915125	0.674655576891513	"1e-05 to 1"	0.00487967952268565	-0.000905903735903379	174	"success"	"pgls5_castespolymorphic"
"OG0002625_00"	0.00368822164704709	0.667891571788993	1	"1e-05 to 1"	0.00113914872324731	-0.00466818180743167	174	"success"	"pgls5_castespolymorphic"
"OG0002626_00"	0.0134210315904894	0.0415034525776974	1e-05	"1e-05 to 1"	0.025875677172715	0.0202121636679052	174	"success"	"pgls5_castespolymorphic"
"OG0002627_00"	0.00464730422213202	0.569134207272574	1	"1e-05 to 1"	0.00203010916757734	-0.00377204136051823	174	"success"	"pgls5_castespolymorphic"
"OG0002628_00"	0.0134620762120884	0.279492593962871	0.87052137285815	"1e-05 to 1"	0.00730576841155556	0.00153429032092511	174	"success"	"pgls5_castespolymorphic"
"OG0002629_00"	0.00217917917483114	0.644709354530695	1	"1e-05 to 1"	0.00131575669104361	-0.00449054704912455	174	"success"	"pgls5_castespolymorphic"
"OG0002630_00"	0.00190913237764775	0.832059502647562	1	"1e-05 to 1"	0.0002836796883749	-0.00552862449948344	174	"success"	"pgls5_castespolymorphic"
"OG0002631_00"	0.00536467898723024	0.425868816751245	1e-05	"1e-05 to 1"	0.00572162599701523	-5.90622239324823e-05	174	"success"	"pgls5_castespolymorphic"
"OG0002632_00"	0.0041799030616267	0.0600563635959273	1	"1e-05 to 1"	0.0221993374740071	0.0165144499011816	174	"success"	"pgls5_castespolymorphic"
"OG0002633_00"	-0.0244922710199057	0.0848127696424923	0.288864475734776	"1e-05 to 1"	0.0183353970175077	0.0126280446745862	174	"success"	"pgls5_castespolymorphic"
"OG0002634_00"	0.0120215942037165	0.313659315015879	0.363973652728538	"1e-05 to 1"	0.00642496797192493	0.00064836894850584	174	"success"	"pgls5_castespolymorphic"
"OG0002635_00"	0.00486300469685893	0.475590735719	1e-05	"1e-05 to 1"	0.00414609122243483	-0.00164375708441145	174	"success"	"pgls5_castespolymorphic"
"OG0002636_00"	0.000725803708147581	0.874231859238561	0.663907233660304	"1e-05 to 1"	0.000187653641465641	-0.00562520883736317	174	"success"	"pgls5_castespolymorphic"
"OG0002637_00"	-0.0030100421031551	0.807631067385288	1e-05	"1e-05 to 1"	0.000373960262290101	-0.00543781903851071	174	"success"	"pgls5_castespolymorphic"
"OG0002638_00"	-0.00419835277436179	0.79044201072701	1	"1e-05 to 1"	0.00045401658458803	-0.00535729727247825	174	"success"	"pgls5_castespolymorphic"
"OG0002639_00"	-0.0233281866696374	0.0111189708007697	0.926470967549609	"1e-05 to 1"	0.0403523904424621	0.0347730438752671	174	"success"	"pgls5_castespolymorphic"
"OG0002640_00"	0.00290866262883429	0.614425418240633	1	"1e-05 to 1"	0.00203630578217604	-0.00376580871909038	174	"success"	"pgls5_castespolymorphic"
"OG0002641_00"	0.0233298453254248	0.00294375988995887	1e-05	"1e-05 to 1"	0.0539261776660517	0.0484257484664358	174	"success"	"pgls5_castespolymorphic"
"OG0002642_00"	0.00496771710710231	0.747729724684042	0.985568141626062	"1e-05 to 1"	0.000648367296284683	-0.00516181661478332	174	"success"	"pgls5_castespolymorphic"
"OG0002643_00"	-0.0023909632692238	0.341649924814507	1	"1e-05 to 1"	0.011169545451685	0.00542053118105512	174	"success"	"pgls5_castespolymorphic"
"OG0002644_00"	-0.00487840692261293	0.170686525224437	1e-05	"1e-05 to 1"	0.0129048330675164	0.00716590767837411	174	"success"	"pgls5_castespolymorphic"
"OG0002645_00"	0.009208536906978	0.454284739053997	0.979404314866816	"1e-05 to 1"	0.00357147169149759	-0.00222171742657506	174	"success"	"pgls5_castespolymorphic"
"OG0002646_00"	-0.00531210152351993	0.497512162130027	0.887841744008079	"1e-05 to 1"	0.0028634110614672	-0.00293389468817562	174	"success"	"pgls5_castespolymorphic"
"OG0002647_00"	0.00628637930174375	0.60325767432497	0.968917276206663	"1e-05 to 1"	0.00170270654017053	-0.00410134749157254	174	"success"	"pgls5_castespolymorphic"
"OG0002649_00"	0.0197916800614048	0.0102161714329889	1e-05	"1e-05 to 1"	0.0405150535000297	0.0349366526482857	174	"success"	"pgls5_castespolymorphic"
"OG0002650_00"	0.000712662815300221	0.850486669457491	1	"1e-05 to 1"	0.000221353290707864	-0.00559131325992746	174	"success"	"pgls5_castespolymorphic"
"OG0002651_00"	0.0130751361349423	0.265925625593367	0.501397095320788	"1e-05 to 1"	0.00763408870325579	0.00186451945153043	174	"success"	"pgls5_castespolymorphic"
"OG0002652_00"	0.0262729238181257	0.201689009150901	0.746660673371372	"1e-05 to 1"	0.0107019774488181	0.00495024475956696	174	"success"	"pgls5_castespolymorphic"
"OG0002653_00"	-0.0135129470295031	0.074787022390649	1e-05	"1e-05 to 1"	0.0273452387957797	0.0216902692538947	174	"success"	"pgls5_castespolymorphic"
"OG0002654_00"	-0.0126452757101721	0.230733501192975	1	"1e-05 to 1"	0.00919427576483488	0.0034337773681189	174	"success"	"pgls5_castespolymorphic"
"OG0002655_00"	-0.00817588479026199	0.107501284209647	1e-05	"1e-05 to 1"	0.0161105172769351	0.0103902295866846	174	"success"	"pgls5_castespolymorphic"
"OG0002656_00"	-0.00234220345036463	0.713339105872269	0.814994563498364	"1e-05 to 1"	0.00084054320733272	-0.00496852340192699	174	"success"	"pgls5_castespolymorphic"
"OG0002657_00"	-0.00731868257989208	0.314958673955777	1	"1e-05 to 1"	0.00623288146697531	0.000455165661550794	174	"success"	"pgls5_castespolymorphic"
"OG0002658_00"	0.00118282654106105	0.950837677836518	1e-05	"1e-05 to 1"	2.3982705494945e-05	-0.00578983134854294	174	"success"	"pgls5_castespolymorphic"
"OG0002659_00"	-0.0144890263690317	0.261188109642742	0.820146878166667	"1e-05 to 1"	0.00808571430613595	0.00231877078466003	174	"success"	"pgls5_castespolymorphic"
"OG0002660_00"	-0.0217146995856273	0.463368537173001	0.959297622940328	"1e-05 to 1"	0.00485459523761914	-0.000931133859836564	174	"success"	"pgls5_castespolymorphic"
"OG0002661_00"	0.00942830134342486	0.416541029058742	0.79220450625432	"1e-05 to 1"	0.00412969141213463	-0.00166025224244604	174	"success"	"pgls5_castespolymorphic"
"OG0002663_00"	-0.000278416007291531	0.963612971657106	1	"1e-05 to 1"	1.34704037671792e-05	-0.00580040476830401	174	"success"	"pgls5_castespolymorphic"
"OG0002664_00"	-0.0095097868311996	0.515406962060681	1	"1e-05 to 1"	0.0026324917414893	-0.00316615656233932	174	"success"	"pgls5_castespolymorphic"
"OG0002665_00"	0.00691132087877264	0.786852371114582	0.583780862788718	"1e-05 to 1"	0.000455447127048808	-0.00535585841291031	174	"success"	"pgls5_castespolymorphic"
"OG0002666_00"	-0.00565685360366679	0.488112030900844	0.560028253798282	"1e-05 to 1"	0.00302810385066896	-0.00276824438275747	174	"success"	"pgls5_castespolymorphic"
"OG0002667_00"	0.017674394633019	0.113586292383037	0.600371315977459	"1e-05 to 1"	0.0153825007614843	0.00965798041707433	174	"success"	"pgls5_castespolymorphic"
"OG0002668_00"	0.00366949586457157	0.706028971039059	0.576059738068929	"1e-05 to 1"	0.000880572281442414	-0.0049282616006423	174	"success"	"pgls5_castespolymorphic"
"OG0002669_00"	0.00667552376010397	0.254640766762504	0.902105125948009	"1e-05 to 1"	0.00810274765488793	0.00233590316450927	174	"success"	"pgls5_castespolymorphic"
"OG0002670_00"	-0.000928143759182062	0.903030843727753	0.915291110386369	"1e-05 to 1"	9.24776005734152e-05	-0.00572093822733022	174	"success"	"pgls5_castespolymorphic"
"OG0002671_00"	-0.0174533659238393	0.106963288857189	1	"1e-05 to 1"	0.0160596799790094	0.0103390967230733	174	"success"	"pgls5_castespolymorphic"
"OG0002672_00"	-0.00634169493041035	0.252135137875942	1	"1e-05 to 1"	0.00818839133023901	0.0024220447682054	174	"success"	"pgls5_castespolymorphic"
"OG0002673_00"	0.00575794448930835	0.361629672275552	0.82349638259742	"1e-05 to 1"	0.00517175621014313	-0.000612128928169975	174	"success"	"pgls5_castespolymorphic"
"OG0002674_00"	0.00625221943414808	0.172090589489089	1e-05	"1e-05 to 1"	0.0117690639761939	0.00602353527838106	174	"success"	"pgls5_castespolymorphic"
"OG0002675_00"	-0.00282673557038699	0.75832206983677	1	"1e-05 to 1"	0.00059336339463847	-0.00521714030655551	174	"success"	"pgls5_castespolymorphic"
"OG0002676_00"	0.000316921127047841	0.952725368930063	1e-05	"1e-05 to 1"	2.26020226787846e-05	-0.00579122005858479	174	"success"	"pgls5_castespolymorphic"
"OG0002677_00"	-0.0173649061063845	0.0552057742180316	0.0840836450410603	"1e-05 to 1"	0.0227823625837052	0.0171008646917499	174	"success"	"pgls5_castespolymorphic"
"OG0002678_00"	0.00396588906639834	0.824331567217077	1	"1e-05 to 1"	0.000312799716183366	-0.00549933516918766	174	"success"	"pgls5_castespolymorphic"
"OG0002679_00"	-0.00190342173421352	0.918854058249795	0.901433772031306	"1e-05 to 1"	6.46641787551776e-05	-0.00574891335508942	174	"success"	"pgls5_castespolymorphic"
"OG0002680_00"	-0.0059758898668241	0.239400579339207	1e-05	"1e-05 to 1"	0.00853372273376098	0.00276938391244563	174	"success"	"pgls5_castespolymorphic"
"OG0002683_00"	0.00397513860237647	0.80842917648665	1	"1e-05 to 1"	0.000436953130356661	-0.00537445993283892	174	"success"	"pgls5_castespolymorphic"
"OG0002684_00"	-0.00125179596853993	0.538312924965087	1	"1e-05 to 1"	0.00313757253582552	-0.00265813925175684	174	"success"	"pgls5_castespolymorphic"
"OG0002685_00"	-0.00149754801866657	0.835320129125146	0.950709403841659	"1e-05 to 1"	0.000269217538471346	-0.00554317073165378	174	"success"	"pgls5_castespolymorphic"
"OG0002686_00"	0.0053222610774522	0.588424122282009	0.921019086426734	"1e-05 to 1"	0.00183411817368516	-0.00396917183693302	174	"success"	"pgls5_castespolymorphic"
"OG0002687_00"	0.0110744574223273	0.224083221683575	1	"1e-05 to 1"	0.00916656275175833	0.00340590323287315	174	"success"	"pgls5_castespolymorphic"
"OG0002688_00"	0.00331542886966865	0.576203130290733	1	"1e-05 to 1"	0.00194459588220449	-0.00385805181615462	174	"success"	"pgls5_castespolymorphic"
"OG0002689_00"	0.000749908168965601	0.911357399808355	1	"1e-05 to 1"	7.86860390508224e-05	-0.00573480997234999	174	"success"	"pgls5_castespolymorphic"
"OG0002690_00"	-0.00223497061463009	0.854414453368966	0.787750814169108	"1e-05 to 1"	0.000209747464680053	-0.00560298656168801	174	"success"	"pgls5_castespolymorphic"
"OG0002691_00"	-0.00156343714537109	0.865343583634821	0.752221060611953	"1e-05 to 1"	0.000179148345191521	-0.00563376358303413	174	"success"	"pgls5_castespolymorphic"
"OG0002692_00"	0.00894090431683151	0.537166710500792	0.527209039822024	"1e-05 to 1"	0.00236986144670282	-0.00343031377744429	174	"success"	"pgls5_castespolymorphic"
"OG0002693_00"	0.0127636099997576	0.34642532380296	1	"1e-05 to 1"	0.00557746317320866	-0.000204063203691263	174	"success"	"pgls5_castespolymorphic"
"OG0002694_00"	-0.00203527742009373	0.885534295931063	1e-05	"1e-05 to 1"	0.000129110440973463	-0.00568409240529988	174	"success"	"pgls5_castespolymorphic"
"OG0002695_00"	-0.00727811384936795	0.497361086016318	0.729285364620852	"1e-05 to 1"	0.0029199196929802	-0.00287705751810718	174	"success"	"pgls5_castespolymorphic"
"OG0002696_00"	-0.0112217652185492	0.470586928726462	0.897729961043988	"1e-05 to 1"	0.00321830574473537	-0.0025769366637256	174	"success"	"pgls5_castespolymorphic"
"OG0002697_00"	-5.54199339436699e-05	0.99467141397254	1e-05	"1e-05 to 1"	2.7963235142482e-07	-0.00581367223025131	174	"success"	"pgls5_castespolymorphic"
"OG0002698_00"	-0.0114540879445278	0.226385576997871	0.862851188479472	"1e-05 to 1"	0.00913306402707871	0.00337220974816632	174	"success"	"pgls5_castespolymorphic"
"OG0002699_00"	-0.0182754519153326	0.085819256727528	0.47877249796388	"1e-05 to 1"	0.0185624947596899	0.0128564627524786	174	"success"	"pgls5_castespolymorphic"
"OG0002700_00"	0.0327381027301212	0.0435206196712532	1e-05	"1e-05 to 1"	0.0249166346276418	0.0192475452940815	174	"success"	"pgls5_castespolymorphic"
"OG0002701_00"	0.0106162084861234	0.123466411358191	1	"1e-05 to 1"	0.0150470869990941	0.00932061657467032	174	"success"	"pgls5_castespolymorphic"
"OG0002702_00"	0.0324851364610439	0.0385953113990132	1e-05	"1e-05 to 1"	0.0266328639890067	0.0209737527331287	174	"success"	"pgls5_castespolymorphic"
"OG0002703_00"	-7.9275997619901e-05	0.964473170281639	1	"1e-05 to 1"	1.33594361594381e-05	-0.00580051638107215	174	"success"	"pgls5_castespolymorphic"
"OG0002704_00"	-0.000629073257154351	0.943383080541302	0.598178668926855	"1e-05 to 1"	3.16207779210832e-05	-0.00578214886871886	174	"success"	"pgls5_castespolymorphic"
"OG0002705_00"	0.0169613599092878	0.319954308742232	0.978862012483843	"1e-05 to 1"	0.00672896890567959	0.000954137329549742	174	"success"	"pgls5_castespolymorphic"
"OG0002706_00"	-0.00141486923105453	0.868173674387157	1	"1e-05 to 1"	0.000211079182601916	-0.00560164710122013	174	"success"	"pgls5_castespolymorphic"
"OG0002707_00"	-0.0130933487815692	0.196869200801187	0.848253445387959	"1e-05 to 1"	0.0141938002366616	0.00846236884268869	174	"success"	"pgls5_castespolymorphic"
"OG0002708_00"	-0.00490534929124862	0.422166459181985	1	"1e-05 to 1"	0.00432913429521648	-0.00145964980771818	174	"success"	"pgls5_castespolymorphic"
"OG0002709_00"	0.00196496528201766	0.75458327805777	1e-05	"1e-05 to 1"	0.000604890330757715	-0.00520554635336579	174	"success"	"pgls5_castespolymorphic"
"OG0002710_00"	-0.00553410789165681	0.519823405135596	1	"1e-05 to 1"	0.00257761544328841	-0.00322135190878559	174	"success"	"pgls5_castespolymorphic"
"OG0002711_00"	-0.00245204864369516	0.616721296249382	1	"1e-05 to 1"	0.001569309156154	-0.00423552044177522	174	"success"	"pgls5_castespolymorphic"
"OG0002712_00"	0.0207992079831355	0.288610420362601	0.816826182005787	"1e-05 to 1"	0.00703522748684787	0.00126217648386451	174	"success"	"pgls5_castespolymorphic"
"OG0002713_00"	-0.0143604691795948	0.0733000486836182	1e-05	"1e-05 to 1"	0.0199088516350698	0.0142106472841109	174	"success"	"pgls5_castespolymorphic"
"OG0002714_00"	0.0146896602565619	0.0094240046852383	1e-05	"1e-05 to 1"	0.0462005911334037	0.0406552457330166	174	"success"	"pgls5_castespolymorphic"
"OG0002715_00"	-0.00777830314000321	0.508956566046352	0.603160000368388	"1e-05 to 1"	0.00280127282460497	-0.00299639419385667	174	"success"	"pgls5_castespolymorphic"
"OG0002716_00"	-0.0238945460570791	0.116584576994359	0.921258343745094	"1e-05 to 1"	0.0160184520561747	0.0102976291030129	174	"success"	"pgls5_castespolymorphic"
"OG0002717_00"	-0.0090471353640732	0.437499062296224	1e-05	"1e-05 to 1"	0.00483028346617452	-0.000955586978789613	174	"success"	"pgls5_castespolymorphic"
"OG0002718_00"	0.00215683034457478	0.830714406797222	0.960233809967812	"1e-05 to 1"	0.000282956722497416	-0.00552935166865076	174	"success"	"pgls5_castespolymorphic"
"OG0002719_00"	0.0012439568012868	0.883497347781184	1e-05	"1e-05 to 1"	0.000133779448068633	-0.00567939625281477	174	"success"	"pgls5_castespolymorphic"
"OG0002720_00"	-0.00905677530113757	0.683553365283039	0.922278392561186	"1e-05 to 1"	0.00103468211165516	-0.00477325578304444	174	"success"	"pgls5_castespolymorphic"
"OG0002721_00"	0.00121245804880599	0.477595747069082	1e-05	"1e-05 to 1"	0.00311801073608946	-0.00267781478288676	174	"success"	"pgls5_castespolymorphic"
"OG0002722_00"	0.000489662852119186	0.950624551692487	0.569135503361288	"1e-05 to 1"	2.37419922172515e-05	-0.00579007346131633	174	"success"	"pgls5_castespolymorphic"
"OG0002723_00"	0.0148035290260804	0.0215554470746753	1e-05	"1e-05 to 1"	0.0321723119420158	0.0265454067788881	174	"success"	"pgls5_castespolymorphic"
"OG0002724_00"	-0.01060649124322	0.276529958982262	1e-05	"1e-05 to 1"	0.00735015765056178	0.00157893763690231	174	"success"	"pgls5_castespolymorphic"
"OG0002725_00"	0.0113203416007202	0.290721914096825	1	"1e-05 to 1"	0.00688804326931059	0.00111413654413217	174	"success"	"pgls5_castespolymorphic"
"OG0002726_00"	0.0151339033033426	0.263133579392583	0.841819758242009	"1e-05 to 1"	0.0085109137528665	0.00274644232119714	174	"success"	"pgls5_castespolymorphic"
"OG0002727_00"	-0.0278643208735858	0.0636028618870865	1e-05	"1e-05 to 1"	0.0212099478367092	0.0155193079985506	174	"success"	"pgls5_castespolymorphic"
"OG0002728_00"	-0.00052878165244863	0.962856018362037	0.675923475045176	"1e-05 to 1"	1.35970573020547e-05	-0.00580027737841138	174	"success"	"pgls5_castespolymorphic"
"OG0002729_00"	-0.00640277068811629	0.31971681884064	1	"1e-05 to 1"	0.00611188532870233	0.000333466057357512	174	"success"	"pgls5_castespolymorphic"
"OG0002730_00"	0.00379708140824383	0.8556752365617	1	"1e-05 to 1"	0.000247766087672612	-0.0055647469001896	174	"success"	"pgls5_castespolymorphic"
"OG0002731_00"	-0.0294934183193646	0.091383989012511	1e-05	"1e-05 to 1"	0.0177083890624199	0.0119973913244107	174	"success"	"pgls5_castespolymorphic"
"OG0002732_00"	0.0108327685291966	0.473172850058522	0.979684510437346	"1e-05 to 1"	0.00326167756103152	-0.00253331268570656	174	"success"	"pgls5_castespolymorphic"
"OG0002733_00"	0.00387448852215681	0.626266343701839	1	"1e-05 to 1"	0.00148577119709034	-0.00431954408664748	174	"success"	"pgls5_castespolymorphic"
"OG0002734_00"	0.0325874942008661	0.0133551521298041	1e-05	"1e-05 to 1"	0.0374211431273459	0.0318247544245979	174	"success"	"pgls5_castespolymorphic"
"OG0002735_00"	0.0114134104892753	0.0575417833439729	1e-05	"1e-05 to 1"	0.0223595128561472	0.0166755565355434	174	"success"	"pgls5_castespolymorphic"
"OG0002736_00"	-0.00520741758265376	0.327526895554929	1	"1e-05 to 1"	0.00606814892292685	0.000289475370153225	174	"success"	"pgls5_castespolymorphic"
"OG0002737_00"	-0.00133803291359559	0.810714197746692	1	"1e-05 to 1"	0.000364138387327525	-0.0054476980173972	174	"success"	"pgls5_castespolymorphic"
"OG0002738_00"	-0.00106383598988493	0.539186836007313	1e-05	"1e-05 to 1"	0.00246938320701537	-0.00333021340224615	174	"success"	"pgls5_castespolymorphic"
"OG0002739_00"	-0.00672870266559463	0.488217009810304	1	"1e-05 to 1"	0.00297050649754759	-0.00282617660421081	174	"success"	"pgls5_castespolymorphic"
"OG0002740_00"	0.000635984166512778	0.935308647556948	1e-05	"1e-05 to 1"	4.13041663855156e-05	-0.00577240918148436	174	"success"	"pgls5_castespolymorphic"
"OG0002741_00"	0.00626392902869353	0.602708356134418	0.836254767722842	"1e-05 to 1"	0.00169717206219126	-0.00410691414674957	174	"success"	"pgls5_castespolymorphic"
"OG0002742_00"	-0.0097165977726005	0.191272633250671	0.738713182139665	"1e-05 to 1"	0.0107167647047007	0.00496511798786758	174	"success"	"pgls5_castespolymorphic"
"OG0002743_00"	-0.00448019310780701	0.674244812090069	1e-05	"1e-05 to 1"	0.0011001789286064	-0.00470737817064593	174	"success"	"pgls5_castespolymorphic"
"OG0002744_00"	0.00161899921575551	0.843384139570773	0.548223133734832	"1e-05 to 1"	0.000257606160148016	-0.00555484961799069	174	"success"	"pgls5_castespolymorphic"
"OG0002745_00"	-0.0100563764794671	0.294633997815941	1e-05	"1e-05 to 1"	0.00677765664691708	0.00100310813905025	174	"success"	"pgls5_castespolymorphic"
"OG0002746_00"	0.00397870622165174	0.656028721102915	0.912536772887807	"1e-05 to 1"	0.00124300473243899	-0.00456372198423294	174	"success"	"pgls5_castespolymorphic"
"OG0002747_00"	0.000949854841560486	0.886565883489093	0.956402153915471	"1e-05 to 1"	0.000126778158776741	-0.00568643824727677	174	"success"	"pgls5_castespolymorphic"
"OG0002748_00"	0.00987872675927537	0.330690812345241	1e-05	"1e-05 to 1"	0.00587788895878686	9.81092434308994e-05	174	"success"	"pgls5_castespolymorphic"
"OG0002749_00"	0.00495464048197866	0.106920480212577	1	"1e-05 to 1"	0.016163460773753	0.0104434808945306	174	"success"	"pgls5_castespolymorphic"
"OG0002750_00"	0.00124933199975738	0.764428949353904	1e-05	"1e-05 to 1"	0.000555892582002195	-0.00525482897275364	174	"success"	"pgls5_castespolymorphic"
"OG0002751_00"	0.0194580030165316	0.0535433518160322	0.40997665446641	"1e-05 to 1"	0.0229526636125011	0.0172721558428062	174	"success"	"pgls5_castespolymorphic"
"OG0002753_00"	-0.0333321841008065	0.00937895969550651	1	"1e-05 to 1"	0.041431327850432	0.0358582541751439	174	"success"	"pgls5_castespolymorphic"
"OG0002754_00"	0.00281978755597663	0.615802176490807	1e-05	"1e-05 to 1"	0.00160771875034118	-0.00419688753599412	174	"success"	"pgls5_castespolymorphic"
"OG0002755_00"	-0.00518379864633133	0.567041192812263	0.846535239817665	"1e-05 to 1"	0.00203939174954003	-0.00376270481005569	174	"success"	"pgls5_castespolymorphic"
"OG0002756_00"	-0.00262003494908011	0.499453197645352	1e-05	"1e-05 to 1"	0.00283768299589755	-0.00295977233552147	174	"success"	"pgls5_castespolymorphic"
"OG0002757_00"	0.00831215989874483	0.394333548805137	1e-05	"1e-05 to 1"	0.00474629068537547	-0.00104006808970958	174	"success"	"pgls5_castespolymorphic"
"OG0002758_00"	0.010649974976313	0.11496270030044	1	"1e-05 to 1"	0.0152668899632763	0.00954169746306277	174	"success"	"pgls5_castespolymorphic"
"OG0002759_00"	-0.00466478261684789	0.704931351337076	0.931385328778503	"1e-05 to 1"	0.00153241218916319	-0.00427263192601601	174	"success"	"pgls5_castespolymorphic"
"OG0002760_00"	-0.00241035685925608	0.696248943912361	1	"1e-05 to 1"	0.000943225342717196	-0.00486524427738333	174	"success"	"pgls5_castespolymorphic"
"OG0002761_00"	0.00478296346996067	0.497908619155053	0.991542120755627	"1e-05 to 1"	0.00287603575616124	-0.00292119659409362	174	"success"	"pgls5_castespolymorphic"
"OG0002762_00"	0.0020549738484096	0.843372586937568	1	"1e-05 to 1"	0.000241693517590013	-0.00557085477591257	174	"success"	"pgls5_castespolymorphic"
"OG0002763_00"	-0.00178403164820649	0.597090563731393	0.716645184802538	"1e-05 to 1"	0.00175022127125756	-0.00405355651204897	174	"success"	"pgls5_castespolymorphic"
"OG0002764_00"	-0.00412450610390072	0.527149951838099	0.890209846547797	"1e-05 to 1"	0.00250394615409505	-0.0032954495077997	174	"success"	"pgls5_castespolymorphic"
"OG0002765_00"	-0.0259888779085686	0.0462232399991322	1	"1e-05 to 1"	0.0247571232316313	0.0190871065062339	174	"success"	"pgls5_castespolymorphic"
"OG0002766_00"	-0.00507266978620791	0.386948485407155	1	"1e-05 to 1"	0.00468182776508732	-0.00110490579441791	174	"success"	"pgls5_castespolymorphic"
"OG0002768_00"	-0.00245640337303674	0.800312840763682	1	"1e-05 to 1"	0.000401044702895126	-0.00541057713022752	174	"success"	"pgls5_castespolymorphic"
"OG0002769_00"	0.0115321255305987	0.211869357912393	0.561315811713136	"1e-05 to 1"	0.00966387465727458	0.00390610648667733	174	"success"	"pgls5_castespolymorphic"
"OG0002770_00"	0.00981469324007209	0.365791063826992	1e-05	"1e-05 to 1"	0.00524604723228369	-0.000537405981481998	174	"success"	"pgls5_castespolymorphic"
"OG0002771_00"	-0.0091742275069257	0.432253840519955	1	"1e-05 to 1"	0.0038593445319767	-0.00193217090679099	174	"success"	"pgls5_castespolymorphic"
"OG0002772_00"	0.0211862539017285	0.0629370657599992	1	"1e-05 to 1"	0.0213160084009382	0.0156259851939669	174	"success"	"pgls5_castespolymorphic"
"OG0002773_00"	-0.00147186748426924	0.833642883701262	1	"1e-05 to 1"	0.000276533048919962	-0.00553581268916781	174	"success"	"pgls5_castespolymorphic"
"OG0002774_00"	-0.000990860520682948	0.878378187587476	1e-05	"1e-05 to 1"	0.000144984424862468	-0.00566812613080692	174	"success"	"pgls5_castespolymorphic"
"OG0002775_00"	0.000213718345645275	0.972666534793372	1e-05	"1e-05 to 1"	8.72874942062457e-06	-0.00580517399040836	174	"success"	"pgls5_castespolymorphic"
"OG0002776_00"	-0.00505259978775865	0.679075451656864	1	"1e-05 to 1"	0.00107257522193366	-0.00473514236398542	174	"success"	"pgls5_castespolymorphic"
"OG0002777_00"	0.00823134813484729	0.400938573411369	1	"1e-05 to 1"	0.00438602499340753	-0.00140242834965387	174	"success"	"pgls5_castespolymorphic"
"OG0002778_00"	-0.00432250333284403	0.591778907652107	0.646244749478496	"1e-05 to 1"	0.00180134229548967	-0.00400213827255969	174	"success"	"pgls5_castespolymorphic"
"OG0002779_00"	-0.0012084509489532	0.937177092207644	0.801191526953675	"1e-05 to 1"	4.35941175345049e-05	-0.00577010591666594	174	"success"	"pgls5_castespolymorphic"
"OG0002780_00"	0.00556784279299539	0.274755493831899	1e-05	"1e-05 to 1"	0.00745073468381396	0.00168009942034775	174	"success"	"pgls5_castespolymorphic"
"OG0002781_00"	-0.00418221716413018	0.653163473913443	1e-05	"1e-05 to 1"	0.00125736439785452	-0.00454927883239042	174	"success"	"pgls5_castespolymorphic"
"OG0002782_00"	0.00586997956444618	0.355783276335927	0.96065766933745	"1e-05 to 1"	0.00533192381367829	-0.000451030117637474	174	"success"	"pgls5_castespolymorphic"
"OG0002783_00"	-0.0378818760422661	0.0211893845471498	0.814647812722012	"1e-05 to 1"	0.0335781148279191	0.0279593829373836	174	"success"	"pgls5_castespolymorphic"
"OG0002784_00"	0.0256295232075126	0.0221601139309733	1	"1e-05 to 1"	0.0326800934170028	0.0270561404717529	174	"success"	"pgls5_castespolymorphic"
"OG0002785_00"	0.00145861189623194	0.919203553378403	1	"1e-05 to 1"	6.49153495023435e-05	-0.00574866072404712	174	"success"	"pgls5_castespolymorphic"
"OG0002786_00"	-0.0106176350900578	0.349713798373088	1e-05	"1e-05 to 1"	0.0055020932413634	-0.000279871332814707	174	"success"	"pgls5_castespolymorphic"
"OG0002787_00"	0.0103314233739761	0.102094674216075	0.576250422009687	"1e-05 to 1"	0.0171489049669635	0.0114346544144459	174	"success"	"pgls5_castespolymorphic"
"OG0002788_00"	-0.000122372636193818	0.928087974178055	1	"1e-05 to 1"	5.10654901958581e-05	-0.00576259110579147	174	"success"	"pgls5_castespolymorphic"
"OG0002789_00"	0.00237354144364256	0.649238695520848	1e-05	"1e-05 to 1"	0.00128801849112903	-0.00451844651764355	174	"success"	"pgls5_castespolymorphic"
"OG0002790_00"	-0.000722188106223428	0.949459110206972	1	"1e-05 to 1"	2.5032518180534e-05	-0.00578877543229517	174	"success"	"pgls5_castespolymorphic"
"OG0002791_00"	-0.0121494004722437	0.415200917273694	0.7005692190227	"1e-05 to 1"	0.0041276255990365	-0.0016623300660854	174	"success"	"pgls5_castespolymorphic"
"OG0002792_00"	0.00501298397650578	0.4772466096136	1e-05	"1e-05 to 1"	0.00320213536778146	-0.00259320105449889	174	"success"	"pgls5_castespolymorphic"
"OG0002793_00"	-0.0115554276616137	0.439604079861252	1	"1e-05 to 1"	0.00494465955958067	-0.000840545908096235	174	"success"	"pgls5_castespolymorphic"
"OG0002794_00"	0.00200767673030708	0.829681120993198	1e-05	"1e-05 to 1"	0.000290066525276089	-0.00552220052980967	174	"success"	"pgls5_castespolymorphic"
"OG0002795_00"	0.00288512741967003	0.800785832388087	1	"1e-05 to 1"	0.000401624159128074	-0.00540999430506317	174	"success"	"pgls5_castespolymorphic"
"OG0002797_00"	-0.00528944695811144	0.382158838955345	0.973651770447332	"1e-05 to 1"	0.0047178830190281	-0.00106864091690784	174	"success"	"pgls5_castespolymorphic"
"OG0002798_00"	0.00864390055760365	0.138270940468457	1e-05	"1e-05 to 1"	0.0136803460260292	0.00794592943315731	174	"success"	"pgls5_castespolymorphic"
"OG0002799_00"	-0.00380027108516739	0.671441984982966	0.701291824015567	"1e-05 to 1"	0.00111342985504691	-0.00469405020393543	174	"success"	"pgls5_castespolymorphic"
"OG0002800_00"	0.0021152120889882	0.904335178686407	0.993178948545401	"1e-05 to 1"	8.94374610903518e-05	-0.00572399604204299	174	"success"	"pgls5_castespolymorphic"
"OG0002801_00"	-0.00491635522632512	0.654327337996431	1	"1e-05 to 1"	0.00124063439875498	-0.0045661060989266	174	"success"	"pgls5_castespolymorphic"
"OG0002802_00"	-0.00155747173909698	0.924342584765159	1	"1e-05 to 1"	5.65395735369496e-05	-0.0057570851963844	174	"success"	"pgls5_castespolymorphic"
"OG0002803_00"	-0.0179040132969786	0.167946776921579	0.428510451898177	"1e-05 to 1"	0.0117028760986051	0.00595696258755052	174	"success"	"pgls5_castespolymorphic"
"OG0002804_00"	0.022133414337204	0.0537211199612728	1	"1e-05 to 1"	0.0230609875590442	0.0173811095797363	174	"success"	"pgls5_castespolymorphic"
"OG0002805_00"	0.00853443219736004	0.472781730047463	0.598533701612825	"1e-05 to 1"	0.00318664052181443	-0.00260878598677983	174	"success"	"pgls5_castespolymorphic"
"OG0002806_00"	0.00212217659646409	0.87514689497824	1	"1e-05 to 1"	0.000153806996752111	-0.00565925226489461	174	"success"	"pgls5_castespolymorphic"
"OG0002807_00"	0.00549853680490816	0.654263628402302	0.679102373621838	"1e-05 to 1"	0.00128074996238818	-0.00452575730527238	174	"success"	"pgls5_castespolymorphic"
"OG0002808_00"	0.0440582844295702	5.56101011106591e-06	1e-05	"1e-05 to 1"	0.12063361141486	0.115521016132388	174	"success"	"pgls5_castespolymorphic"
"OG0002809_00"	0.00331832106493614	0.720115174626225	1e-05	"1e-05 to 1"	0.000804577229141347	-0.00500469848464258	174	"success"	"pgls5_castespolymorphic"
"OG0002810_00"	-0.00632339782886316	0.445043571607618	0.992154109835703	"1e-05 to 1"	0.00365000332720951	-0.00214272921158565	174	"success"	"pgls5_castespolymorphic"
"OG0002811_00"	-0.0162373359117274	0.25440918836482	1e-05	"1e-05 to 1"	0.00816158084450663	0.00239507840755604	174	"success"	"pgls5_castespolymorphic"
"OG0002812_00"	0.00565221890607789	0.0229418161365769	1e-05	"1e-05 to 1"	0.0325129589806894	0.0268880343236004	174	"success"	"pgls5_castespolymorphic"
"OG0002813_00"	0.00506346208057863	0.57024226775174	1	"1e-05 to 1"	0.0020059329577073	-0.00379635812974777	174	"success"	"pgls5_castespolymorphic"
"OG0002814_00"	0.0130646339640769	0.016403596961446	1e-05	"1e-05 to 1"	0.0354625395692414	0.0298547636365044	174	"success"	"pgls5_castespolymorphic"
"OG0002815_00"	-0.00799929677088396	0.590899249101273	0.880783746564491	"1e-05 to 1"	0.00179863331516606	-0.00400486300276892	174	"success"	"pgls5_castespolymorphic"
"OG0002816_00"	0.0087239560273196	0.102506664446785	1e-05	"1e-05 to 1"	0.0210194849739168	0.0153277377935325	174	"success"	"pgls5_castespolymorphic"
"OG0002817_00"	0.0195309652736579	0.0208318089429462	0.981282494348009	"1e-05 to 1"	0.0333409396912848	0.0277208288755365	174	"success"	"pgls5_castespolymorphic"
"OG0002818_00"	-0.00487229435433195	0.481784553314156	1e-05	"1e-05 to 1"	0.00309750190725679	-0.00269844284909637	174	"success"	"pgls5_castespolymorphic"
"OG0002819_00"	0.000783182997080134	0.945678260421441	1e-05	"1e-05 to 1"	2.91051548028531e-05	-0.00578467911755309	174	"success"	"pgls5_castespolymorphic"
"OG0002820_00"	0.0210251129015172	0.10855427039721	0.179199347143583	"1e-05 to 1"	0.016115543119653	0.0103952846494184	174	"success"	"pgls5_castespolymorphic"
"OG0002821_00"	0.0169724488090454	0.0666287028272277	0.36638929252333	"1e-05 to 1"	0.021001230352239	0.0153093770403334	174	"success"	"pgls5_castespolymorphic"
"OG0002822_00"	-0.0077821624980884	0.328083935765804	0.993157107223269	"1e-05 to 1"	0.00594140652168875	0.000161996094489303	174	"success"	"pgls5_castespolymorphic"
"OG0002823_00"	-0.019546487814851	0.184321164873478	1e-05	"1e-05 to 1"	0.0109207457783481	0.00517028499798966	174	"success"	"pgls5_castespolymorphic"
"OG0002824_00"	-0.0070994204378491	0.300799604390501	0.838568736671024	"1e-05 to 1"	0.00664844749012004	0.000873147766225379	174	"success"	"pgls5_castespolymorphic"
"OG0002825_00"	-0.000509526017886303	0.934931476753643	0.984459922760394	"1e-05 to 1"	4.17882673313976e-05	-0.00577192226599821	174	"success"	"pgls5_castespolymorphic"
"OG0002826_00"	-0.0101931649605163	0.192380704944271	1e-05	"1e-05 to 1"	0.0105315540643423	0.00477883054146067	174	"success"	"pgls5_castespolymorphic"
"OG0002827_00"	-0.00239544990700421	0.837336871990453	0.800870536517937	"1e-05 to 1"	0.000262572007562942	-0.00554985489936977	174	"success"	"pgls5_castespolymorphic"
"OG0002828_00"	0.00951178904594082	0.476940756194837	0.344713674580573	"1e-05 to 1"	0.00415468132105177	-0.00163511704336083	174	"success"	"pgls5_castespolymorphic"
"OG0002829_00"	-0.0275364628425358	0.0221281631035022	0.976249880289386	"1e-05 to 1"	0.0331089779078812	0.0274875184771131	174	"success"	"pgls5_castespolymorphic"
"OG0002830_00"	0.0139847129294213	0.104578118307814	1e-05	"1e-05 to 1"	0.0174662191925787	0.0117538134902101	174	"success"	"pgls5_castespolymorphic"
"OG0002831_00"	0.00720174046542114	0.581446188272985	1	"1e-05 to 1"	0.00190352047826284	-0.00389936603058461	174	"success"	"pgls5_castespolymorphic"
"OG0002832_00"	0.00163497362236377	0.896839359815999	0.854006936424677	"1e-05 to 1"	0.000106726638723089	-0.00570660634593545	174	"success"	"pgls5_castespolymorphic"
"OG0002833_00"	-0.00699930743151633	0.501840834086662	1e-05	"1e-05 to 1"	0.00289636781373431	-0.00290074632688331	174	"success"	"pgls5_castespolymorphic"
"OG0002834_00"	0.00295084755146686	0.614032337232659	1e-05	"1e-05 to 1"	0.00160340277614002	-0.00420122860306837	174	"success"	"pgls5_castespolymorphic"
"OG0002835_00"	0.00398539908769055	0.60332925428952	1	"1e-05 to 1"	0.00218385758842604	-0.00361739905350178	174	"success"	"pgls5_castespolymorphic"
"OG0002836_00"	0.00627768144003001	0.333504780498206	1e-05	"1e-05 to 1"	0.00581006475238517	2.98907102478374e-05	174	"success"	"pgls5_castespolymorphic"
"OG0002837_00"	0.0177576479134653	0.260456358639495	0.955394264570653	"0.001 to 1"	0.00781033683671885	0.00204179228344392	174	"success"	"pgls5_castespolymorphic"
"OG0002838_00"	0.00418087776912953	0.707451889699336	0.581219080433972	"1e-05 to 1"	0.00087166151726614	-0.00493722417158704	174	"success"	"pgls5_castespolymorphic"
"OG0002839_00"	-0.00181225129700847	0.839574893155293	1	"1e-05 to 1"	0.000268689310246863	-0.00554370203097254	174	"success"	"pgls5_castespolymorphic"
"OG0002840_00"	-0.00453959694315365	0.607139070769694	0.443522360082638	"1e-05 to 1"	0.00164575123958181	-0.00415863392762983	174	"success"	"pgls5_castespolymorphic"
"OG0002841_00"	-0.00280625147848187	0.880222855179433	1e-05	"1e-05 to 1"	0.000141462730942654	-0.00567166829969157	174	"success"	"pgls5_castespolymorphic"
"OG0002842_00"	0.00213674254445828	0.751463154894981	1e-05	"1e-05 to 1"	0.000624758918289763	-0.00518556225079014	174	"success"	"pgls5_castespolymorphic"
"OG0002843_00"	0.0188865936564016	0.183015043828058	0.617067187393088	"1e-05 to 1"	0.0112648556408781	0.0055163954992552	174	"success"	"pgls5_castespolymorphic"
"OG0002844_00"	-0.0149928940027503	0.276067287698506	0.740257876019337	"1e-05 to 1"	0.00741027993096733	0.00163940946544971	174	"success"	"pgls5_castespolymorphic"
"OG0002845_00"	-0.00180848426454682	0.82559402523847	0.954309511837293	"0.001 to 1"	0.00030438287699956	-0.00550780094348302	174	"success"	"pgls5_castespolymorphic"
"OG0002847_00"	0.0105492271010437	0.275160854670048	0.93841397880013	"1e-05 to 1"	0.00743820797601592	0.0016674998828532	174	"success"	"pgls5_castespolymorphic"
"OG0002848_00"	-0.000368591409522729	0.939259803965151	1e-05	"1e-05 to 1"	3.61765793033825e-05	-0.00577756658011919	174	"success"	"pgls5_castespolymorphic"
"OG0002849_00"	-0.0088583097013144	0.221576768324622	0.948317282566523	"1e-05 to 1"	0.0096240580468116	0.0038660583842931	174	"success"	"pgls5_castespolymorphic"
"OG0002850_00"	-0.000129725325795472	0.987855495467243	1	"1e-05 to 1"	1.43462402963403e-06	-0.00581251052350495	174	"success"	"pgls5_castespolymorphic"
"OG0002851_00"	-0.000491908446820811	0.532672941988526	1e-05	"1e-05 to 1"	0.00243769891571023	-0.00336208190454723	174	"success"	"pgls5_castespolymorphic"
"OG0002852_00"	0.0292343573486786	0.0197556256947808	0.190663763668054	"1e-05 to 1"	0.0336985163404248	0.0280804844586832	174	"success"	"pgls5_castespolymorphic"
"OG0002853_00"	-0.0103390479581424	0.439418460278858	0.814881994162157	"1e-05 to 1"	0.00369468771165798	-0.00209778503420455	174	"success"	"pgls5_castespolymorphic"
"OG0002854_00"	0.0177024873396487	0.0310424355135428	0.912494830565988	"1e-05 to 1"	0.0285596693337278	0.0229117604345053	174	"success"	"pgls5_castespolymorphic"
"OG0002855_00"	-0.00444325689798941	0.506463466266086	1	"1e-05 to 1"	0.0028526497207635	-0.00294471859481349	174	"success"	"pgls5_castespolymorphic"
"OG0002856_00"	-0.0128412628395637	0.351543934916158	0.91021168629839	"1e-05 to 1"	0.0054264192018879	-0.000355985337636033	174	"success"	"pgls5_castespolymorphic"
"OG0002857_00"	-0.00866514459880967	0.378006956706835	1e-05	"1e-05 to 1"	0.00483046896605776	-0.000955400400418638	174	"success"	"pgls5_castespolymorphic"
"OG0002858_00"	0.0101544612067529	0.592682486399525	1	"1e-05 to 1"	0.0018625814812189	-0.0039405430450532	174	"success"	"pgls5_castespolymorphic"
"OG0002859_00"	0.00290019963351064	0.346544061879234	1	"1e-05 to 1"	0.00547145484574077	-0.000310687858644521	174	"success"	"pgls5_castespolymorphic"
"OG0002860_00"	-0.00956074357951984	0.177407548677227	1e-05	"1e-05 to 1"	0.0112011553431872	0.00545232485099645	174	"success"	"pgls5_castespolymorphic"
"OG0002861_00"	0.00884139990023482	0.226786814007425	1	"1e-05 to 1"	0.00900497244306045	0.00324337344563641	174	"success"	"pgls5_castespolymorphic"
"OG0002862_00"	-0.00800892868638143	0.611012444334283	1	"1e-05 to 1"	0.00161055140815441	-0.00419403840924004	174	"success"	"pgls5_castespolymorphic"
"OG0002863_00"	-0.0125488218526736	0.27874544961726	1e-05	"1e-05 to 1"	0.00728293516870658	0.00151132432666412	174	"success"	"pgls5_castespolymorphic"
"OG0002864_00"	0.00389659752018261	0.555759755550798	0.993218178093187	"1e-05 to 1"	0.00216026403052603	-0.00364112978324993	174	"success"	"pgls5_castespolymorphic"
"OG0002865_00"	-0.00291869782942831	0.829825372965418	0.770916644490809	"1e-05 to 1"	0.000285982396448698	-0.00552630840357193	174	"success"	"pgls5_castespolymorphic"
"OG0002866_00"	-0.00724268259310318	0.713680672673008	0.819049254654655	"1e-05 to 1"	0.000833260473749056	-0.00497584847698485	174	"success"	"pgls5_castespolymorphic"
"OG0002867_00"	0.00705162941161899	0.356668693782637	0.72483453286971	"1e-05 to 1"	0.00527937000838898	-0.000503889468306484	174	"success"	"pgls5_castespolymorphic"
"OG0002868_00"	0.00894179505572386	0.21478336713392	1e-05	"1e-05 to 1"	0.00978488902746561	0.00402782442878824	174	"success"	"pgls5_castespolymorphic"
"OG0002869_00"	0.0175570069668886	0.274329500666485	0.64921276837689	"1e-05 to 1"	0.00746392383863656	0.00169336525630315	174	"success"	"pgls5_castespolymorphic"
"OG0002870_00"	-0.00433877398728934	0.39437061492527	1	"1e-05 to 1"	0.00453775567137922	-0.00124981551657788	174	"success"	"pgls5_castespolymorphic"
"OG0002871_00"	-0.00307197541669288	0.59650920820262	0.903919226427775	"1e-05 to 1"	0.00175577056093314	-0.00404797495906162	174	"success"	"pgls5_castespolymorphic"
"OG0002872_00"	-0.00298104746378129	0.552269102507922	1	"1e-05 to 1"	0.00231381534294928	-0.00348668573063837	174	"success"	"pgls5_castespolymorphic"
"OG0002873_00"	-0.00417092944694198	0.441074794462667	1	"1e-05 to 1"	0.00457236662103272	-0.00121500334047298	174	"success"	"pgls5_castespolymorphic"
"OG0002874_00"	-0.0026528795980506	0.609269741822781	1	"1e-05 to 1"	0.0016162672761189	-0.00418828930948512	174	"success"	"pgls5_castespolymorphic"
"OG0002875_00"	0.00762694084292218	0.387275289831654	0.989861801058374	"1e-05 to 1"	0.00482634144596507	-0.000959551917721235	174	"success"	"pgls5_castespolymorphic"
"OG0002876_00"	0.0193573797943069	0.169438844507927	1	"1e-05 to 1"	0.0117665027502252	0.00602095916156364	174	"success"	"pgls5_castespolymorphic"
"OG0002877_00"	-0.00271129119586521	0.6542856042114	1	"1e-05 to 1"	0.00124095463959924	-0.00456578399621699	174	"success"	"pgls5_castespolymorphic"
"OG0002878_00"	-0.0190443195039349	0.27383145130531	0.582740245257281	"1e-05 to 1"	0.00743295010169547	0.00166221143949596	174	"success"	"pgls5_castespolymorphic"
"OG0002879_00"	0.0151936273930974	0.382084416276926	0.653765257523633	"1e-05 to 1"	0.00480846427621869	-0.000977533024500987	174	"success"	"pgls5_castespolymorphic"
"OG0002880_00"	-0.00334836197068709	0.385114564688747	0.507222102799887	"1e-05 to 1"	0.00468870598265777	-0.00109798758721036	174	"success"	"pgls5_castespolymorphic"
"OG0002881_00"	0.00717340025742022	0.518986217401539	1e-05	"1e-05 to 1"	0.00258795513873046	-0.00321095209883504	174	"success"	"pgls5_castespolymorphic"
"OG0002882_00"	0.0064912872570817	0.38493856952145	1e-05	"1e-05 to 1"	0.00475123723196504	-0.00103509278412828	174	"success"	"pgls5_castespolymorphic"
"OG0002883_00"	0.0100969078803896	0.238648737061327	1e-05	"1e-05 to 1"	0.00883326551496966	0.00307066822145197	174	"success"	"pgls5_castespolymorphic"
"OG0002884_00"	0.000789961032584975	0.956308619519777	1e-05	"1e-05 to 1"	1.85851982164966e-05	-0.00579526023667754	174	"success"	"pgls5_castespolymorphic"
"OG0002885_00"	0.0064218527641583	0.384310686382514	0.723294021176587	"1e-05 to 1"	0.00473397932807937	-0.00105245102466434	174	"success"	"pgls5_castespolymorphic"
"OG0002886_00"	0.009677322804477	0.20534211220299	1	"1e-05 to 1"	0.0103278693099826	0.00457396157341283	174	"success"	"pgls5_castespolymorphic"
"OG0002887_00"	-0.00565068134942691	0.140686014348309	1e-05	"1e-05 to 1"	0.0135154907965459	0.0077801157430375	174	"success"	"pgls5_castespolymorphic"
"OG0002888_00"	-0.00180077692771918	0.807093653678244	1	"1e-05 to 1"	0.000373736805000055	-0.00543804379497081	174	"success"	"pgls5_castespolymorphic"
"OG0002889_00"	0.00962878485870928	0.595653287953863	1	"1e-05 to 1"	0.00176396113127138	-0.00403973676912828	174	"success"	"pgls5_castespolymorphic"
"OG0002890_00"	0.0689257980990318	0.000243946310555909	0.808384564475182	"1e-05 to 1"	0.0804299616882207	0.0750836242561755	174	"success"	"pgls5_castespolymorphic"
"OG0002891_00"	0.00621706232637629	0.401394185236058	0.994697127324485	"1e-05 to 1"	0.00443267869471893	-0.00135550340589319	174	"success"	"pgls5_castespolymorphic"
"OG0002892_00"	-0.00510103953074781	0.474160406703101	1	"1e-05 to 1"	0.00322671392755424	-0.00256847959612272	174	"success"	"pgls5_castespolymorphic"
"OG0002893_00"	0.0155109641680771	0.152735665025629	1	"1e-05 to 1"	0.0127376001504663	0.00699770247692255	174	"success"	"pgls5_castespolymorphic"
"OG0002894_00"	-0.0017583541599819	0.750365418429471	1	"1e-05 to 1"	0.000630478607525427	-0.00517980930754702	174	"success"	"pgls5_castespolymorphic"
"OG0002895_00"	0.00423672045047674	0.703719574976073	1	"1e-05 to 1"	0.000900719299828085	-0.00490799744842874	174	"success"	"pgls5_castespolymorphic"
"OG0002896_00"	0.00196151045220854	0.615753444632024	1	"1e-05 to 1"	0.0015979600206264	-0.00420670300250947	174	"success"	"pgls5_castespolymorphic"
"OG0002897_00"	0.00385539700290248	0.417878145719385	1e-05	"1e-05 to 1"	0.00426625220367307	-0.0015228974928172	174	"success"	"pgls5_castespolymorphic"
"OG0002898_00"	-0.0137943090039182	0.123700676196387	0.690008124879016	"1e-05 to 1"	0.0149337602439095	0.00920663094300211	174	"success"	"pgls5_castespolymorphic"
"OG0002899_00"	0.00619379759055287	0.709570794609521	0.885396348304381	"1e-05 to 1"	0.000858487864148925	-0.00495047441571073	174	"success"	"pgls5_castespolymorphic"
"OG0002900_00"	-0.0129363031964505	0.601396033854126	1	"1e-05 to 1"	0.00173116006042647	-0.00407272854387331	174	"success"	"pgls5_castespolymorphic"
"OG0002901_00"	0.00566386661080666	0.716739828201058	1	"1e-05 to 1"	0.000819833358776614	-0.00498935365657927	174	"success"	"pgls5_castespolymorphic"
"OG0002903_00"	-0.02701783548774	0.00889234604474343	1	"1e-05 to 1"	0.0459499062239235	0.0404031033531324	174	"success"	"pgls5_castespolymorphic"
"OG0002906_00"	-0.00865757754699741	0.0471627338815048	1	"1e-05 to 1"	0.0353374929676406	0.0297289900197779	174	"success"	"pgls5_castespolymorphic"
"OG0002907_00"	0.00326278611300182	0.0985597619798673	1e-05	"1e-05 to 1"	0.0168573576993405	0.0111414121045692	174	"success"	"pgls5_castespolymorphic"
"OG0002908_00"	0.0263720521623214	0.127503704951187	1	"1e-05 to 1"	0.0145468889644505	0.00881751041191825	174	"success"	"pgls5_castespolymorphic"
"OG0002909_00"	0.0109068624052123	0.4055296941371	0.992694209905211	"1e-05 to 1"	0.00430140133656179	-0.00148754400450479	174	"success"	"pgls5_castespolymorphic"
"OG0002910_00"	0.00643594521148551	0.691290033024733	1	"1e-05 to 1"	0.00100710616291481	-0.00480099205706841	174	"success"	"pgls5_castespolymorphic"
"OG0002911_00"	-0.0191633325660134	0.145218442009068	0.682239636924191	"1e-05 to 1"	0.0131326579427325	0.0073950571168182	174	"success"	"pgls5_castespolymorphic"
"OG0002913_00"	-0.00546214837849215	0.483135244004311	0.823354930837638	"1e-05 to 1"	0.0030593308381954	-0.00273683584297779	174	"success"	"pgls5_castespolymorphic"
"OG0002914_00"	0.00483364900057525	0.309048527105271	1e-05	"1e-05 to 1"	0.00646634300602028	0.000689984535125032	174	"success"	"pgls5_castespolymorphic"
"OG0002915_00"	0.0174662228066392	0.0417067460181297	1e-05	"1e-05 to 1"	0.027539663280913	0.0218858241139417	174	"success"	"pgls5_castespolymorphic"
"OG0002916_00"	-0.00784715857789592	0.323939901964361	1e-05	"1e-05 to 1"	0.0060437591014348	0.000264943747373514	174	"success"	"pgls5_castespolymorphic"
"OG0002917_00"	0.0052263874419634	0.800845564928368	0.959985297138865	"1e-05 to 1"	0.000425536052291163	-0.00538594338926535	174	"success"	"pgls5_castespolymorphic"
"OG0002918_00"	-0.0245367049085998	0.169962346850719	1	"1e-05 to 1"	0.0122732997311183	0.00653070263653177	174	"success"	"pgls5_castespolymorphic"
"OG0002919_00"	-0.00702392389693051	0.409460793842086	1e-05	"1e-05 to 1"	0.0042833028265838	-0.00150574773837797	174	"success"	"pgls5_castespolymorphic"
"OG0002920_00"	0.00851915993556617	0.181277815906576	1e-05	"1e-05 to 1"	0.0111418722007541	0.00539269703913048	174	"success"	"pgls5_castespolymorphic"
"OG0002921_00"	0.0132411439731165	0.0644548340457751	1e-05	"1e-05 to 1"	0.0245576419945622	0.0188864654945305	174	"success"	"pgls5_castespolymorphic"
"OG0002922_00"	0.00484735318414959	0.152290664785182	1	"1e-05 to 1"	0.0140807877292199	0.00834869928578519	174	"success"	"pgls5_castespolymorphic"
"OG0002923_00"	-0.0246138046950684	0.225723778592421	0.806898365282726	"1e-05 to 1"	0.00915902305347937	0.00339831969913917	174	"success"	"pgls5_castespolymorphic"
"OG0002924_00"	0.0123482597102259	0.211237098360137	0.180347737893226	"1e-05 to 1"	0.00975099275199012	0.00399373108194356	174	"success"	"pgls5_castespolymorphic"
"OG0002925_00"	0.00439227409136037	0.18801373691394	1e-05	"1e-05 to 1"	0.0107400429857448	0.00498853160775503	174	"success"	"pgls5_castespolymorphic"
"OG0002926_00"	-0.00927795949843177	0.480369167315998	0.74520473238009	"1e-05 to 1"	0.00319759118648328	-0.00259777165545572	174	"success"	"pgls5_castespolymorphic"
"OG0002927_00"	0.00197404892126601	0.742720906821273	0.434461953653963	"1e-05 to 1"	0.000666954190050116	-0.00514312165768205	174	"success"	"pgls5_castespolymorphic"
"OG0002928_00"	-0.00291872871292368	0.810762188581555	1	"1e-05 to 1"	0.000703210179358688	-0.00510665487773809	174	"success"	"pgls5_castespolymorphic"
"OG0002929_00"	0.00743642937329724	0.231813498362845	0.898731790903992	"1e-05 to 1"	0.00897956015727244	0.00321781341400085	174	"success"	"pgls5_castespolymorphic"
"OG0002930_00"	-0.00548509571927166	0.324767122507769	1	"1e-05 to 1"	0.00621625660001754	0.000438444138389782	174	"success"	"pgls5_castespolymorphic"
"OG0002931_00"	-0.00321193164366961	0.624877600422163	1e-05	"1e-05 to 1"	0.00149774958616002	-0.00430749605578096	174	"success"	"pgls5_castespolymorphic"
"OG0002932_00"	0.0117910546928043	0.2450194739435	0.844088574001585	"1e-05 to 1"	0.00838502740770518	0.00261982407868011	174	"success"	"pgls5_castespolymorphic"
"OG0002933_00"	0.0119375173080729	0.134012578783069	1	"1e-05 to 1"	0.0138070615757036	0.0080733817011438	174	"success"	"pgls5_castespolymorphic"
"OG0002934_00"	-0.00696114056937424	0.336509693678642	0.748918859976185	"1e-05 to 1"	0.00577434512589602	-6.03658848818966e-06	174	"success"	"pgls5_castespolymorphic"
"OG0002935_00"	0.00722387410220998	0.12517600009759	1e-05	"1e-05 to 1"	0.0144537347024363	0.00872381455535753	174	"success"	"pgls5_castespolymorphic"
"OG0002936_00"	0.0226870686124816	0.0974376057654271	0.95767082528949	"1e-05 to 1"	0.0169694227761866	0.0112541287225598	174	"success"	"pgls5_castespolymorphic"
"OG0002937_00"	-0.00531194379399133	0.645801868514767	1	"1e-05 to 1"	0.00190977364068228	-0.00389307651256954	174	"success"	"pgls5_castespolymorphic"
"OG0002938_00"	0.00624670717694336	0.424047739628902	1	"1e-05 to 1"	0.00394924832845578	-0.00184174441382079	174	"success"	"pgls5_castespolymorphic"
"OG0002939_00"	0.000417891477184953	0.968065885874749	1	"1e-05 to 1"	1.00483930292502e-05	-0.00580384667445322	174	"success"	"pgls5_castespolymorphic"
"OG0002940_00"	0.0261422645550483	0.128309759003481	1e-05	"1e-05 to 1"	0.014669706906082	0.00894104241134996	174	"success"	"pgls5_castespolymorphic"
"OG0002941_00"	-0.00918592015561152	0.582709306307579	1	"1e-05 to 1"	0.00187906380721164	-0.00392396489158364	174	"success"	"pgls5_castespolymorphic"
"OG0002942_00"	-0.000731642481967564	0.973403326561336	1	"1e-05 to 1"	1.3473194216996e-05	-0.00580040196163067	174	"success"	"pgls5_castespolymorphic"
"OG0002943_00"	-0.00341679518777189	0.359167598518908	1	"1e-05 to 1"	0.00642215325090442	0.000645537862828283	174	"success"	"pgls5_castespolymorphic"
"OG0002944_00"	-0.00348663359672241	0.592623272114799	1	"1e-05 to 1"	0.00179315275014737	-0.00401037543153793	174	"success"	"pgls5_castespolymorphic"
"OG0002945_00"	-0.00875577521871387	0.675672916728009	1	"1e-05 to 1"	0.00108997746537173	-0.00471763894471322	174	"success"	"pgls5_castespolymorphic"
"OG0002946_00"	-0.00441170224111468	0.635692370058716	0.410063146916077	"1e-05 to 1"	0.00139727248997283	-0.00440855732113188	174	"success"	"pgls5_castespolymorphic"
"OG0002947_00"	-0.00931144936378039	0.274634596265192	0.858226010353352	"1e-05 to 1"	0.00736250163239217	0.00159135338606875	174	"success"	"pgls5_castespolymorphic"
"OG0002948_00"	-0.0265563634517131	0.0511074271537821	1	"1e-05 to 1"	0.0232832263673374	0.0176046404741242	174	"success"	"pgls5_castespolymorphic"
"OG0002949_00"	-0.00302372601538571	0.526476254575289	1	"1e-05 to 1"	0.00252794096330436	-0.00327131519388568	174	"success"	"pgls5_castespolymorphic"
"OG0002950_00"	-0.00797650306519205	0.389570150581764	1	"1e-05 to 1"	0.00463049207298538	-0.0011565399498461	174	"success"	"pgls5_castespolymorphic"
"OG0002952_00"	-0.00558974872614112	0.540261448981375	0.980898070319862	"1e-05 to 1"	0.00234866913971916	-0.0034516292955149	174	"success"	"pgls5_castespolymorphic"
"OG0002953_00"	0.0179040313220199	0.304615101680149	0.63696499040049	"1e-05 to 1"	0.00666892149877646	0.000893740809815857	174	"success"	"pgls5_castespolymorphic"
"OG0002954_00"	-0.00208240952325046	0.822137567681364	0.684810216743244	"1e-05 to 1"	0.000312850324413384	-0.00549928426672386	174	"success"	"pgls5_castespolymorphic"
"OG0002955_00"	0.0437650913468368	0.00519011349458776	1	"1e-05 to 1"	0.0489958466387241	0.043466752723833	174	"success"	"pgls5_castespolymorphic"
"OG0002956_00"	-0.00704078335690909	0.162595652602313	0.896426086673225	"1e-05 to 1"	0.0120754262879669	0.00633167876638541	174	"success"	"pgls5_castespolymorphic"
"OG0002957_00"	0.00653466861855193	0.677297859804012	0.795509504987292	"1e-05 to 1"	0.00108519529471773	-0.00472244891868501	174	"success"	"pgls5_castespolymorphic"
"OG0002958_00"	-0.00232518455036176	0.840318900331255	1	"1e-05 to 1"	0.000254489483736361	-0.00555798441461408	174	"success"	"pgls5_castespolymorphic"
"OG0002959_00"	-0.00557948375749749	0.631158625968097	0.983580042067992	"0.001 to 1"	0.00175124849005704	-0.00405252332104733	174	"success"	"pgls5_castespolymorphic"
"OG0002960_00"	0.00631796223261647	0.49687450736233	0.677551572972473	"1e-05 to 1"	0.00292652208597305	-0.00287041673910848	174	"success"	"pgls5_castespolymorphic"
"OG0002961_00"	-0.014180863344855	0.558118810037968	1	"1e-05 to 1"	0.00213460326216248	-0.00366693974212717	174	"success"	"pgls5_castespolymorphic"
"OG0002962_00"	0.0190764403471378	0.174762768422622	0.38990318592708	"1e-05 to 1"	0.0144525159918615	0.00872258875925602	174	"success"	"pgls5_castespolymorphic"
"OG0002964_00"	-0.00663691870299775	0.337283901227539	0.931129352243499	"1e-05 to 1"	0.00575592297900969	-2.45658408797311e-05	174	"success"	"pgls5_castespolymorphic"
"OG0002965_00"	-0.0120167721101311	0.3972345699725	1	"1e-05 to 1"	0.00445532447205082	-0.00133272596706524	174	"success"	"pgls5_castespolymorphic"
"OG0002966_00"	0.0078304362591744	0.279497402882841	1	"1e-05 to 1"	0.00735154459634608	0.00158033264632496	174	"success"	"pgls5_castespolymorphic"
"OG0002967_00"	-0.00784254713378274	0.451992742630821	1	"1e-05 to 1"	0.00358496479198594	-0.00220814587782803	174	"success"	"pgls5_castespolymorphic"
"OG0002969_00"	0.0157575156186153	0.213576666083612	0.569846714733597	"1e-05 to 1"	0.0095923482326955	0.00383416421079263	174	"success"	"pgls5_castespolymorphic"
"OG0002970_00"	0.00115829563059396	0.915581111158158	1	"1e-05 to 1"	7.04443913430263e-05	-0.00574309953661434	174	"success"	"pgls5_castespolymorphic"
"OG0002971_00"	0.0147301477933887	0.389420688397475	1	"1e-05 to 1"	0.00457615808148652	-0.00121118983664448	174	"success"	"pgls5_castespolymorphic"
"OG0002972_00"	-0.0166942196687542	0.340264228423047	1	"1e-05 to 1"	0.00937977067012897	0.00362035073216449	174	"success"	"pgls5_castespolymorphic"
"OG0002973_00"	-0.00325177655675426	0.533482478124643	1e-05	"1e-05 to 1"	0.00242809211517937	-0.0033717445585697	174	"success"	"pgls5_castespolymorphic"
"OG0002974_00"	-1.78037072131138e-05	0.998713316142687	1	"1e-05 to 1"	1.61023531961739e-08	-0.00581393729240065	174	"success"	"pgls5_castespolymorphic"
"OG0002975_00"	0.00370040857983177	0.552059759471897	1e-05	"1e-05 to 1"	0.00222866819140765	-0.00357232792375872	174	"success"	"pgls5_castespolymorphic"
"OG0002976_00"	-0.00745106833512032	0.456552222788928	1	"1e-05 to 1"	0.00346939556192013	-0.0023243870220222	174	"success"	"pgls5_castespolymorphic"
"OG0002977_00"	-0.0040709956773522	0.67042978305086	1e-05	"1e-05 to 1"	0.00112770555949357	-0.00467969150120706	174	"success"	"pgls5_castespolymorphic"
"OG0002978_00"	-0.0132465737991413	0.478617141459279	0.954466385452515	"1e-05 to 1"	0.00314244842451962	-0.00265323501487269	174	"success"	"pgls5_castespolymorphic"
"OG0002979_00"	-0.0103299602958473	0.173956770310352	1	"1e-05 to 1"	0.0114510389824669	0.00570366130213251	174	"success"	"pgls5_castespolymorphic"
"OG0002980_00"	-0.00523916958001537	0.57923430357306	0.625910459675395	"1e-05 to 1"	0.00196275123848153	-0.00383979090548081	174	"success"	"pgls5_castespolymorphic"
"OG0002981_00"	0.00637621576571839	0.0543353387253749	1	"1e-05 to 1"	0.0275551817915869	0.0219014328485148	174	"success"	"pgls5_castespolymorphic"
"OG0002982_00"	0.0124607036101646	0.401031258576741	0.871416398768174	"1e-05 to 1"	0.0043843027623643	-0.00140416059366832	174	"success"	"pgls5_castespolymorphic"
"OG0002983_00"	0.0112279750621262	0.093950043008441	1	"1e-05 to 1"	0.017326817507122	0.0116136013298379	174	"success"	"pgls5_castespolymorphic"
"OG0002984_00"	0.029666221047226	0.0729984479953569	0.899574804908826	"1e-05 to 1"	0.0199503054225608	0.0142523420819944	174	"success"	"pgls5_castespolymorphic"
"OG0002985_00"	-0.00759607012105506	0.280052074812744	1e-05	"1e-05 to 1"	0.00728885005251333	0.00151727359933018	174	"success"	"pgls5_castespolymorphic"
"OG0002986_00"	0.0306000832752805	0.231022478101682	0.216544999913681	"1e-05 to 1"	0.00948656580822073	0.00372776677222209	174	"success"	"pgls5_castespolymorphic"
"OG0002987_00"	-0.00188480026225893	0.747243852569766	1e-05	"1e-05 to 1"	0.000663428831291588	-0.00514666751271253	174	"success"	"pgls5_castespolymorphic"
"OG0002989_00"	-0.00904151714824447	0.402433487427156	0.646875056087538	"1e-05 to 1"	0.00461662524049989	-0.00117048740345083	174	"success"	"pgls5_castespolymorphic"
"OG0002990_00"	-0.0212252253421493	0.158336827810136	1e-05	"1e-05 to 1"	0.0222347971812125	0.0165501157694753	174	"success"	"pgls5_castespolymorphic"
"OG0002991_00"	-0.00503552701513881	0.0720217551199549	1	"1e-05 to 1"	0.0199619221632014	0.0142640263618247	174	"success"	"pgls5_castespolymorphic"
"OG0002992_00"	0.00961232720746121	0.640942453472727	0.938631005011617	"1e-05 to 1"	0.00137136506359739	-0.00443461537207934	174	"success"	"pgls5_castespolymorphic"
"OG0002993_00"	0.00867321172579409	0.281947086247578	1	"1e-05 to 1"	0.00723185941341389	0.00145995161930579	174	"success"	"pgls5_castespolymorphic"
"OG0002994_00"	0.0283449877035438	0.0349039983091552	1e-05	"1e-05 to 1"	0.0275129327775535	0.0218589382006787	174	"success"	"pgls5_castespolymorphic"
"OG0002995_00"	-0.00561610669457095	0.387124338239645	1	"1e-05 to 1"	0.00464928840855907	-0.00113763433325165	174	"success"	"pgls5_castespolymorphic"
"OG0002996_00"	-0.00373926409181364	0.519841794743768	0.264593109439031	"1e-05 to 1"	0.002577388650036	-0.00322158002060324	174	"success"	"pgls5_castespolymorphic"
"OG0002997_00"	0.0378918135240597	0.0131074338849337	0.621780424960705	"1e-05 to 1"	0.0380851919109664	0.0324926639569604	174	"success"	"pgls5_castespolymorphic"
"OG0002998_00"	0.000762454669831937	0.927910003109918	1	"1e-05 to 1"	5.13192463736651e-05	-0.00576233587428709	174	"success"	"pgls5_castespolymorphic"
"OG0002999_00"	0.00305338320410471	0.364018146815644	0.726023663771049	"1e-05 to 1"	0.00518510972422619	-0.000598697777377089	174	"success"	"pgls5_castespolymorphic"
"OG0003000_00"	-0.00466313872812795	0.550973569317943	1	"1e-05 to 1"	0.00222682095198864	-0.00357418590294167	174	"success"	"pgls5_castespolymorphic"
"OG0003001_00"	0.00345948369862394	0.841992271006107	0.865573481157247	"1e-05 to 1"	0.000246028843004754	-0.00556649424511746	174	"success"	"pgls5_castespolymorphic"
"OG0003002_00"	0.0147094282528036	0.106549794625268	1	"1e-05 to 1"	0.0160973145751801	0.0103769501250358	174	"success"	"pgls5_castespolymorphic"
"OG0003003_00"	-0.00671354984610534	0.639760892917528	1e-05	"1e-05 to 1"	0.00136389071680133	-0.00444213317438003	174	"success"	"pgls5_castespolymorphic"
"OG0003004_00"	-3.82322823491554e-05	0.995828630293465	1e-05	"1e-05 to 1"	1.8405695968461e-07	-0.00581376836131375	174	"success"	"pgls5_castespolymorphic"
"OG0003005_00"	0.0176650110795235	0.355854676390506	0.438569859316989	"1e-05 to 1"	0.00661198311190715	0.000836471385813664	174	"success"	"pgls5_castespolymorphic"
"OG0003006_00"	0.000388829412241254	0.968571126109934	1	"1e-05 to 1"	9.61226046148293e-06	-0.00580428534267541	174	"success"	"pgls5_castespolymorphic"
"OG0003007_00"	0.00555928892321788	0.706270282653737	0.846325571492875	"1e-05 to 1"	0.000930911552219602	-0.00487762965968619	174	"success"	"pgls5_castespolymorphic"
"OG0003008_00"	0.0361356575528124	0.163621400351547	0.810839706762264	"1e-05 to 1"	0.0120170474783114	0.00627296054504567	174	"success"	"pgls5_castespolymorphic"
"OG0003009_00"	-0.0100110878473565	0.457290943787639	1e-05	"1e-05 to 1"	0.00350187953613222	-0.00229171418749496	174	"success"	"pgls5_castespolymorphic"
"OG0003010_00"	-0.00523967143145584	0.641207729580846	0.940202479810804	"0.001 to 1"	0.00135213792371194	-0.00445395429766182	174	"success"	"pgls5_castespolymorphic"
"OG0003011_00"	-0.00457997036679382	0.556035923692928	1	"1e-05 to 1"	0.00214390623995355	-0.00365758267725602	174	"success"	"pgls5_castespolymorphic"
"OG0003012_00"	-0.00146662457776002	0.762264166099368	1	"1e-05 to 1"	0.000584564796919307	-0.00522599005891267	174	"success"	"pgls5_castespolymorphic"
"OG0003013_00"	-0.00474812940574541	0.589140053890036	0.765253568111893	"1e-05 to 1"	0.00182709163581223	-0.00397623922677037	174	"success"	"pgls5_castespolymorphic"
"OG0003014_00"	0.0125242487301291	0.183015710595311	0.829207395719853	"1e-05 to 1"	0.0109856304953704	0.00523554695173878	174	"success"	"pgls5_castespolymorphic"
"OG0003015_00"	0.0039961671724616	0.576664571034202	1e-05	"1e-05 to 1"	0.0019398997147492	-0.00386277528690937	174	"success"	"pgls5_castespolymorphic"
"OG0003016_00"	0.0106110577918716	0.713464836546496	0.978798538718831	"1e-05 to 1"	0.000839772316571713	-0.00496929877461105	174	"success"	"pgls5_castespolymorphic"
"OG0003017_00"	0.0214870184731002	0.139731841999822	0.630210522892426	"1e-05 to 1"	0.0137514978994417	0.0080174949802525	174	"success"	"pgls5_castespolymorphic"
"OG0003019_00"	0.0162463224640079	0.270422570339882	0.604223265151999	"1e-05 to 1"	0.00753900174120327	0.0017688796583033	174	"success"	"pgls5_castespolymorphic"
"OG0003020_00"	-0.00161365350929096	0.844507520853561	1	"1e-05 to 1"	0.000242666018665389	-0.00556987662076103	174	"success"	"pgls5_castespolymorphic"
"OG0003021_00"	-0.000552228474671837	0.975748970675877	0.121894108386637	"1e-05 to 1"	7.79812311223252e-06	-0.00580611002733478	174	"success"	"pgls5_castespolymorphic"
"OG0003022_00"	0.0104079199060779	0.117553738411672	1e-05	"1e-05 to 1"	0.0153360279077011	0.00961123737228087	174	"success"	"pgls5_castespolymorphic"
"OG0003023_00"	0.00490455087739481	0.50806217585503	1	"1e-05 to 1"	0.00270873168274096	-0.00308947336561505	174	"success"	"pgls5_castespolymorphic"
"OG0003024_00"	0.0149265967599276	0.0515727657930674	0.524807378518092	"1e-05 to 1"	0.0240754170431572	0.0184014369096871	174	"success"	"pgls5_castespolymorphic"
"OG0003025_00"	-0.00169824251480597	0.737189353701899	1	"1e-05 to 1"	0.000701385166180722	-0.00510849050145779	174	"success"	"pgls5_castespolymorphic"
"OG0003026_00"	0.00167726577243201	0.581563346133791	1e-05	"1e-05 to 1"	0.00187880538951418	-0.00392422481170973	174	"success"	"pgls5_castespolymorphic"
"OG0003027_00"	-0.0127098463505577	0.466931940756927	0.0574670404430519	"1e-05 to 1"	0.00333338523866734	-0.00246118810296836	174	"success"	"pgls5_castespolymorphic"
"OG0003028_00"	0.00176218595966159	0.100910364377524	1e-05	"1e-05 to 1"	0.0168350450557828	0.0111189697363396	174	"success"	"pgls5_castespolymorphic"
"OG0003029_00"	0.0248227601150248	0.0293536774707761	1	"1e-05 to 1"	0.0291413549937701	0.0234968279879199	174	"success"	"pgls5_castespolymorphic"
"OG0003030_00"	-6.57209918211235e-05	0.992752103115564	1	"1e-05 to 1"	6.79165680755552e-07	-0.00581327037405366	174	"success"	"pgls5_castespolymorphic"
"OG0003031_00"	0.0068307056363812	0.614062805570027	1	"1e-05 to 1"	0.0015930844349418	-0.00421160693462252	174	"success"	"pgls5_castespolymorphic"
"OG0003032_00"	0.0114622260722662	0.522866119544284	0.362569649797861	"1e-05 to 1"	0.00260512342065857	-0.00319368400131448	174	"success"	"pgls5_castespolymorphic"
"OG0003033_00"	-0.00124112251135719	0.925982318564488	1	"1e-05 to 1"	5.44497961002821e-05	-0.00575918712368995	174	"success"	"pgls5_castespolymorphic"
"OG0003034_00"	-0.00938093926079521	0.319809866606384	1	"1e-05 to 1"	0.00630411656265871	0.000526814914767249	174	"success"	"pgls5_castespolymorphic"
"OG0003035_00"	0.00650703429751682	0.0834576924676926	1	"1e-05 to 1"	0.0192061405933337	0.0135038507130624	174	"success"	"pgls5_castespolymorphic"
"OG0003036_00"	0.0107917435491806	0.130393018560389	1e-05	"1e-05 to 1"	0.0140660787435537	0.00833390478276042	174	"success"	"pgls5_castespolymorphic"
"OG0003037_00"	-0.00326633272838023	0.835227724442543	1	"1e-05 to 1"	0.000269524103251111	-0.00554286238452084	174	"success"	"pgls5_castespolymorphic"
"OG0003038_00"	-0.0116414277213825	0.133095030502502	0.466518894954419	"1e-05 to 1"	0.0142217635089682	0.00849049469215979	174	"success"	"pgls5_castespolymorphic"
"OG0003039_00"	0.00270436762931307	0.545854256697349	1	"1e-05 to 1"	0.00228450067797737	-0.0035161708297089	174	"success"	"pgls5_castespolymorphic"
"OG0003040_00"	0.0340782636957996	0.0608877475182659	1	"1e-05 to 1"	0.021517448792961	0.0158285967510595	174	"success"	"pgls5_castespolymorphic"
"OG0003041_00"	0.00176886941874535	0.688708673364088	1e-05	"1e-05 to 1"	0.000993228081417711	-0.00481495082508565	174	"success"	"pgls5_castespolymorphic"
"OG0003042_00"	0.00274038160322659	0.899264326126785	1	"1e-05 to 1"	0.000100466027422002	-0.00571290335613939	174	"success"	"pgls5_castespolymorphic"
"OG0003043_00"	-0.0136225211706948	0.297276804652138	1	"1e-05 to 1"	0.0067879116610246	0.0010134227753329	174	"success"	"pgls5_castespolymorphic"
"OG0003044_00"	0.0151517367270703	0.119300562252572	1e-05	"1e-05 to 1"	0.0150977704614238	0.00937159470829263	174	"success"	"pgls5_castespolymorphic"
"OG0003045_00"	0.0068862097650661	0.451100833344725	0.785396648816694	"1e-05 to 1"	0.0035991011705066	-0.00219392731106027	174	"success"	"pgls5_castespolymorphic"
"OG0003046_00"	-0.0042817471555044	0.316679313371843	1e-05	"1e-05 to 1"	0.00659600290617457	0.000820398271908052	174	"success"	"pgls5_castespolymorphic"
"OG0003047_00"	0.0180697808020929	0.232319916885168	0.955602289447654	"1e-05 to 1"	0.00879448216004487	0.00303165938190553	174	"success"	"pgls5_castespolymorphic"
"OG0003048_00"	-0.0136771182762054	0.398799834546461	0.932258085010177	"1e-05 to 1"	0.00445361282430606	-0.00133444756625045	174	"success"	"pgls5_castespolymorphic"
"OG0003049_00"	0.0179990662095206	0.299847673977355	0.771340423627615	"1e-05 to 1"	0.00663340897838628	0.000858021821283916	174	"success"	"pgls5_castespolymorphic"
"OG0003050_00"	-0.0020233981231898	0.913039110129021	1e-05	"1e-05 to 1"	7.71872173611081e-05	-0.00573631750811932	174	"success"	"pgls5_castespolymorphic"
"OG0003051_00"	0.0200273895454198	0.154438327376204	0.964408465112401	"1e-05 to 1"	0.0125550345074156	0.00681407540571444	174	"success"	"pgls5_castespolymorphic"
"OG0003052_01"	0.0121917631236051	0.17091022415935	1e-05	"1e-05 to 1"	0.0233074934013581	0.017629048595552	174	"success"	"pgls5_castespolymorphic"
"OG0003053_00"	-0.0187726882770714	0.0725615027174731	1	"1e-05 to 1"	0.0203903317706525	0.0146949267228075	174	"success"	"pgls5_castespolymorphic"
"OG0003054_00"	0.00924300168191767	0.161575882421148	0.113193296176224	"1e-05 to 1"	0.012059203244272	0.00631536140266897	174	"success"	"pgls5_castespolymorphic"
"OG0003055_00"	0.0240950844795841	0.00687266621619509	1e-05	"1e-05 to 1"	0.046480016730475	0.0409362958975126	174	"success"	"pgls5_castespolymorphic"
"OG0003056_00"	-0.00494460258424631	0.36898346509729	1	"1e-05 to 1"	0.0050159143436139	-0.000768876852062839	174	"success"	"pgls5_castespolymorphic"
"OG0003057_00"	0.00531335966211198	0.282206241763951	1	"1e-05 to 1"	0.0077571328897059	0.00198827901115772	174	"success"	"pgls5_castespolymorphic"
"OG0003058_00"	-0.000847678748234125	0.921104943141925	1	"1e-05 to 1"	6.07366417450621e-05	-0.00575286372661687	174	"success"	"pgls5_castespolymorphic"
"OG0003059_00"	0.00119683868879867	0.898562909134353	1e-05	"1e-05 to 1"	0.000101877534756579	-0.00571148364236684	174	"success"	"pgls5_castespolymorphic"
"OG0003060_00"	0.000957541900945148	0.869723604178203	1e-05	"1e-05 to 1"	0.000168631599232824	-0.00564434147286463	174	"success"	"pgls5_castespolymorphic"
"OG0003061_00"	-0.000960613475301731	0.68629644890687	1	"1e-05 to 1"	0.00102219299718213	-0.00478581750864837	174	"success"	"pgls5_castespolymorphic"
"OG0003062_00"	0.028178207234478	0.0933022220870268	0.877646253931018	"1e-05 to 1"	0.0173947785741502	0.0116819575193486	174	"success"	"pgls5_castespolymorphic"
"OG0003063_00"	0.00740307866301159	0.320783201125045	1e-05	"1e-05 to 1"	0.00612288660885031	0.00034453129843659	174	"success"	"pgls5_castespolymorphic"
"OG0003064_00"	0.0296087196345787	0.124911343395798	0.317777385764811	"1e-05 to 1"	0.0147457917932769	0.0090175696525403	174	"success"	"pgls5_castespolymorphic"
"OG0003065_00"	-0.0212207029247617	0.236774100756529	1	"1e-05 to 1"	0.00873708226321298	0.0029739257647432	174	"success"	"pgls5_castespolymorphic"
"OG0003066_00"	-0.00634372311052267	0.0259396217814531	1	"1e-05 to 1"	0.0304306470827597	0.0247936159611478	174	"success"	"pgls5_castespolymorphic"
"OG0003067_00"	-0.00237132833384966	0.845199364595303	0.93499577978157	"1e-05 to 1"	0.000243556946010545	-0.00556898051360566	174	"success"	"pgls5_castespolymorphic"
"OG0003068_00"	-0.00120390132916631	0.882741433686084	0.545817776695782	"1e-05 to 1"	0.000135533670849796	-0.00567763183106385	174	"success"	"pgls5_castespolymorphic"
"OG0003069_00"	-0.0121156631005069	0.19394397692627	0.774910584135109	"1e-05 to 1"	0.0108621735064028	0.00511137218957958	174	"success"	"pgls5_castespolymorphic"
"OG0003070_00"	-0.00483741937472118	0.441699330787221	1	"1e-05 to 1"	0.00372717055170672	-0.00206511334043458	174	"success"	"pgls5_castespolymorphic"
"OG0003071_00"	0.0104037448338164	0.0135036781890077	0.739716361560035	"1e-05 to 1"	0.0370772609435698	0.0314788729257999	174	"success"	"pgls5_castespolymorphic"
"OG0003072_00"	-0.00240795962607166	0.610666190657538	0.628116418118802	"1e-05 to 1"	0.001613678561379	-0.00419089307489195	174	"success"	"pgls5_castespolymorphic"
"OG0003073_00"	0.000920208802981646	0.930763160730506	0.985196627324267	"1e-05 to 1"	4.73274944600437e-05	-0.00576635083406041	174	"success"	"pgls5_castespolymorphic"
"OG0003074_00"	0.00706388873215054	0.196353873979534	1e-05	"1e-05 to 1"	0.010476442238084	0.00472339829760782	174	"success"	"pgls5_castespolymorphic"
"OG0003075_00"	-0.00416912019135529	0.430942799406112	1	"1e-05 to 1"	0.00388133552674711	-0.0019100520573998	174	"success"	"pgls5_castespolymorphic"
"OG0003076_00"	-0.00696499463562791	0.481994565560055	1	"1e-05 to 1"	0.00307528811649813	-0.00272078578980128	174	"success"	"pgls5_castespolymorphic"
"OG0003077_00"	-0.00923954223981418	0.475011167675256	1	"1e-05 to 1"	0.00315471721988869	-0.00264089488929797	174	"success"	"pgls5_castespolymorphic"
"OG0003078_00"	-0.00465521623855102	0.685507495511573	1	"1e-05 to 1"	0.00101490959348747	-0.00479314325771307	174	"success"	"pgls5_castespolymorphic"
"OG0003079_00"	0.00282648535479854	0.59686322284102	1	"1e-05 to 1"	0.0017414813132672	-0.00406234728374866	174	"success"	"pgls5_castespolymorphic"
"OG0003080_00"	-0.0104161548779176	0.394169435911276	0.970216703809763	"1e-05 to 1"	0.00600705806674267	0.000228029334572444	174	"success"	"pgls5_castespolymorphic"
"OG0003081_00"	-0.00524234359620476	0.293768912915897	1	"1e-05 to 1"	0.00684413924611685	0.00106997726498959	174	"success"	"pgls5_castespolymorphic"
"OG0003082_00"	0.0331405535298635	0.00365731100729816	0.501499395222852	"1e-05 to 1"	0.0509557295153248	0.0454380302683208	174	"success"	"pgls5_castespolymorphic"
"OG0003083_00"	0.00478256995726961	0.604994401164574	1	"1e-05 to 1"	0.00165514434761187	-0.00414918620850657	174	"success"	"pgls5_castespolymorphic"
"OG0003084_00"	0.0169788954419371	0.116585068150384	1e-05	"1e-05 to 1"	0.0158127034639724	0.0100906842980653	174	"success"	"pgls5_castespolymorphic"
"OG0003085_00"	-0.00237191720516819	0.823561263813885	1	"1e-05 to 1"	0.000309696555424119	-0.00550245637157931	174	"success"	"pgls5_castespolymorphic"
"OG0003086_00"	0.0154761765886547	0.353096006910818	0.92691898755279	"1e-05 to 1"	0.00532505388142182	-0.000457939991360679	174	"success"	"pgls5_castespolymorphic"
"OG0003087_00"	-0.000313618144699788	0.961405930982781	1e-05	"1e-05 to 1"	1.46802659387897e-05	-0.00579918787205003	174	"success"	"pgls5_castespolymorphic"
"OG0003088_00"	-0.00163127964830658	0.890331407592677	0.767716573265802	"1e-05 to 1"	0.000119943231363581	-0.00569331291264019	174	"success"	"pgls5_castespolymorphic"
"OG0003089_00"	-0.00221896373737123	0.700124783674591	1	"1e-05 to 1"	0.000935469489388411	-0.00487304522288246	174	"success"	"pgls5_castespolymorphic"
"OG0003090_00"	0.0176912486150233	0.314618139189393	0.968100070742047	"1e-05 to 1"	0.00639963943134295	0.000622893148966908	174	"success"	"pgls5_castespolymorphic"
"OG0003091_00"	-0.00454378776671926	0.680614399779552	0.9242001815375	"1e-05 to 1"	0.00107519383007901	-0.00473250853137408	174	"success"	"pgls5_castespolymorphic"
"OG0003092_00"	0.00733958247847318	0.350467033159253	1e-05	"1e-05 to 1"	0.0053833523619534	-0.00039930256617482	174	"success"	"pgls5_castespolymorphic"
"OG0003093_00"	-0.00873133699029997	0.499792268031814	1	"1e-05 to 1"	0.00290551405099304	-0.00289154691382687	174	"success"	"pgls5_castespolymorphic"
"OG0003094_00"	-0.0115716800147524	0.546152462149219	0.14485419287853	"1e-05 to 1"	0.0023701705008262	-0.00343000292649465	174	"success"	"pgls5_castespolymorphic"
"OG0003095_00"	-0.00491607145663911	0.411176722495117	1	"1e-05 to 1"	0.00417325979470536	-0.00161643055532545	174	"success"	"pgls5_castespolymorphic"
"OG0003096_00"	0.00490061087082111	0.530337277215921	0.990418266425291	"1e-05 to 1"	0.00243506829664226	-0.00336472781791208	174	"success"	"pgls5_castespolymorphic"
"OG0003097_00"	0.00687826791115616	0.737743714767654	0.366678571617882	"1e-05 to 1"	0.00069399502346716	-0.00511592361011748	174	"success"	"pgls5_castespolymorphic"
"OG0003098_00"	0.00224698060089775	0.726631373498886	0.651094908465886	"1e-05 to 1"	0.000756534561956175	-0.00505302046966039	174	"success"	"pgls5_castespolymorphic"
"OG0003099_00"	0.00107510406221746	0.7589076772976	1e-05	"1e-05 to 1"	0.000651666835399431	-0.00515849789230161	174	"success"	"pgls5_castespolymorphic"
"OG0003100_00"	-0.00364071166734002	0.248377143409619	1	"1e-05 to 1"	0.00831880647660862	0.00255321814217024	174	"success"	"pgls5_castespolymorphic"
"OG0003101_00"	0.00883127442010193	0.432797106779484	1	"1e-05 to 1"	0.00382631851646117	-0.00196538893402454	174	"success"	"pgls5_castespolymorphic"
"OG0003102_00"	-0.00243737883504853	0.562347548942165	1	"1e-05 to 1"	0.00271414634749822	-0.00308402722024903	174	"success"	"pgls5_castespolymorphic"
"OG0003103_00"	0.0301186728833492	0.0459531697715911	1e-05	"1e-05 to 1"	0.0248178491525725	0.0191481854848549	174	"success"	"pgls5_castespolymorphic"
"OG0003104_00"	-0.00571006972013263	0.192211831214	1e-05	"1e-05 to 1"	0.0104745981125917	0.00472154345045561	174	"success"	"pgls5_castespolymorphic"
"OG0003105_00"	0.00575902388528623	0.693116277811669	0.962668804975731	"1e-05 to 1"	0.000975897814351334	-0.00483238184951862	174	"success"	"pgls5_castespolymorphic"
"OG0003106_00"	-0.00236313664596685	0.773005291613527	1	"1e-05 to 1"	0.000531492639473989	-0.00527937077541285	174	"success"	"pgls5_castespolymorphic"
"OG0003107_00"	-0.00384845226492083	0.854624424505368	0.762464253623835	"1e-05 to 1"	0.00020784132287846	-0.00560490378570955	174	"success"	"pgls5_castespolymorphic"
"OG0003108_00"	-0.00346642703988936	0.526862006583172	0.598354190301364	"1e-05 to 1"	0.00249183101970037	-0.00330763507902243	174	"success"	"pgls5_castespolymorphic"
"OG0003109_00"	-0.002622306892977	0.794114306662417	0.962039207145761	"1e-05 to 1"	0.000498818974282247	-0.00531223440377437	174	"success"	"pgls5_castespolymorphic"
"OG0003110_00"	0.00296346999746421	0.68731925488533	1	"1e-05 to 1"	0.00100884875815946	-0.0047992393304559	174	"success"	"pgls5_castespolymorphic"
"OG0003111_00"	-0.00299282998393807	0.66921739181257	1	"1e-05 to 1"	0.00113653737451572	-0.00467080833842304	174	"success"	"pgls5_castespolymorphic"
"OG0003112_00"	0.00740385868560862	0.235483006356966	1e-05	"1e-05 to 1"	0.00867683086034868	0.00291332406302514	174	"success"	"pgls5_castespolymorphic"
"OG0003114_00"	0.000133055549257889	0.992531184329569	0.98998673427646	"1e-05 to 1"	5.52846414483926e-07	-0.00581339742773412	174	"success"	"pgls5_castespolymorphic"
"OG0003115_00"	-0.0489483639078115	0.154702249278825	0.797457944191767	"1e-05 to 1"	0.0124619198597513	0.00672041939381962	174	"success"	"pgls5_castespolymorphic"
"OG0003116_00"	0.000996540752975836	0.891342271937823	1	"1e-05 to 1"	0.00011626174507009	-0.0056970158029237	174	"success"	"pgls5_castespolymorphic"
"OG0003117_00"	0.00146779039983171	0.522481515011674	1e-05	"1e-05 to 1"	0.00327965721085399	-0.00251522850303632	174	"success"	"pgls5_castespolymorphic"
"OG0003118_00"	-0.000502770309808542	0.964352201466138	0.710671212371617	"1e-05 to 1"	1.2367933242933e-05	-0.00580151364854076	174	"success"	"pgls5_castespolymorphic"
"OG0003119_00"	0.0262970905477607	0.132560852255223	1e-05	"1e-05 to 1"	0.0140831898020087	0.00835111532411326	174	"success"	"pgls5_castespolymorphic"
"OG0003120_00"	-0.00181058790968336	0.746318892944976	1e-05	"1e-05 to 1"	0.000651810978651884	-0.00515835291100708	174	"success"	"pgls5_castespolymorphic"
"OG0003122_00"	0.00795135773738857	0.635199490011611	0.727121278424047	"1e-05 to 1"	0.00141901992548676	-0.00438668344703941	174	"success"	"pgls5_castespolymorphic"
"OG0003123_00"	-0.0135606176130479	0.0298958240360725	0.235325360959766	"1e-05 to 1"	0.0294941525774307	0.0238516767203227	174	"success"	"pgls5_castespolymorphic"
"OG0003124_00"	-0.00415197253621186	0.581902713069359	0.703541479380269	"1e-05 to 1"	0.0019352942349788	-0.00386740754272474	174	"success"	"pgls5_castespolymorphic"
"OG0003125_00"	-0.00330177200884949	0.555464727597314	1	"1e-05 to 1"	0.00219075701823678	-0.00361045951072692	174	"success"	"pgls5_castespolymorphic"
"OG0003126_00"	0.0375427284853566	0.0373291916189245	1e-05	"1e-05 to 1"	0.026649541140196	0.0209905268444995	174	"success"	"pgls5_castespolymorphic"
"OG0003127_00"	-0.0187110435465575	0.232658397346367	0.410534916988868	"1e-05 to 1"	0.00878180080830001	0.00301890430137164	174	"success"	"pgls5_castespolymorphic"
"OG0003128_00"	-0.00521815067190196	0.525755748076592	1	"1e-05 to 1"	0.00250517913510965	-0.00329420935829106	174	"success"	"pgls5_castespolymorphic"
"OG0003129_00"	0.0144603539725	0.0547223295856409	1e-05	"1e-05 to 1"	0.0227313474626446	0.0170495529711483	174	"success"	"pgls5_castespolymorphic"
"OG0003130_00"	0.00172975426252445	0.799711338602871	1e-05	"1e-05 to 1"	0.000398520445924321	-0.00541311606311101	174	"success"	"pgls5_castespolymorphic"
"OG0003131_00"	-0.00429557321807906	0.724458449594863	0.86437548010537	"1e-05 to 1"	0.000769117128446627	-0.00504036474871361	174	"success"	"pgls5_castespolymorphic"
"OG0003132_00"	0.00652850020890997	0.425586415045091	0.987673336399756	"1e-05 to 1"	0.00392314388717642	-0.0018680006251075	174	"success"	"pgls5_castespolymorphic"
"OG0003133_00"	-0.00687968510840568	0.0762371274269698	1	"1e-05 to 1"	0.0195143979902064	0.0138139003041029	174	"success"	"pgls5_castespolymorphic"
"OG0003134_00"	-0.00314070029508015	0.557863263582671	1	"1e-05 to 1"	0.00215075894733145	-0.00365069012855623	174	"success"	"pgls5_castespolymorphic"
"OG0003135_00"	-0.00647116724419049	0.484903457674173	1e-05	"1e-05 to 1"	0.00410808111254074	-0.00168198818331655	174	"success"	"pgls5_castespolymorphic"
"OG0003136_00"	0.00202827520167808	0.619055308697147	1e-05	"1e-05 to 1"	0.00154861938945121	-0.00425633049781959	174	"success"	"pgls5_castespolymorphic"
"OG0003137_00"	0.00286108123804384	0.635810639762358	1e-05	"1e-05 to 1"	0.00138765544264818	-0.00441823028152255	174	"success"	"pgls5_castespolymorphic"
"OG0003138_00"	0.00650130383753513	0.261275026457935	1e-05	"1e-05 to 1"	0.00783197164024049	0.00206355287070714	174	"success"	"pgls5_castespolymorphic"
"OG0003139_00"	0.0235872586695156	0.250917051065374	0.497788663862968	"1e-05 to 1"	0.00833447707411066	0.00256897984779725	174	"success"	"pgls5_castespolymorphic"
"OG0003140_00"	-0.00381620645260802	0.403211180097085	1	"1e-05 to 1"	0.00445474047959844	-0.00133331335482234	174	"success"	"pgls5_castespolymorphic"
"OG0003141_00"	0.0010176596794506	0.882554068100195	0.940313903317382	"1e-05 to 1"	0.000136822700257323	-0.00567633530729927	174	"success"	"pgls5_castespolymorphic"
"OG0003142_00"	-0.00116006367352528	0.816025841463378	1e-05	"1e-05 to 1"	0.000339316460740572	-0.00547266425751092	174	"success"	"pgls5_castespolymorphic"
"OG0003143_00"	-0.000565952614676433	0.965058040864788	0.816610820128429	"1e-05 to 1"	1.18826955340523e-05	-0.00580200170739875	174	"success"	"pgls5_castespolymorphic"
"OG0003144_00"	0.0272553203601346	0.000132431973008273	1	"1e-05 to 1"	0.0869876279518429	0.0816794164864467	174	"success"	"pgls5_castespolymorphic"
"OG0003145_00"	0.0165843314415436	0.152240637201391	0.522342668564494	"1e-05 to 1"	0.0127681844439485	0.00702846458606432	174	"success"	"pgls5_castespolymorphic"
"OG0003146_00"	-0.00597358572631537	0.506708770363993	1e-05	"1e-05 to 1"	0.00274299276212929	-0.00305501309390488	174	"success"	"pgls5_castespolymorphic"
"OG0003147_00"	-0.00678395785497014	0.6029933741466	0.83425161181946	"1e-05 to 1"	0.00168395955994347	-0.00412020346587094	174	"success"	"pgls5_castespolymorphic"
"OG0003148_00"	-0.00147327390548379	0.913035978090147	1e-05	"1e-05 to 1"	7.87212930191042e-05	-0.00573477451341686	174	"success"	"pgls5_castespolymorphic"
"OG0003149_00"	-0.00212246913426612	0.855060854623975	1e-05	"1e-05 to 1"	0.000207868424442153	-0.00560487652657859	174	"success"	"pgls5_castespolymorphic"
"OG0003150_00"	0.0189820225200879	0.0203958003248934	1e-05	"1e-05 to 1"	0.0339916032819315	0.0283752753940357	174	"success"	"pgls5_castespolymorphic"
"OG0003151_00"	0.00591820393172198	0.506259740712818	1e-05	"1e-05 to 1"	0.00276599548422619	-0.00303187663505167	174	"success"	"pgls5_castespolymorphic"
"OG0003152_00"	0.0221240268044346	0.0698768489931838	1	"1e-05 to 1"	0.0205176706170795	0.0148230059113649	174	"success"	"pgls5_castespolymorphic"
"OG0003153_00"	-0.00749869398108518	0.128188754898771	1e-05	"1e-05 to 1"	0.0142277427297548	0.00849650867585805	174	"success"	"pgls5_castespolymorphic"
"OG0003154_00"	-0.00620721044101875	0.587258153773826	0.838836080839359	"1e-05 to 1"	0.00190526940634416	-0.00389760693431662	174	"success"	"pgls5_castespolymorphic"
"OG0003155_00"	0.0254542002325646	0.006654890013718	0.987660697968082	"1e-05 to 1"	0.045117924696048	0.0395662847233506	174	"success"	"pgls5_castespolymorphic"
"OG0003156_00"	-0.00937277781563541	0.369591589730685	1	"1e-05 to 1"	0.00503450776511328	-0.000750175329275571	174	"success"	"pgls5_castespolymorphic"
"OG0003157_00"	0.0119589054903501	0.299141317682574	0.970396791336435	"0.001 to 1"	0.00677825406128688	0.0010037090267595	174	"success"	"pgls5_castespolymorphic"
"OG0003158_00"	0.0185968584560647	0.374733973424044	0.709854987650204	"1e-05 to 1"	0.00495865137958809	-0.000826472740298012	174	"success"	"pgls5_castespolymorphic"
"OG0003159_00"	-0.00404319011130503	0.36650164609756	0.798329578263467	"1e-05 to 1"	0.00506802668232071	-0.000716461534642443	174	"success"	"pgls5_castespolymorphic"
"OG0003160_00"	0.0225669013558024	0.0354940042340162	0.657917251996948	"1e-05 to 1"	0.0273384560952348	0.0216834471190442	174	"success"	"pgls5_castespolymorphic"
"OG0003161_00"	-0.0259759726820363	0.123722453692116	1e-05	"1e-05 to 1"	0.0145649207343584	0.00883564701769757	174	"success"	"pgls5_castespolymorphic"
"OG0003163_00"	0.00407550146701903	0.642198064157596	1e-05	"1e-05 to 1"	0.00135255030190065	-0.0044535395219254	174	"success"	"pgls5_castespolymorphic"
"OG0003164_00"	0.00606996927531449	0.468763907877866	1e-05	"1e-05 to 1"	0.00326497150725225	-0.00252999958863587	174	"success"	"pgls5_castespolymorphic"
"OG0003165_00"	-0.00448714887962956	0.720861189868137	0.983973947138623	"1e-05 to 1"	0.000800108596844281	-0.00500919309736014	174	"success"	"pgls5_castespolymorphic"
"OG0003166_00"	0.0363183962737591	0.121592799162376	1	"1e-05 to 1"	0.0149137667165294	0.0091865211741835	174	"success"	"pgls5_castespolymorphic"
"OG0003167_00"	0.0143287651797595	0.319834098974142	1	"1e-05 to 1"	0.00630348724111491	0.000526181934377257	174	"success"	"pgls5_castespolymorphic"
"OG0003168_00"	0.00426885581658816	0.826625556817017	1	"1e-05 to 1"	0.00029886209300574	-0.00551335382505824	174	"success"	"pgls5_castespolymorphic"
"OG0003169_00"	0.00766663298267803	0.0928717417338907	1e-05	"1e-05 to 1"	0.0176583280261741	0.0119470392356287	174	"success"	"pgls5_castespolymorphic"
"OG0003170_00"	0.00971012581483231	0.154395168014872	1e-05	"1e-05 to 1"	0.0126358779649423	0.00689538888334329	174	"success"	"pgls5_castespolymorphic"
"OG0003171_00"	0.0181792604575521	0.00027618751182823	1e-05	"1e-05 to 1"	0.0795709681320402	0.0742196365514125	174	"success"	"pgls5_castespolymorphic"
"OG0003172_00"	-0.00174217048873026	0.885047623707974	1	"1e-05 to 1"	0.000131861282227266	-0.00568132557078305	174	"success"	"pgls5_castespolymorphic"
"OG0003173_00"	-0.00056044824334762	0.781100508456831	1	"1e-05 to 1"	0.000487072341928237	-0.00532404933050246	174	"success"	"pgls5_castespolymorphic"
"OG0003174_00"	0.0094835288285381	0.419325278515302	1	"1e-05 to 1"	0.00413239957030391	-0.0016575283391711	174	"success"	"pgls5_castespolymorphic"
"OG0003175_00"	0.01465070326274	0.20642024271304	0.408213868745652	"1e-05 to 1"	0.00995851477178297	0.00420245962510735	174	"success"	"pgls5_castespolymorphic"
"OG0003176_00"	-0.00120827852368245	0.849669804073529	0.619264176880793	"1e-05 to 1"	0.000222421962802688	-0.00559023837462291	174	"success"	"pgls5_castespolymorphic"
"OG0003177_00"	0.00161208064025459	0.636828083132565	1	"1e-05 to 1"	0.00139659994987635	-0.00440923377134528	174	"success"	"pgls5_castespolymorphic"
"OG0003178_00"	0.00634588801348137	0.554172430736481	0.441652983506423	"1e-05 to 1"	0.00226211849744073	-0.00353868313920214	174	"success"	"pgls5_castespolymorphic"
"OG0003179_00"	-0.00349969388355888	0.77248651537172	0.953055137710664	"1e-05 to 1"	0.000537426098587791	-0.00527340281944366	174	"success"	"pgls5_castespolymorphic"
"OG0003180_00"	0.00837028186994651	0.0288908454404391	1e-05	"1e-05 to 1"	0.030820242714291	0.0251854766835602	174	"success"	"pgls5_castespolymorphic"
"OG0003181_00"	0.00439536235051911	0.664898722662446	1	"1e-05 to 1"	0.00116109882451227	-0.00464610408929866	174	"success"	"pgls5_castespolymorphic"
"OG0003182_00"	-0.00153207263201727	0.779416449535842	1e-05	"1e-05 to 1"	0.00048862937590395	-0.00532248324400353	174	"success"	"pgls5_castespolymorphic"
"OG0003183_00"	0.000795030999900562	0.956524737472239	0.918482477399261	"1e-05 to 1"	1.88689441487045e-05	-0.00579497484105973	174	"success"	"pgls5_castespolymorphic"
"OG0003184_00"	0.00358334419354078	0.679082067499933	1e-05	"1e-05 to 1"	0.00108614027920698	-0.00472149844010006	174	"success"	"pgls5_castespolymorphic"
"OG0003185_00"	-0.00143275891977647	0.877463108871772	0.929143803050801	"1e-05 to 1"	0.000149037129822189	-0.00566404986360913	174	"success"	"pgls5_castespolymorphic"
"OG0003186_00"	0.00202197016776068	0.869416569267657	0.791678406316401	"1e-05 to 1"	0.000169434536651204	-0.0056435338672054	174	"success"	"pgls5_castespolymorphic"
"OG0003187_00"	-0.0269624339579985	0.0811403128502008	0.648672588481336	"1e-05 to 1"	0.0187740652860743	0.0130692633400631	174	"success"	"pgls5_castespolymorphic"
"OG0003188_00"	0.00852700231793021	0.260225744487322	1	"1e-05 to 1"	0.00786638508874619	0.00209816639740168	174	"success"	"pgls5_castespolymorphic"
"OG0003189_00"	-6.0984429472189e-05	0.990044100051269	1	"1e-05 to 1"	9.70121454627536e-07	-0.00581297772667644	174	"success"	"pgls5_castespolymorphic"
"OG0003190_00"	0.0112490437409564	0.178351053392067	1	"1e-05 to 1"	0.0112218978756317	0.00547318797955976	174	"success"	"pgls5_castespolymorphic"
"OG0003191_00"	0.00462893400904523	0.497329536313114	0.696393354233545	"1e-05 to 1"	0.00286584043696707	-0.00293145118839955	174	"success"	"pgls5_castespolymorphic"
"OG0003192_00"	0.0237267398218941	0.16716126335112	0.87024943665969	"1e-05 to 1"	0.0117459740382613	0.00600031109662336	174	"success"	"pgls5_castespolymorphic"
"OG0003193_00"	0.000419124618719034	0.961900900651346	0.323364346072812	"1e-05 to 1"	1.448750760631e-05	-0.00579938175107042	174	"success"	"pgls5_castespolymorphic"
"OG0003194_00"	-0.0100274047259861	0.50787401490918	0.914274450973828	"0.001 to 1"	0.0027111321278251	-0.00308705896445494	174	"success"	"pgls5_castespolymorphic"
"OG0003195_00"	-0.0048648414739929	0.686810383936064	0.890390842483951	"1e-05 to 1"	0.00101231735878042	-0.0047957505635523	174	"success"	"pgls5_castespolymorphic"
"OG0003196_00"	-0.000381384453504427	0.962167879515105	1	"1e-05 to 1"	1.4949434369687e-05	-0.0057989171386863	174	"success"	"pgls5_castespolymorphic"
"OG0003197_00"	0.0146856252783271	0.107513820526239	1e-05	"1e-05 to 1"	0.0160098175930307	0.0102889444395018	174	"success"	"pgls5_castespolymorphic"
"OG0003198_00"	0.0149812476019823	0.3593262496122	1	"1e-05 to 1"	0.00672617641957648	0.000951328608062463	174	"success"	"pgls5_castespolymorphic"
"OG0003200_00"	0.00284659672444989	0.785452864392294	1	"1e-05 to 1"	0.000467419751807319	-0.00534381617986823	174	"success"	"pgls5_castespolymorphic"
"OG0003201_00"	0.0255398295144247	0.102776167533309	0.738459562841632	"1e-05 to 1"	0.0169726470324983	0.0112573717245475	174	"success"	"pgls5_castespolymorphic"
"OG0003202_00"	-0.0093349705938764	0.621479245161024	1	"1e-05 to 1"	0.0015466923673297	-0.00425826872355795	174	"success"	"pgls5_castespolymorphic"
"OG0003203_00"	-0.00968632383444818	0.323838604571515	0.957509907993521	"1e-05 to 1"	0.00608407423866027	0.000305493274931679	174	"success"	"pgls5_castespolymorphic"
"OG0003204_00"	0.00610573720178945	0.691279311793845	0.965557291512287	"1e-05 to 1"	0.000976013376803567	-0.00483226561519179	174	"success"	"pgls5_castespolymorphic"
"OG0003205_00"	0.0136646126780116	0.284981842379057	1	"1e-05 to 1"	0.00714158710265131	0.00136915446952712	174	"success"	"pgls5_castespolymorphic"
"OG0003206_00"	-0.0107935627773881	0.558567969550245	0.981956065123591	"1e-05 to 1"	0.00219814509818602	-0.00360302847682448	174	"success"	"pgls5_castespolymorphic"
"OG0003207_00"	0.00371607315484433	0.606480023585767	1	"1e-05 to 1"	0.00166213555093986	-0.00414215435864773	174	"success"	"pgls5_castespolymorphic"
"OG0003208_00"	-0.0118059822353398	0.246996691921008	0.926702573800523	"1e-05 to 1"	0.00826412781323754	0.00249822157959367	174	"success"	"pgls5_castespolymorphic"
"OG0003209_00"	0.0045310625341701	0.442997550319388	0.67652835502845	"1e-05 to 1"	0.00377742646764093	-0.0020145652389425	174	"success"	"pgls5_castespolymorphic"
"OG0003210_00"	-0.00849454217076806	0.361318998262711	1e-05	"1e-05 to 1"	0.00517843590909813	-0.000605410393755834	174	"success"	"pgls5_castespolymorphic"
"OG0003211_00"	-0.00216096808183443	0.290511823937674	1e-05	"1e-05 to 1"	0.00698016649969044	0.00120679537468871	174	"success"	"pgls5_castespolymorphic"
"OG0003212_00"	-0.013880121719283	0.207743850509299	1e-05	"1e-05 to 1"	0.00996308173453887	0.00420705313997227	174	"success"	"pgls5_castespolymorphic"
"OG0003213_00"	0.00424842718662058	0.440324881164771	1e-05	"1e-05 to 1"	0.00370298435293875	-0.00208944015663715	174	"success"	"pgls5_castespolymorphic"
"OG0003214_00"	-0.00848556856475577	0.38630757918446	0.683556969448469	"1e-05 to 1"	0.00469445266668582	-0.00109220749222882	174	"success"	"pgls5_castespolymorphic"
"OG0003215_00"	-0.0109265923592963	0.238460315625729	1	"1e-05 to 1"	0.00862096234492236	0.00285713073064875	174	"success"	"pgls5_castespolymorphic"
"OG0003216_00"	-0.00621961702691803	0.392967221254626	1e-05	"1e-05 to 1"	0.00450829887873993	-0.00127944356963949	174	"success"	"pgls5_castespolymorphic"
"OG0003217_00"	-0.00727441392038514	0.554094053155112	1	"1e-05 to 1"	0.00216503266939389	-0.00363633341973757	174	"success"	"pgls5_castespolymorphic"
"OG0003218_00"	-0.00642151132305852	0.662683435967448	1e-05	"1e-05 to 1"	0.00119977990471015	-0.00460719811909982	174	"success"	"pgls5_castespolymorphic"
"OG0003219_00"	0.000428215887659445	0.964246906880932	1e-05	"1e-05 to 1"	1.25186669530743e-05	-0.00580136203847159	174	"success"	"pgls5_castespolymorphic"
"OG0003220_00"	-0.00318766309358918	0.548968838181584	1	"1e-05 to 1"	0.00223529082441436	-0.0035656667870716	174	"success"	"pgls5_castespolymorphic"
"OG0003221_00"	-0.00297638691640443	0.755478306003636	1e-05	"1e-05 to 1"	0.000615584465377215	-0.00519479004354495	174	"success"	"pgls5_castespolymorphic"
"OG0003222_00"	0.00289106931269018	0.653228051544651	1	"1e-05 to 1"	0.00127271294303693	-0.00453384105148036	174	"success"	"pgls5_castespolymorphic"
"OG0003223_00"	0.0320743461251324	0.0381041761139909	0.917082279624378	"1e-05 to 1"	0.0264374855865038	0.0207772384096812	174	"success"	"pgls5_castespolymorphic"
"OG0003224_00"	-0.0122910749429933	0.140099109933933	1e-05	"1e-05 to 1"	0.0133885267758485	0.00765241355942892	174	"success"	"pgls5_castespolymorphic"
"OG0003225_00"	0.0401379420034928	0.0287592135702393	1	"1e-05 to 1"	0.0291752869378652	0.0235309572107597	174	"success"	"pgls5_castespolymorphic"
"OG0003226_00"	0.00690614288933356	0.656911983927035	0.944698205683058	"1e-05 to 1"	0.00122089767900554	-0.00458595756704661	174	"success"	"pgls5_castespolymorphic"
"OG0003227_00"	-0.000391439955401747	0.971977059017203	0.873800457167442	"1e-05 to 1"	7.68859732837792e-06	-0.00580622018989652	174	"success"	"pgls5_castespolymorphic"
"OG0003228_00"	-0.0100070974007595	0.304750677482921	1e-05	"1e-05 to 1"	0.00654102275561388	0.000765098469309278	174	"success"	"pgls5_castespolymorphic"
"OG0003229_00"	0.0172868770151353	0.138370484671909	0.644290960096157	"1e-05 to 1"	0.0135053082930252	0.00776987403891483	174	"success"	"pgls5_castespolymorphic"
"OG0003230_00"	-0.0101446174920373	0.167137204577414	0.589125840336575	"1e-05 to 1"	0.0117472976748296	0.00600164242875301	174	"success"	"pgls5_castespolymorphic"
"OG0003231_00"	0.00113875587117194	0.909073521861973	0.589540317756131	"1e-05 to 1"	8.0759762094137e-05	-0.00573272419277737	174	"success"	"pgls5_castespolymorphic"
"OG0003232_00"	-0.000621734099098753	0.933124231656337	1	"1e-05 to 1"	4.47078613872248e-05	-0.00576898569755824	174	"success"	"pgls5_castespolymorphic"
"OG0003233_00"	0.0141877984180757	0.0392330838894748	1e-05	"1e-05 to 1"	0.0269654104956013	0.0213082326496454	174	"success"	"pgls5_castespolymorphic"
"OG0003234_00"	-0.00134616028654339	0.910489756995805	0.809970092640484	"1e-05 to 1"	9.39610167900232e-05	-0.00571944618660081	174	"success"	"pgls5_castespolymorphic"
"OG0003235_00"	-0.00117799916758552	0.773082184619983	1e-05	"1e-05 to 1"	0.000524422538145196	-0.00528648198198178	174	"success"	"pgls5_castespolymorphic"
"OG0003236_00"	0.0025234446569692	0.751902869608643	1e-05	"1e-05 to 1"	0.000630327876725203	-0.0051799609146892	174	"success"	"pgls5_castespolymorphic"
"OG0003237_00"	-0.00973883424762561	0.322617264232913	1e-05	"1e-05 to 1"	0.00611477127416421	0.000336368781572172	174	"success"	"pgls5_castespolymorphic"
"OG0003238_00"	0.00293722175155862	0.758462464764884	1e-05	"1e-05 to 1"	0.000604009472749439	-0.00520643233264173	174	"success"	"pgls5_castespolymorphic"
"OG0003239_00"	-0.00232545505523289	0.723842888293006	1	"1e-05 to 1"	0.000792319013551315	-0.00501702796892789	174	"success"	"pgls5_castespolymorphic"
"OG0003240_00"	0.00433175912958867	0.694595251705165	1	"1e-05 to 1"	0.000972113194510359	-0.00483618847296352	174	"success"	"pgls5_castespolymorphic"
"OG0003241_00"	0.00719559091094599	0.388927522015203	0.534406374839203	"1e-05 to 1"	0.00458566401422557	-0.00120162863685458	174	"success"	"pgls5_castespolymorphic"
"OG0003242_00"	0.000560967421657002	0.963594974953568	1	"1e-05 to 1"	1.29796840970914e-05	-0.0058008983409954	174	"success"	"pgls5_castespolymorphic"
"OG0003243_00"	0.000481783804113181	0.937173160687908	0.973383391916017	"1e-05 to 1"	3.8710057309593e-05	-0.00577501837258976	174	"success"	"pgls5_castespolymorphic"
"OG0003244_00"	-0.0249941910690159	0.0791334942234432	0.930893558807854	"1e-05 to 1"	0.019628447558615	0.0139286129513977	174	"success"	"pgls5_castespolymorphic"
"OG0003245_00"	0.000775307497994623	0.880141413607304	1e-05	"1e-05 to 1"	0.000141656620829662	-0.00567147328253759	174	"success"	"pgls5_castespolymorphic"
"OG0003247_00"	0.0287509556959709	0.0060620585710518	1e-05	"1e-05 to 1"	0.0461227310508905	0.0405769329756051	174	"success"	"pgls5_castespolymorphic"
"OG0003248_00"	-0.00185050321101951	0.848501419607272	0.578955528010396	"1e-05 to 1"	0.000225934909321321	-0.00558670500399661	174	"success"	"pgls5_castespolymorphic"
"OG0003249_00"	-0.00639800476947465	0.483968817356653	1	"1e-05 to 1"	0.00302886632112973	-0.00276747747932893	174	"success"	"pgls5_castespolymorphic"
"OG0003250_00"	0.00638966529710172	0.402085047802363	0.836139381757836	"1e-05 to 1"	0.00439206689163489	-0.00139635132411153	174	"success"	"pgls5_castespolymorphic"
"OG0003251_00"	0.0277265022260261	0.013636978173861	1	"1e-05 to 1"	0.0369737707872434	0.0313747810825181	174	"success"	"pgls5_castespolymorphic"
"OG0003252_00"	0.00897760775405133	0.0813641295666057	1e-05	"1e-05 to 1"	0.0186317401269417	0.0129261107090751	174	"success"	"pgls5_castespolymorphic"
"OG0003253_00"	0.0201673916890483	0.0624992695588136	0.666067280555527	"1e-05 to 1"	0.0212553929002643	0.0155650172775915	174	"success"	"pgls5_castespolymorphic"
"OG0003254_00"	0.00318501711653151	0.613046761928641	0.454309348545225	"1e-05 to 1"	0.00159225552314029	-0.00421244066567872	174	"success"	"pgls5_castespolymorphic"
"OG0003255_00"	0.0144559241046576	0.359994010920474	1e-05	"1e-05 to 1"	0.00540867629360891	-0.000373831402358471	174	"success"	"pgls5_castespolymorphic"
"OG0003256_00"	-0.00390102963286604	0.639702658986668	0.491924873264689	"1e-05 to 1"	0.00139033460558257	-0.00441553554205942	174	"success"	"pgls5_castespolymorphic"
"OG0003258_00"	0.00335520667357141	0.657301755586816	1	"1e-05 to 1"	0.00121793774648657	-0.00458893470847577	174	"success"	"pgls5_castespolymorphic"
"OG0003259_00"	0.00789556885324239	0.646920710182739	0.842137516607296	"1e-05 to 1"	0.00131451680775335	-0.00449179414103873	174	"success"	"pgls5_castespolymorphic"
"OG0003260_00"	0.0277906003847624	0.0231636270665265	1	"1e-05 to 1"	0.0326146156439775	0.0269902820140007	174	"success"	"pgls5_castespolymorphic"
"OG0003261_00"	-0.00830178322253036	0.463420741640136	0.843621162934795	"1e-05 to 1"	0.00336496471840315	-0.00242942502160592	174	"success"	"pgls5_castespolymorphic"
"OG0003262_00"	-0.00730906704656465	0.558034689781081	1	"1e-05 to 1"	0.00212230593312096	-0.00367930856726795	174	"success"	"pgls5_castespolymorphic"
"OG0003263_00"	-0.00186703594353883	0.852122292554828	0.663837666184145	"1e-05 to 1"	0.000217838157503819	-0.00559484882995243	174	"success"	"pgls5_castespolymorphic"
"OG0003264_00"	0.012026928136311	0.123926437903937	0.231587215331131	"1e-05 to 1"	0.0146392119943391	0.00891037020360841	174	"success"	"pgls5_castespolymorphic"
"OG0003265_00"	0.00437247469443555	0.834000652511094	0.873433911432918	"1e-05 to 1"	0.000306020998799011	-0.00550615329771964	174	"success"	"pgls5_castespolymorphic"
"OG0003266_00"	-0.011976974693191	0.106818018481086	0.576516173050595	"1e-05 to 1"	0.0161728331743839	0.0104529077858628	174	"success"	"pgls5_castespolymorphic"
"OG0003267_00"	-0.00213997430970317	0.414718003695555	1e-05	"1e-05 to 1"	0.00418824275368392	-0.00160136048612025	174	"success"	"pgls5_castespolymorphic"
"OG0003268_00"	0.00226465394098632	0.118800949761925	1e-05	"1e-05 to 1"	0.0149523301102165	0.00922530877364791	174	"success"	"pgls5_castespolymorphic"
"OG0003269_00"	-0.00503955651829864	0.777419792882559	0.698582289810447	"1e-05 to 1"	0.000510472228153688	-0.00530051339842674	174	"success"	"pgls5_castespolymorphic"
"OG0003270_00"	-0.0132659594376936	0.317947332711619	1	"1e-05 to 1"	0.00627276732153749	0.000495283410616221	174	"success"	"pgls5_castespolymorphic"
"OG0003271_00"	-0.00691976656504253	0.509487331149323	0.866716168862908	"1e-05 to 1"	0.00274145558164225	-0.00305655921148773	174	"success"	"pgls5_castespolymorphic"
"OG0003272_00"	-0.0192365973100794	0.0401028328197301	1	"1e-05 to 1"	0.0260709239378124	0.0204085455886137	174	"success"	"pgls5_castespolymorphic"
"OG0003273_00"	-0.00025267988429192	0.97747299357613	1	"1e-05 to 1"	4.99894496845025e-06	-0.00580892547977019	174	"success"	"pgls5_castespolymorphic"
"OG0003274_00"	-0.00214808209343431	0.6361870805127	1	"1e-05 to 1"	0.001384566640923	-0.00442133704139724	174	"success"	"pgls5_castespolymorphic"
"OG0003275_00"	0.0256466787550493	0.10389541197766	0.858126642792296	"1e-05 to 1"	0.0162423840170547	0.010522862993898	174	"success"	"pgls5_castespolymorphic"
"OG0003276_00"	-0.00167873687690504	0.766466179637037	1	"1e-05 to 1"	0.000549436641507519	-0.00526132244778599	174	"success"	"pgls5_castespolymorphic"
"OG0003277_00"	-0.0119864671766162	0.376990368368337	1e-05	"1e-05 to 1"	0.0048813905990745	-0.000904182711396029	174	"success"	"pgls5_castespolymorphic"
"OG0003278_00"	0.0118934307395516	0.158911630834044	1	"1e-05 to 1"	0.0122129618741876	0.00647001397810743	174	"success"	"pgls5_castespolymorphic"
"OG0003279_00"	0.00654392176697585	0.428107677992596	1	"1e-05 to 1"	0.00390480440680621	-0.00188644673036364	174	"success"	"pgls5_castespolymorphic"
"OG0003280_00"	0.00639874433970389	0.638650495811884	0.728451559258218	"1e-05 to 1"	0.00136445722622903	-0.00444156337129287	174	"success"	"pgls5_castespolymorphic"
"OG0003281_00"	0.00736029728952179	0.470798377927137	1	"1e-05 to 1"	0.00321524475845884	-0.00258001544643371	174	"success"	"pgls5_castespolymorphic"
"OG0003282_00"	0.0348476468455488	0.00400761843173703	1	"1e-05 to 1"	0.0528486184999715	0.047341924421483	174	"success"	"pgls5_castespolymorphic"
"OG0003283_00"	0.0035189583673388	0.71189075321319	0.993049121554197	"1e-05 to 1"	0.000844194917555958	-0.00496485046083017	174	"success"	"pgls5_castespolymorphic"
"OG0003284_00"	0.000729840868883478	0.867818798281234	1	"1e-05 to 1"	0.000187770072618328	-0.00562509172928505	174	"success"	"pgls5_castespolymorphic"
"OG0003285_00"	-0.0101246338421595	0.126478174298748	1	"1e-05 to 1"	0.0144441191497263	0.00871414309827123	174	"success"	"pgls5_castespolymorphic"
"OG0003286_00"	0.0135693761338343	0.112636546923493	1	"1e-05 to 1"	0.0156555366812363	0.00993260375496441	174	"success"	"pgls5_castespolymorphic"
"OG0003287_00"	0.00645295969407481	0.478040394823817	0.992008467004573	"1e-05 to 1"	0.00313108539728619	-0.0026646641062178	174	"success"	"pgls5_castespolymorphic"
"OG0003288_00"	-0.020817182648375	0.197600347481064	0.718530212748108	"1e-05 to 1"	0.0102260524677681	0.0044715527728133	174	"success"	"pgls5_castespolymorphic"
"OG0003289_00"	0.0208246280330537	0.0540615618214737	1	"1e-05 to 1"	0.0227148695250862	0.0170329792316275	174	"success"	"pgls5_castespolymorphic"
"OG0003290_00"	0.0119165893685307	0.602967029479266	0.914789105404547	"1e-05 to 1"	0.00167378447244991	-0.00413043771084975	174	"success"	"pgls5_castespolymorphic"
"OG0003291_00"	0.00551038442458015	0.358746858222383	1e-05	"1e-05 to 1"	0.00529991121254419	-0.00048322883854568	174	"success"	"pgls5_castespolymorphic"
"OG0003292_00"	-0.000972733662906099	0.562932822427152	1e-05	"1e-05 to 1"	0.00208287312463842	-0.00371897063626481	174	"success"	"pgls5_castespolymorphic"
"OG0003293_00"	0.0233209854901578	0.000722752769781732	1e-05	"1e-05 to 1"	0.0687356270574228	0.0633212993077565	174	"success"	"pgls5_castespolymorphic"
"OG0003294_00"	-0.0165365026209756	0.255935719153417	1	"1e-05 to 1"	0.00795948744500599	0.00219181004643032	174	"success"	"pgls5_castespolymorphic"
"OG0003295_00"	0.00241238329285287	0.770336900766134	1e-05	"1e-05 to 1"	0.000530857034813266	-0.00528001007544954	174	"success"	"pgls5_castespolymorphic"
"OG0003296_00"	-0.0112310365017628	0.257701921021789	0.812185885694819	"1e-05 to 1"	0.00790083279707067	0.00213281438310009	174	"success"	"pgls5_castespolymorphic"
"OG0003297_00"	-0.00040869559453623	0.953455450716319	1e-05	"1e-05 to 1"	2.13591099263616e-05	-0.00579247019757401	174	"success"	"pgls5_castespolymorphic"
"OG0003298_00"	0.0170043178141338	0.163644238879051	1e-05	"1e-05 to 1"	0.011941798632625	0.00619727420607052	174	"success"	"pgls5_castespolymorphic"
"OG0003299_00"	0.00310337396856764	0.288957396643185	1	"1e-05 to 1"	0.00702514554850571	0.00125203592960166	174	"success"	"pgls5_castespolymorphic"
"OG0003301_00"	0.00140568191067723	0.922944902253696	0.783294989438199	"1e-05 to 1"	6.56514552744923e-05	-0.00574792033859017	174	"success"	"pgls5_castespolymorphic"
"OG0003302_00"	-0.00129286928127662	0.883984298741766	0.472930965482397	"1e-05 to 1"	0.000133487210711554	-0.00567969018922621	174	"success"	"pgls5_castespolymorphic"
"OG0003303_00"	0.0210225550884238	0.0988723856437659	0.65955825481118	"1e-05 to 1"	0.0168263828048904	0.0111102571235234	174	"success"	"pgls5_castespolymorphic"
"OG0003304_00"	-0.000843761739490856	0.856957776648772	0.954504840190506	"1e-05 to 1"	0.000227968294782743	-0.00558465979652656	174	"success"	"pgls5_castespolymorphic"
"OG0003305_00"	-0.0126650547501673	0.468693887205435	0.718085083243098	"1e-05 to 1"	0.00324580848072471	-0.00254927402810812	174	"success"	"pgls5_castespolymorphic"
"OG0003306_00"	0.00618498826618766	0.397012967071609	0.756974481301804	"1e-05 to 1"	0.00448739607596014	-0.00130046790034233	174	"success"	"pgls5_castespolymorphic"
"OG0003307_00"	-0.00359069827383622	0.702115094068034	1	"1e-05 to 1"	0.000905349525900478	-0.00490334030243744	174	"success"	"pgls5_castespolymorphic"
"OG0003308_00"	0.0148979004976906	0.137690966581078	1	"1e-05 to 1"	0.013806374924251	0.00807269105753139	174	"success"	"pgls5_castespolymorphic"
"OG0003309_00"	0.00553067427252035	0.631993820324148	1	"1e-05 to 1"	0.00141921178826902	-0.00438649046877604	174	"success"	"pgls5_castespolymorphic"
"OG0003310_00"	-0.00365932011094865	0.829950674328485	0.710816434828343	"1e-05 to 1"	0.000290958921026164	-0.00552130294571218	174	"success"	"pgls5_castespolymorphic"
"OG0003311_00"	0.00411532509055627	0.625584432881492	0.82558462771929	"1e-05 to 1"	0.00148235873277052	-0.00432297639087631	174	"success"	"pgls5_castespolymorphic"
"OG0003312_00"	0.012040685341784	0.388139297566949	1e-05	"1e-05 to 1"	0.00460089290065224	-0.00118631121039048	174	"success"	"pgls5_castespolymorphic"
"OG0003313_00"	0.0255665114386118	0.0525533918482699	1e-05	"1e-05 to 1"	0.0246610378911124	0.0189904625300141	174	"success"	"pgls5_castespolymorphic"
"OG0003314_00"	-0.00264247416094114	0.845554321632607	0.860070413245795	"1e-05 to 1"	0.000234922664674915	-0.00557766499425139	174	"success"	"pgls5_castespolymorphic"
"OG0003315_00"	0.0152057884282199	0.403996820166818	1	"1e-05 to 1"	0.00441178372393478	-0.00137651985906562	174	"success"	"pgls5_castespolymorphic"
"OG0003317_00"	-0.000301542620072324	0.934922486916593	1	"1e-05 to 1"	4.12822110851643e-05	-0.00577243126443183	174	"success"	"pgls5_castespolymorphic"
"OG0003318_00"	0.00911539339721231	0.419109997743321	0.257323672995346	"1e-05 to 1"	0.00416259307409716	-0.00162715929175117	174	"success"	"pgls5_castespolymorphic"
"OG0003320_00"	-0.0332920032280862	0.0456602957165704	0.927681650487858	"1e-05 to 1"	0.0245778915752591	0.0189068328053478	174	"success"	"pgls5_castespolymorphic"
"OG0003321_00"	-0.00388940101761195	0.750506101475166	1	"1e-05 to 1"	0.000798933165952347	-0.00501037536215265	174	"success"	"pgls5_castespolymorphic"
"OG0003323_00"	-0.0107312562924505	0.109064171457408	1	"1e-05 to 1"	0.0159695826935112	0.0102484756161479	174	"success"	"pgls5_castespolymorphic"
"OG0003324_00"	0.0290613968450256	0.0398937192641684	0.947838509208927	"1e-05 to 1"	0.025964447571001	0.020301450173158	174	"success"	"pgls5_castespolymorphic"
"OG0003325_00"	0.0154266454863049	0.192084729733123	0.661808396432408	"1e-05 to 1"	0.0104805579240185	0.00472753791194891	174	"success"	"pgls5_castespolymorphic"
"OG0003326_00"	0.0146830269057599	0.127723218766021	1e-05	"1e-05 to 1"	0.0148084870650227	0.00908062943167987	174	"success"	"pgls5_castespolymorphic"
"OG0003327_00"	0.00528869934922391	0.378673664855399	0.869477939338513	"1e-05 to 1"	0.00490853850144766	-0.000876876972381035	174	"success"	"pgls5_castespolymorphic"
"OG0003329_00"	-0.00891835366680915	0.328222249593536	1	"1e-05 to 1"	0.00650361813878362	0.000727476383776571	174	"success"	"pgls5_castespolymorphic"
"OG0003330_00"	-0.00803132870940713	0.214153545453382	1e-05	"1e-05 to 1"	0.00950936930618858	0.00375070284866641	174	"success"	"pgls5_castespolymorphic"
"OG0003331_00"	-0.00488276885828498	0.765086044405961	0.826865152691405	"1e-05 to 1"	0.000574022574062084	-0.00523659357376305	174	"success"	"pgls5_castespolymorphic"
"OG0003332_00"	-0.0109227905427582	0.0442632110301242	1	"1e-05 to 1"	0.02474412035193	0.0190740280283946	174	"success"	"pgls5_castespolymorphic"
"OG0003333_00"	-0.00124173483068264	0.907574100855208	1	"1e-05 to 1"	8.6123466778605e-05	-0.00572732930376341	174	"success"	"pgls5_castespolymorphic"
"OG0003335_00"	-0.001811926388738	0.657381872499617	1e-05	"1e-05 to 1"	0.00124035627589607	-0.004566385838779	174	"success"	"pgls5_castespolymorphic"
"OG0003336_00"	-0.00170683743788012	0.933315182516151	1	"1e-05 to 1"	4.36214680573256e-05	-0.0057700784071284	174	"success"	"pgls5_castespolymorphic"
"OG0003337_00"	0.0136468397057714	0.332298947566967	0.778989173312858	"1e-05 to 1"	0.00587553551890027	9.57421207544717e-05	174	"success"	"pgls5_castespolymorphic"
"OG0003338_00"	0.0103307376660449	0.34874146464864	0.877168856654853	"1e-05 to 1"	0.00548973932039383	-0.000292297078906323	174	"success"	"pgls5_castespolymorphic"
"OG0003339_00"	-0.0166742675975548	0.434359762243608	0.962875216796963	"1e-05 to 1"	0.00382423068293859	-0.00196748890611409	174	"success"	"pgls5_castespolymorphic"
"OG0003340_00"	-0.0019170998688192	0.834909273226352	0.978427201918365	"1e-05 to 1"	0.000273995783215411	-0.00553836470641711	174	"success"	"pgls5_castespolymorphic"
"OG0003341_00"	-0.00121924807720385	0.78067960027499	1e-05	"1e-05 to 1"	0.000498427559409224	-0.00531262809431521	174	"success"	"pgls5_castespolymorphic"
"OG0003344_00"	0.0189376844155533	0.284844642069603	1e-05	"1e-05 to 1"	0.00757132832633391	0.00180139418869629	174	"success"	"pgls5_castespolymorphic"
"OG0003345_00"	-0.00892628567706026	0.339880929920154	1e-05	"1e-05 to 1"	0.00576663838628109	-1.37881347288538e-05	174	"success"	"pgls5_castespolymorphic"
"OG0003346_00"	-0.000565611112213662	0.766276506068331	0.808713386359689	"1e-05 to 1"	0.000546949198888528	-0.00526382435228068	174	"success"	"pgls5_castespolymorphic"
"OG0003348_00"	0.0284393678004151	0.00475730164103538	0.379286557527399	"1e-05 to 1"	0.0484405387200621	0.0429082162707601	174	"success"	"pgls5_castespolymorphic"
"OG0003350_00"	-0.0138784310046243	0.245282247574872	0.836250815456736	"1e-05 to 1"	0.00832409003009689	0.00255853241399284	174	"success"	"pgls5_castespolymorphic"
"OG0003351_00"	0.0155561781503488	0.0148448313523781	1e-05	"1e-05 to 1"	0.03630107822517	0.0306981775171769	174	"success"	"pgls5_castespolymorphic"
"OG0003352_00"	-0.0108481783303663	0.294237869373362	1e-05	"1e-05 to 1"	0.00683090135182318	0.00105666240619429	174	"success"	"pgls5_castespolymorphic"
"OG0003353_00"	-0.00332479289900987	0.693619955700106	1e-05	"1e-05 to 1"	0.000978660576426351	-0.00482960302487334	174	"success"	"pgls5_castespolymorphic"
"OG0003354_00"	-0.00525394652023726	0.533333290554629	1	"1e-05 to 1"	0.00244517197718666	-0.00335456539503909	174	"success"	"pgls5_castespolymorphic"
"OG0003355_00"	-0.00533302527208226	0.631304312562377	0.85987463263209	"1e-05 to 1"	0.00142495887602529	-0.00438070996771867	174	"success"	"pgls5_castespolymorphic"
"OG0003357_00"	-0.00763794966253454	0.657284364665337	0.898481149240909	"1e-05 to 1"	0.00139011318967758	-0.00441575824526619	174	"success"	"pgls5_castespolymorphic"
"OG0003358_00"	-0.0108091021421841	0.0739428545267553	1e-05	"1e-05 to 1"	0.0196988332322881	0.0139994078441036	174	"success"	"pgls5_castespolymorphic"
"OG0003359_00"	-0.00170319436984192	0.870913275507318	1e-05	"1e-05 to 1"	0.00016348910374734	-0.00564951386657975	174	"success"	"pgls5_castespolymorphic"
"OG0003360_00"	0.00499409502255243	0.750081764397056	0.706987203620913	"1e-05 to 1"	0.000635922071429077	-0.00517433419559765	174	"success"	"pgls5_castespolymorphic"
"OG0003361_00"	-0.00222348472720209	0.68188098212888	1	"1e-05 to 1"	0.00105283262044726	-0.00475499974803828	174	"success"	"pgls5_castespolymorphic"
"OG0003362_00"	0.0145672422302645	0.0590332498434716	1	"1e-05 to 1"	0.0225176786393049	0.0168346418872077	174	"success"	"pgls5_castespolymorphic"
"OG0003363_00"	-0.00200004129844317	0.914015269543057	0.779322019232417	"1e-05 to 1"	7.26366947329577e-05	-0.00574089448727433	174	"success"	"pgls5_castespolymorphic"
"OG0003364_00"	-0.000739707731120923	0.804252008372532	0.498215257392403	"1e-05 to 1"	0.000382657801903583	-0.00542907093180611	174	"success"	"pgls5_castespolymorphic"
"OG0003365_00"	0.00369500694859222	0.679163904112165	1	"1e-05 to 1"	0.00110662084890736	-0.00470089879732005	174	"success"	"pgls5_castespolymorphic"
"OG0003366_00"	0.0139138825448921	0.632991582863476	1	"1e-05 to 1"	0.00187497809412468	-0.00392807435881637	174	"success"	"pgls5_castespolymorphic"
"OG0003367_00"	0.0112697043650999	0.153097941307833	1e-05	"1e-05 to 1"	0.0127152881276147	0.0069752607330078	174	"success"	"pgls5_castespolymorphic"
"OG0003368_00"	0.019854632733279	0.151972381150943	1	"1e-05 to 1"	0.0130282734127064	0.00729006569998958	174	"success"	"pgls5_castespolymorphic"
"OG0003369_00"	0.00172742221076975	0.760461781477594	1	"1e-05 to 1"	0.000589971567642576	-0.00522055185347581	174	"success"	"pgls5_castespolymorphic"
"OG0003370_00"	-0.00353616224227934	0.789422625343819	1	"1e-05 to 1"	0.00044426841594667	-0.0053671021165187	174	"success"	"pgls5_castespolymorphic"
"OG0003371_00"	0.00494835542237356	0.420133167985686	1	"1e-05 to 1"	0.0040665605358999	-0.00172375015865889	174	"success"	"pgls5_castespolymorphic"
"OG0003373_00"	0.00203382192281546	0.791228853449708	0.156503575173573	"1e-05 to 1"	0.000439237639892169	-0.00537216214127123	174	"success"	"pgls5_castespolymorphic"
"OG0003374_00"	-0.00693425979372731	0.209289916820508	1e-05	"1e-05 to 1"	0.0100217707511926	0.00426608337183909	174	"success"	"pgls5_castespolymorphic"
"OG0003375_00"	-0.000162551823102498	0.913259044925875	1	"1e-05 to 1"	0.000104535024897021	-0.00570881070170226	174	"success"	"pgls5_castespolymorphic"
"OG0003376_00"	-0.00310213422987778	0.84255598068797	0.973160971215898	"1e-05 to 1"	0.000244253494412556	-0.00556827991550368	174	"success"	"pgls5_castespolymorphic"
"OG0003377_00"	-0.0058934508943725	0.45514270965545	0.767757233535322	"1e-05 to 1"	0.00365108622442138	-0.00214164001845996	174	"success"	"pgls5_castespolymorphic"
"OG0003378_00"	0.00381225074362107	0.323356859356247	1e-05	"1e-05 to 1"	0.00696710106453761	0.00119365397770343	174	"success"	"pgls5_castespolymorphic"
"OG0003379_00"	0.0107614047370222	0.0997898849592449	1e-05	"1e-05 to 1"	0.0166333241075582	0.0109160759919045	174	"success"	"pgls5_castespolymorphic"
"OG0003380_00"	-0.00024352223519367	0.982771737487189	0.62081352251794	"1e-05 to 1"	4.10836832863793e-06	-0.00580982123418106	174	"success"	"pgls5_castespolymorphic"
"OG0003381_00"	0.00964313809493404	0.0222857428668464	1	"1e-05 to 1"	0.042078487186212	0.0365091760652017	174	"success"	"pgls5_castespolymorphic"
"OG0003382_00"	-0.00955561316462381	0.515367264416145	1e-05	"1e-05 to 1"	0.0051159051721175	-0.000668304681533005	174	"success"	"pgls5_castespolymorphic"
"OG0003383_00"	0.0158199017610979	0.434936063333254	1	"1e-05 to 1"	0.00754397430020218	0.00177388112752885	174	"success"	"pgls5_castespolymorphic"
"OG0003384_00"	-0.0091002272709302	0.536918750050011	1e-05	"1e-05 to 1"	0.00237274678824369	-0.00342741166066185	174	"success"	"pgls5_castespolymorphic"
"OG0003386_00"	-0.0101170645579881	0.0751842982786584	1	"1e-05 to 1"	0.023788515725457	0.0181128675610702	174	"success"	"pgls5_castespolymorphic"
"OG0003387_00"	-0.00544722324133339	0.644281152538337	0.906099193777173	"1e-05 to 1"	0.00179740871680285	-0.00400609472088997	174	"success"	"pgls5_castespolymorphic"
"OG0003388_00"	-0.00494542552744903	0.618401452444833	1	"1e-05 to 1"	0.00293197761925389	-0.00286492948761086	174	"success"	"pgls5_castespolymorphic"
"OG0003389_00"	-0.00145597800619256	0.841689120482882	1	"1e-05 to 1"	0.000259856794163428	-0.00555258589889362	174	"success"	"pgls5_castespolymorphic"
"OG0003390_00"	0.00161682155339142	0.773597404994901	1e-05	"1e-05 to 1"	0.000588829823553812	-0.00522170023561164	174	"success"	"pgls5_castespolymorphic"
"OG0003391_00"	-0.0356701570072195	0.132316328842166	0.668762414486475	"1e-05 to 1"	0.0140136322637176	0.0082811533815299	174	"success"	"pgls5_castespolymorphic"
"OG0003392_00"	-0.0133206105304601	0.386257249053221	0.880425950285286	"1e-05 to 1"	0.00466625895869267	-0.00112056511712888	174	"success"	"pgls5_castespolymorphic"
"OG0003393_00"	-0.00536919444891726	0.281192801420554	1e-05	"1e-05 to 1"	0.00744039807258545	0.0016697027125423	174	"success"	"pgls5_castespolymorphic"
"OG0003394_00"	0.00613962405031098	0.469843393166612	1	"1e-05 to 1"	0.00322908688806367	-0.00256609283933118	174	"success"	"pgls5_castespolymorphic"
"OG0003395_00"	0.00799093535734596	0.443788506177619	1	"1e-05 to 1"	0.00369324938311135	-0.00209923172512649	174	"success"	"pgls5_castespolymorphic"
"OG0003396_01"	-0.041519459549955	0.0366028989812528	1	"1e-05 to 1"	0.0528219191015728	0.0473150697940238	174	"success"	"pgls5_castespolymorphic"
"OG0003397_00"	0.00693239814451978	0.610741764390242	0.552596831283858	"1e-05 to 1"	0.00163333210880295	-0.0041711252626575	174	"success"	"pgls5_castespolymorphic"
"OG0003398_00"	0.00760440064461112	0.467259319624286	0.930846925207818	"1e-05 to 1"	0.00328708907385698	-0.00250775343152765	174	"success"	"pgls5_castespolymorphic"
"OG0003399_00"	-0.00850508170995056	0.15662813630142	1e-05	"1e-05 to 1"	0.0123470805377788	0.00660491240137051	174	"success"	"pgls5_castespolymorphic"
"OG0003400_00"	0.00211873899111437	0.712201049412812	1e-05	"1e-05 to 1"	0.000858229010538218	-0.00495073477428409	174	"success"	"pgls5_castespolymorphic"
"OG0003401_00"	-0.00259191641145268	0.838036581166552	1	"1e-05 to 1"	0.000260286554144407	-0.00555215364030825	174	"success"	"pgls5_castespolymorphic"
"OG0003402_00"	-0.00324991936913213	0.522501154189049	0.981369783515666	"1e-05 to 1"	0.0025290025938809	-0.00327024739103843	174	"success"	"pgls5_castespolymorphic"
"OG0003403_00"	-0.020106263919866	0.0491956718098856	0.943287876001225	"1e-05 to 1"	0.0241122366118085	0.018438470545598	174	"success"	"pgls5_castespolymorphic"
"OG0003404_00"	0.0403919401111644	1.50038645827522e-05	1e-05	"1e-05 to 1"	0.114905440840554	0.109759542240789	174	"success"	"pgls5_castespolymorphic"
"OG0003405_00"	-0.0173807484695712	0.356524770301038	0.536879733533075	"1e-05 to 1"	0.00528252250153391	-0.000500718646712972	174	"success"	"pgls5_castespolymorphic"
"OG0003406_00"	0.0111047537922447	0.303511060904765	0.848623352879811	"1e-05 to 1"	0.00653395770616073	0.000757992343987213	174	"success"	"pgls5_castespolymorphic"
"OG0003407_00"	-0.00157712575459137	0.886377119096424	1e-05	"1e-05 to 1"	0.000127203308707727	-0.00568601062554408	174	"success"	"pgls5_castespolymorphic"
"OG0003408_00"	0.00330964160552191	0.63927782065159	0.503732215074127	"1e-05 to 1"	0.00166922280520309	-0.00413502589941794	174	"success"	"pgls5_castespolymorphic"
"OG0003409_00"	0.0157994988238803	0.0273839886514073	0.613316461359691	"1e-05 to 1"	0.0302361299737017	0.0245979679386651	174	"success"	"pgls5_castespolymorphic"
"OG0003410_00"	0.00514773140667156	0.214180536896503	1e-05	"1e-05 to 1"	0.00962690266843454	0.00386891954441393	174	"success"	"pgls5_castespolymorphic"
"OG0003411_00"	0.00564804812310484	0.636418965866999	0.975500239752328	"1e-05 to 1"	0.00141775609818951	-0.0043879546221699	174	"success"	"pgls5_castespolymorphic"
"OG0003413_00"	-0.0182595173328584	0.0900986854020789	0.929559480623863	"1e-05 to 1"	0.0179602978505348	0.0122507646985029	174	"success"	"pgls5_castespolymorphic"
"OG0003414_00"	-0.00979156661921685	0.604539502807872	0.904875506267209	"1e-05 to 1"	0.00169069498620427	-0.0041134288801552	174	"success"	"pgls5_castespolymorphic"
"OG0003415_00"	-0.00753239561927337	0.461350587995114	0.521907900792599	"1e-05 to 1"	0.00337505733356638	-0.00241927372844786	174	"success"	"pgls5_castespolymorphic"
"OG0003416_00"	-0.00594627399062293	0.717158574553184	0.489291230913166	"1e-05 to 1"	0.000817303457640103	-0.00499189826644342	174	"success"	"pgls5_castespolymorphic"
"OG0003417_00"	-0.00674151568649334	0.217161394083687	1e-05	"1e-05 to 1"	0.00938613675284835	0.00362675382699285	174	"success"	"pgls5_castespolymorphic"
"OG0003418_00"	0.00155015586682551	0.883230315374141	0.733682858530242	"1e-05 to 1"	0.000155744272069442	-0.00565730372634876	174	"success"	"pgls5_castespolymorphic"
"OG0003419_00"	0.00108236402095235	0.821338651822004	0.262802947887709	"1e-05 to 1"	0.000323731835752279	-0.00548833949078409	174	"success"	"pgls5_castespolymorphic"
"OG0003420_00"	0.00348881666773709	0.519900579171485	1	"1e-05 to 1"	0.00262567803853984	-0.00317300987984059	174	"success"	"pgls5_castespolymorphic"
"OG0003421_00"	0.0039081552420368	0.820950178880384	0.620471703712015	"1e-05 to 1"	0.000317112986886962	-0.0054949968213287	174	"success"	"pgls5_castespolymorphic"
"OG0003422_00"	-0.00456949075112996	0.231794698267471	1e-05	"1e-05 to 1"	0.00892423036608685	0.00316216193798258	174	"success"	"pgls5_castespolymorphic"
"OG0003423_00"	-0.00331038624795247	0.590372379938563	1e-05	"1e-05 to 1"	0.00184979806864685	-0.00395340077979123	174	"success"	"pgls5_castespolymorphic"
"OG0003424_00"	-0.000709169510723156	0.875582264228393	1	"1e-05 to 1"	0.00015368494629891	-0.00565937502494362	174	"success"	"pgls5_castespolymorphic"
"OG0003425_00"	0.00190817178502755	0.614738530419563	1	"1e-05 to 1"	0.00158702013291423	-0.00421770649422015	174	"success"	"pgls5_castespolymorphic"
"OG0003426_00"	-0.00632917324878109	0.406124857587117	1	"1e-05 to 1"	0.00431737445035491	-0.00147147802377101	174	"success"	"pgls5_castespolymorphic"
"OG0003427_00"	0.00469424770083084	0.424662910574355	0.896425196344042	"1e-05 to 1"	0.0039387946722711	-0.00185225884707618	174	"success"	"pgls5_castespolymorphic"
"OG0003428_00"	0.00353234104673487	0.813196689995372	1	"1e-05 to 1"	0.000345694813610948	-0.00546624882119362	174	"success"	"pgls5_castespolymorphic"
"OG0003429_00"	0.000454539495858207	0.959457683817179	0.781838681626799	"1e-05 to 1"	1.60004769757226e-05	-0.00579785998536742	174	"success"	"pgls5_castespolymorphic"
"OG0003430_00"	-0.00771588728253852	0.578494763623873	0.953450430781454	"1e-05 to 1"	0.0019094611896885	-0.00389339078013884	174	"success"	"pgls5_castespolymorphic"
"OG0003431_00"	0.00686148969737143	0.607266568387668	0.822198572892219	"1e-05 to 1"	0.00165488717938341	-0.00414944487189928	174	"success"	"pgls5_castespolymorphic"
"OG0003432_00"	-0.0128812716246712	0.243971346633113	0.356935619912017	"1e-05 to 1"	0.00847479137503733	0.00271010992954335	174	"success"	"pgls5_castespolymorphic"
"OG0003433_00"	-0.0243171155874409	0.107170708361215	0.360976761463389	"1e-05 to 1"	0.0164474533796006	0.0107291246201796	174	"success"	"pgls5_castespolymorphic"
"OG0003435_00"	-0.0130719632703985	0.37916128906015	0.695377724790276	"1e-05 to 1"	0.00526536417148789	-0.000517976734491832	174	"success"	"pgls5_castespolymorphic"
"OG0003436_00"	0.00146710117714419	0.781168849925411	1	"1e-05 to 1"	0.00048069635730941	-0.00533046238479939	174	"success"	"pgls5_castespolymorphic"
"OG0003437_00"	-0.0212644280470998	0.0696475386201731	0.864170952882761	"1e-05 to 1"	0.0204235007266096	0.0147282885215317	174	"success"	"pgls5_castespolymorphic"
"OG0003438_00"	-0.00254065058401076	0.508391519605751	1	"1e-05 to 1"	0.00279081893453444	-0.00300690886235766	174	"success"	"pgls5_castespolymorphic"
"OG0003439_00"	0.00675134645241034	0.382415794097982	0.647659614861508	"1e-05 to 1"	0.0047717561668336	-0.00101445455312676	174	"success"	"pgls5_castespolymorphic"
"OG0003440_00"	0.00535500953303562	0.0621384648860077	0.6290270349715	"1e-05 to 1"	0.0215777839489165	0.0158892826928055	174	"success"	"pgls5_castespolymorphic"
"OG0003441_00"	0.00037059879922144	0.896918137288271	1	"1e-05 to 1"	0.000106562793786845	-0.00570677114345863	174	"success"	"pgls5_castespolymorphic"
"OG0003442_00"	-0.00448280595409402	0.817692190688574	1	"1e-05 to 1"	0.000331014097810936	-0.00548101488999242	174	"success"	"pgls5_castespolymorphic"
"OG0003443_00"	0.00641643490518431	0.646070898392048	1	"1e-05 to 1"	0.00176319521421796	-0.00404050713918758	174	"success"	"pgls5_castespolymorphic"
"OG0003444_00"	0.00643918051098209	0.107507561390503	1	"1e-05 to 1"	0.0162107566520736	0.0104910517488879	174	"success"	"pgls5_castespolymorphic"
"OG0003445_00"	0.000983401406041987	0.93779586948951	0.97188671010604	"1e-05 to 1"	3.77100257607634e-05	-0.00577602421827539	174	"success"	"pgls5_castespolymorphic"
"OG0003446_00"	-0.00151535214889331	0.891879600018751	1e-05	"1e-05 to 1"	0.000115107702183221	-0.00569817655536209	174	"success"	"pgls5_castespolymorphic"
"OG0003447_00"	0.0239933571543813	0.172700234455526	0.968403139237549	"1e-05 to 1"	0.0125265040825319	0.00678537910626753	174	"success"	"pgls5_castespolymorphic"
"OG0003448_00"	-0.0031921566853826	0.567063067786621	1e-05	"1e-05 to 1"	0.00206486574437259	-0.00373708271060202	174	"success"	"pgls5_castespolymorphic"
"OG0003449_00"	0.0131574942964118	0.49197976104872	0.837942773285558	"1e-05 to 1"	0.00303199049290475	-0.00276433514376451	174	"success"	"pgls5_castespolymorphic"
"OG0003451_00"	-0.000921175915733428	0.841361561465818	0.839418540056546	"1e-05 to 1"	0.000252716926513424	-0.00555976727740215	174	"success"	"pgls5_castespolymorphic"
"OG0003452_00"	-0.0149898495786863	0.473131768332191	1	"1e-05 to 1"	0.00324173364571071	-0.00255337255402344	174	"success"	"pgls5_castespolymorphic"
"OG0003453_00"	-0.00339287257988647	0.617157083743474	0.938135497084478	"1e-05 to 1"	0.00156543313044334	-0.00423941900251923	174	"success"	"pgls5_castespolymorphic"
"OG0003454_00"	0.0127198490595649	0.147945573160865	1e-05	"1e-05 to 1"	0.0129576177922466	0.00721899929103864	174	"success"	"pgls5_castespolymorphic"
"OG0003455_00"	0.00156405335572463	0.838530898253636	1	"1e-05 to 1"	0.000258678241195045	-0.00555377130391421	174	"success"	"pgls5_castespolymorphic"
"OG0003456_00"	-0.00176829814157981	0.853930312393419	0.353382003967963	"1e-05 to 1"	0.000212484286093827	-0.00560023382852193	174	"success"	"pgls5_castespolymorphic"
"OG0003457_00"	0.0159413122571504	0.393339556290086	1e-05	"1e-05 to 1"	0.00597864537541517	0.000199451453179122	174	"success"	"pgls5_castespolymorphic"
"OG0003458_00"	0.00221444697542536	0.741972889894329	1	"1e-05 to 1"	0.000811651037297488	-0.00499758354969493	174	"success"	"pgls5_castespolymorphic"
"OG0003459_00"	0.0122339953126766	0.0950424640643091	1	"1e-05 to 1"	0.0172133508112323	0.0114994749438557	174	"success"	"pgls5_castespolymorphic"
"OG0003460_00"	0.000131947079894943	0.982480287950059	1e-05	"1e-05 to 1"	3.0232922639071e-06	-0.00581091261882749	174	"success"	"pgls5_castespolymorphic"
"OG0003461_00"	-0.00693711631576887	0.308811485412683	1	"1e-05 to 1"	0.00647266208322885	0.000696340351154512	174	"success"	"pgls5_castespolymorphic"
"OG0003462_00"	-0.00879653153063812	0.526866469881074	1	"1e-05 to 1"	0.00257179468386866	-0.00322720650982977	174	"success"	"pgls5_castespolymorphic"
"OG0003463_00"	-0.00624885177534967	0.654131662576662	1e-05	"1e-05 to 1"	0.00124987057563514	-0.00455681622334381	174	"success"	"pgls5_castespolymorphic"
"OG0003464_00"	0.00156771301843316	0.859878866267891	0.104454801706434	"1e-05 to 1"	0.000195354640346062	-0.00561746306523347	174	"success"	"pgls5_castespolymorphic"
"OG0003465_00"	0.00740283872991534	0.51318513230381	1	"1e-05 to 1"	0.00271101496907727	-0.00308717680435833	174	"success"	"pgls5_castespolymorphic"
"OG0003466_00"	0.0116712830333534	0.20957772858235	1e-05	"1e-05 to 1"	0.00970081021800885	0.00394325678904373	174	"success"	"pgls5_castespolymorphic"
"OG0003467_00"	0.00250884166530995	0.774665137877182	1	"1e-05 to 1"	0.000510491064771155	-0.00530049445229408	174	"success"	"pgls5_castespolymorphic"
"OG0003468_00"	-0.00675365943119119	0.545475529611192	0.975548463342217	"1e-05 to 1"	0.00227456361420115	-0.0035261656671115	174	"success"	"pgls5_castespolymorphic"
"OG0003469_00"	0.0168884530500048	0.109402645685014	1e-05	"1e-05 to 1"	0.0159393501511922	0.010218067303234	174	"success"	"pgls5_castespolymorphic"
"OG0003471_00"	-0.00876457509506884	0.32781271581432	0.930718617021307	"1e-05 to 1"	0.0059113326433764	0.000131747368047219	174	"success"	"pgls5_castespolymorphic"
"OG0003472_00"	0.00396910355595419	0.41000761677719	1e-05	"1e-05 to 1"	0.00580941986898619	2.92420775268587e-05	174	"success"	"pgls5_castespolymorphic"
"OG0003473_00"	-0.00147952288955939	0.877722089155577	1	"1e-05 to 1"	0.000147478325574317	-0.00566561773067242	174	"success"	"pgls5_castespolymorphic"
"OG0003474_00"	-0.00367944244430736	0.620307164765953	1e-05	"1e-05 to 1"	0.00152802014298893	-0.00427704950734253	174	"success"	"pgls5_castespolymorphic"
"OG0003475_00"	0.00990840664323717	0.46770093766171	1	"1e-05 to 1"	0.0032603056188097	-0.00253469260433659	174	"success"	"pgls5_castespolymorphic"
"OG0003476_00"	0.0204851686150292	0.114812571935835	0.983943263143135	"1e-05 to 1"	0.015373887903607	0.00964931748444198	174	"success"	"pgls5_castespolymorphic"
"OG0003477_00"	0.0173832426863056	0.314529042560004	0.855349159405649	"1e-05 to 1"	0.00628270372550635	0.000505277584375463	174	"success"	"pgls5_castespolymorphic"
"OG0003478_00"	-0.0070221172010298	0.376482978510478	1e-05	"1e-05 to 1"	0.00606826184347562	0.000289588947216757	174	"success"	"pgls5_castespolymorphic"
"OG0003479_00"	-0.0273796271970929	0.0203335102476057	1	"1e-05 to 1"	0.0331858106829867	0.0275647979543994	174	"success"	"pgls5_castespolymorphic"
"OG0003480_00"	0.00401119303688912	0.280107794520647	1e-05	"1e-05 to 1"	0.00793122942656755	0.00216338773718716	174	"success"	"pgls5_castespolymorphic"
"OG0003481_00"	0.000369171287118469	0.968467375119874	1	"1e-05 to 1"	9.73614564517486e-06	-0.005804160737229	174	"success"	"pgls5_castespolymorphic"
"OG0003482_00"	-0.00417769103732432	0.567286324796647	0.943253153776475	"1e-05 to 1"	0.00211583162034374	-0.00368582052139832	174	"success"	"pgls5_castespolymorphic"
"OG0003483_00"	0.0111050185285233	0.10862374110991	1e-05	"1e-05 to 1"	0.0166295935630788	0.0109123237582129	174	"success"	"pgls5_castespolymorphic"
"OG0003484_00"	-0.00250378700578525	0.572742187290815	1	"1e-05 to 1"	0.0020050159578744	-0.00379728046097516	174	"success"	"pgls5_castespolymorphic"
"OG0003485_00"	-0.00546976306800914	0.558187504231678	1	"1e-05 to 1"	0.00213385911606137	-0.00366768821465935	174	"success"	"pgls5_castespolymorphic"
"OG0003486_00"	0.00142763358060899	0.857499727431466	1	"1e-05 to 1"	0.00020339158888136	-0.00560937939025297	174	"success"	"pgls5_castespolymorphic"
"OG0003487_00"	0.00598781003139752	0.377227440098244	1	"1e-05 to 1"	0.00484624442334534	-0.000939533225356115	174	"success"	"pgls5_castespolymorphic"
"OG0003488_00"	-0.00381164071517977	0.652166876346208	0.980481731134835	"1e-05 to 1"	0.00125727773196554	-0.00454936600215117	174	"success"	"pgls5_castespolymorphic"
"OG0003489_00"	0.00460637011938245	0.541354439047541	1	"1e-05 to 1"	0.00232149550515789	-0.00347896091632371	174	"success"	"pgls5_castespolymorphic"
"OG0003490_00"	-0.000325823162014839	0.94877535540059	0.890917441806294	"1e-05 to 1"	2.57153470455641e-05	-0.00578808863349489	174	"success"	"pgls5_castespolymorphic"
"OG0003491_00"	-0.00469053390455859	0.611907809013115	0.970277418570708	"1e-05 to 1"	0.00160248267318386	-0.00420215405546043	174	"success"	"pgls5_castespolymorphic"
"OG0003492_00"	-0.011556349292366	0.474016574023925	1e-05	"1e-05 to 1"	0.00318864121408882	-0.00260677366257345	174	"success"	"pgls5_castespolymorphic"
"OG0003493_00"	-0.00998336717832955	0.589210337417639	1	"1e-05 to 1"	0.0018264027726472	-0.00397693209495364	174	"success"	"pgls5_castespolymorphic"
"OG0003494_00"	0.000762363425638272	0.813263632576209	1	"1e-05 to 1"	0.000349773243212223	-0.00546214667979239	174	"success"	"pgls5_castespolymorphic"
"OG0003495_00"	0.030547120828958	0.00433328664970878	0.265477573876062	"1e-05 to 1"	0.0500506854592983	0.0445277243282476	174	"success"	"pgls5_castespolymorphic"
"OG0003496_00"	0.00584244030158507	0.604265469214094	0.362215927357365	"1e-05 to 1"	0.0016618310975604	-0.00414246058210499	174	"success"	"pgls5_castespolymorphic"
"OG0003497_00"	0.00439802371120964	0.646210444906675	1	"1e-05 to 1"	0.00135413159347619	-0.00445194903679424	174	"success"	"pgls5_castespolymorphic"
"OG0003498_00"	0.0160913035559881	0.150005312249659	0.969126930657777	"1e-05 to 1"	0.0128277912179067	0.0070884179110341	174	"success"	"pgls5_castespolymorphic"
"OG0003499_00"	0.000614696086837705	0.973532774132627	0.752572435604204	"1e-05 to 1"	6.8158492497566e-06	-0.00580709801209189	174	"success"	"pgls5_castespolymorphic"
"OG0003500_00"	-0.00617139274423255	0.297850721055063	1e-05	"1e-05 to 1"	0.00742101231294617	0.00165020424499807	174	"success"	"pgls5_castespolymorphic"
"OG0003501_00"	-0.00944844097996096	0.0547097520619646	1	"1e-05 to 1"	0.0225945215725014	0.0169119315816438	174	"success"	"pgls5_castespolymorphic"
"OG0003502_00"	-0.00734658090223612	0.642051995340828	0.974914100289479	"1e-05 to 1"	0.00134530841369665	-0.00446082351413057	174	"success"	"pgls5_castespolymorphic"
"OG0003503_00"	0.0162701802292525	0.216525338528777	0.642416550397478	"1e-05 to 1"	0.00941202734765258	0.00365279494851101	174	"success"	"pgls5_castespolymorphic"
"OG0003504_00"	0.016887684217844	0.15990084016987	0.934711188863987	"1e-05 to 1"	0.0136697760309295	0.00793529798459769	174	"success"	"pgls5_castespolymorphic"
"OG0003505_00"	0.00548125262808766	0.615291430437753	1e-05	"1e-05 to 1"	0.00156249221755479	-0.00424237701373853	174	"success"	"pgls5_castespolymorphic"
"OG0003506_00"	0.00409341854644617	0.614378496571249	1e-05	"1e-05 to 1"	0.00157057164740637	-0.00423425061045757	174	"success"	"pgls5_castespolymorphic"
"OG0003507_00"	0.00631618624281264	0.504641529585926	0.918921479060977	"1e-05 to 1"	0.00282241736067442	-0.002975126724438	174	"success"	"pgls5_castespolymorphic"
"OG0003508_00"	0.0201405724244378	0.00167320262949544	1e-05	"1e-05 to 1"	0.0600475890918317	0.0545827494935284	174	"success"	"pgls5_castespolymorphic"
"OG0003509_00"	-0.00445702473507128	0.469266802392706	0.991690779649913	"1e-05 to 1"	0.00325760422503529	-0.00253740970388905	174	"success"	"pgls5_castespolymorphic"
"OG0003510_00"	0.00723315451359587	0.428531801793366	0.933111992445867	"1e-05 to 1"	0.00389765280238832	-0.00189363991387692	174	"success"	"pgls5_castespolymorphic"
"OG0003511_00"	0.00525542603083908	0.076649543970094	1e-05	"1e-05 to 1"	0.0192216493311603	0.0135194496179692	174	"success"	"pgls5_castespolymorphic"
"OG0003512_00"	-0.00528108069154864	0.635110894455842	0.951771770200561	"1e-05 to 1"	0.00139340823193955	-0.00441244404578178	174	"success"	"pgls5_castespolymorphic"
"OG0003513_00"	-0.00559000036698912	0.187196798312406	1	"1e-05 to 1"	0.0107132794190232	0.00496161243890125	174	"success"	"pgls5_castespolymorphic"
"OG0003515_00"	0.000984281965879889	0.880914331856159	1	"1e-05 to 1"	0.000140698541649908	-0.00567243693194519	174	"success"	"pgls5_castespolymorphic"
"OG0003516_00"	-0.0169028488902766	0.330059217049181	0.368407789465605	"1e-05 to 1"	0.00687557966977613	0.00110160048180985	174	"success"	"pgls5_castespolymorphic"
"OG0003517_00"	-0.00058859649352799	0.871466822084544	0.714867743428481	"1e-05 to 1"	0.000163087549645066	-0.00564991775529888	174	"success"	"pgls5_castespolymorphic"
"OG0003518_00"	0.00398590547563258	0.593906200598054	0.800508688059986	"1e-05 to 1"	0.0017696702374407	-0.00403399447048103	174	"success"	"pgls5_castespolymorphic"
"OG0003519_00"	-0.000754801393636934	0.928025991376992	0.725704545782816	"1e-05 to 1"	5.147652043218e-05	-0.00576217768584453	174	"success"	"pgls5_castespolymorphic"
"OG0003520_00"	-0.00261129662798211	0.697789035901993	1	"1e-05 to 1"	0.000939006649934758	-0.00486948749744931	174	"success"	"pgls5_castespolymorphic"
"OG0003521_00"	0.00662229611907253	0.383217873139073	1	"1e-05 to 1"	0.0046969783553062	-0.00108966711937231	174	"success"	"pgls5_castespolymorphic"
"OG0003522_00"	0.044695636736281	0.0222491123961639	0.242504274948759	"1e-05 to 1"	0.0330500234400411	0.0274282212507391	174	"success"	"pgls5_castespolymorphic"
"OG0003523_00"	0.00676434944966943	0.267812346382555	0.885150131042187	"1e-05 to 1"	0.00771713040006905	0.00194804394890657	174	"success"	"pgls5_castespolymorphic"
"OG0003524_00"	-0.000184806009387025	0.992110769634757	0.537448572097764	"1e-05 to 1"	6.12971597946515e-07	-0.0058133369529858	174	"success"	"pgls5_castespolymorphic"
"OG0003525_00"	-0.00644810466782109	0.478571303576012	0.922778526499969	"1e-05 to 1"	0.00310423948261393	-0.0026916661017895	174	"success"	"pgls5_castespolymorphic"
"OG0003526_00"	0.00532039692667432	0.708262592489802	0.299145210233668	"1e-05 to 1"	0.000883002983059874	-0.00492581676703874	174	"success"	"pgls5_castespolymorphic"
"OG0003527_00"	-0.000861974852947119	0.882507584302431	1	"1e-05 to 1"	0.000160002436500018	-0.00565302080514818	174	"success"	"pgls5_castespolymorphic"
"OG0003528_00"	0.00464250140704166	0.600808642645229	1	"1e-05 to 1"	0.00170431890365814	-0.00409972575387862	174	"success"	"pgls5_castespolymorphic"
"OG0003529_00"	-0.00388935045321382	0.284390850524759	1e-05	"1e-05 to 1"	0.00707072986601444	0.0012978852722122	174	"success"	"pgls5_castespolymorphic"
"OG0003530_00"	0.0472973132808964	0.0147973286207801	0.821473882240313	"1e-05 to 1"	0.0365585772307877	0.0309571736100365	174	"success"	"pgls5_castespolymorphic"
"OG0003531_00"	-0.00537954408273167	0.692906622701287	0.876506232586392	"1e-05 to 1"	0.00096520569927497	-0.00484313612805498	174	"success"	"pgls5_castespolymorphic"
"OG0003532_00"	0.00715779044526643	0.20459137407579	1e-05	"1e-05 to 1"	0.0102956942851815	0.00454159948451394	174	"success"	"pgls5_castespolymorphic"
"OG0003533_00"	0.00214186299123441	0.86653121943915	1	"1e-05 to 1"	0.000177075850022369	-0.00563584812759377	174	"success"	"pgls5_castespolymorphic"
"OG0003534_00"	0.0223928028496026	0.00417852220697368	0.188415296691263	"1e-05 to 1"	0.050445952917806	0.0449252898533746	174	"success"	"pgls5_castespolymorphic"
"OG0003535_00"	-0.0025440713510463	0.610053774079421	1	"1e-05 to 1"	0.00161921887570984	-0.00418532054943133	174	"success"	"pgls5_castespolymorphic"
"OG0003536_00"	0.0280239036872739	0.0732730394667152	0.833817511835917	"1e-05 to 1"	0.0201628428543696	0.0144661151965462	174	"success"	"pgls5_castespolymorphic"
"OG0003537_00"	-0.00447130803485448	0.385313208772674	1	"1e-05 to 1"	0.00465585698429506	-0.00113102756812178	174	"success"	"pgls5_castespolymorphic"
"OG0003538_00"	-0.0095734166054688	0.287259975949855	0.967861389332917	"1e-05 to 1"	0.00698730973275884	0.00121398013818197	174	"success"	"pgls5_castespolymorphic"
"OG0003539_00"	-0.0111130452854298	0.211002638732623	1	"1e-05 to 1"	0.00964067212184885	0.00388276905278984	174	"success"	"pgls5_castespolymorphic"
"OG0003540_00"	0.00610486627629112	0.35367418275331	0.6099419204525	"1e-05 to 1"	0.00548156580285816	-0.00030051811689269	174	"success"	"pgls5_castespolymorphic"
"OG0003541_00"	-0.00233877099342038	0.854563555355066	0.861454015899628	"1e-05 to 1"	0.000211954131662314	-0.00560076706524648	174	"success"	"pgls5_castespolymorphic"
"OG0003542_00"	-0.00391183025968735	0.772091454757112	1	"1e-05 to 1"	0.000525824484167453	-0.00528507188511051	174	"success"	"pgls5_castespolymorphic"
"OG0003543_00"	-0.000232786646316857	0.955336652242699	1e-05	"1e-05 to 1"	1.99154141144028e-05	-0.00579392228696629	174	"success"	"pgls5_castespolymorphic"
"OG0003544_00"	-0.00718234787479383	0.486198771443976	1	"1e-05 to 1"	0.00301677883570918	-0.00277963524082736	174	"success"	"pgls5_castespolymorphic"
"OG0003545_00"	0.0116783963161757	0.406960478289673	0.963431038755878	"1e-05 to 1"	0.00427531277681057	-0.00151378424192905	174	"success"	"pgls5_castespolymorphic"
"OG0003546_00"	0.00304163732311615	0.72502529378055	1	"1e-05 to 1"	0.000770593120901247	-0.0050388801749075	174	"success"	"pgls5_castespolymorphic"
"OG0003547_00"	0.00398365631885847	0.68320118578391	1e-05	"1e-05 to 1"	0.00103711744636948	-0.0047708062894074	174	"success"	"pgls5_castespolymorphic"
"OG0003548_00"	0.0231403603747802	0.0491322283473572	0.795208306991844	"1e-05 to 1"	0.0236827776336456	0.0180065147129109	174	"success"	"pgls5_castespolymorphic"
"OG0003549_00"	0.00787829891409837	0.409493252168593	1e-05	"1e-05 to 1"	0.00445083281817879	-0.00133724373520394	174	"success"	"pgls5_castespolymorphic"
"OG0003550_00"	0.000581942658766495	0.952367153829017	1e-05	"1e-05 to 1"	2.22314297947391e-05	-0.00579159280607855	174	"success"	"pgls5_castespolymorphic"
"OG0003551_00"	-0.000633331782955058	0.834146996659788	1e-05	"1e-05 to 1"	0.000273123072175863	-0.00553924249135807	174	"success"	"pgls5_castespolymorphic"
"OG0003552_00"	0.0115525887923948	0.400815557964012	0.88068814000626	"1e-05 to 1"	0.00444356083059575	-0.00134455800178457	174	"success"	"pgls5_castespolymorphic"
"OG0003553_00"	0.0285478839817629	0.0125748757069108	1e-05	"1e-05 to 1"	0.0378285587952036	0.032234538788199	174	"success"	"pgls5_castespolymorphic"
"OG0003555_00"	0.0160171860448114	0.129264806747245	0.48261412330317	"1e-05 to 1"	0.0142359634212716	0.00850477716209297	174	"success"	"pgls5_castespolymorphic"
"OG0003556_00"	0.00324301278472365	0.484989197843702	1	"1e-05 to 1"	0.00301477193085524	-0.00278165381373285	174	"success"	"pgls5_castespolymorphic"
"OG0003557_00"	-0.010418601206555	0.28330778065469	1e-05	"1e-05 to 1"	0.00719123363472022	0.00141908964422433	174	"success"	"pgls5_castespolymorphic"
"OG0003558_00"	0.00236889331637282	0.704441628849688	1	"1e-05 to 1"	0.000907422241525033	-0.00490125553614029	174	"success"	"pgls5_castespolymorphic"
"OG0003559_00"	-0.0024268878764831	0.399383644121976	1e-05	"1e-05 to 1"	0.00441500390176902	-0.00137328095926725	174	"success"	"pgls5_castespolymorphic"
"OG0003560_00"	-0.00578729326182671	0.426760344745023	0.914203610681167	"1e-05 to 1"	0.00390332230122962	-0.00188793745283311	174	"success"	"pgls5_castespolymorphic"
"OG0003561_00"	0.00260720951813973	0.770670930411749	1	"1e-05 to 1"	0.000532587317267971	-0.00527826973321299	174	"success"	"pgls5_castespolymorphic"
"OG0003562_00"	-0.00367848929608237	0.567267901326463	0.774319121613682	"1e-05 to 1"	0.00204976804036719	-0.00375226819195618	174	"success"	"pgls5_castespolymorphic"
"OG0003563_00"	0.00306052400118416	0.502998851725642	0.486580435403897	"1e-05 to 1"	0.00289935412103108	-0.00289774265733489	174	"success"	"pgls5_castespolymorphic"
"OG0003564_00"	-0.00287977168003191	0.672871072375432	1e-05	"1e-05 to 1"	0.0011100447752336	-0.0046974549644454	174	"success"	"pgls5_castespolymorphic"
"OG0003565_00"	-0.000161678486171751	0.98356013330474	1e-05	"1e-05 to 1"	2.66203968760314e-06	-0.0058112759717095	174	"success"	"pgls5_castespolymorphic"
"OG0003566_00"	0.00354777166456721	0.742703876226905	1e-05	"1e-05 to 1"	0.000671200313101021	-0.00513885084786936	174	"success"	"pgls5_castespolymorphic"
"OG0003567_00"	-0.0218272925477321	0.0829883406857523	0.448673395684212	"1e-05 to 1"	0.0191414549701577	0.013438789010682	174	"success"	"pgls5_castespolymorphic"
"OG0003568_00"	0.0372832398803447	0.00653697663365826	1	"1e-05 to 1"	0.0450345368460811	0.0394824120603023	174	"success"	"pgls5_castespolymorphic"
"OG0003569_00"	0.0482570885241131	0.0170862440098758	1e-05	"1e-05 to 1"	0.0346033137784216	0.0289905423469009	174	"success"	"pgls5_castespolymorphic"
"OG0003570_00"	-0.000250530322485626	0.865131906126531	1	"1e-05 to 1"	0.000181984923112301	-0.00563091051338116	174	"success"	"pgls5_castespolymorphic"
"OG0003571_00"	-0.000577395148414954	0.944543598030115	1	"1e-05 to 1"	3.03357042879048e-05	-0.00578344141371034	174	"success"	"pgls5_castespolymorphic"
"OG0003572_00"	-0.00564023049302783	0.538967075648967	0.48705580154783	"1e-05 to 1"	0.00234898425261533	-0.00345131235056706	174	"success"	"pgls5_castespolymorphic"
"OG0003573_00"	0.0207032796830034	0.0785596810283553	1	"1e-05 to 1"	0.019213765265862	0.0135115197150821	174	"success"	"pgls5_castespolymorphic"
"OG0003574_00"	-0.0090298608255939	0.544315871203617	0.650410867193491	"1e-05 to 1"	0.00227355484142596	-0.00352718030484467	174	"success"	"pgls5_castespolymorphic"
"OG0003575_00"	0.00562417770935479	0.241980934913498	1e-05	"1e-05 to 1"	0.00844099621337607	0.00267611828438408	174	"success"	"pgls5_castespolymorphic"
"OG0003576_00"	0.0195349818703424	0.0257235732316776	1e-05	"1e-05 to 1"	0.0303319593564315	0.0246943544689689	174	"success"	"pgls5_castespolymorphic"
"OG0003577_00"	0.00801743657673297	0.372482274686309	1	"1e-05 to 1"	0.00491273411452551	-0.000872656966203866	174	"success"	"pgls5_castespolymorphic"
"OG0003578_00"	0.0177388836623059	0.290695886071375	0.875673777730453	"1e-05 to 1"	0.00892685118606483	0.00316479799528624	174	"success"	"pgls5_castespolymorphic"
"OG0003579_00"	0.0184960841275586	0.0946501263595092	0.952334129449586	"1e-05 to 1"	0.0178037497095712	0.0120933063939291	174	"success"	"pgls5_castespolymorphic"
"OG0003580_00"	-0.0105435486594651	0.0619600908532205	1	"1e-05 to 1"	0.0220165555858955	0.0163306053276741	174	"success"	"pgls5_castespolymorphic"
"OG0003581_00"	0.0197024510508671	0.0168039444430619	0.991156815040932	"1e-05 to 1"	0.0352064041718338	0.0295971390798095	174	"success"	"pgls5_castespolymorphic"
"OG0003582_00"	0.0010819222491869	0.828180194421795	1e-05	"1e-05 to 1"	0.000295282058559357	-0.00551695467365843	174	"success"	"pgls5_castespolymorphic"
"OG0003583_00"	-0.012740166264503	0.252754688477945	1	"1e-05 to 1"	0.00816711834698293	0.00240064810481422	174	"success"	"pgls5_castespolymorphic"
"OG0003584_00"	0.00504009128387881	0.769881166811015	0.8599878334155	"1e-05 to 1"	0.000622158504338343	-0.00518817778342706	174	"success"	"pgls5_castespolymorphic"
"OG0003585_00"	-0.0100920502225344	0.336297898930284	0.566816920566761	"1e-05 to 1"	0.00574348995994213	-3.70711449420025e-05	174	"success"	"pgls5_castespolymorphic"
"OG0003586_00"	0.00333973193949169	0.726764770703648	1e-05	"1e-05 to 1"	0.000760472884762898	-0.00504905924962795	174	"success"	"pgls5_castespolymorphic"
"OG0003587_00"	0.000330814729617091	0.975967445554013	1e-05	"1e-05 to 1"	5.61921029367418e-06	-0.0058083016082513	174	"success"	"pgls5_castespolymorphic"
"OG0003588_00"	-0.000300114918269617	0.961436851130106	1	"1e-05 to 1"	1.50337500523436e-05	-0.00579883233279621	174	"success"	"pgls5_castespolymorphic"
"OG0003589_00"	-0.00137433084782727	0.893918585139184	1	"1e-05 to 1"	0.000112179571359048	-0.00570112171020276	174	"success"	"pgls5_castespolymorphic"
"OG0003590_00"	-0.000263553615750838	0.970368064239164	0.640936786705335	"1e-05 to 1"	8.81700706979355e-06	-0.00580508521963341	174	"success"	"pgls5_castespolymorphic"
"OG0003591_00"	0.0380853586999094	0.000998481985974298	0.460677907278348	"1e-05 to 1"	0.0652512360087318	0.0598166501715733	174	"success"	"pgls5_castespolymorphic"
"OG0003593_00"	-0.0103406478787804	0.470799143842356	1e-05	"1e-05 to 1"	0.00331778499386469	-0.00247687904686855	174	"success"	"pgls5_castespolymorphic"
"OG0003594_00"	0.0182552985675151	0.421007130352806	0.866265410455254	"1e-05 to 1"	0.00405132176264517	-0.00173907752943236	174	"success"	"pgls5_castespolymorphic"
"OG0003595_00"	-0.00281883630913555	0.369574795484394	1e-05	"1e-05 to 1"	0.00503486015850216	-0.000749820887087971	174	"success"	"pgls5_castespolymorphic"
"OG0003596_00"	-0.0044285308880642	0.466592984332269	1e-05	"1e-05 to 1"	0.00329692064325932	-0.00249786470183788	174	"success"	"pgls5_castespolymorphic"
"OG0003597_00"	-0.0221567189481426	0.134562252939598	0.975859668494422	"1e-05 to 1"	0.0139398378683025	0.00820692994893224	174	"success"	"pgls5_castespolymorphic"
"OG0003598_00"	-0.00485644976255162	0.808356440654977	0.964339326630943	"1e-05 to 1"	0.000364198051694799	-0.00544763800614412	174	"success"	"pgls5_castespolymorphic"
"OG0003599_00"	0.0160392166734471	0.015471618746411	1e-05	"1e-05 to 1"	0.0356455912094587	0.0300388795304439	174	"success"	"pgls5_castespolymorphic"
"OG0003600_00"	-0.00605757086856319	0.354420425578998	0.960303915625382	"1e-05 to 1"	0.0052959070916293	-0.000487256239233291	174	"success"	"pgls5_castespolymorphic"
"OG0003601_00"	0.0279036480258477	0.0107935163233437	0.727880214321735	"1e-05 to 1"	0.0396827609677012	0.0340995212058854	174	"success"	"pgls5_castespolymorphic"
"OG0003602_00"	0.00023667196756661	0.948298188704641	1e-05	"1e-05 to 1"	2.68668980196301e-05	-0.00578693038745692	174	"success"	"pgls5_castespolymorphic"
"OG0003603_00"	0.020643423676975	0.0310539568425467	1	"1e-05 to 1"	0.0285558139728714	0.0229078826587601	174	"success"	"pgls5_castespolymorphic"
"OG0003604_00"	-0.00887914186600226	0.0774266625085231	1e-05	"1e-05 to 1"	0.0191217920338669	0.013419011754994	174	"success"	"pgls5_castespolymorphic"
"OG0003605_00"	0.0022072461452232	0.848209000662552	0.853075193154448	"1e-05 to 1"	0.000228231603544385	-0.00558439495690011	174	"success"	"pgls5_castespolymorphic"
"OG0003606_00"	-0.00320259031390732	0.683434994225579	0.923160395312804	"1e-05 to 1"	0.00104198899413946	-0.00476590641868535	174	"success"	"pgls5_castespolymorphic"
"OG0003607_00"	0.000258110155575359	0.96814241270509	0.451333013920498	"1e-05 to 1"	1.00002655039439e-05	-0.0058038950817898	174	"success"	"pgls5_castespolymorphic"
"OG0003608_00"	0.0377295861237491	0.0133811619642215	0.697560888041164	"1e-05 to 1"	0.0374005163998487	0.0318040077742664	174	"success"	"pgls5_castespolymorphic"
"OG0003609_00"	0.0366990499295583	0.121324524057543	1	"1e-05 to 1"	0.014935104218597	0.00920798273149581	174	"success"	"pgls5_castespolymorphic"
"OG0003610_00"	0.00750548601401332	0.568769301015552	0.756247566902376	"1e-05 to 1"	0.00205974402902486	-0.00374223420336461	174	"success"	"pgls5_castespolymorphic"
"OG0003611_00"	0.00298405309912103	0.148272525661486	1	"1e-05 to 1"	0.0130174524568478	0.00727918183159704	174	"success"	"pgls5_castespolymorphic"
"OG0003612_00"	0.0199151254028818	0.249763408106901	1	"1e-05 to 1"	0.00821910435382458	0.00245293635588162	174	"success"	"pgls5_castespolymorphic"
"OG0003613_00"	0.0012680494454557	0.867728614707165	1	"1e-05 to 1"	0.000177216657895259	-0.00563570650107037	174	"success"	"pgls5_castespolymorphic"
"OG0003614_00"	0.00236257514512365	0.68367133504132	0.764953207623508	"1e-05 to 1"	0.00103386709169954	-0.00477407554148845	174	"success"	"pgls5_castespolymorphic"
"OG0003615_00"	0.00851147626907447	0.0759228134914327	1e-05	"1e-05 to 1"	0.0194351821838495	0.0137342239407324	174	"success"	"pgls5_castespolymorphic"
"OG0003616_00"	-0.00425138980225319	0.556673743032607	1e-05	"1e-05 to 1"	0.00213699748983082	-0.00366453159453051	174	"success"	"pgls5_castespolymorphic"
"OG0003617_00"	0.00573788587178786	0.432579773118545	1e-05	"1e-05 to 1"	0.0038299275944511	-0.00196175887302297	174	"success"	"pgls5_castespolymorphic"
"OG0003618_00"	-3.22923263008333e-05	0.998231084220958	1e-05	"1e-05 to 1"	3.42515602531163e-08	-0.00581391903767492	174	"success"	"pgls5_castespolymorphic"
"OG0003619_00"	-0.00786848893353698	0.298381279361307	1e-05	"1e-05 to 1"	0.00900856568170403	0.00324698757520236	174	"success"	"pgls5_castespolymorphic"
"OG0003620_00"	0.00297011442077488	0.355825963785367	1e-05	"1e-05 to 1"	0.00526513669425096	-0.000518205534270733	174	"success"	"pgls5_castespolymorphic"
"OG0003621_00"	0.00446991884071836	0.615238040069211	1	"1e-05 to 1"	0.00159252303371896	-0.0042121715998058	174	"success"	"pgls5_castespolymorphic"
"OG0003622_00"	-0.00188876248199376	0.407973805392719	1e-05	"1e-05 to 1"	0.00423061421285371	-0.00155874268125755	174	"success"	"pgls5_castespolymorphic"
"OG0003623_00"	-0.00452092707022892	0.732539662474463	1	"1e-05 to 1"	0.00074599559033182	-0.00506362071437549	174	"success"	"pgls5_castespolymorphic"
"OG0003624_00"	-0.00525622747888646	0.690834473104696	0.730473392694407	"1e-05 to 1"	0.000991249251091231	-0.00481694116023945	174	"success"	"pgls5_castespolymorphic"
"OG0003625_00"	0.00708710499517608	0.550510871059493	0.846138768972394	"1e-05 to 1"	0.00221810224281141	-0.00358295530228858	174	"success"	"pgls5_castespolymorphic"
"OG0003626_00"	-0.0236891664522568	0.0926425950890555	0.916256404575591	"1e-05 to 1"	0.0175730280126622	0.0118612432918055	174	"success"	"pgls5_castespolymorphic"
"OG0003627_00"	0.0151255285517346	0.0614034131687475	1e-05	"1e-05 to 1"	0.0219710966543016	0.016284882099966	174	"success"	"pgls5_castespolymorphic"
"OG0003628_00"	0.0218167600899784	0.138362171215433	0.797523411038761	"1e-05 to 1"	0.0135058738427571	0.00777044287672668	174	"success"	"pgls5_castespolymorphic"
"OG0003629_00"	0.00346411578988669	0.555493013271975	1	"1e-05 to 1"	0.00216317850530313	-0.00363819836385204	174	"success"	"pgls5_castespolymorphic"
"OG0003630_00"	0.0113004716341377	0.232302447244532	0.734074553146254	"1e-05 to 1"	0.0087951372703426	0.00303231830098427	174	"success"	"pgls5_castespolymorphic"
"OG0003631_00"	0.00156596711715479	0.717012231222103	1e-05	"1e-05 to 1"	0.000813123041420935	-0.00499610298740816	174	"success"	"pgls5_castespolymorphic"
"OG0003632_00"	0.0079784789575142	0.543927475719193	0.90261838090509	"1e-05 to 1"	0.00230647034640743	-0.00349407343064834	174	"success"	"pgls5_castespolymorphic"
"OG0003633_00"	0.0252351705974594	0.00737353725494438	0.159379561640148	"1e-05 to 1"	0.044286090237359	0.0387296140178087	174	"success"	"pgls5_castespolymorphic"
"OG0003634_00"	-0.00195486357130284	0.761162021284091	1e-05	"1e-05 to 1"	0.000575462410657365	-0.00523514536602487	174	"success"	"pgls5_castespolymorphic"
"OG0003635_00"	0.0169468762164555	0.35220216882736	0.541570599718034	"1e-05 to 1"	0.00548017567155127	-0.000301916330358365	174	"success"	"pgls5_castespolymorphic"
"OG0003636_00"	0.00397885488953542	0.532935195890866	1	"1e-05 to 1"	0.00241943364403458	-0.00338045336966286	174	"success"	"pgls5_castespolymorphic"
"OG0003637_00"	-0.00954626926124395	0.146842468177977	0.371294787369403	"1e-05 to 1"	0.0131912812827602	0.0074540212902181	174	"success"	"pgls5_castespolymorphic"
"OG0003638_00"	-0.000216048733361936	0.973448288322296	1	"1e-05 to 1"	6.85944827804967e-06	-0.00580705415958094	174	"success"	"pgls5_castespolymorphic"
"OG0003639_00"	-0.0068759313008548	0.169737584895865	1e-05	"1e-05 to 1"	0.0116773558731868	0.0059312939887286	174	"success"	"pgls5_castespolymorphic"
"OG0003640_00"	-0.00666539801310916	0.423054453813581	0.23262401605881	"1e-05 to 1"	0.0039908368944251	-0.00179991405386293	174	"success"	"pgls5_castespolymorphic"
"OG0003641_00"	0.00108273244673679	0.839806342910664	1	"1e-05 to 1"	0.000252976445461973	-0.00555950624962254	174	"success"	"pgls5_castespolymorphic"
"OG0003642_00"	0.0169600511472128	0.109636229175544	1	"1e-05 to 1"	0.0159185458067826	0.0101971420033338	174	"success"	"pgls5_castespolymorphic"
"OG0003643_00"	-0.0125354716467179	0.13736857111291	0.832782514171753	"1e-05 to 1"	0.0137427659828347	0.00800871229668854	174	"success"	"pgls5_castespolymorphic"
"OG0003644_00"	-0.0336813545970255	0.0101561669180874	0.942727496753868	"1e-05 to 1"	0.0400858561693002	0.034504959984238	174	"success"	"pgls5_castespolymorphic"
"OG0003645_00"	0.0121269814347853	0.205059655462341	1e-05	"1e-05 to 1"	0.0102092176133658	0.00445462004135055	174	"success"	"pgls5_castespolymorphic"
"OG0003646_00"	0.0157043313122625	0.151596408250158	0.371657055422936	"1e-05 to 1"	0.0131354457898829	0.00739786117238217	174	"success"	"pgls5_castespolymorphic"
"OG0003647_00"	0.0263879163974727	0.173271498979163	0.990801541490781	"1e-05 to 1"	0.0116314708911953	0.00588514223358605	174	"success"	"pgls5_castespolymorphic"
"OG0003648_00"	-0.0109276772249317	0.223097430486307	1e-05	"1e-05 to 1"	0.00926294221162642	0.00350284303843806	174	"success"	"pgls5_castespolymorphic"
"OG0003649_00"	-0.0109122036118738	0.304928358238563	1	"1e-05 to 1"	0.00653623390008953	0.000760281771601701	174	"success"	"pgls5_castespolymorphic"
"OG0003650_00"	-0.0267964587284149	0.0300518004797106	0.916362237154728	"1e-05 to 1"	0.0292560403487432	0.0236121801182126	174	"success"	"pgls5_castespolymorphic"
"OG0003651_00"	0.0136960827322371	0.188880387107174	0.587435139633867	"1e-05 to 1"	0.0106982247740804	0.00494647026695283	174	"success"	"pgls5_castespolymorphic"
"OG0003652_00"	-0.00088542742958155	0.759993061148784	1e-05	"1e-05 to 1"	0.000603853692027303	-0.00520658901906557	174	"success"	"pgls5_castespolymorphic"
"OG0003653_00"	-0.00519637521640889	0.526631936811611	0.412159959704363	"1e-05 to 1"	0.0025260404339141	-0.00327322677286546	174	"success"	"pgls5_castespolymorphic"
"OG0003654_00"	-0.0230045774329497	0.284782939098114	0.11494828082123	"1e-05 to 1"	0.00710309323461443	0.00133043679993206	174	"success"	"pgls5_castespolymorphic"
"OG0003655_00"	0.0028109671141141	0.776248347710359	1e-05	"1e-05 to 1"	0.000737401764835242	-0.0050722645039738	174	"success"	"pgls5_castespolymorphic"
"OG0003656_00"	0.00781078585832749	0.359647154349612	0.904044516483317	"1e-05 to 1"	0.00583045179106388	5.0396278221343e-05	174	"success"	"pgls5_castespolymorphic"
"OG0003657_00"	0.0156347022711408	0.0442741485400369	0.786352617872305	"1e-05 to 1"	0.0252039354191284	0.0195365164390071	174	"success"	"pgls5_castespolymorphic"
"OG0003658_00"	0.0117219415878977	0.108364770185619	0.795768689724763	"1e-05 to 1"	0.0161327066828762	0.0104125480008	174	"success"	"pgls5_castespolymorphic"
"OG0003659_00"	0.00729327338945666	0.542577882399959	0.985274992690588	"1e-05 to 1"	0.00232194434527889	-0.00347850946666717	174	"success"	"pgls5_castespolymorphic"
"OG0003660_00"	-0.0112495708065003	0.131619406129301	1e-05	"1e-05 to 1"	0.0141514527653593	0.00841977516515802	174	"success"	"pgls5_castespolymorphic"
"OG0003662_00"	0.0111391816819277	0.42213531837542	0.761899709471842	"1e-05 to 1"	0.00400665051712642	-0.00178400849149507	174	"success"	"pgls5_castespolymorphic"
"OG0003663_00"	0.00790371719534802	0.579043094642942	0.937640938111062	"1e-05 to 1"	0.00193996121008789	-0.00386271343403966	174	"success"	"pgls5_castespolymorphic"
"OG0003664_00"	0.00113281314229079	0.957781979961529	1	"1e-05 to 1"	1.76801496462287e-05	-0.00579617054715809	174	"success"	"pgls5_castespolymorphic"
"OG0003665_00"	0.0117624088887325	0.7852603661583	0.716852017851162	"1e-05 to 1"	0.000811025806357286	-0.00499821241569887	174	"success"	"pgls5_castespolymorphic"
"OG0003666_00"	-0.000407801251325671	0.954276448883868	1	"1e-05 to 1"	2.03561935818759e-05	-0.00579347894482751	174	"success"	"pgls5_castespolymorphic"
"OG0003667_00"	0.000342878572160481	0.962138707280773	1	"1e-05 to 1"	1.41276857439255e-05	-0.0057997436649202	174	"success"	"pgls5_castespolymorphic"
"OG0003668_00"	-0.00803684936776233	0.536890738877755	0.152016016904788	"1e-05 to 1"	0.00237307288665572	-0.00342708366632882	174	"success"	"pgls5_castespolymorphic"
"OG0003669_00"	0.0193000507980423	0.212648066807502	0.790589329241041	"1e-05 to 1"	0.00957181878998528	0.00381351541085728	174	"success"	"pgls5_castespolymorphic"
"OG0003670_00"	0.0243562255247508	0.050878100962189	0.616410963868171	"1e-05 to 1"	0.0239141014110161	0.0182391833959639	174	"success"	"pgls5_castespolymorphic"
"OG0003671_00"	0.0136066282407825	0.0392374760771992	1	"1e-05 to 1"	0.0261353091317196	0.0204733051150435	174	"success"	"pgls5_castespolymorphic"
"OG0003672_00"	-0.00524678175100284	0.521649797051367	1e-05	"1e-05 to 1"	0.00255515971573874	-0.00324393819289059	174	"success"	"pgls5_castespolymorphic"
"OG0003673_00"	0.00448997363232173	0.56464842221901	1	"1e-05 to 1"	0.00205187087922798	-0.0037501531272881	174	"success"	"pgls5_castespolymorphic"
"OG0003674_00"	-0.00239562517495256	0.792192669535603	1e-05	"1e-05 to 1"	0.000432387106722724	-0.00537905250312187	174	"success"	"pgls5_castespolymorphic"
"OG0003675_00"	-0.00362138712630785	0.597513014253762	1	"1e-05 to 1"	0.00181438831156539	-0.00398901640755334	174	"success"	"pgls5_castespolymorphic"
"OG0003676_00"	0.0118265103850766	0.204249291886889	0.747593523393938	"1e-05 to 1"	0.0101809242127775	0.00442616214424707	174	"success"	"pgls5_castespolymorphic"
"OG0003677_00"	0.00204397901811763	0.802688742198284	1	"1e-05 to 1"	0.000388922188591722	-0.00542277012426529	174	"success"	"pgls5_castespolymorphic"
"OG0003678_00"	-0.00448166799423974	0.770873078795392	1	"1e-05 to 1"	0.000531622070683015	-0.0052792405916966	174	"success"	"pgls5_castespolymorphic"
"OG0003679_00"	0.00582049790029286	0.765562047885494	1	"1e-05 to 1"	0.000553826574160303	-0.00525690699226899	174	"success"	"pgls5_castespolymorphic"
"OG0003680_00"	0.0112904309814443	0.0652007357211897	1	"1e-05 to 1"	0.0208316990406529	0.0151388600815869	174	"success"	"pgls5_castespolymorphic"
"OG0003681_00"	0.0241269591861332	0.0603562519020353	0.788305405684761	"1e-05 to 1"	0.0217386208684898	0.0160510547107485	174	"success"	"pgls5_castespolymorphic"
"OG0003682_00"	0.00537487926190935	0.325042116354843	0.526309901981289	"1e-05 to 1"	0.00601636831151561	0.000237393708675704	174	"success"	"pgls5_castespolymorphic"
"OG0003683_00"	0.00130730570211745	0.904602845686236	0.839115491317264	"1e-05 to 1"	8.94893814821162e-05	-0.00572394381978847	174	"success"	"pgls5_castespolymorphic"
"OG0003684_00"	-0.00216065141930417	0.41766093944722	1e-05	"1e-05 to 1"	0.00408436878581556	-0.00170583837240645	174	"success"	"pgls5_castespolymorphic"
"OG0003685_00"	0.00690359216821867	0.0785841532416245	1e-05	"1e-05 to 1"	0.0190921080213121	0.0133891551609708	174	"success"	"pgls5_castespolymorphic"
"OG0003686_00"	-0.00408125719962648	0.580764583542135	0.840213611997282	"1e-05 to 1"	0.00216845039584237	-0.00363289582278647	174	"success"	"pgls5_castespolymorphic"
"OG0003687_00"	-0.00895477821635626	0.282682661919416	1	"1e-05 to 1"	0.00712090064277281	0.00134834773953307	174	"success"	"pgls5_castespolymorphic"
"OG0003688_00"	0.00398595880082289	0.827268615703697	0.995530943931538	"1e-05 to 1"	0.000294777743614201	-0.00551746192066727	174	"success"	"pgls5_castespolymorphic"
"OG0003689_00"	0.00783239248863424	0.498268959953539	0.989941611620934	"1e-05 to 1"	0.00283571716282626	-0.00296174959785489	174	"success"	"pgls5_castespolymorphic"
"OG0003690_00"	-0.00417258759024516	0.803187472974527	0.610677857085818	"1e-05 to 1"	0.000391799026522618	-0.00541987656053244	174	"success"	"pgls5_castespolymorphic"
"OG0003691_00"	-0.00657757206657018	0.370569542260236	1e-05	"1e-05 to 1"	0.00495208717286695	-0.000833075111011716	174	"success"	"pgls5_castespolymorphic"
"OG0003692_00"	-0.00530405680270405	0.674006761400947	0.924556435851744	"1e-05 to 1"	0.00111578084388374	-0.00469168554655885	174	"success"	"pgls5_castespolymorphic"
"OG0003693_00"	-0.000713489034936225	0.947434950855646	1	"1e-05 to 1"	2.70807097101906e-05	-0.00578671533267516	174	"success"	"pgls5_castespolymorphic"
"OG0003694_00"	0.0137945208204278	0.312223661556052	0.959614517930573	"1e-05 to 1"	0.00630351235381328	0.000526207193079609	174	"success"	"pgls5_castespolymorphic"
"OG0003695_00"	-0.00115454554662626	0.942512709215525	0.909685319164319	"0.001 to 1"	3.30161310438283e-05	-0.00578074540307805	174	"success"	"pgls5_castespolymorphic"
"OG0003696_00"	0.0106357020961332	0.278823226939811	1e-05	"1e-05 to 1"	0.00728058739905362	0.00150896290718761	174	"success"	"pgls5_castespolymorphic"
"OG0003697_00"	0.00658491372759753	0.609589248007733	1	"1e-05 to 1"	0.00165432577965721	-0.00415000953557731	174	"success"	"pgls5_castespolymorphic"
"OG0003698_00"	-0.00981521945779555	0.408347326313865	1e-05	"1e-05 to 1"	0.0042238917603257	-0.00156550421781199	174	"success"	"pgls5_castespolymorphic"
"OG0003699_00"	0.00716050193031206	0.0937083649505768	1e-05	"1e-05 to 1"	0.0173521120512724	0.0116390429352915	174	"success"	"pgls5_castespolymorphic"
"OG0003700_00"	0.000466620208186451	0.933029867650033	1	"1e-05 to 1"	4.39964140718059e-05	-0.00576970128119525	174	"success"	"pgls5_castespolymorphic"
"OG0003701_00"	-0.00327071057655561	0.769570774928708	0.801151717778077	"1e-05 to 1"	0.000537857143154662	-0.00527296926880361	174	"success"	"pgls5_castespolymorphic"
"OG0003702_00"	-0.00911282711701677	0.341949821261071	1e-05	"1e-05 to 1"	0.00564608087940087	-0.000135046557346863	174	"success"	"pgls5_castespolymorphic"
"OG0003703_00"	-0.00310995575479012	0.303101698701042	1e-05	"1e-05 to 1"	0.00662678952367308	0.000851363881368861	174	"success"	"pgls5_castespolymorphic"
"OG0003704_00"	0.0171828125337763	0.23288230336242	0.450697827339837	"1e-05 to 1"	0.0088278445101154	0.00306521569912777	174	"success"	"pgls5_castespolymorphic"
"OG0003705_00"	-0.0158204412512937	0.07573365237561	1e-05	"1e-05 to 1"	0.0195808546966992	0.0138807433867962	174	"success"	"pgls5_castespolymorphic"
"OG0003706_00"	0.0250616831940369	0.249982579366727	0.949117446709843	"1e-05 to 1"	0.00826280036965785	0.00249688641831869	174	"success"	"pgls5_castespolymorphic"
"OG0003707_00"	-0.0144724554095132	0.451453331085294	0.976516346630588	"1e-05 to 1"	0.00447214530350922	-0.00131580734007497	174	"success"	"pgls5_castespolymorphic"
"OG0003708_00"	0.00643041892729594	0.708345042183585	0.966413135186683	"1e-05 to 1"	0.000866094685537888	-0.00494282336861596	174	"success"	"pgls5_castespolymorphic"
"OG0003709_00"	0.00698081952093399	0.528409239489463	1	"1e-05 to 1"	0.00250441422657987	-0.00329497871396334	174	"success"	"pgls5_castespolymorphic"
"OG0003710_00"	0.00804439593090896	0.477966655309424	1	"1e-05 to 1"	0.00311276949700292	-0.0026830864942935	174	"success"	"pgls5_castespolymorphic"
"OG0003711_00"	0.00297107590628922	0.740170051366463	0.633505277616284	"1e-05 to 1"	0.000684978285296725	-0.00512499277118428	174	"success"	"pgls5_castespolymorphic"
"OG0003712_00"	0.009648823408352	0.443142597015485	1	"1e-05 to 1"	0.00368053284687358	-0.0021120221947144	174	"success"	"pgls5_castespolymorphic"
"OG0003713_00"	0.0069671345045648	0.600567618947246	1e-05	"1e-05 to 1"	0.00171726473058228	-0.00408670466051886	174	"success"	"pgls5_castespolymorphic"
"OG0003714_00"	-0.011667056306485	0.312617708261304	0.942537189582534	"1e-05 to 1"	0.00641201838724617	0.000635344075544109	174	"success"	"pgls5_castespolymorphic"
"OG0003715_00"	-0.00493597087144223	0.620402121419635	1e-05	"1e-05 to 1"	0.00151774191869383	-0.00428738748875568	174	"success"	"pgls5_castespolymorphic"
"OG0003716_00"	0.0014337498486053	0.555819458660049	1	"1e-05 to 1"	0.00215961206516411	-0.00364178553910821	174	"success"	"pgls5_castespolymorphic"
"OG0003717_00"	-0.0194595597529754	0.155419417489113	0.0841069892702916	"1e-05 to 1"	0.012732349236171	0.00699242103405584	174	"success"	"pgls5_castespolymorphic"
"OG0003718_00"	-0.0066822037759267	0.168732568995723	1e-05	"1e-05 to 1"	0.011659991494439	0.00591382865429047	174	"success"	"pgls5_castespolymorphic"
"OG0003719_00"	0.0108499695466595	0.371660133790944	0.865238608774163	"1e-05 to 1"	0.00492961457089766	-0.000855678367643442	174	"success"	"pgls5_castespolymorphic"
"OG0003720_00"	0.0174941713922079	0.305809422261997	1	"1e-05 to 1"	0.00655323671025987	0.000777383435319523	174	"success"	"pgls5_castespolymorphic"
"OG0003721_00"	0.0124843991049702	0.147986504607722	1e-05	"1e-05 to 1"	0.0131174088779872	0.00737971939471971	174	"success"	"pgls5_castespolymorphic"
"OG0003722_00"	0.0270128290816909	0.0329352610257061	0.339327132857191	"1e-05 to 1"	0.0282928901447757	0.022643430203757	174	"success"	"pgls5_castespolymorphic"
"OG0003723_00"	-0.0272342930536453	0.0781237652432933	1	"1e-05 to 1"	0.0192694621314262	0.0135675403996321	174	"success"	"pgls5_castespolymorphic"
"OG0003724_00"	-0.00559132704519426	0.341123187351537	1e-05	"1e-05 to 1"	0.0057010356544115	-7.97722778302923e-05	174	"success"	"pgls5_castespolymorphic"
"OG0003725_00"	0.0434758681425374	0.0446752094315976	0.931009081125203	"1e-05 to 1"	0.0249548947531217	0.0192860278621514	174	"success"	"pgls5_castespolymorphic"
"OG0003726_00"	-0.000226024651147768	0.986498374112186	0.806642166773802	"1e-05 to 1"	1.78425097032904e-06	-0.00581215886384956	174	"success"	"pgls5_castespolymorphic"
"OG0003727_00"	0.00568580136446543	0.603209081104959	0.86303610998469	"1e-05 to 1"	0.00169249396853873	-0.00411161943862082	174	"success"	"pgls5_castespolymorphic"
"OG0003728_00"	0.000467289767950817	0.868514955593953	1e-05	"1e-05 to 1"	0.00017180369729401	-0.00564115093237305	174	"success"	"pgls5_castespolymorphic"
"OG0003729_00"	-0.00740209767160661	0.287728935079798	0.887422343660145	"1e-05 to 1"	0.00715024926048497	0.00137786698874376	174	"success"	"pgls5_castespolymorphic"
"OG0003730_00"	-0.00327791242617134	0.539393265905787	1	"1e-05 to 1"	0.00235873948860175	-0.00344150039809255	174	"success"	"pgls5_castespolymorphic"
"OG0003731_00"	0.00119692712980085	0.746827241220216	1	"1e-05 to 1"	0.000645091665098539	-0.00516511129033703	174	"success"	"pgls5_castespolymorphic"
"OG0003732_00"	-0.0101908004603668	0.263531438211364	1e-05	"1e-05 to 1"	0.00960681524770103	0.00384871533635034	174	"success"	"pgls5_castespolymorphic"
"OG0003733_00"	0.00282012395233546	0.762908586957326	0.891741355868204	"1e-05 to 1"	0.000570372782267	-0.00524026458527804	174	"success"	"pgls5_castespolymorphic"
"OG0003734_00"	-0.000427484391145499	0.9634449703657	0.865236316111626	"1e-05 to 1"	1.30059103716239e-05	-0.00580087196224244	174	"success"	"pgls5_castespolymorphic"
"OG0003735_00"	0.00686696733658548	0.548313058986686	1	"1e-05 to 1"	0.0033777894085993	-0.00241652576925766	174	"success"	"pgls5_castespolymorphic"
"OG0003736_00"	-0.0120938677947381	0.0971053048635671	0.962856726885514	"1e-05 to 1"	0.0172155619727385	0.0115016989609521	174	"success"	"pgls5_castespolymorphic"
"OG0003737_00"	0.000215818020619043	0.971944432838248	1	"1e-05 to 1"	7.80376001653865e-06	-0.00580610435765783	174	"success"	"pgls5_castespolymorphic"
"OG0003738_00"	-0.00927264169977753	0.443233607817035	1	"1e-05 to 1"	0.00372569724316129	-0.00206659521472741	174	"success"	"pgls5_castespolymorphic"
"OG0003739_00"	-0.00138605734658808	0.9029031298701	1e-05	"1e-05 to 1"	9.448860175177e-05	-0.00571891553428472	174	"success"	"pgls5_castespolymorphic"
"OG0003740_00"	-0.0100079790744058	0.415260438144926	1e-05	"1e-05 to 1"	0.00415239237054826	-0.0016374193017159	174	"success"	"pgls5_castespolymorphic"
"OG0003741_00"	-0.0130020648614597	0.298180292957601	1e-05	"1e-05 to 1"	0.00684823618947198	0.0010740980277828	174	"success"	"pgls5_castespolymorphic"
"OG0003742_00"	-0.00987077937572908	0.574410351257667	1e-05	"1e-05 to 1"	0.00197520637370048	-0.00382726335668493	174	"success"	"pgls5_castespolymorphic"
"OG0003743_00"	0.000730413121894192	0.956395819030678	1	"1e-05 to 1"	1.88613735785766e-05	-0.00579498245564491	174	"success"	"pgls5_castespolymorphic"
"OG0003744_00"	-0.0050579776580799	0.355422074627107	1	"1e-05 to 1"	0.00537351445356805	-0.000409197671702	174	"success"	"pgls5_castespolymorphic"
"OG0003745_00"	0.00472797948968287	0.699218473272658	0.990554442889241	"1e-05 to 1"	0.00093552062976143	-0.00487299378518169	174	"success"	"pgls5_castespolymorphic"
"OG0003746_00"	-0.0182083630988422	0.129802838453467	1	"1e-05 to 1"	0.0142847093120358	0.0085538064591989	174	"success"	"pgls5_castespolymorphic"
"OG0003747_00"	0.00630667020344078	0.479756389212763	1e-05	"1e-05 to 1"	0.00316586115590735	-0.00262968616295378	174	"success"	"pgls5_castespolymorphic"
"OG0003748_00"	0.00845153817776399	0.115623306032464	0.537076142903113	"1e-05 to 1"	0.0153059866753266	0.00958102148157858	174	"success"	"pgls5_castespolymorphic"
"OG0003749_00"	0.00446072367453744	0.168334513579766	1	"1e-05 to 1"	0.0117540394509515	0.00600842340124785	174	"success"	"pgls5_castespolymorphic"
"OG0003750_00"	-0.0075152927616861	0.507532747955115	1e-05	"1e-05 to 1"	0.00274949249622095	-0.00304847557066168	174	"success"	"pgls5_castespolymorphic"
"OG0003751_00"	0.00620995867977309	0.279551475988046	1e-05	"1e-05 to 1"	0.00721386227474064	0.0014418498461054	174	"success"	"pgls5_castespolymorphic"
"OG0003752_00"	0.0075001738448393	0.507718440624854	0.862407816667728	"1e-05 to 1"	0.00274709114120621	-0.00305089088704258	174	"success"	"pgls5_castespolymorphic"
"OG0003753_00"	0.00638194030206952	0.570677155837123	0.629395849135402	"1e-05 to 1"	0.00202664409807754	-0.00377552657577085	174	"success"	"pgls5_castespolymorphic"
"OG0003754_00"	-0.0159480184431287	0.289675437766349	1	"1e-05 to 1"	0.00696084242313137	0.00118735894884725	174	"success"	"pgls5_castespolymorphic"
"OG0003755_00"	0.00431999468696363	0.631874718168404	0.609672539455474	"1e-05 to 1"	0.00142904569540299	-0.00437659938776314	174	"success"	"pgls5_castespolymorphic"
"OG0003756_00"	0.0213649162614051	0.195365359113067	0.886226658493941	"1e-05 to 1"	0.0105890798837248	0.00483669081328142	174	"success"	"pgls5_castespolymorphic"
"OG0003757_00"	-0.00448305334210663	0.721065113776838	1e-05	"1e-05 to 1"	0.000793914053989116	-0.0050154236549993	174	"success"	"pgls5_castespolymorphic"
"OG0003758_00"	-0.000741458695964521	0.903010147556346	1e-05	"1e-05 to 1"	0.000127456635469157	-0.00568575582595243	174	"success"	"pgls5_castespolymorphic"
"OG0003759_00"	0.00106577668544947	0.880396647732816	1	"1e-05 to 1"	0.000142829091581975	-0.005670293995095	174	"success"	"pgls5_castespolymorphic"
"OG0003760_00"	-0.0145371714579648	0.164112746011149	0.673592609362695	"1e-05 to 1"	0.0119892299695766	0.00624498130660889	174	"success"	"pgls5_castespolymorphic"
"OG0003761_00"	-0.00271271830002581	0.819943526405632	0.625868496308387	"1e-05 to 1"	0.000328895184826995	-0.00548314612223799	174	"success"	"pgls5_castespolymorphic"
"OG0003762_00"	-0.0125351823508295	0.462703316425957	0.967261348095966	"1e-05 to 1"	0.00335476079085302	-0.00243968827431629	174	"success"	"pgls5_castespolymorphic"
"OG0003763_00"	0.00324534667854612	0.726033528079344	0.738323575492639	"1e-05 to 1"	0.000759984846027893	-0.00504955012579744	174	"success"	"pgls5_castespolymorphic"
"OG0003764_00"	-0.0106214517217629	0.303516983697367	0.433901227107278	"1e-05 to 1"	0.00661545399794827	0.000839962451424703	174	"success"	"pgls5_castespolymorphic"
"OG0003765_00"	0.0240807037388397	0.0400909112384453	1	"1e-05 to 1"	0.0259136760611109	0.0202503834800708	174	"success"	"pgls5_castespolymorphic"
"OG0003766_00"	0.00547291845408973	0.149903062521696	1	"1e-05 to 1"	0.0131600458070665	0.00742260421292151	174	"success"	"pgls5_castespolymorphic"
"OG0003767_00"	0.00529581748788506	0.791583375073082	0.851084680417993	"1e-05 to 1"	0.000437712286284803	-0.00537369636321361	174	"success"	"pgls5_castespolymorphic"
"OG0003768_00"	0.00311419006903636	0.418220133616022	0.456377713129747	"1e-05 to 1"	0.004232487579549	-0.00155685842289555	174	"success"	"pgls5_castespolymorphic"
"OG0003769_00"	0.00151426359603942	0.7584039956405	1e-05	"1e-05 to 1"	0.000589255116679005	-0.00522127246985193	174	"success"	"pgls5_castespolymorphic"
"OG0003770_00"	-0.00999894519895396	0.384093039436667	1e-05	"1e-05 to 1"	0.00467976451923155	-0.00110698103588924	174	"success"	"pgls5_castespolymorphic"
"OG0003771_00"	-0.00110709067813962	0.787030186270644	1	"1e-05 to 1"	0.000463327233752083	-0.00534793249163301	174	"success"	"pgls5_castespolymorphic"
"OG0003772_00"	-0.0182882854558111	0.117466692542409	1	"1e-05 to 1"	0.0152477942665298	0.00952249074482359	174	"success"	"pgls5_castespolymorphic"
"OG0003773_00"	-0.0049377903033081	0.300788569480638	1e-05	"1e-05 to 1"	0.00863202504368795	0.00286825774743038	174	"success"	"pgls5_castespolymorphic"
"OG0003774_00"	-0.00578882395093116	0.726694993907753	1	"1e-05 to 1"	0.000765645916382555	-0.00504385614224323	174	"success"	"pgls5_castespolymorphic"
"OG0003775_00"	0.00853738727615737	0.623440399871471	1	"1e-05 to 1"	0.00150080640080004	-0.0043044214689627	174	"success"	"pgls5_castespolymorphic"
"OG0003776_00"	-0.00656333668019325	0.263065540300802	1e-05	"1e-05 to 1"	0.00985263207433279	0.00409596133057899	174	"success"	"pgls5_castespolymorphic"
"OG0003777_00"	0.00199936238827012	0.447139346961767	1	"1e-05 to 1"	0.00361657735009217	-0.00217634952577939	174	"success"	"pgls5_castespolymorphic"
"OG0003778_00"	0.0107020761216872	0.700499285328631	0.976052167524169	"1e-05 to 1"	0.00092717004748399	-0.00488139291735634	174	"success"	"pgls5_castespolymorphic"
"OG0003779_00"	-0.0191273956667602	0.288126816191874	0.449985592571235	"1e-05 to 1"	0.00704930495030332	0.00127633579303754	174	"success"	"pgls5_castespolymorphic"
"OG0003780_00"	-0.0105603835126171	0.434705915151406	0.332787912570014	"1e-05 to 1"	0.00381848364090633	-0.00197326936118158	174	"success"	"pgls5_castespolymorphic"
"OG0003781_00"	0.0112018484497744	0.215133030923526	0.97128093317907	"1e-05 to 1"	0.00958717721080719	0.00382896312482339	174	"success"	"pgls5_castespolymorphic"
"OG0003782_00"	0.00948831747987843	0.58062333086006	0.539794974704073	"1e-05 to 1"	0.00212474985145454	-0.00367685044010679	174	"success"	"pgls5_castespolymorphic"
"OG0003783_00"	0.0080745285871942	0.539778663985008	0.478301877231414	"1e-05 to 1"	0.00233961448800476	-0.00346073659055346	174	"success"	"pgls5_castespolymorphic"
"OG0003784_00"	0.0165368924581629	0.177917369371254	1e-05	"1e-05 to 1"	0.0113852935622147	0.00563753364106467	174	"success"	"pgls5_castespolymorphic"
"OG0003785_00"	0.00695189955939892	0.732587544275459	0.631019475510048	"1e-05 to 1"	0.000736311847614665	-0.00507336075792253	174	"success"	"pgls5_castespolymorphic"
"OG0003786_00"	0.00220328037433639	0.828863971565666	1e-05	"1e-05 to 1"	0.000292899988120016	-0.00551935059334441	174	"success"	"pgls5_castespolymorphic"
"OG0003787_00"	-0.000390517484664161	0.96305557205003	1e-05	"1e-05 to 1"	1.34512478295425e-05	-0.00580042403561332	174	"success"	"pgls5_castespolymorphic"
"OG0003788_00"	0.0269764510824171	0.00568030475816728	0.440815343217707	"1e-05 to 1"	0.0462575108992074	0.0407124964276911	174	"success"	"pgls5_castespolymorphic"
"OG0003789_00"	-0.0146554098277913	0.101768878911377	1	"1e-05 to 1"	0.016544338456561	0.0108265729824712	174	"success"	"pgls5_castespolymorphic"
"OG0003790_00"	0.00945061506462888	0.262420725558775	1	"1e-05 to 1"	0.00789255361589464	0.00212448706714985	174	"success"	"pgls5_castespolymorphic"
"OG0003791_00"	-0.00286297308161673	0.429666240942357	1	"1e-05 to 1"	0.00385460666099578	-0.00193693632353331	174	"success"	"pgls5_castespolymorphic"
"OG0003792_00"	-0.00111160361184528	0.883670130119888	1	"1e-05 to 1"	0.000133380116823545	-0.00567979790575301	174	"success"	"pgls5_castespolymorphic"
"OG0003793_00"	0.00163688345799814	0.927372823581839	0.97950907647958	"1e-05 to 1"	5.1443974988809e-05	-0.00576221042050551	174	"success"	"pgls5_castespolymorphic"
"OG0003794_00"	0.00453325298153836	0.251946027749149	1e-05	"1e-05 to 1"	0.00814404799418343	0.00237744362205672	174	"success"	"pgls5_castespolymorphic"
"OG0003795_00"	0.00167300720432214	0.41111411470275	1e-05	"1e-05 to 1"	0.0042266064979916	-0.00156277369678759	174	"success"	"pgls5_castespolymorphic"
"OG0003796_00"	0.000302847273816704	0.957302389495574	1	"1e-05 to 1"	1.79711212026404e-05	-0.00579587788390667	174	"success"	"pgls5_castespolymorphic"
"OG0003797_00"	0.0116767882835971	0.377048787590203	0.953115116766856	"0.001 to 1"	0.00500541766452145	-0.00077943455835916	174	"success"	"pgls5_castespolymorphic"
"OG0003798_00"	-0.00732683520943941	0.320859454255907	0.712509664355033	"1e-05 to 1"	0.00608317849890664	0.000304592327388664	174	"success"	"pgls5_castespolymorphic"
"OG0003799_00"	0.0156916238166872	0.0205670847650179	1	"1e-05 to 1"	0.0334777918355905	0.0278584766718438	174	"success"	"pgls5_castespolymorphic"
"OG0003800_00"	0.00497831518787125	0.193947199885195	1e-05	"1e-05 to 1"	0.0106562313465388	0.0049042326915768	174	"success"	"pgls5_castespolymorphic"
"OG0003801_00"	-0.00325714321986812	0.730705667288892	1	"1e-05 to 1"	0.000742445740563358	-0.0050671912028053	174	"success"	"pgls5_castespolymorphic"
"OG0003802_00"	-0.015116745991786	0.191610518660627	1	"1e-05 to 1"	0.0107681273928633	0.00501677929631017	174	"success"	"pgls5_castespolymorphic"
"OG0003803_00"	0.0183390788483242	0.0539950474662634	1e-05	"1e-05 to 1"	0.0230089765237882	0.0173287961547404	174	"success"	"pgls5_castespolymorphic"
"OG0003804_00"	0.0230769955097562	0.0103255163807401	1	"1e-05 to 1"	0.0409034161352512	0.035327273205805	174	"success"	"pgls5_castespolymorphic"
"OG0003805_00"	-0.00134834000930833	0.920430762370098	1	"1e-05 to 1"	6.29518798500505e-05	-0.00575063560922051	174	"success"	"pgls5_castespolymorphic"
"OG0003806_00"	-0.00226877571324677	0.678320397831311	0.478081220714004	"1e-05 to 1"	0.00107121281920233	-0.00473651268766284	174	"success"	"pgls5_castespolymorphic"
"OG0003807_00"	0.00453624715866129	0.317362561745408	1	"1e-05 to 1"	0.00617145685623025	0.000393383930975655	174	"success"	"pgls5_castespolymorphic"
"OG0003808_00"	-0.00293479135382265	0.520385652165951	1	"1e-05 to 1"	0.00257068778802855	-0.00322831984111072	174	"success"	"pgls5_castespolymorphic"
"OG0003809_00"	-0.0058233926852024	0.196825370778061	1	"1e-05 to 1"	0.0102613103471935	0.00450701563990963	174	"success"	"pgls5_castespolymorphic"
"OG0003810_00"	-0.00122604968327546	0.89144582908367	0.967894851306011	"1e-05 to 1"	0.000116038874842347	-0.00569723996890859	174	"success"	"pgls5_castespolymorphic"
"OG0003811_00"	0.0285309875346059	0.00142513747277517	1	"1e-05 to 1"	0.0617877375419099	0.0563330150857583	174	"success"	"pgls5_castespolymorphic"
"OG0003812_00"	0.00234090053345171	0.450855857960549	1e-05	"1e-05 to 1"	0.00355789395948798	-0.00223537409888697	174	"success"	"pgls5_castespolymorphic"
"OG0003813_00"	-0.0129466750977767	0.179211365369529	1	"1e-05 to 1"	0.0111089677681846	0.00535960130172053	174	"success"	"pgls5_castespolymorphic"
"OG0003814_00"	-0.00163351239126694	0.933408197076094	0.313864376838348	"1e-05 to 1"	4.46113567341665e-05	-0.00576908276328481	174	"success"	"pgls5_castespolymorphic"
"OG0003815_00"	-0.00273007705238792	0.673349092850278	0.887300680058955	"1e-05 to 1"	0.0011135399107509	-0.00469393950837271	174	"success"	"pgls5_castespolymorphic"
"OG0003816_00"	-0.00410239108567804	0.628113791324328	0.867034322022078	"1e-05 to 1"	0.00145173823348197	-0.00435377491632338	174	"success"	"pgls5_castespolymorphic"
"OG0003817_00"	0.00426652175059711	0.313899456660444	1	"1e-05 to 1"	0.00626014063636736	0.000482583314485918	174	"success"	"pgls5_castespolymorphic"
"OG0003818_00"	0.0050298867364307	0.470752248386579	0.810977635292527	"1e-05 to 1"	0.00325617108685161	-0.00253885117427144	174	"success"	"pgls5_castespolymorphic"
"OG0003819_00"	-0.00349455997191061	0.70632757442347	1	"1e-05 to 1"	0.000889711189758372	-0.00491906955913857	174	"success"	"pgls5_castespolymorphic"
"OG0003820_00"	-0.00772261297923963	0.518069614329088	1	"1e-05 to 1"	0.00261558430780954	-0.003183162295052	174	"success"	"pgls5_castespolymorphic"
"OG0003821_00"	-0.00739168325011421	0.426310641631031	1	"1e-05 to 1"	0.00395984756657217	-0.00183108355222683	174	"success"	"pgls5_castespolymorphic"
"OG0003822_00"	0.00980456781986368	0.431155711529005	0.517315483579435	"1e-05 to 1"	0.00385364375756103	-0.00193790482524392	174	"success"	"pgls5_castespolymorphic"
"OG0003823_00"	-0.00656465367412362	0.00942890753597414	1	"1e-05 to 1"	0.0408726360859187	0.0352963142026973	174	"success"	"pgls5_castespolymorphic"
"OG0003824_00"	-0.0107283495932667	0.136897521280091	1	"1e-05 to 1"	0.0139492299654257	0.00821637665127128	174	"success"	"pgls5_castespolymorphic"
"OG0003825_00"	0.0112845532329457	0.602810378320319	0.877198980170271	"1e-05 to 1"	0.00167523026795907	-0.00412898350955282	174	"success"	"pgls5_castespolymorphic"
"OG0003826_00"	-0.00907864878846889	0.210971427767663	0.729289089154262	"1e-05 to 1"	0.00964198425395213	0.00388408881356817	174	"success"	"pgls5_castespolymorphic"
"OG0003827_00"	-0.0210672738452974	0.259871703236652	0.842487231382874	"1e-05 to 1"	0.0091897203433593	0.00342919546163467	174	"success"	"pgls5_castespolymorphic"
"OG0003828_00"	0.0194390688329316	0.288314592127706	0.893856792864152	"1e-05 to 1"	0.00700010307560434	0.00122684786092764	174	"success"	"pgls5_castespolymorphic"
"OG0003829_00"	-0.0069527119104956	0.347540123847782	0.969432706050396	"1e-05 to 1"	0.00555180481158973	-0.000229870741831339	174	"success"	"pgls5_castespolymorphic"
"OG0003830_00"	-0.00868518478716141	0.0997543230617737	1e-05	"1e-05 to 1"	0.0168436271838498	0.0111276017605001	174	"success"	"pgls5_castespolymorphic"
"OG0003832_00"	-0.00168507506249276	0.867422333134977	1e-05	"1e-05 to 1"	0.000173609066502512	-0.00563933506683179	174	"success"	"pgls5_castespolymorphic"
"OG0003833_00"	0.000726173681309237	0.859384598624618	1e-05	"1e-05 to 1"	0.00019674966819308	-0.0056160599267594	174	"success"	"pgls5_castespolymorphic"
"OG0003834_00"	0.00385158994971924	0.763563558269963	0.858963782911829	"1e-05 to 1"	0.000563597564649851	-0.00524707919369516	174	"success"	"pgls5_castespolymorphic"
"OG0003835_00"	-0.00547350733544871	0.36215789500874	0.724847929073308	"1e-05 to 1"	0.00512854654841681	-0.000655589808859824	174	"success"	"pgls5_castespolymorphic"
"OG0003836_00"	0.0116383857604646	0.248543577589078	0.862571706246446	"1e-05 to 1"	0.00821045803645034	0.00244423976922037	174	"success"	"pgls5_castespolymorphic"
"OG0003837_00"	0.00494349668205707	0.447809976443006	0.250540700512049	"1e-05 to 1"	0.00356135701071623	-0.00223189091364007	174	"success"	"pgls5_castespolymorphic"
"OG0003838_00"	-0.0260581973045715	0.0747699279860448	0.943250734008979	"1e-05 to 1"	0.0194677015069556	0.0137669323296704	174	"success"	"pgls5_castespolymorphic"
"OG0003839_00"	0.00619619090574763	0.367317088567218	0.786246679862841	"1e-05 to 1"	0.00508243640798123	-0.000701968031507239	174	"success"	"pgls5_castespolymorphic"
"OG0003840_00"	0.00191515058037792	0.851581795526707	1e-05	"1e-05 to 1"	0.000219452045255757	-0.00559322555913222	174	"success"	"pgls5_castespolymorphic"
"OG0003841_00"	-0.00126842829708922	0.697983299904589	1e-05	"1e-05 to 1"	0.000937737990360736	-0.00487076353295102	174	"success"	"pgls5_castespolymorphic"
"OG0003842_00"	-0.000251459970763123	0.98797097125112	0.634363953910118	"1e-05 to 1"	1.42511784269469e-06	-0.00581252008496036	174	"success"	"pgls5_castespolymorphic"
"OG0003843_00"	0.0134756485180673	0.270207940488961	0.702691488231287	"1e-05 to 1"	0.00749918795017977	0.00172883439175053	174	"success"	"pgls5_castespolymorphic"
"OG0003844_00"	0.0143132426291704	0.23007223775725	0.691025957407491	"1e-05 to 1"	0.00899009303252408	0.00322840752689924	174	"success"	"pgls5_castespolymorphic"
"OG0003845_00"	0.0174990319373932	0.296874804716232	1	"1e-05 to 1"	0.00684192936411443	0.0010677545348361	174	"success"	"pgls5_castespolymorphic"
"OG0003846_00"	0.0587582872359647	0.010877415997899	0.75637554107735	"1e-05 to 1"	0.0396003974781962	0.0340166788588833	174	"success"	"pgls5_castespolymorphic"
"OG0003847_00"	-0.00394706417121622	0.702995355913637	1	"1e-05 to 1"	0.000911019439893076	-0.00489763742382854	174	"success"	"pgls5_castespolymorphic"
"OG0003848_00"	-0.00536333817750705	0.576602114655024	1e-05	"1e-05 to 1"	0.00192853093505318	-0.00387421016416156	174	"success"	"pgls5_castespolymorphic"
"OG0003849_00"	-0.0032972688343601	0.588320660988354	1	"1e-05 to 1"	0.00182371172873863	-0.00397963878446639	174	"success"	"pgls5_castespolymorphic"
"OG0003850_00"	0.00395574080706469	0.463443893954579	1e-05	"1e-05 to 1"	0.00342900281937044	-0.0023650146060985	174	"success"	"pgls5_castespolymorphic"
"OG0003852_00"	0.0214448646767977	0.152885117250987	0.70246579959909	"1e-05 to 1"	0.0127283884263741	0.00698843719629483	174	"success"	"pgls5_castespolymorphic"
"OG0003853_00"	-0.00472610484617474	0.357217503200143	1	"1e-05 to 1"	0.00526736481900388	-0.000515964455304108	174	"success"	"pgls5_castespolymorphic"
"OG0003854_00"	0.00694399722235131	0.136837569957344	1e-05	"1e-05 to 1"	0.013779710416956	0.00804587152403147	174	"success"	"pgls5_castespolymorphic"
"OG0003855_00"	0.0123384639679912	0.105595963925988	0.842932230392877	"1e-05 to 1"	0.0161847373458889	0.0104648811676673	174	"success"	"pgls5_castespolymorphic"
"OG0003856_00"	0.0444912823624543	0.213766898288845	0.767778610656954	"1e-05 to 1"	0.00964421916311254	0.0038863367163865	174	"success"	"pgls5_castespolymorphic"
"OG0003858_00"	0.00772127061019996	0.643321971526177	0.905280526605197	"1e-05 to 1"	0.00136048713431471	-0.0044455565451369	174	"success"	"pgls5_castespolymorphic"
"OG0003860_00"	0.0179526513904498	0.164794878415917	1e-05	"1e-05 to 1"	0.014790254796669	0.00906229116176582	174	"success"	"pgls5_castespolymorphic"
"OG0003861_00"	-0.00328809748801414	0.496535961869513	0.764267330148538	"1e-05 to 1"	0.00287641438864284	-0.00292081576026026	174	"success"	"pgls5_castespolymorphic"
"OG0003862_00"	-9.94432585893368e-05	0.993099422878493	1e-05	"1e-05 to 1"	5.77601620175476e-07	-0.00581337252860292	174	"success"	"pgls5_castespolymorphic"
"OG0003864_00"	0.00780818053105193	0.220549654462425	1	"1e-05 to 1"	0.0118871367322105	0.00614229450390946	174	"success"	"pgls5_castespolymorphic"
"OG0003865_00"	-0.0061361784600549	0.30634260689713	1e-05	"1e-05 to 1"	0.00649824459480924	0.000722071598267315	174	"success"	"pgls5_castespolymorphic"
"OG0003867_00"	-0.002419673611073	0.698852111525224	0.981079930108128	"1e-05 to 1"	0.000949821399509021	-0.00485860987142406	174	"success"	"pgls5_castespolymorphic"
"OG0003868_00"	0.0132868089177259	0.207126406492881	0.977982319884503	"1e-05 to 1"	0.00992773795164609	0.00417150386996967	174	"success"	"pgls5_castespolymorphic"
"OG0003869_00"	-0.0183916475141806	0.0974336268374743	1e-05	"1e-05 to 1"	0.0170753009528175	0.011360622469985	174	"success"	"pgls5_castespolymorphic"
"OG0003870_00"	0.0118526288554303	0.363443024509522	0.947094577775976	"1e-05 to 1"	0.00523043715215089	-0.000553106817894777	174	"success"	"pgls5_castespolymorphic"
"OG0003871_00"	-0.000989472972053231	0.958489906394135	0.695978681576138	"1e-05 to 1"	1.67741744992481e-05	-0.00579708178960248	174	"success"	"pgls5_castespolymorphic"
"OG0003872_00"	0.0285384050653981	0.0460807896899249	0.934790412718294	"1e-05 to 1"	0.0244840286292863	0.0188124241445727	174	"success"	"pgls5_castespolymorphic"
"OG0003873_00"	0.00900124876061872	0.168928691363695	1e-05	"1e-05 to 1"	0.0117214767912528	0.0059756714237601	174	"success"	"pgls5_castespolymorphic"
"OG0003874_00"	-0.00929594140147733	0.559823060150716	0.887478866217804	"1e-05 to 1"	0.00212944621470902	-0.00367212677241491	174	"success"	"pgls5_castespolymorphic"
"OG0003875_00"	-0.0142747038075526	0.282550372356816	1e-05	"1e-05 to 1"	0.00721381697845192	0.00144180428646612	174	"success"	"pgls5_castespolymorphic"
"OG0003876_00"	0.0153711021833474	0.213499220341338	0.66188340745192	"1e-05 to 1"	0.00971606608848471	0.0039586013564411	174	"success"	"pgls5_castespolymorphic"
"OG0003877_00"	-0.00129622141944085	0.872457183366321	1	"1e-05 to 1"	0.000162588444325768	-0.00565041976239322	174	"success"	"pgls5_castespolymorphic"
"OG0003878_00"	0.0206889304439792	0.357033423376001	0.842347640319958	"1e-05 to 1"	0.00523883462499845	-0.000544660522530549	174	"success"	"pgls5_castespolymorphic"
"OG0003879_00"	0.0181590728281817	0.197180287174272	0.75641400548143	"1e-05 to 1"	0.0111369972485722	0.00538779374420351	174	"success"	"pgls5_castespolymorphic"
"OG0003880_00"	0.00447850088620865	0.234677160409568	0.582581028340758	"1e-05 to 1"	0.00881531327879717	0.00305261161181347	174	"success"	"pgls5_castespolymorphic"
"OG0003881_00"	0.0215807132511092	0.355760248611881	0.886504038372864	"1e-05 to 1"	0.00543437255244027	-0.000347985746673496	174	"success"	"pgls5_castespolymorphic"
"OG0003882_00"	-0.00977371221193952	0.397608645216266	0.876643626173039	"1e-05 to 1"	0.00602010635517969	0.000241153485151635	174	"success"	"pgls5_castespolymorphic"
"OG0003883_00"	-0.00447030503238425	0.263220660306919	1e-05	"1e-05 to 1"	0.00776860836257526	0.00199982120189257	174	"success"	"pgls5_castespolymorphic"
"OG0003884_00"	-0.00923395511147522	0.355995511065308	1e-05	"1e-05 to 1"	0.00529413031037391	-0.000489043350612173	174	"success"	"pgls5_castespolymorphic"
"OG0003885_00"	0.00739228490116959	0.285671209876441	1e-05	"1e-05 to 1"	0.00707703842351259	0.00130423050737016	174	"success"	"pgls5_castespolymorphic"
"OG0003886_00"	0.00919032249692188	0.658378982374261	0.941193087338791	"1e-05 to 1"	0.00121731248098935	-0.00458956360923746	174	"success"	"pgls5_castespolymorphic"
"OG0003887_00"	-0.00988923988071207	0.0838071007659149	0.210321470421455	"1e-05 to 1"	0.0188016335850237	0.0130969919198203	174	"success"	"pgls5_castespolymorphic"
"OG0003888_00"	0.00134302321911128	0.75503531495739	1	"1e-05 to 1"	0.000617890107041476	-0.00519247099698728	174	"success"	"pgls5_castespolymorphic"
"OG0003889_00"	-0.00631199536131693	0.259537815667233	1e-05	"1e-05 to 1"	0.0078403840392759	0.00207201417903924	174	"success"	"pgls5_castespolymorphic"
"OG0003893_00"	0.0504434259614066	0.0376055748983477	0.615356424925013	"1e-05 to 1"	0.0341245542629497	0.0285089993458739	174	"success"	"pgls5_castespolymorphic"
"OG0003894_00"	-0.00750553003832126	0.513573307143619	0.593353293478976	"1e-05 to 1"	0.00427999674413379	-0.00150907304223735	174	"success"	"pgls5_castespolymorphic"
"OG0003896_00"	0.0290957531482593	0.227482795291776	0.817962601666608	"1e-05 to 1"	0.0126400542639893	0.00689958946319846	174	"success"	"pgls5_castespolymorphic"
"OG0003897_00"	0.0072609840271407	0.699392509044343	1	"1e-05 to 1"	0.00141229883171125	-0.00439344361694172	174	"success"	"pgls5_castespolymorphic"
"OG0003898_00"	-0.00429416171621194	0.517928361289309	1e-05	"1e-05 to 1"	0.00290874921789504	-0.0028882929378149	174	"success"	"pgls5_castespolymorphic"
"OG0003899_00"	0.000283461733619899	0.949400761703773	1	"1e-05 to 1"	2.50904276517135e-05	-0.00578871718614082	174	"success"	"pgls5_castespolymorphic"
"OG0003900_00"	-0.00632699936027575	0.450257136647557	0.894193515669152	"1e-05 to 1"	0.00363555433369289	-0.00215726221087875	174	"success"	"pgls5_castespolymorphic"
"OG0003901_00"	0.00150514602512499	0.719038128674111	1e-05	"1e-05 to 1"	0.000816168409185599	-0.00499303991401678	174	"success"	"pgls5_castespolymorphic"
"OG0003902_00"	0.00476748193051441	0.526428090386672	1	"1e-05 to 1"	0.00251269640501931	-0.0032866483833236	174	"success"	"pgls5_castespolymorphic"
"OG0003903_00"	0.00814750616171364	0.197126113398354	1	"1e-05 to 1"	0.010506489579036	0.00475362033240245	174	"success"	"pgls5_castespolymorphic"
"OG0003904_00"	0.00265746405714533	0.715669990487513	1e-05	"1e-05 to 1"	0.00100845216588259	-0.00479963822850182	174	"success"	"pgls5_castespolymorphic"
"OG0003905_00"	0.0152913744979542	0.279182454636976	1e-05	"1e-05 to 1"	0.00726975445703177	0.00149806698294486	174	"success"	"pgls5_castespolymorphic"
"OG0003906_00"	0.00510161555059028	0.634417182660407	0.90124325147421	"1e-05 to 1"	0.00161959484603207	-0.00418494239323519	174	"success"	"pgls5_castespolymorphic"
"OG0003907_00"	-0.0145195454746931	0.193998023904737	0.892493089624212	"1e-05 to 1"	0.0142545991238642	0.00852352121179356	174	"success"	"pgls5_castespolymorphic"
"OG0003908_00"	0.00627728382414319	0.725543148274943	0.194638029796889	"1e-05 to 1"	0.000797368840091059	-0.00501194878293165	174	"success"	"pgls5_castespolymorphic"
"OG0003909_00"	-0.0115213200113795	0.455753705052984	1e-05	"1e-05 to 1"	0.00364121929299161	-0.0021515643157699	174	"success"	"pgls5_castespolymorphic"
"OG0003910_00"	-0.000924437634657122	0.926573890236397	0.847090630750275	"1e-05 to 1"	5.46141489449356e-05	-0.00575902181530541	174	"success"	"pgls5_castespolymorphic"
"OG0003911_00"	0.0061325158165088	0.286536767714836	1e-05	"1e-05 to 1"	0.00709580163521716	0.00132310280751491	174	"success"	"pgls5_castespolymorphic"
"OG0003912_00"	-0.00292663234600562	0.653191549828526	0.991896370740376	"1e-05 to 1"	0.00126502343843429	-0.00454157526250509	174	"success"	"pgls5_castespolymorphic"
"OG0003913_00"	-0.0084720497240391	0.494443546951183	1e-05	"1e-05 to 1"	0.0029044311887103	-0.00289263607182044	174	"success"	"pgls5_castespolymorphic"
"OG0003914_00"	0.0127424900926903	0.0981525655569002	0.677787144350975	"1e-05 to 1"	0.0175482862812983	0.0118363577131664	174	"success"	"pgls5_castespolymorphic"
"OG0003915_00"	-0.000372213651116889	0.966193223739693	1	"1e-05 to 1"	1.12621716625586e-05	-0.00580262583896718	174	"success"	"pgls5_castespolymorphic"
"OG0003916_00"	0.0199965474802742	0.0260036963944972	1e-05	"1e-05 to 1"	0.030219489752063	0.0245812309715517	174	"success"	"pgls5_castespolymorphic"
"OG0003917_00"	-0.00349211768244983	0.730664919018897	1	"1e-05 to 1"	0.00073805391544064	-0.005071608561795	174	"success"	"pgls5_castespolymorphic"
"OG0003918_00"	0.0120683107281111	0.00618262384036838	1e-05	"1e-05 to 1"	0.045355134455562	0.0398048736093733	174	"success"	"pgls5_castespolymorphic"
"OG0003919_00"	0.0116080042409275	0.371484998131284	0.922863521914629	"1e-05 to 1"	0.00695111236945642	0.00117757232509275	174	"success"	"pgls5_castespolymorphic"
"OG0003920_00"	-0.00461462231969214	0.690886573791069	0.883941135174589	"1e-05 to 1"	0.000978632143019491	-0.00482963162359074	174	"success"	"pgls5_castespolymorphic"
"OG0003921_00"	0.0293117414273369	0.14059290540334	0.35521389444045	"1e-05 to 1"	0.0139563108380678	0.00822349869177752	174	"success"	"pgls5_castespolymorphic"
"OG0003922_00"	-0.00467497726157142	0.260292166675292	0.176980978200001	"1e-05 to 1"	0.00786420157497302	0.00209597018878094	174	"success"	"pgls5_castespolymorphic"
"OG0003923_00"	-0.00710454379318984	0.631416224095456	0.9083040383218	"1e-05 to 1"	0.00143289109592486	-0.00437273163026175	174	"success"	"pgls5_castespolymorphic"
"OG0003924_00"	-0.0124673186563034	0.401186361051882	1	"1e-05 to 1"	0.00449315388876147	-0.00129467661188531	174	"success"	"pgls5_castespolymorphic"
"OG0003925_00"	0.00104079722448754	0.904537116538807	1	"1e-05 to 1"	9.24946236791982e-05	-0.00572092110525291	174	"success"	"pgls5_castespolymorphic"
"OG0003926_00"	-0.00194289366447111	0.647202275899355	1	"1e-05 to 1"	0.00129602962555258	-0.00451038880685695	174	"success"	"pgls5_castespolymorphic"
"OG0003927_00"	-0.0120683537559828	0.0830582768362014	1	"1e-05 to 1"	0.0184286316261711	0.0127218213449278	174	"success"	"pgls5_castespolymorphic"
"OG0003928_00"	-0.00622884905296754	0.600890262666498	0.993384329212235	"1e-05 to 1"	0.00169301621075732	-0.00411109416011035	174	"success"	"pgls5_castespolymorphic"
"OG0003929_00"	-0.00072037664154791	0.933401405830459	1	"1e-05 to 1"	4.46204774229447e-05	-0.0057690735895688	174	"success"	"pgls5_castespolymorphic"
"OG0003930_00"	-0.00464326560502456	0.444190398191512	1	"1e-05 to 1"	0.00375774451339741	-0.00203436162315263	174	"success"	"pgls5_castespolymorphic"
"OG0003931_00"	-0.000484847620322983	0.952760132190072	1	"1e-05 to 1"	2.1865693841178e-05	-0.00579196066840382	174	"success"	"pgls5_castespolymorphic"
"OG0003932_00"	0.00834136405173465	0.228242936952586	0.372540626125909	"1e-05 to 1"	0.00906068980694045	0.00329941474767848	174	"success"	"pgls5_castespolymorphic"
"OG0003933_00"	-0.0124279478671542	0.23353377270454	1	"1e-05 to 1"	0.00897030345295022	0.00320850289163022	174	"success"	"pgls5_castespolymorphic"
"OG0003934_00"	-0.0128001465326314	0.0829954703633438	0.834359836813726	"1e-05 to 1"	0.0184360820119546	0.0127293150469078	174	"success"	"pgls5_castespolymorphic"
"OG0003935_00"	-0.00488949702758765	0.485859286582327	1	"1e-05 to 1"	0.00300279199186401	-0.00279370340353213	174	"success"	"pgls5_castespolymorphic"
"OG0003936_00"	0.0139662369398203	0.30945219864807	0.932523229246934	"1e-05 to 1"	0.00641550433067481	0.00063885028608579	174	"success"	"pgls5_castespolymorphic"
"OG0003937_00"	0.00202221004888953	0.721705658736015	1	"1e-05 to 1"	0.000795067135785515	-0.00501426386923898	174	"success"	"pgls5_castespolymorphic"
"OG0003938_00"	0.0113155659100746	0.245226213638752	0.656764857548946	"1e-05 to 1"	0.00843001759942547	0.00266507584128262	174	"success"	"pgls5_castespolymorphic"
"OG0003939_00"	-0.0060515361372016	0.562480847636759	0.940612586692018	"0.001 to 1"	0.0021140089283282	-0.00368765381046043	174	"success"	"pgls5_castespolymorphic"
"OG0003940_00"	0.062442262015486	0.00253967957036272	1e-05	"1e-05 to 1"	0.0548566107232336	0.0493615910181361	174	"success"	"pgls5_castespolymorphic"
"OG0003941_00"	0.026231593179599	0.0143329359431736	0.864456993694908	"1e-05 to 1"	0.0366725210417436	0.0310717798850095	174	"success"	"pgls5_castespolymorphic"
"OG0003942_00"	0.00986645653816741	0.0208102098162817	0.95877222852363	"1e-05 to 1"	0.0329408080793915	0.0273183709170625	174	"success"	"pgls5_castespolymorphic"
"OG0003943_00"	0.00444413501417299	0.468817691262339	1	"1e-05 to 1"	0.00326418298948491	-0.00253079269080869	174	"success"	"pgls5_castespolymorphic"
"OG0003944_00"	-0.0177324183438742	0.275708268912109	0.355139331240351	"1e-05 to 1"	0.00737526068624363	0.00160418662046602	174	"success"	"pgls5_castespolymorphic"
"OG0003945_00"	0.0264615268193568	0.13702937149823	0.93046033020849	"1e-05 to 1"	0.01411794809077	0.00838607569594896	174	"success"	"pgls5_castespolymorphic"
"OG0003946_00"	0.00594747689397707	0.722414400665833	1	"1e-05 to 1"	0.000811184734688301	-0.00499805256336594	174	"success"	"pgls5_castespolymorphic"
"OG0003947_00"	0.0363611868697774	0.0740892384623972	1e-05	"1e-05 to 1"	0.0198012327987061	0.0141024027568382	174	"success"	"pgls5_castespolymorphic"
"OG0003948_00"	-0.00866040378777181	0.573407027345607	0.970626646191721	"1e-05 to 1"	0.00196100589148615	-0.00384154639984247	174	"success"	"pgls5_castespolymorphic"
"OG0003949_00"	0.0175124605662019	0.0931212013628113	1e-05	"1e-05 to 1"	0.0174138598519663	0.0117011497348265	174	"success"	"pgls5_castespolymorphic"
"OG0003951_00"	0.0119506865333447	0.144256521921916	0.970134249794298	"1e-05 to 1"	0.0139736387559226	0.00824092735334081	174	"success"	"pgls5_castespolymorphic"
"OG0003952_00"	0.0214906231187864	0.188291256575947	0.854973998819396	"1e-05 to 1"	0.0107935140275395	0.00504231352769979	174	"success"	"pgls5_castespolymorphic"
"OG0003953_00"	0.00330034990749729	0.752346582462575	0.517443978234084	"1e-05 to 1"	0.000648448871730826	-0.00516173456506142	174	"success"	"pgls5_castespolymorphic"
"OG0003954_00"	0.00165443397615734	0.821461075895414	0.96806138592481	"1e-05 to 1"	0.000317239180568232	-0.00549486989396319	174	"success"	"pgls5_castespolymorphic"
"OG0003955_00"	0.0130375183091649	0.396547493913271	1e-05	"1e-05 to 1"	0.00446828151585639	-0.00131969359160955	174	"success"	"pgls5_castespolymorphic"
"OG0003956_00"	-0.00763682600477345	0.354144154114543	1e-05	"1e-05 to 1"	0.00533492025586956	-0.0004480162542706	174	"success"	"pgls5_castespolymorphic"
"OG0003957_00"	0.0057757878625075	0.475692287463142	0.637036339898149	"1e-05 to 1"	0.00318438510739724	-0.00261105451407118	174	"success"	"pgls5_castespolymorphic"
"OG0003958_00"	0.003061888600135	0.111346626757633	1e-05	"1e-05 to 1"	0.0158663492957308	0.0101446420241943	174	"success"	"pgls5_castespolymorphic"
"OG0003959_00"	-0.00284446303576205	0.687869109979848	1e-05	"1e-05 to 1"	0.000998888151656528	-0.00480925784746189	174	"success"	"pgls5_castespolymorphic"
"OG0003960_00"	-0.000148738103179638	0.946973076759348	1	"1e-05 to 1"	2.73887577965933e-05	-0.00578640549361142	174	"success"	"pgls5_castespolymorphic"
"OG0003961_00"	-0.0128879180387281	0.492077330656028	1	"1e-05 to 1"	0.00299220024035314	-0.00280435673499357	174	"success"	"pgls5_castespolymorphic"
"OG0003962_00"	-0.00478779530375618	0.553407291589419	0.716455797315586	"1e-05 to 1"	0.00217253765416336	-0.00362878480133566	174	"success"	"pgls5_castespolymorphic"
"OG0003963_00"	0.00707054206899053	0.289377834906572	1	"1e-05 to 1"	0.00705703820132536	0.00128411400482142	174	"success"	"pgls5_castespolymorphic"
"OG0003964_00"	-0.00658186383237586	0.220651825777652	0.906427484609339	"1e-05 to 1"	0.00936102571106687	0.00360149679078237	174	"success"	"pgls5_castespolymorphic"
"OG0003965_00"	-0.00904177819693236	0.436557178276906	0.910388240848545	"1e-05 to 1"	0.00374104517003045	-0.0020511580557252	174	"success"	"pgls5_castespolymorphic"
"OG0003966_00"	0.00298547379422295	0.703596734573292	1	"1e-05 to 1"	0.000895923599630016	-0.00491282103060464	174	"success"	"pgls5_castespolymorphic"
"OG0003967_00"	0.00503888852708969	0.209890688093707	1	"1e-05 to 1"	0.00980843533635406	0.00405150763482109	174	"success"	"pgls5_castespolymorphic"
"OG0003968_00"	-0.0218005957479487	0.337838295251766	0.447656195063723	"1e-05 to 1"	0.00574276585108432	-3.77994637348333e-05	174	"success"	"pgls5_castespolymorphic"
"OG0003969_00"	0.00843912299755178	0.0347105823250164	1	"1e-05 to 1"	0.027401393769622	0.0217467507101431	174	"success"	"pgls5_castespolymorphic"
"OG0003970_00"	0.0273350352829517	0.143556082415502	1e-05	"1e-05 to 1"	0.0132411679354192	0.00750419798155522	174	"success"	"pgls5_castespolymorphic"
"OG0003971_00"	-0.00371099958316098	0.256462122493712	1e-05	"1e-05 to 1"	0.00809166308735349	0.00232475415181488	174	"success"	"pgls5_castespolymorphic"
"OG0003972_00"	0.000940547409763793	0.867838272570029	1e-05	"1e-05 to 1"	0.000178057879096385	-0.00563486038904837	174	"success"	"pgls5_castespolymorphic"
"OG0003973_00"	0.0178759192887161	0.185757289681179	1	"1e-05 to 1"	0.0107831567052376	0.0050318959884077	174	"success"	"pgls5_castespolymorphic"
"OG0003974_00"	0.000220980727975046	0.97085625693747	1e-05	"1e-05 to 1"	8.36833593251578e-06	-0.00580553649932369	174	"success"	"pgls5_castespolymorphic"
"OG0003975_00"	0.00546437740364537	0.143766497119521	1	"1e-05 to 1"	0.0131459947857352	0.00740847149960566	174	"success"	"pgls5_castespolymorphic"
"OG0003976_00"	0.0020987052502128	0.751951012030361	0.965909509585523	"1e-05 to 1"	0.00063007504385879	-0.00518021521751399	174	"success"	"pgls5_castespolymorphic"
"OG0003977_00"	0.0108376824279102	0.302331462230754	0.805984907227559	"1e-05 to 1"	0.00664786657698521	0.000872563475688648	174	"success"	"pgls5_castespolymorphic"
"OG0003978_00"	0.00856548673619528	0.589174971188213	1	"1e-05 to 1"	0.0018041477584565	-0.00399931649876195	174	"success"	"pgls5_castespolymorphic"
"OG0003979_00"	0.00452923978486087	0.732099897333962	0.959184152953976	"1e-05 to 1"	0.000729899610827957	-0.00507981027515569	174	"success"	"pgls5_castespolymorphic"
"OG0003980_00"	0.00379207132052628	0.539149134838364	0.693383551017341	"1e-05 to 1"	0.00233236549752067	-0.00346802772633104	174	"success"	"pgls5_castespolymorphic"
"OG0003981_00"	-0.000357116827299972	0.88095375477294	1	"1e-05 to 1"	0.000139728736642219	-0.0056734123753539	174	"success"	"pgls5_castespolymorphic"
"OG0003982_00"	-0.00691972783843739	0.171699041191269	0.992737257819817	"1e-05 to 1"	0.011571355151217	0.00582467698349143	174	"success"	"pgls5_castespolymorphic"
"OG0003983_00"	-0.00276065440445729	0.780843032476406	0.598118941290835	"1e-05 to 1"	0.000482166023737433	-0.00532898417379912	174	"success"	"pgls5_castespolymorphic"
"OG0003984_00"	0.000231380771930734	0.957508085976283	1e-05	"1e-05 to 1"	1.75778165210958e-05	-0.00579627347524325	174	"success"	"pgls5_castespolymorphic"
"OG0003985_00"	0.000282710124965895	0.950981695120202	1e-05	"1e-05 to 1"	2.36927472918041e-05	-0.00579012299254944	174	"success"	"pgls5_castespolymorphic"
"OG0003986_00"	-0.00182974807596765	0.420163693774735	1e-05	"1e-05 to 1"	0.00406602748241936	-0.0017242863112874	174	"success"	"pgls5_castespolymorphic"
"OG0003987_00"	-5.27842330059492e-05	0.997123885329636	1	"1e-05 to 1"	8.14650474704462e-08	-0.00581387154969071	174	"success"	"pgls5_castespolymorphic"
"OG0003988_00"	-0.000914057535867645	0.767477507446609	1	"1e-05 to 1"	0.000551418037518677	-0.00525932953203068	174	"success"	"pgls5_castespolymorphic"
"OG0003989_00"	0.0112062000703727	0.264192793798605	1e-05	"1e-05 to 1"	0.00768944204144369	0.0019201946114521	174	"success"	"pgls5_castespolymorphic"
"OG0003990_00"	-0.00738338784122976	0.397540226798788	0.918760042450395	"1e-05 to 1"	0.00444957066733808	-0.00133851322413103	174	"success"	"pgls5_castespolymorphic"
"OG0003991_00"	-0.00672828379534577	0.361983547682994	1e-05	"1e-05 to 1"	0.00519644972785055	-0.00058729184349926	174	"success"	"pgls5_castespolymorphic"
"OG0003992_00"	0.00062081342061405	0.941761792302135	0.587431179753125	"1e-05 to 1"	3.30465742861534e-05	-0.00578071478283992	174	"success"	"pgls5_castespolymorphic"
"OG0003993_00"	0.00180972802682218	0.776499000383699	1	"1e-05 to 1"	0.000514818931132986	-0.00529614142391854	174	"success"	"pgls5_castespolymorphic"
"OG0003994_00"	0.0071652080625637	0.439869981445829	0.904685359206265	"1e-05 to 1"	0.00368741438331295	-0.00210510064934222	174	"success"	"pgls5_castespolymorphic"
"OG0003995_00"	0.0106735911717135	0.365477419162516	1	"1e-05 to 1"	0.00512150328971585	-0.000662674016739251	174	"success"	"pgls5_castespolymorphic"
"OG0003996_00"	0.0169134137575446	0.0112367684295236	1e-05	"1e-05 to 1"	0.039740109066246	0.0341572027236079	174	"success"	"pgls5_castespolymorphic"
"OG0003997_00"	-0.00085833854848754	0.948297663394203	0.936956261534465	"1e-05 to 1"	2.61978664598665e-05	-0.00578760330873518	174	"success"	"pgls5_castespolymorphic"
"OG0003998_00"	0.00299082408518537	0.397855137352077	1	"1e-05 to 1"	0.00452809729213286	-0.00125953004919177	174	"success"	"pgls5_castespolymorphic"
"OG0004000_00"	0.00743893798293637	0.385609835856623	0.962486857553099	"1e-05 to 1"	0.00465006115428469	-0.00113685709481848	174	"success"	"pgls5_castespolymorphic"
"OG0004001_00"	0.0147663139791053	0.447762860236781	0.704099382250228	"1e-05 to 1"	0.00356209486589173	-0.00223114876860886	174	"success"	"pgls5_castespolymorphic"
"OG0004002_00"	0.036571795567867	0.0736511257232821	1e-05	"1e-05 to 1"	0.0266400370223424	0.0209809674701467	174	"success"	"pgls5_castespolymorphic"
"OG0004003_00"	0.0303827664052902	0.0371037532715617	1	"1e-05 to 1"	0.0265489040107387	0.0208893046154522	174	"success"	"pgls5_castespolymorphic"
"OG0004004_00"	-0.00968963500490208	0.378878748717357	0.896525228513014	"1e-05 to 1"	0.00478315061780848	-0.00100299385534397	174	"success"	"pgls5_castespolymorphic"
"OG0004005_00"	-0.00237235778344057	0.824620024260368	0.837189027564533	"1e-05 to 1"	0.00030978989219439	-0.0055023624921533	174	"success"	"pgls5_castespolymorphic"
"OG0004006_00"	-0.00778667216545608	0.355589671083646	1	"1e-05 to 1"	0.00533620587081486	-0.000446723164819973	174	"success"	"pgls5_castespolymorphic"
"OG0004007_00"	-0.00357330118663158	0.577633940266359	0.855586322509334	"1e-05 to 1"	0.00194214724139686	-0.00386051469324622	174	"success"	"pgls5_castespolymorphic"
"OG0004009_00"	0.012894549968828	0.357196313028463	0.92245361328984	"1e-05 to 1"	0.00530076691723305	-0.000482368158829516	174	"success"	"pgls5_castespolymorphic"
"OG0004010_00"	0.00772847545525052	0.54262787949646	0.823084783547518	"1e-05 to 1"	0.00230692332340864	-0.00349361782005997	174	"success"	"pgls5_castespolymorphic"
"OG0004011_00"	-0.00926172869732027	0.492259918080626	0.941065898414769	"1e-05 to 1"	0.0029338816672221	-0.00286301436959646	174	"success"	"pgls5_castespolymorphic"
"OG0004012_00"	0.00295853843358009	0.776752101373599	1	"1e-05 to 1"	0.000500824940086185	-0.00531021677537846	174	"success"	"pgls5_castespolymorphic"
"OG0004013_00"	-0.0126218554893806	0.223103370915354	0.865567669219349	"1e-05 to 1"	0.00914852506430964	0.00338776067514868	174	"success"	"pgls5_castespolymorphic"
"OG0004014_00"	-0.00608311695293562	0.0652719483560649	1	"1e-05 to 1"	0.0208207825312241	0.0151278801040801	174	"success"	"pgls5_castespolymorphic"
"OG0004015_00"	-0.00748280333240332	0.36395722394307	0.92603878791064	"1e-05 to 1"	0.00509032806179903	-0.000694030495981268	174	"success"	"pgls5_castespolymorphic"
"OG0004016_00"	0.00577121346721556	0.142880106697736	1e-05	"1e-05 to 1"	0.0132039763270653	0.0074667901429204	174	"success"	"pgls5_castespolymorphic"
"OG0004017_00"	0.00488037747672626	0.67294223887525	0.444072700283071	"1e-05 to 1"	0.0011095324032337	-0.00469797031535202	174	"success"	"pgls5_castespolymorphic"
"OG0004018_00"	0.000774809141796507	0.945983555914447	0.696619095574223	"1e-05 to 1"	2.85991288739022e-05	-0.00578518808549311	174	"success"	"pgls5_castespolymorphic"
"OG0004019_00"	0.000409408521817434	0.930908194106081	1	"1e-05 to 1"	4.68353034205943e-05	-0.00576684588667575	174	"success"	"pgls5_castespolymorphic"
"OG0004020_00"	-0.00119134617855697	0.928225084493717	0.322518887132567	"1e-05 to 1"	5.08704267956586e-05	-0.00576278730328128	174	"success"	"pgls5_castespolymorphic"
"OG0004021_00"	0.0143768778962066	0.323065102807459	1	"1e-05 to 1"	0.00614188654574562	0.000363641700081407	174	"success"	"pgls5_castespolymorphic"
"OG0004022_00"	-0.000320011431659736	0.984618242738748	1	"1e-05 to 1"	2.3303559556441e-06	-0.00581160958383542	174	"success"	"pgls5_castespolymorphic"
"OG0004023_00"	0.00611035526046287	0.591818689617133	0.53385047173307	"1e-05 to 1"	0.00178974516726793	-0.00401380282594577	174	"success"	"pgls5_castespolymorphic"
"OG0004024_00"	-0.0127508485226826	0.406750165742536	0.960972497903547	"0.001 to 1"	0.00430590948099151	-0.00148300964993298	174	"success"	"pgls5_castespolymorphic"
"OG0004025_00"	-0.00521664824894053	0.352257828951122	1e-05	"1e-05 to 1"	0.00541039837105607	-0.000372099312833107	174	"success"	"pgls5_castespolymorphic"
"OG0004026_00"	0.00514218848454815	0.444798401897476	0.302309196523965	"1e-05 to 1"	0.0036087618211767	-0.00218421049381634	174	"success"	"pgls5_castespolymorphic"
"OG0004027_00"	-0.00534855685462306	0.451720981409613	0.89689382784245	"1e-05 to 1"	0.00354434138130864	-0.0022490054711255	174	"success"	"pgls5_castespolymorphic"
"OG0004028_00"	0.0338064744839191	0.147225773548549	0.677304892711713	"1e-05 to 1"	0.0131664590703973	0.00742905476266709	174	"success"	"pgls5_castespolymorphic"
"OG0004029_00"	-3.07652639461144e-05	0.997273690583894	0.561752954055746	"1e-05 to 1"	7.31996523908978e-08	-0.00581387986314041	174	"success"	"pgls5_castespolymorphic"
"OG0004030_00"	-0.00111868697880852	0.495507459474315	1e-05	"1e-05 to 1"	0.00369467814322088	-0.00209779465827187	174	"success"	"pgls5_castespolymorphic"
"OG0004031_00"	-0.00520472447792017	0.146091701674959	1e-05	"1e-05 to 1"	0.0129957731881937	0.00725737652068326	174	"success"	"pgls5_castespolymorphic"
"OG0004032_00"	0.00553067612811098	0.502709992138314	0.781567829438933	"1e-05 to 1"	0.00381573199333198	-0.00197603700670679	174	"success"	"pgls5_castespolymorphic"
"OG0004033_00"	-0.00588794785741359	0.133421375605524	1e-05	"1e-05 to 1"	0.0138488352353316	0.00811539823088592	174	"success"	"pgls5_castespolymorphic"
"OG0004034_00"	-0.00989503399386451	0.172367389091934	1e-05	"1e-05 to 1"	0.0114645357679684	0.00571723655731693	174	"success"	"pgls5_castespolymorphic"
"OG0004035_00"	0.00662511206523236	0.740721388714387	0.453154889057216	"1e-05 to 1"	0.000681967117164606	-0.00512802144610758	174	"success"	"pgls5_castespolymorphic"
"OG0004036_00"	0.0130714803005049	0.414993742679552	1	"1e-05 to 1"	0.00413128579826913	-0.00165864858662479	174	"success"	"pgls5_castespolymorphic"
"OG0004037_00"	0.00394784264600806	0.366394882764329	1e-05	"1e-05 to 1"	0.0052328814860286	-0.000550648272773513	174	"success"	"pgls5_castespolymorphic"
"OG0004038_00"	0.00244382834118586	0.711567999819486	0.764505734205708	"1e-05 to 1"	0.00085678088908732	-0.00495219131504587	174	"success"	"pgls5_castespolymorphic"
"OG0004039_00"	0.0212636062029846	0.35792403328366	0.953209105521653	"1e-05 to 1"	0.00531803976427711	-0.000464994888256021	174	"success"	"pgls5_castespolymorphic"
"OG0004040_00"	0.00489915531638101	0.0799155946370562	1e-05	"1e-05 to 1"	0.0192820648295298	0.0135802163692363	174	"success"	"pgls5_castespolymorphic"
"OG0004041_00"	0.0234343925422384	0.0752731831824376	1e-05	"1e-05 to 1"	0.0197647371678593	0.0140656949420911	174	"success"	"pgls5_castespolymorphic"
"OG0004042_00"	0.0013160344353518	0.548431750607173	1e-05	"1e-05 to 1"	0.00224129871320466	-0.00355962396869525	174	"success"	"pgls5_castespolymorphic"
"OG0004043_00"	0.0107144741942994	0.288540536766721	0.75266114049485	"1e-05 to 1"	0.00695041590898713	0.0011768718154348	174	"success"	"pgls5_castespolymorphic"
"OG0004044_00"	-0.00321079019997038	0.74045877001633	0.971039494098205	"1e-05 to 1"	0.000687683636248193	-0.00512227169144808	174	"success"	"pgls5_castespolymorphic"
"OG0004045_00"	0.0344284463856842	0.0789651594774055	1e-05	"1e-05 to 1"	0.0257061638677296	0.0200416648204488	174	"success"	"pgls5_castespolymorphic"
"OG0004046_00"	-0.00487856104964682	0.561878599220991	1	"1e-05 to 1"	0.00208117603631436	-0.00372067759138162	174	"success"	"pgls5_castespolymorphic"
"OG0004047_00"	0.000355496961984472	0.964305806104036	1	"1e-05 to 1"	1.24774274553457e-05	-0.00580140351773384	174	"success"	"pgls5_castespolymorphic"
"OG0004048_00"	0.00842078188494449	0.296687142752893	1e-05	"1e-05 to 1"	0.00680444694634933	0.0010300541960373	174	"success"	"pgls5_castespolymorphic"
"OG0004049_00"	0.0154467501300769	0.125547598930343	0.777384125833838	"1e-05 to 1"	0.01469655575661	0.00896804735984613	174	"success"	"pgls5_castespolymorphic"
"OG0004050_00"	-0.00197957176316368	0.865949201290408	1	"1e-05 to 1"	0.000178638213903541	-0.00563427668020178	174	"success"	"pgls5_castespolymorphic"
"OG0004051_00"	-0.00321133579804355	0.298598765660676	1e-05	"1e-05 to 1"	0.00675099285078839	0.000976289320851143	174	"success"	"pgls5_castespolymorphic"
"OG0004052_00"	0.000256346421716756	0.982495506617081	0.440125678936344	"1e-05 to 1"	3.05636517834851e-06	-0.00581087935362867	174	"success"	"pgls5_castespolymorphic"
"OG0004053_00"	0.000840524537603556	0.900796857532089	0.587095560961531	"1e-05 to 1"	9.80313885336031e-05	-0.00571535214990515	174	"success"	"pgls5_castespolymorphic"
"OG0004054_00"	0.0267993494786927	0.0297973962362881	1e-05	"1e-05 to 1"	0.0297149399999332	0.0240737477906307	174	"success"	"pgls5_castespolymorphic"
"OG0004055_00"	0.00955836971262372	0.219252423339331	1e-05	"1e-05 to 1"	0.00935933105571358	0.00359979228278184	174	"success"	"pgls5_castespolymorphic"
"OG0004056_00"	-0.00249847691213521	0.378518396442919	1e-05	"1e-05 to 1"	0.00485029000277338	-0.00093546412511758	174	"success"	"pgls5_castespolymorphic"
"OG0004057_00"	-0.0152633332338682	0.111212394596241	1	"1e-05 to 1"	0.0155855370967061	0.00986219719610559	174	"success"	"pgls5_castespolymorphic"
"OG0004058_00"	-4.66706659015593e-05	0.993262198859613	0.897096978462466	"1e-05 to 1"	4.41562185916127e-07	-0.00581350935896419	174	"success"	"pgls5_castespolymorphic"
"OG0004059_00"	-0.0124436500953878	0.0369511337356712	0.659534964543504	"1e-05 to 1"	0.0269201086781024	0.0212626674494867	174	"success"	"pgls5_castespolymorphic"
"OG0004060_00"	0.0210219614975806	0.226501900851815	1e-05	"1e-05 to 1"	0.00907189470769187	0.00331068479320173	174	"success"	"pgls5_castespolymorphic"
"OG0004061_00"	0.00833048124850267	0.295623980817552	0.434072755855387	"1e-05 to 1"	0.00679192998928549	0.0010174644659674	174	"success"	"pgls5_castespolymorphic"
"OG0004062_00"	0.013021200343144	0.112980747007279	1	"1e-05 to 1"	0.0154338490725154	0.00970962726479752	174	"success"	"pgls5_castespolymorphic"
"OG0004063_00"	0.00293604163294898	0.118855477723136	1e-05	"1e-05 to 1"	0.0150403699683481	0.0093138604914198	174	"success"	"pgls5_castespolymorphic"
"OG0004065_00"	0.00790528296864241	0.226501571518436	1	"1e-05 to 1"	0.00901598950718036	0.00325445456245477	174	"success"	"pgls5_castespolymorphic"
"OG0004066_00"	-0.00627814868976303	0.545255705505699	1	"1e-05 to 1"	0.00229131017426993	-0.00350932174332153	174	"success"	"pgls5_castespolymorphic"
"OG0004067_00"	0.00586304892534499	0.47488805771636	1e-05	"1e-05 to 1"	0.00315647371294403	-0.00263912818407386	174	"success"	"pgls5_castespolymorphic"
"OG0004068_00"	-0.00181811280478268	0.874278855453383	1	"1e-05 to 1"	0.000159957062033486	-0.00565306644341979	174	"success"	"pgls5_castespolymorphic"
"OG0004070_00"	-0.00717910755237161	0.514540473266257	0.628057380554221	"1e-05 to 1"	0.00267666415952084	-0.00312172732792382	174	"success"	"pgls5_castespolymorphic"
"OG0004071_00"	-0.00688374818898204	0.429472953168814	1	"1e-05 to 1"	0.00395561309941675	-0.00183534263837748	174	"success"	"pgls5_castespolymorphic"
"OG0004072_00"	5.72539801685078e-05	0.994910469641684	0.467022612498777	"1e-05 to 1"	2.55104612084922e-07	-0.00581369690059352	174	"success"	"pgls5_castespolymorphic"
"OG0004073_00"	-0.00427658274167491	0.516422930996835	0.25706697840111	"1e-05 to 1"	0.00290945033252195	-0.00288758774694009	174	"success"	"pgls5_castespolymorphic"
"OG0004074_00"	-0.00512876781484649	0.574735099075879	0.790644034148704	"1e-05 to 1"	0.00195958583399803	-0.00384297471347872	174	"success"	"pgls5_castespolymorphic"
"OG0004075_00"	-0.00321978303492096	0.585699440378006	1	"1e-05 to 1"	0.00183799393563447	-0.0039652735414839	174	"success"	"pgls5_castespolymorphic"
"OG0004076_00"	0.00708747523699908	0.640428352788183	0.351432912656127	"1e-05 to 1"	0.00135846119050339	-0.00444759426769137	174	"success"	"pgls5_castespolymorphic"
"OG0004077_00"	-0.0102785446420089	0.403242147066023	1	"1e-05 to 1"	0.00582921332777908	4.91506145684495e-05	174	"success"	"pgls5_castespolymorphic"
"OG0004078_00"	-0.00889077184060493	0.416059961401345	1e-05	"1e-05 to 1"	0.0042718416130653	-0.00151727558685866	174	"success"	"pgls5_castespolymorphic"
"OG0004079_00"	0.00444273991872003	0.509546605229231	1	"1e-05 to 1"	0.00270658389567039	-0.0030916336398199	174	"success"	"pgls5_castespolymorphic"
"OG0004080_00"	-0.0115844471310597	0.381211390982701	1e-05	"1e-05 to 1"	0.0048260892934584	-0.000959805536230762	174	"success"	"pgls5_castespolymorphic"
"OG0004081_00"	-0.00398377624114616	0.547386606004592	1	"1e-05 to 1"	0.00223908633575479	-0.00356184920880476	174	"success"	"pgls5_castespolymorphic"
"OG0004082_00"	0.00233014859065989	0.563318058078054	0.778308963588329	"1e-05 to 1"	0.00207877001294462	-0.00372309760325917	174	"success"	"pgls5_castespolymorphic"
"OG0004083_00"	0.0106984436962782	0.528015662296884	0.973967039030498	"1e-05 to 1"	0.00247796401589932	-0.00332158270493843	174	"success"	"pgls5_castespolymorphic"
"OG0004084_00"	0.00280501711597501	0.800837208364019	1	"1e-05 to 1"	0.000396411640946127	-0.00541523712858316	174	"success"	"pgls5_castespolymorphic"
"OG0004085_00"	0.00204241648912837	0.866134581416214	0.956863398258959	"1e-05 to 1"	0.000179263614078515	-0.00563364764397911	174	"success"	"pgls5_castespolymorphic"
"OG0004086_00"	0.00353498959998239	0.558427796318072	1	"1e-05 to 1"	0.00211807494871428	-0.00368356415042115	174	"success"	"pgls5_castespolymorphic"
"OG0004087_00"	0.00511842948697594	0.626259432692216	0.369991810046747	"1e-05 to 1"	0.00147658008321827	-0.0043287886372283	174	"success"	"pgls5_castespolymorphic"
"OG0004088_00"	0.00233755699485226	0.636290851261921	1e-05	"1e-05 to 1"	0.00139233110096969	-0.00441352743914103	174	"success"	"pgls5_castespolymorphic"
"OG0004089_00"	-0.00129358188357997	0.910837196936135	1	"1e-05 to 1"	7.81280587803876e-05	-0.00573537119669187	174	"success"	"pgls5_castespolymorphic"
"OG0004090_00"	-0.0153143103850394	0.00746039251953112	1	"1e-05 to 1"	0.0441594153037352	0.0386022026020126	174	"success"	"pgls5_castespolymorphic"
"OG0004091_00"	0.00527244456494174	0.604682665360474	1	"1e-05 to 1"	0.00167877423321096	-0.00412541893985163	174	"success"	"pgls5_castespolymorphic"
"OG0004092_00"	-0.00729459348981581	0.43225703589304	1	"1e-05 to 1"	0.0038592910568416	-0.00193222469282794	174	"success"	"pgls5_castespolymorphic"
"OG0004093_00"	-0.00467807408207266	0.601399544254684	1e-05	"1e-05 to 1"	0.00172021425017013	-0.00408373799256134	174	"success"	"pgls5_castespolymorphic"
"OG0004094_00"	-0.000845278418605401	0.586064165048599	1	"1e-05 to 1"	0.0018574035328932	-0.00394575109772943	174	"success"	"pgls5_castespolymorphic"
"OG0004095_00"	0.00453283754168128	0.333815528580014	1e-05	"1e-05 to 1"	0.00583889460637093	5.88881796638185e-05	174	"success"	"pgls5_castespolymorphic"
"OG0004096_00"	0.0149480354772626	0.0839459781320038	1	"1e-05 to 1"	0.0184370755242557	0.0127303143354432	174	"success"	"pgls5_castespolymorphic"
"OG0004097_00"	0.00070267185235587	0.931201307060269	0.919147362980935	"1e-05 to 1"	4.61502525475742e-05	-0.00576753492040272	174	"success"	"pgls5_castespolymorphic"
"OG0004099_00"	0.027242362234744	0.129397850910779	1	"1e-05 to 1"	0.0142261494955879	0.00849490617870186	174	"success"	"pgls5_castespolymorphic"
"OG0004100_00"	0.00898525229563803	0.202651391048297	0.983309910873155	"1e-05 to 1"	0.0101248848143446	0.00436979693535811	174	"success"	"pgls5_castespolymorphic"
"OG0004101_00"	0.00236997938682865	0.687790761891248	1	"1e-05 to 1"	0.00102478605187528	-0.00478320937805576	174	"success"	"pgls5_castespolymorphic"
"OG0004102_00"	0.00318006011653236	0.815385320415016	1	"1e-05 to 1"	0.000339597604128053	-0.00547238147956897	174	"success"	"pgls5_castespolymorphic"
"OG0004103_00"	-0.000371991918850091	0.954033274590442	0.971204775082529	"1e-05 to 1"	2.05735308484048e-05	-0.00579326034397232	174	"success"	"pgls5_castespolymorphic"
"OG0004104_00"	-0.00593832323157918	0.479038846322945	1e-05	"1e-05 to 1"	0.00317620032631505	-0.00261928688109014	174	"success"	"pgls5_castespolymorphic"
"OG0004105_00"	0.00412883879887115	0.448186296550562	1e-05	"1e-05 to 1"	0.00364559976352641	-0.00214715837738333	174	"success"	"pgls5_castespolymorphic"
"OG0004106_00"	-0.000484208452258423	0.540197488537697	1e-05	"1e-05 to 1"	0.00233478922297588	-0.00346558990944867	174	"success"	"pgls5_castespolymorphic"
"OG0004107_00"	0.000946882105067356	0.712510930426899	1	"1e-05 to 1"	0.000845631012185797	-0.00496340601681311	174	"success"	"pgls5_castespolymorphic"
"OG0004108_00"	0.00117256990799866	0.930022709139261	1	"1e-05 to 1"	4.77490739705655e-05	-0.0057659268035064	174	"success"	"pgls5_castespolymorphic"
"OG0004109_00"	0.0103834606271151	0.516484972621957	0.857496327100163	"1e-05 to 1"	0.0026190214090393	-0.00317970521067545	174	"success"	"pgls5_castespolymorphic"
"OG0004110_00"	0.0174704018252487	0.464732151927595	0.957636593791336	"1e-05 to 1"	0.00334530365027078	-0.00244920039827412	174	"success"	"pgls5_castespolymorphic"
"OG0004111_00"	-0.0169143885344193	0.299392770621989	0.834396429719106	"1e-05 to 1"	0.00677122773317516	0.000996641847902935	174	"success"	"pgls5_castespolymorphic"
"OG0004112_00"	-0.0142537130026211	0.103733138678164	1	"1e-05 to 1"	0.016562661187807	0.0108450022412243	174	"success"	"pgls5_castespolymorphic"
"OG0004113_00"	-0.00211559802061166	0.570829451349806	1	"1e-05 to 1"	0.00203788797271978	-0.00376421732976451	174	"success"	"pgls5_castespolymorphic"
"OG0004114_00"	-0.0105109017896011	0.501324044675568	0.974947973886013	"1e-05 to 1"	0.00281304455882187	-0.00298455401932451	174	"success"	"pgls5_castespolymorphic"
"OG0004115_00"	-0.00131601037263398	0.747895736816104	1e-05	"1e-05 to 1"	0.000639468785334535	-0.00517076686126239	174	"success"	"pgls5_castespolymorphic"
"OG0004116_00"	0.00987218081187715	0.270569196845799	0.945901021524274	"1e-05 to 1"	0.00753440600134396	0.00176425719902618	174	"success"	"pgls5_castespolymorphic"
"OG0004117_00"	0.013501898010964	0.338512058441778	0.960201662636167	"1e-05 to 1"	0.00572681451195573	-5.38435432071438e-05	174	"success"	"pgls5_castespolymorphic"
"OG0004118_00"	-0.00688872423307931	0.130034069202591	1	"1e-05 to 1"	0.0143569987332814	0.00862651616777732	174	"success"	"pgls5_castespolymorphic"
"OG0004119_00"	0.000430810755682048	0.951001104009071	1e-05	"1e-05 to 1"	2.35264670573389e-05	-0.00579029023952948	174	"success"	"pgls5_castespolymorphic"
"OG0004120_00"	-0.00536959799416978	0.490024196127732	1	"1e-05 to 1"	0.0029642612000148	-0.00283245821161304	174	"success"	"pgls5_castespolymorphic"
"OG0004121_00"	-0.0075649824686287	0.535105813474353	0.840890275667945	"1e-05 to 1"	0.00245502679980185	-0.00334465327694344	174	"success"	"pgls5_castespolymorphic"
"OG0004122_00"	-0.014558233044044	0.219257625713172	1e-05	"1e-05 to 1"	0.00941752060218565	0.00365832014057055	174	"success"	"pgls5_castespolymorphic"
"OG0004123_00"	0.00957155204395006	0.227079449346503	1	"1e-05 to 1"	0.00904946732078942	0.00328812701451497	174	"success"	"pgls5_castespolymorphic"
"OG0004124_00"	-0.00445757097031244	0.48163299943472	1	"1e-05 to 1"	0.00308035908581351	-0.00271568533810629	174	"success"	"pgls5_castespolymorphic"
"OG0004125_00"	0.00380998457878425	0.289172486429987	1e-05	"1e-05 to 1"	0.00697532543664469	0.00120192616592751	174	"success"	"pgls5_castespolymorphic"
"OG0004126_00"	0.000427926192257491	0.894371209265824	1e-05	"1e-05 to 1"	0.000109832933062837	-0.00570348199174497	174	"success"	"pgls5_castespolymorphic"
"OG0004127_00"	-0.00109237623134236	0.644490130667172	1	"1e-05 to 1"	0.00134241999077165	-0.00446372873021228	174	"success"	"pgls5_castespolymorphic"
"OG0004128_00"	0.0185841986271526	0.231236087312675	0.94103079071991	"1e-05 to 1"	0.00905860217145018	0.00329731497477259	174	"success"	"pgls5_castespolymorphic"
"OG0004129_00"	0.0355518126989961	0.025263528168368	1	"1e-05 to 1"	0.0310879952305193	0.0254547859004642	174	"success"	"pgls5_castespolymorphic"
"OG0004130_00"	0.00658841903105665	0.204310977874182	1e-05	"1e-05 to 1"	0.00998887320595226	0.00423299456180093	174	"success"	"pgls5_castespolymorphic"
"OG0004131_00"	-0.0109392018145148	0.611999037522897	0.767455812809638	"1e-05 to 1"	0.00166380997804686	-0.00414047019649932	174	"success"	"pgls5_castespolymorphic"
"OG0004132_00"	0.0151013530741828	0.149414845638868	1	"1e-05 to 1"	0.0129449348917068	0.00720624265270509	174	"success"	"pgls5_castespolymorphic"
"OG0004133_00"	0.0226000787373279	0.398117160829297	0.888127998268627	"1e-05 to 1"	0.00446649398386742	-0.00132149151622651	174	"success"	"pgls5_castespolymorphic"
"OG0004134_00"	0.0017604364672856	0.785821564950506	1e-05	"1e-05 to 1"	0.000465774887938714	-0.00534547060689872	174	"success"	"pgls5_castespolymorphic"
"OG0004135_00"	-0.0180278620848668	0.0881780394099909	0.442929643715829	"1e-05 to 1"	0.0181753613771612	0.0124670785944704	174	"success"	"pgls5_castespolymorphic"
"OG0004136_00"	0.0061193376231874	0.39939842749365	0.937838299442638	"1e-05 to 1"	0.0044147276210671	-0.00137355884625223	174	"success"	"pgls5_castespolymorphic"
"OG0004137_00"	0.00199011532990363	0.464974234102519	0.241812414910586	"1e-05 to 1"	0.00330036966916014	-0.00249439562346088	174	"success"	"pgls5_castespolymorphic"
"OG0004138_00"	0.00189584631356336	0.833556908924958	0.819395588300282	"1e-05 to 1"	0.000273395509362914	-0.00553896847023383	174	"success"	"pgls5_castespolymorphic"
"OG0004139_00"	0.00794172170862498	0.383498765609097	1	"1e-05 to 1"	0.00472060812723698	-0.00106589996504658	174	"success"	"pgls5_castespolymorphic"
"OG0004140_00"	0.00345206455962658	0.578034953753131	1e-05	"1e-05 to 1"	0.00345120280707277	-0.0023426855487001	174	"success"	"pgls5_castespolymorphic"
"OG0004141_00"	0.0112996790345314	0.177825988862066	1	"1e-05 to 1"	0.0112489357582078	0.00550038305912759	174	"success"	"pgls5_castespolymorphic"
"OG0004142_00"	0.00584875056408528	0.625680352849053	1	"1e-05 to 1"	0.00148153671518318	-0.00432380318763559	174	"success"	"pgls5_castespolymorphic"
"OG0004143_00"	0.00522839831735848	0.552633022711369	1e-05	"1e-05 to 1"	0.00242056368383047	-0.00337931675986813	174	"success"	"pgls5_castespolymorphic"
"OG0004144_00"	0.0214598876121459	0.034348653064755	1	"1e-05 to 1"	0.0275099088814089	0.0218558967237427	174	"success"	"pgls5_castespolymorphic"
"OG0004145_00"	0.00264353000039857	0.396030181758134	1	"1e-05 to 1"	0.00445039260912143	-0.00133768650361632	174	"success"	"pgls5_castespolymorphic"
"OG0004146_00"	0.00551035565442199	0.246203679811269	1e-05	"1e-05 to 1"	0.00829180020989429	0.0025260548622773	174	"success"	"pgls5_castespolymorphic"
"OG0004147_00"	0.00129381245433679	0.864997518096122	1e-05	"1e-05 to 1"	0.000181208107986308	-0.00563169184487422	174	"success"	"pgls5_castespolymorphic"
"OG0004148_00"	0.0192592951844868	0.188912043580177	1e-05	"1e-05 to 1"	0.0106967014615013	0.0049449380979053	174	"success"	"pgls5_castespolymorphic"
"OG0004149_00"	-0.00673047655184279	0.103980017160824	1	"1e-05 to 1"	0.0164363863901208	0.0107179932877378	174	"success"	"pgls5_castespolymorphic"
"OG0004150_00"	0.0126513312543435	0.489842866628603	1	"1e-05 to 1"	0.00298530747061871	-0.0028112895789707	174	"success"	"pgls5_castespolymorphic"
"OG0004151_00"	-0.00189617248273688	0.827247345453151	1e-05	"1e-05 to 1"	0.000294851499072039	-0.00551738773639854	174	"success"	"pgls5_castespolymorphic"
"OG0004152_00"	-0.00530386601635801	0.68249577280215	1	"1e-05 to 1"	0.00104200543909236	-0.00476588987812221	174	"success"	"pgls5_castespolymorphic"
"OG0004153_00"	-0.000580398989618756	0.952519182156041	0.785451120163389	"1e-05 to 1"	2.26541572870519e-05	-0.00579116762086818	174	"success"	"pgls5_castespolymorphic"
"OG0004154_00"	-0.00215401643487007	0.850613354397928	1	"1e-05 to 1"	0.000222359163225353	-0.00559030153931395	174	"success"	"pgls5_castespolymorphic"
"OG0004155_00"	0.02438489770825	0.0134223671690115	0.221961899179272	"1e-05 to 1"	0.0371409000601172	0.0315428820372108	174	"success"	"pgls5_castespolymorphic"
"OG0004156_00"	0.0153203801770448	0.14284969848342	1e-05	"1e-05 to 1"	0.0132877022957727	0.00755100289051558	174	"success"	"pgls5_castespolymorphic"
"OG0004157_00"	-0.00155653474991337	0.868713872353081	0.789294215638083	"1e-05 to 1"	0.00017236007758233	-0.00564059131731542	174	"success"	"pgls5_castespolymorphic"
"OG0004158_00"	0.00288505504910286	0.725218825528106	1	"1e-05 to 1"	0.000779168880525282	-0.00503025455621597	174	"success"	"pgls5_castespolymorphic"
"OG0004159_00"	0.00713050559342397	0.486212902500315	1	"1e-05 to 1"	0.00299793327901	-0.00279859036471675	174	"success"	"pgls5_castespolymorphic"
"OG0004160_00"	0.000380521836989145	0.981373044866212	0.937848791822908	"1e-05 to 1"	3.43914390913811e-06	-0.00581049434944014	174	"success"	"pgls5_castespolymorphic"
"OG0004161_00"	-0.012455052141707	0.231432362101631	0.983833853849896	"1e-05 to 1"	0.00893803645194675	0.00317604829178364	174	"success"	"pgls5_castespolymorphic"
"OG0004162_00"	0.000794228481038242	0.908370769346346	1	"1e-05 to 1"	8.35707537512227e-05	-0.00572989685814562	174	"success"	"pgls5_castespolymorphic"
"OG0004163_00"	0.0244957135770594	0.147310290289983	0.917874265701232	"1e-05 to 1"	0.0131609956362708	0.00742355956438867	174	"success"	"pgls5_castespolymorphic"
"OG0004164_00"	0.0055773470567728	0.75359482039103	0.927646891095413	"1e-05 to 1"	0.000609934755740996	-0.0052004726003303	174	"success"	"pgls5_castespolymorphic"
"OG0004165_00"	-0.00471502209929285	0.408120750437385	1e-05	"1e-05 to 1"	0.00433511108409938	-0.00145363827006295	174	"success"	"pgls5_castespolymorphic"
"OG0004166_00"	-0.0262695109392384	0.00366608060411155	1	"1e-05 to 1"	0.0512391741116608	0.0457231227983566	174	"success"	"pgls5_castespolymorphic"
"OG0004167_00"	0.000742539521599035	0.945826811003943	1	"1e-05 to 1"	2.85874903201665e-05	-0.00578519979171266	174	"success"	"pgls5_castespolymorphic"
"OG0004168_00"	-0.0161013434526338	0.399078006258811	1	"1e-05 to 1"	0.00439340682293858	-0.00139500360250944	174	"success"	"pgls5_castespolymorphic"
"OG0004169_00"	0.0166481477101012	0.301230493166048	0.891877681008602	"1e-05 to 1"	0.00676262667108582	0.000987990779638626	174	"success"	"pgls5_castespolymorphic"
"OG0004170_00"	0.00452913947731443	0.690488965418266	1	"1e-05 to 1"	0.000987398379109375	-0.00482081442101223	174	"success"	"pgls5_castespolymorphic"
"OG0004171_00"	-0.00256051332261838	0.874867697649464	0.588489068407571	"1e-05 to 1"	0.000155469897145771	-0.00565757969647529	174	"success"	"pgls5_castespolymorphic"
"OG0004172_00"	0.00336570048412044	0.542807132167108	1e-05	"1e-05 to 1"	0.00230487714436396	-0.00349567589549427	174	"success"	"pgls5_castespolymorphic"
"OG0004173_00"	-0.000747146271085528	0.81254101616509	1	"1e-05 to 1"	0.000354760246655012	-0.0054571306821436	174	"success"	"pgls5_castespolymorphic"
"OG0004174_00"	0.0198543824390874	0.44702655914839	1e-05	"1e-05 to 1"	0.00359586654679568	-0.00219718074072284	174	"success"	"pgls5_castespolymorphic"
"OG0004175_00"	0.00545874506385622	0.650876795699439	1	"1e-05 to 1"	0.00129944318743651	-0.00450695539868295	174	"success"	"pgls5_castespolymorphic"
"OG0004176_00"	0.00200185724062295	0.877963459017262	1	"1e-05 to 1"	0.00014781299860943	-0.00566528111186382	174	"success"	"pgls5_castespolymorphic"
"OG0004177_00"	0.00515603087398973	0.437130299020914	1	"1e-05 to 1"	0.00380221935353282	-0.00198962820836512	174	"success"	"pgls5_castespolymorphic"
"OG0004178_00"	-0.00170475663184634	0.49068179095853	1	"1e-05 to 1"	0.00299253634025759	-0.00280401868101987	174	"success"	"pgls5_castespolymorphic"
"OG0004180_00"	-0.00216132412909943	0.595137888237435	1	"1e-05 to 1"	0.00179134682639087	-0.00401219185485102	174	"success"	"pgls5_castespolymorphic"
"OG0004181_00"	-0.00421369085641387	0.72697768746963	1	"1e-05 to 1"	0.000759239291653949	-0.0050503000147899	174	"success"	"pgls5_castespolymorphic"
"OG0004182_00"	0.0179111584712728	0.180553366301456	0.451432779684101	"1e-05 to 1"	0.0111787367358188	0.00542977590288751	174	"success"	"pgls5_castespolymorphic"
"OG0004183_00"	0.00421491540837962	0.57871760605756	1e-05	"1e-05 to 1"	0.00190722404211933	-0.00389564093438	174	"success"	"pgls5_castespolymorphic"
"OG0004184_00"	0.00269589024120072	0.901796762644771	0.945460386438594	"1e-05 to 1"	9.54530514490587e-05	-0.00571794547732174	174	"success"	"pgls5_castespolymorphic"
"OG0004185_00"	0.0150200840089574	0.0630069483354703	0.582605981870876	"1e-05 to 1"	0.0213048206878731	0.0156147324360584	174	"success"	"pgls5_castespolymorphic"
"OG0004186_00"	-0.0049976889914483	0.729113092198831	1	"1e-05 to 1"	0.000775924615845912	-0.00503351768289928	174	"success"	"pgls5_castespolymorphic"
"OG0004187_00"	-0.00698939218870142	0.229614494804438	1e-05	"1e-05 to 1"	0.0089518253095507	0.00318991731716445	174	"success"	"pgls5_castespolymorphic"
"OG0004188_00"	0.017584587850172	0.154512981505084	0.651287198126416	"1e-05 to 1"	0.0124732925380089	0.0067318581922996	174	"success"	"pgls5_castespolymorphic"
"OG0004189_00"	-0.0051776254755662	0.413722795836874	1e-05	"1e-05 to 1"	0.00412813226927102	-0.00166182045009355	174	"success"	"pgls5_castespolymorphic"
"OG0004190_00"	0.00271872980823746	0.689376469583866	1	"1e-05 to 1"	0.000994896557423136	-0.00481327264863851	174	"success"	"pgls5_castespolymorphic"
"OG0004191_00"	-0.00295062095794673	0.359257887339373	1e-05	"1e-05 to 1"	0.00522295142674664	-0.000560636064958375	174	"success"	"pgls5_castespolymorphic"
"OG0004192_00"	-0.000299424284785823	0.974184759966958	0.690241180197505	"1e-05 to 1"	6.48407128012542e-06	-0.00580743171900311	174	"success"	"pgls5_castespolymorphic"
"OG0004193_00"	-0.000182324267057187	0.94418047639987	1	"1e-05 to 1"	3.39253050728655e-05	-0.0057798309431536	174	"success"	"pgls5_castespolymorphic"
"OG0004194_00"	0.0269515125538442	0.173236327090459	1	"1e-05 to 1"	0.0114185055209495	0.00567093869258284	174	"success"	"pgls5_castespolymorphic"
"OG0004195_00"	0.0149985706241639	0.0835695460075896	0.144521252839849	"1e-05 to 1"	0.0183682059290536	0.012661044335618	174	"success"	"pgls5_castespolymorphic"
"OG0004196_00"	-0.00790645617657964	0.327691676634181	1e-05	"1e-05 to 1"	0.00595102173396632	0.000171667209163728	174	"success"	"pgls5_castespolymorphic"
"OG0004197_00"	0.00459997889356331	0.614327087463419	0.430954959290413	"1e-05 to 1"	0.00162117870618048	-0.00418334932459752	174	"success"	"pgls5_castespolymorphic"
"OG0004198_00"	0.00156354199125395	0.892942908777791	1	"1e-05 to 1"	0.000113548682397878	-0.00569974463921619	174	"success"	"pgls5_castespolymorphic"
"OG0004199_00"	0.00781842147469209	0.691393811562357	0.608918356242879	"1e-05 to 1"	0.000975250659276798	-0.00483303276712288	174	"success"	"pgls5_castespolymorphic"
"OG0004200_00"	-0.00110310657892334	0.732798301774209	1	"1e-05 to 1"	0.000744496704015297	-0.00506512831514749	174	"success"	"pgls5_castespolymorphic"
"OG0004201_00"	-0.0255196792489546	0.237808818391236	0.819745591985643	"1e-05 to 1"	0.00864482389758996	0.00288113101327359	174	"success"	"pgls5_castespolymorphic"
"OG0004202_00"	-0.00779918483514285	0.538708867538334	0.833128330204141	"1e-05 to 1"	0.00236669892685382	-0.00343349468403664	174	"success"	"pgls5_castespolymorphic"
"OG0004203_00"	0.00138752326642968	0.904344674745723	0.369058323529928	"1e-05 to 1"	9.28697006171335e-05	-0.0057205438476351	174	"success"	"pgls5_castespolymorphic"
"OG0004204_00"	-0.0103957223523204	0.341456001602501	1e-05	"1e-05 to 1"	0.00569320341427036	-8.76500542512648e-05	174	"success"	"pgls5_castespolymorphic"
"OG0004205_00"	0.00113977323640253	0.896208564955198	1	"1e-05 to 1"	0.000105367383642605	-0.00570797350366181	174	"success"	"pgls5_castespolymorphic"
"OG0004206_00"	-0.00670558933677561	0.765669472758892	1	"1e-05 to 1"	0.000553303987240365	-0.00525743261748501	174	"success"	"pgls5_castespolymorphic"
"OG0004207_00"	-0.00897138931963144	0.209432537254332	0.857591365481583	"1e-05 to 1"	0.00982808050933455	0.0040712670239238	174	"success"	"pgls5_castespolymorphic"
"OG0004208_00"	4.28844725920943e-05	0.996915551861072	0.959119948250466	"1e-05 to 1"	9.42856368415941e-08	-0.00581385865456285	174	"success"	"pgls5_castespolymorphic"
"OG0004209_00"	0.00306380980700879	0.68191471990655	1	"1e-05 to 1"	0.00105259650891668	-0.00475523723231053	174	"success"	"pgls5_castespolymorphic"
"OG0004210_00"	-0.009546982867022	0.326718391197217	0.550128403225845	"1e-05 to 1"	0.00605010907268799	0.000271330637064082	174	"success"	"pgls5_castespolymorphic"
"OG0004211_00"	0.0142249187996684	0.0972050393900581	0.890638044030806	"1e-05 to 1"	0.0170984427098158	0.0113838987720821	174	"success"	"pgls5_castespolymorphic"
"OG0004212_00"	0.0040878560163668	0.56615295136877	0.790376897574789	"1e-05 to 1"	0.00206157236602228	-0.00374039523650072	174	"success"	"pgls5_castespolymorphic"
"OG0004213_00"	0.00380007998278737	0.742074356061985	1	"1e-05 to 1"	0.000670433227070863	-0.00513962239370191	174	"success"	"pgls5_castespolymorphic"
"OG0004214_00"	0.0020668418600864	0.874538827747446	1	"1e-05 to 1"	0.000155321230524193	-0.00565772922743779	174	"success"	"pgls5_castespolymorphic"
"OG0004215_00"	0.02333928131172	0.0414504475444728	1	"1e-05 to 1"	0.025414243593928	0.0197480473357533	174	"success"	"pgls5_castespolymorphic"
"OG0004216_00"	0.00546035016981397	0.688837935632018	0.979990435873996	"1e-05 to 1"	0.00100479527468474	-0.00480331638069509	174	"success"	"pgls5_castespolymorphic"
"OG0004217_00"	-0.00458003038832178	0.709285832530082	1	"1e-05 to 1"	0.000865610343069638	-0.0049433105270289	174	"success"	"pgls5_castespolymorphic"
"OG0004218_00"	0.00340140240225493	0.714498723857746	0.984174624782942	"1e-05 to 1"	0.000838671588498805	-0.00497040590226572	174	"success"	"pgls5_castespolymorphic"
"OG0004219_00"	0.00324028727013755	0.535961654342919	0.983487106926582	"0.001 to 1"	0.00238390655154155	-0.00341618701501933	174	"success"	"pgls5_castespolymorphic"
"OG0004220_00"	0.000363743423677466	0.960159000400333	1e-05	"1e-05 to 1"	1.55475153653923e-05	-0.0057983155804755	174	"success"	"pgls5_castespolymorphic"
"OG0004221_00"	0.0103068998473363	0.495223399048636	0.866097788599752	"1e-05 to 1"	0.00287607270783301	-0.00292115942758664	174	"success"	"pgls5_castespolymorphic"
"OG0004222_00"	-0.00712504338362645	0.490887168539973	1e-05	"1e-05 to 1"	0.00295250764985203	-0.00284428009636972	174	"success"	"pgls5_castespolymorphic"
"OG0004223_00"	0.00518363507755431	0.373557079099343	1e-05	"1e-05 to 1"	0.00492114035973906	-0.000864201847471824	174	"success"	"pgls5_castespolymorphic"
"OG0004224_00"	0.00260587882795988	0.742343198882089	1	"1e-05 to 1"	0.000673152077096507	-0.00513688773640864	174	"success"	"pgls5_castespolymorphic"
"OG0004225_00"	0.000111464130292976	0.981759239715488	0.431029670526496	"1e-05 to 1"	3.25689358225686e-06	-0.00581067765936205	174	"success"	"pgls5_castespolymorphic"
"OG0004226_00"	-0.0101626304315512	0.215935564376234	0.475213400725814	"1e-05 to 1"	0.009553866954916	0.00379545920465385	174	"success"	"pgls5_castespolymorphic"
"OG0004227_00"	0.0110903527655312	0.147759019335001	1e-05	"1e-05 to 1"	0.013050255352164	0.00731217544142071	174	"success"	"pgls5_castespolymorphic"
"OG0004228_00"	0.00994146565425649	0.0255910365541667	1	"1e-05 to 1"	0.0311451479653624	0.0255122709186494	174	"success"	"pgls5_castespolymorphic"
"OG0004229_00"	0.00970094694437543	0.27667718752937	0.419215932773423	"1e-05 to 1"	0.00739155268724985	0.00162057334240828	174	"success"	"pgls5_castespolymorphic"
"OG0004230_00"	-0.0103174960757865	0.456562352425633	1	"1e-05 to 1"	0.00342635118472309	-0.00236768165722623	174	"success"	"pgls5_castespolymorphic"
"OG0004231_00"	-0.00122396978128183	0.917523484210038	0.970922204196723	"1e-05 to 1"	6.63961220225626e-05	-0.00574717134238423	174	"success"	"pgls5_castespolymorphic"
"OG0004232_00"	0.00784716535504362	0.360038416760429	1e-05	"1e-05 to 1"	0.00520605262580285	-0.00057763311474468	174	"success"	"pgls5_castespolymorphic"
"OG0004233_00"	-0.0207913061015699	0.0977145477048742	1	"1e-05 to 1"	0.0169416365867153	0.0112261809854753	174	"success"	"pgls5_castespolymorphic"
"OG0004234_00"	-0.00199721894615577	0.746557140675632	0.889975850904251	"1e-05 to 1"	0.000646517349341751	-0.00516367731723189	174	"success"	"pgls5_castespolymorphic"
"OG0004235_00"	-0.0158373929105072	0.0573075849960709	1e-05	"1e-05 to 1"	0.0225408084748898	0.016857906198581	174	"success"	"pgls5_castespolymorphic"
"OG0004236_00"	0.0295091296887879	0.0753123816543879	1e-05	"1e-05 to 1"	0.0197594801636843	0.0140604073739383	174	"success"	"pgls5_castespolymorphic"
"OG0004237_00"	0.00548009819735152	0.450641214457695	0.98323976902018	"0.001 to 1"	0.00362940488255432	-0.00216344741464014	174	"success"	"pgls5_castespolymorphic"
"OG0004238_00"	0.00515476256103888	0.696387914076281	0.725592289616985	"1e-05 to 1"	0.000972408773013246	-0.00483589117598071	174	"success"	"pgls5_castespolymorphic"
"OG0004239_00"	-0.0110136122957809	0.427031222999299	1e-05	"1e-05 to 1"	0.00394755024554538	-0.00184345236930605	174	"success"	"pgls5_castespolymorphic"
"OG0004240_00"	0.010025900968955	0.442564457133212	0.458464800988848	"1e-05 to 1"	0.00366691039061329	-0.00212572385130172	174	"success"	"pgls5_castespolymorphic"
"OG0004241_00"	-0.00624600150871891	0.454798165703367	0.926761677976354	"1e-05 to 1"	0.00349646184626079	-0.00229716337556329	174	"success"	"pgls5_castespolymorphic"
"OG0004242_00"	-0.0127192870735073	0.258744488031787	0.606805772342521	"1e-05 to 1"	0.00822137467198467	0.00245521987356601	174	"success"	"pgls5_castespolymorphic"
"OG0004243_00"	0.00251486879095861	0.439279833881787	1e-05	"1e-05 to 1"	0.00376676359688516	-0.00202529010313302	174	"success"	"pgls5_castespolymorphic"
"OG0004244_00"	-0.00952965962417081	0.331143950459175	1e-05	"1e-05 to 1"	0.00594072476861444	0.000161310377734369	174	"success"	"pgls5_castespolymorphic"
"OG0004245_00"	0.00804246308281494	0.707371372039594	0.945548000400268	"1e-05 to 1"	0.0008886647009173	-0.00492012213221704	174	"success"	"pgls5_castespolymorphic"
"OG0004246_00"	-0.00330211589478641	0.778360762476103	1	"1e-05 to 1"	0.000496535078164562	-0.0053145315783576	174	"success"	"pgls5_castespolymorphic"
"OG0004247_00"	-0.00934811816779021	0.348133204395015	0.805878235294377	"1e-05 to 1"	0.00543560421540291	-0.000346746922879726	174	"success"	"pgls5_castespolymorphic"
"OG0004248_00"	-0.000587917629624192	0.912628274465842	1	"1e-05 to 1"	7.54786213588735e-05	-0.00573803603781919	174	"success"	"pgls5_castespolymorphic"
"OG0004249_00"	0.00661089296849604	0.074735005554067	1e-05	"1e-05 to 1"	0.0197140748351413	0.0140147380609271	174	"success"	"pgls5_castespolymorphic"
"OG0004250_00"	0.0178374449958029	0.0663202678694199	1	"1e-05 to 1"	0.0210484396106187	0.0153568607711455	174	"success"	"pgls5_castespolymorphic"
"OG0004251_00"	0.0248938422482361	0.0736697729570261	0.0763435777415848	"1e-05 to 1"	0.0196147909149108	0.013914876908602	174	"success"	"pgls5_castespolymorphic"
"OG0004252_00"	-0.00926449624239044	0.252183069904711	0.449112666157424	"1e-05 to 1"	0.0081867432533049	0.00242038710942882	174	"success"	"pgls5_castespolymorphic"
"OG0004253_00"	0.0103268555672134	0.181936328608095	1e-05	"1e-05 to 1"	0.0109717023063649	0.00522153778489032	174	"success"	"pgls5_castespolymorphic"
"OG0004254_00"	0.00358533866769766	0.541582882348922	1e-05	"1e-05 to 1"	0.00233339804501071	-0.0034669891756578	174	"success"	"pgls5_castespolymorphic"
"OG0004255_00"	-0.0156538606797916	0.0886662809016634	1e-05	"1e-05 to 1"	0.0178964571462979	0.0121865528273809	174	"success"	"pgls5_castespolymorphic"
"OG0004256_00"	-0.00167625212926306	0.561108255095138	1	"1e-05 to 1"	0.0021023797530109	-0.00369935059726245	174	"success"	"pgls5_castespolymorphic"
"OG0004257_00"	-0.00742405512995188	0.577243310757205	0.980659089854952	"0.001 to 1"	0.0019461338562897	-0.00385650490035983	174	"success"	"pgls5_castespolymorphic"
"OG0004259_00"	0.00405226860924425	0.307567926918786	1	"1e-05 to 1"	0.00642560768622285	0.000649012382072822	174	"success"	"pgls5_castespolymorphic"
"OG0004260_00"	-6.73258057781591e-05	0.983387764404987	1e-05	"1e-05 to 1"	2.73531142566924e-06	-0.00581120227397292	174	"success"	"pgls5_castespolymorphic"
"OG0004261_00"	0.0054445246870879	0.472720315666938	1e-05	"1e-05 to 1"	0.0033533674924246	-0.00244108967331713	174	"success"	"pgls5_castespolymorphic"
"OG0004262_00"	0.0150137869267582	0.155366648288363	1e-05	"1e-05 to 1"	0.0126557423081534	0.00691536871692178	174	"success"	"pgls5_castespolymorphic"
"OG0004263_00"	-0.00127273798465469	0.854945300848362	1	"1e-05 to 1"	0.00020691464845895	-0.00560583584777108	174	"success"	"pgls5_castespolymorphic"
"OG0004264_00"	-0.00947199951289237	0.121442524538884	0.615896885873724	"1e-05 to 1"	0.0148334122533165	0.00910569953385909	174	"success"	"pgls5_castespolymorphic"
"OG0004265_00"	0.00739836606176616	0.635496251354129	1	"1e-05 to 1"	0.00154299690559351	-0.00426198567053682	174	"success"	"pgls5_castespolymorphic"
"OG0004266_00"	-0.000219611472024964	0.980132364555352	0.616361008139305	"1e-05 to 1"	3.86388357204286e-06	-0.0058100671403607	174	"success"	"pgls5_castespolymorphic"
"OG0004267_00"	-0.0148016672675723	0.421835878871774	0.863161927919681	"1e-05 to 1"	0.00401181341621933	-0.00177881557554671	174	"success"	"pgls5_castespolymorphic"
"OG0004268_00"	0.00946824089751025	0.38138342461579	1e-05	"1e-05 to 1"	0.00479244884316392	-0.000993641570538495	174	"success"	"pgls5_castespolymorphic"
"OG0004269_00"	0.0342250076360288	0.0230386767550179	0.951470276090874	"1e-05 to 1"	0.0316715241781451	0.0260417074582505	174	"success"	"pgls5_castespolymorphic"
"OG0004270_00"	-0.00543255848997958	0.645940011306416	1	"1e-05 to 1"	0.00132236081792376	-0.00448390452615799	174	"success"	"pgls5_castespolymorphic"
"OG0004271_00"	-0.00108339573308759	0.910543569737823	1	"1e-05 to 1"	7.86456360180783e-05	-0.00573485061028411	174	"success"	"pgls5_castespolymorphic"
"OG0004272_00"	0.0102568913801565	0.276491400165439	1e-05	"1e-05 to 1"	0.00744374748938864	0.00167307160269903	174	"success"	"pgls5_castespolymorphic"
"OG0004273_00"	-0.00179082097471927	0.918730843354644	1	"1e-05 to 1"	6.48613816513079e-05	-0.00574871500566476	174	"success"	"pgls5_castespolymorphic"
"OG0004274_00"	0.00552517168553091	0.540827605725691	1	"1e-05 to 1"	0.00231314733912662	-0.00348735761820418	174	"success"	"pgls5_castespolymorphic"
"OG0004275_00"	0.0801207292809876	0.116164406359659	0.974879957154541	"1e-05 to 1"	0.0154520255710251	0.00972790944062407	174	"success"	"pgls5_castespolymorphic"
"OG0004276_00"	0.0032459784559937	0.644597261684234	1	"1e-05 to 1"	0.0013166479451004	-0.00448965061335826	174	"success"	"pgls5_castespolymorphic"
"OG0004277_00"	-0.0105291988907946	0.272002310479803	1	"1e-05 to 1"	0.0074434480418452	0.00167277041418146	174	"success"	"pgls5_castespolymorphic"
"OG0004278_00"	-0.00534835519282165	0.241286198769735	1e-05	"1e-05 to 1"	0.0085715410890143	0.00280742214185736	174	"success"	"pgls5_castespolymorphic"
"OG0004279_00"	-0.0186019826725996	0.0755878844865614	0.867712649815073	"1e-05 to 1"	0.0197226137494645	0.014023326620101	174	"success"	"pgls5_castespolymorphic"
"OG0004280_00"	0.000671749819141164	0.83480861928996	1	"1e-05 to 1"	0.000276076380031038	-0.00553627201310847	174	"success"	"pgls5_castespolymorphic"
"OG0004281_00"	0.00806151394521467	0.156097275110885	0.873210161566445	"1e-05 to 1"	0.0124552175436524	0.00671367811076662	174	"success"	"pgls5_castespolymorphic"
"OG0004282_00"	-0.0139845163962374	0.334130595034622	0.903958665753897	"1e-05 to 1"	0.00575930513687836	-2.1164019302411e-05	174	"success"	"pgls5_castespolymorphic"
"OG0004284_00"	0.0155157420399465	0.0128694551373876	0.551735045347261	"1e-05 to 1"	0.0385202025156972	0.0329302036931139	174	"success"	"pgls5_castespolymorphic"
"OG0004285_00"	0.0155944130972286	0.204429163878129	0.551472838030763	"1e-05 to 1"	0.0100459607283384	0.00429041398838692	174	"success"	"pgls5_castespolymorphic"
"OG0004286_00"	0.049495617102151	0.0043460276364975	0.366481793391459	"1e-05 to 1"	0.0491128747290212	0.0435844612100038	174	"success"	"pgls5_castespolymorphic"
"OG0004287_00"	-0.00216773725101582	0.7538466175909	0.342415262870397	"1e-05 to 1"	0.000616277085097755	-0.00519409339696586	174	"success"	"pgls5_castespolymorphic"
"OG0004288_00"	-0.00119409907124685	0.90287129099692	1	"1e-05 to 1"	9.22091979862478e-05	-0.00572120819039768	174	"success"	"pgls5_castespolymorphic"
"OG0004289_00"	0.0279052271669786	0.0359160874194238	0.883200237028535	"1e-05 to 1"	0.0268830162121276	0.0212253593296399	174	"success"	"pgls5_castespolymorphic"
"OG0004290_00"	-0.0119438074827639	0.540331254842144	0.788559912709262	"1e-05 to 1"	0.00237763901916387	-0.0034224909865388	174	"success"	"pgls5_castespolymorphic"
"OG0004291_00"	0.0127550579579623	0.172043921140302	1e-05	"1e-05 to 1"	0.0117716105154404	0.00602609662308839	174	"success"	"pgls5_castespolymorphic"
"OG0004292_00"	0.00711835661893312	0.179332146993244	0.236409761124398	"1e-05 to 1"	0.0112412658835174	0.00549266859214248	174	"success"	"pgls5_castespolymorphic"
"OG0004293_00"	0.0192314534712968	0.266347741841465	0.980527890063801	"1e-05 to 1"	0.00771585827294309	0.00194676442569264	174	"success"	"pgls5_castespolymorphic"
"OG0004294_00"	0.0431403966135433	0.0145528705167637	0.900932053749153	"1e-05 to 1"	0.0365113024852689	0.030909624011346	174	"success"	"pgls5_castespolymorphic"
"OG0004295_00"	-0.00620710233201544	0.622531728315157	0.738793198092972	"1e-05 to 1"	0.00150866744868277	-0.00429651471731329	174	"success"	"pgls5_castespolymorphic"
"OG0004296_00"	0.00844708032678142	0.388140425199818	1	"1e-05 to 1"	0.0047174411145047	-0.00106908539064365	174	"success"	"pgls5_castespolymorphic"
"OG0004297_00"	0.00459581818395376	0.64068123128903	0.963844701234871	"1e-05 to 1"	0.00136490578929983	-0.00444111220029719	174	"success"	"pgls5_castespolymorphic"
"OG0004298_00"	-0.00120377998700002	0.633415770121738	1	"1e-05 to 1"	0.00142503965563816	-0.00438062871845712	174	"success"	"pgls5_castespolymorphic"
"OG0004299_00"	-0.0019882392552159	0.687852501517518	0.784471161928354	"1e-05 to 1"	0.00101789900892518	-0.00479013646195314	174	"success"	"pgls5_castespolymorphic"
"OG0004301_00"	0.00950528131431048	0.146995099769188	1e-05	"1e-05 to 1"	0.0130182109375182	0.00727994472203863	174	"success"	"pgls5_castespolymorphic"
"OG0004302_00"	0.00413709621998869	0.563423721194925	1	"1e-05 to 1"	0.00206479429491093	-0.00373715457546764	174	"success"	"pgls5_castespolymorphic"
"OG0004303_00"	-0.000783502972917347	0.822420240215562	1	"1e-05 to 1"	0.000317741346144015	-0.00549436480882015	174	"success"	"pgls5_castespolymorphic"
"OG0004304_00"	-0.00523103442799491	0.309127842080899	1e-05	"1e-05 to 1"	0.00638443476265228	0.000607600081039661	174	"success"	"pgls5_castespolymorphic"
"OG0004305_00"	-0.00719075882073152	0.272875754687402	1	"1e-05 to 1"	0.00750912603518675	0.0017388302563216	174	"success"	"pgls5_castespolymorphic"
"OG0004306_00"	0.00229556739910087	0.65562835226804	1	"1e-05 to 1"	0.00123833892482299	-0.00456841491863735	174	"success"	"pgls5_castespolymorphic"
"OG0004307_00"	0.0011228992443329	0.929165907393164	1	"1e-05 to 1"	4.9233426669624e-05	-0.00576443382084979	174	"success"	"pgls5_castespolymorphic"
"OG0004308_00"	-0.00904774178128342	0.581382872116613	1e-05	"1e-05 to 1"	0.00191615985557227	-0.0038866531685231	174	"success"	"pgls5_castespolymorphic"
"OG0004309_00"	-0.00686810184947482	0.272187294909237	1	"1e-05 to 1"	0.00743772772015886	0.00166701683481085	174	"success"	"pgls5_castespolymorphic"
"OG0004310_00"	0.00502798638159923	0.591322700777139	1	"1e-05 to 1"	0.00181715948988736	-0.0039862291177295	174	"success"	"pgls5_castespolymorphic"
"OG0004311_00"	-0.00337756584987437	0.606917344256662	1	"1e-05 to 1"	0.00167914033134517	-0.00412505071323999	174	"success"	"pgls5_castespolymorphic"
"OG0004312_00"	0.00062547101964785	0.887021378221457	1e-05	"1e-05 to 1"	0.000125755247302544	-0.00568746710591084	174	"success"	"pgls5_castespolymorphic"
"OG0004313_00"	0.00689553865582778	0.0627870947197018	1e-05	"1e-05 to 1"	0.0221595346209539	0.0164744156361919	174	"success"	"pgls5_castespolymorphic"
"OG0004314_00"	0.0152911046512621	0.395302676693978	0.503049111041137	"1e-05 to 1"	0.00446408811291896	-0.0013239113747967	174	"success"	"pgls5_castespolymorphic"
"OG0004315_00"	0.000507180203339794	0.970111915248501	0.964244847585987	"1e-05 to 1"	8.69246120381618e-06	-0.00580521048960314	174	"success"	"pgls5_castespolymorphic"
"OG0004316_00"	0.00747043717300045	0.603234001881756	0.940839371212976	"1e-05 to 1"	0.00167132230227469	-0.00413291419596784	174	"success"	"pgls5_castespolymorphic"
"OG0004317_00"	0.000472075619870571	0.935734524278343	1e-05	"1e-05 to 1"	4.07609633414184e-05	-0.00577295554268575	174	"success"	"pgls5_castespolymorphic"
"OG0004318_00"	-0.00752428618658121	0.549890536085043	0.826038117499034	"1e-05 to 1"	0.00222500612761737	-0.00357601127861762	174	"success"	"pgls5_castespolymorphic"
"OG0004319_00"	0.00516401733172948	0.716597945872261	1	"1e-05 to 1"	0.000820691558583385	-0.00498849046723882	174	"success"	"pgls5_castespolymorphic"
"OG0004320_00"	0.00972752101416911	0.260867214127175	1	"1e-05 to 1"	0.00784532648851924	0.00207698536345235	174	"success"	"pgls5_castespolymorphic"
"OG0004321_00"	0.0229408969444089	0.0245466415180267	1	"1e-05 to 1"	0.0311990079781872	0.0255664440710837	174	"success"	"pgls5_castespolymorphic"
"OG0004322_00"	0.00343503421937502	0.653323230280314	0.482986954415884	"1e-05 to 1"	0.00126399636192597	-0.00454260831038833	174	"success"	"pgls5_castespolymorphic"
"OG0004323_00"	0.00587332401688113	0.601999496872915	1	"1e-05 to 1"	0.0017038086923656	-0.0041002389315159	174	"success"	"pgls5_castespolymorphic"
"OG0004324_00"	0.00189639203203918	0.893517845412486	1	"1e-05 to 1"	0.00011162533850376	-0.00570167916534214	174	"success"	"pgls5_castespolymorphic"
"OG0004325_00"	-0.0159292782298363	0.0815888701122935	1	"1e-05 to 1"	0.0187193596977109	0.0130142396959535	174	"success"	"pgls5_castespolymorphic"
"OG0004326_00"	0.00209379536165642	0.891656498347655	0.977966710071327	"1e-05 to 1"	0.000114870499938614	-0.00569841513668967	174	"success"	"pgls5_castespolymorphic"
"OG0004327_00"	-0.0178622073488959	0.372361474040852	1	"1e-05 to 1"	0.004976689548425	-0.000808329698386512	174	"success"	"pgls5_castespolymorphic"
"OG0004329_00"	-0.00672879474588099	0.500172391002984	1	"1e-05 to 1"	0.0029189977805006	-0.00287798479054313	174	"success"	"pgls5_castespolymorphic"
"OG0004330_00"	-0.0102083902064805	0.38323332445012	0.89239898439867	"1e-05 to 1"	0.00469667395920017	-0.00108997328522298	174	"success"	"pgls5_castespolymorphic"
"OG0004331_00"	0.00462440809987903	0.786108833576817	1	"1e-05 to 1"	0.000467443926068004	-0.00534379186505962	174	"success"	"pgls5_castespolymorphic"
"OG0004332_00"	-0.0023517504558982	0.792213944971543	1	"1e-05 to 1"	0.000432296518051729	-0.00537914361847114	174	"success"	"pgls5_castespolymorphic"
"OG0004333_00"	-0.000497670942725802	0.955643628039965	1e-05	"1e-05 to 1"	1.98949438443152e-05	-0.00579394287624946	174	"success"	"pgls5_castespolymorphic"
"OG0004334_00"	0.00534098967664429	0.393727076209814	1e-05	"1e-05 to 1"	0.00472752437602323	-0.0010589435055115	174	"success"	"pgls5_castespolymorphic"
"OG0004335_00"	0.0161710735521296	0.0467662409508458	0.148039329717729	"1e-05 to 1"	0.0246361407573031	0.0189654206454269	174	"success"	"pgls5_castespolymorphic"
"OG0004336_00"	0.0102048232305737	0.397704460101747	1	"1e-05 to 1"	0.00444648170085946	-0.00134162014971673	174	"success"	"pgls5_castespolymorphic"
"OG0004337_00"	0.00817017194269441	0.309218924981993	1	"1e-05 to 1"	0.00642167400106514	0.000645055826652863	174	"success"	"pgls5_castespolymorphic"
"OG0004338_00"	-9.48648945948615e-05	0.993748481377206	0.876546249454	"1e-05 to 1"	3.80123861071257e-07	-0.00581357115448844	174	"success"	"pgls5_castespolymorphic"
"OG0004339_00"	0.00119534053237053	0.831977703080581	1e-05	"1e-05 to 1"	0.000278686230809852	-0.00553364698877834	174	"success"	"pgls5_castespolymorphic"
"OG0004340_00"	0.00367354200657279	0.747150352331804	1	"1e-05 to 1"	0.000643388453169802	-0.00516682440466076	174	"success"	"pgls5_castespolymorphic"
"OG0004341_00"	-0.00341549753184187	0.778719365367674	0.892611192025266	"1e-05 to 1"	0.00048876003808878	-0.00532235182215501	174	"success"	"pgls5_castespolymorphic"
"OG0004342_00"	0.00561806337990623	0.566350008904206	0.575857923450072	"1e-05 to 1"	0.00205948278657449	-0.00374249696466644	174	"success"	"pgls5_castespolymorphic"
"OG0004343_00"	-0.0081258410350081	0.305294793538663	0.927826822911866	"1e-05 to 1"	0.00648608995844375	0.000709846295411598	174	"success"	"pgls5_castespolymorphic"
"OG0004344_00"	0.0135718744285091	0.284832737553898	0.655002344303642	"1e-05 to 1"	0.00732913604638978	0.00155779381410137	174	"success"	"pgls5_castespolymorphic"
"OG0004345_00"	0.0123592200349891	0.0956242786897292	0.429484109168957	"1e-05 to 1"	0.0170481909327167	0.0113333548334883	174	"success"	"pgls5_castespolymorphic"
"OG0004346_00"	0.000533197229933564	0.878578849706459	0.452117054721019	"1e-05 to 1"	0.000150077894095645	-0.00566300304838063	174	"success"	"pgls5_castespolymorphic"
"OG0004347_00"	-0.00308971419636804	0.738661958863176	1	"1e-05 to 1"	0.000701996952700623	-0.00510787515803957	174	"success"	"pgls5_castespolymorphic"
"OG0004348_00"	-0.000763667811625866	0.935943649961175	1	"1e-05 to 1"	4.18060442807081e-05	-0.0057719043856943	174	"success"	"pgls5_castespolymorphic"
"OG0004349_00"	-0.00438022447248414	0.169255177479605	0.208143087598041	"1e-05 to 1"	0.0122340694454207	0.00649124426777792	174	"success"	"pgls5_castespolymorphic"
"OG0004350_00"	0.0226994786298005	0.0165870058167534	1e-05	"1e-05 to 1"	0.0357850928299663	0.0301791922068848	174	"success"	"pgls5_castespolymorphic"
"OG0004351_00"	-0.0071005878689101	0.465880654341585	0.659546829439566	"1e-05 to 1"	0.00328700997160579	-0.00250783299367541	174	"success"	"pgls5_castespolymorphic"
"OG0004352_00"	-0.00617828543417914	0.362613609954755	0.766698068395734	"1e-05 to 1"	0.00521547463197607	-0.000568156329465941	174	"success"	"pgls5_castespolymorphic"
"OG0004353_00"	-0.000808262151089637	0.906553418886767	1	"1e-05 to 1"	8.80448598194765e-05	-0.00572539673983274	174	"success"	"pgls5_castespolymorphic"
"OG0004354_00"	-0.00299542976298023	0.847946401640885	0.891762966018324	"1e-05 to 1"	0.000229031635204538	-0.00558359027389321	174	"success"	"pgls5_castespolymorphic"
"OG0004355_00"	0.00267878632237568	0.858769232684054	0.874994258193558	"1e-05 to 1"	0.000230248569122903	-0.00558236626477759	174	"success"	"pgls5_castespolymorphic"
"OG0004356_00"	0.0151505979301855	0.123972235726849	0.829812457903365	"1e-05 to 1"	0.0146356716758129	0.00890680930183507	174	"success"	"pgls5_castespolymorphic"
"OG0004357_00"	0.00349266973446903	0.853000706699841	1	"1e-05 to 1"	0.00021388758220934	-0.00559882237370823	174	"success"	"pgls5_castespolymorphic"
"OG0004358_00"	0.0163062769159194	0.305408694852688	1e-05	"1e-05 to 1"	0.00660534526238758	0.00082979494414559	174	"success"	"pgls5_castespolymorphic"
"OG0004359_00"	-0.0074479994994568	0.399521080595468	1e-05	"1e-05 to 1"	0.00441243597313529	-0.00137586381771859	174	"success"	"pgls5_castespolymorphic"
"OG0004360_00"	0.000763091620047505	0.934154803216192	1e-05	"1e-05 to 1"	4.30640612376943e-05	-0.00577063905468544	174	"success"	"pgls5_castespolymorphic"
"OG0004361_00"	0.0219659483906944	0.140821410897429	1	"1e-05 to 1"	0.0134227589781186	0.00768684478613102	174	"success"	"pgls5_castespolymorphic"
"OG0004362_00"	0.00543528363254803	0.469603562169012	0.892837401274089	"1e-05 to 1"	0.0032730371634742	-0.00252188703906375	174	"success"	"pgls5_castespolymorphic"
"OG0004363_00"	0.0197640544049811	0.0656374723366819	1e-05	"1e-05 to 1"	0.0212866471764033	0.0155964532646382	174	"success"	"pgls5_castespolymorphic"
"OG0004364_00"	-0.00153135239658349	0.861563609340668	0.883845940614285	"1e-05 to 1"	0.000246200963238436	-0.00556632112418476	174	"success"	"pgls5_castespolymorphic"
"OG0004365_00"	0.0241153106626797	0.103550325839864	0.582609973868932	"1e-05 to 1"	0.0164769699141254	0.0107588127624634	174	"success"	"pgls5_castespolymorphic"
"OG0004366_00"	0.0030446883292749	0.697037480914516	1e-05	"1e-05 to 1"	0.000938082109865258	-0.00487041741275185	174	"success"	"pgls5_castespolymorphic"
"OG0004367_00"	0.0333066370145958	0.0448762065280861	0.980319985013872	"1e-05 to 1"	0.0247553492801292	0.0190853222410602	174	"success"	"pgls5_castespolymorphic"
"OG0004368_00"	-0.00121911698538456	0.810214075286475	1	"1e-05 to 1"	0.00035703641987361	-0.00545484127535967	174	"success"	"pgls5_castespolymorphic"
"OG0004369_00"	-0.000506021074367029	0.902489692493584	1e-05	"1e-05 to 1"	9.29387721053966e-05	-0.00572047437456846	174	"success"	"pgls5_castespolymorphic"
"OG0004370_00"	0.0120897971506601	0.238365892874424	0.956958021027706	"1e-05 to 1"	0.00857124408854734	0.00280712341464362	174	"success"	"pgls5_castespolymorphic"
"OG0004371_00"	-0.00744472266965765	0.381329351394066	0.625084272097148	"1e-05 to 1"	0.00479353485232686	-0.000992549247369023	174	"success"	"pgls5_castespolymorphic"
"OG0004372_00"	-0.00211280591837629	0.811179563764774	0.821964610715524	"1e-05 to 1"	0.000360030538140465	-0.00545182974942837	174	"success"	"pgls5_castespolymorphic"
"OG0004373_00"	0.00344717912876894	0.263030040600109	1	"1e-05 to 1"	0.00772683672689092	0.00195780670786128	174	"success"	"pgls5_castespolymorphic"
"OG0004374_00"	-0.0176416632792573	0.188754210268899	1	"1e-05 to 1"	0.0107710471805053	0.00501971605946161	174	"success"	"pgls5_castespolymorphic"
"OG0004375_00"	-0.00315955150335289	0.786135433318824	0.963600453600706	"1e-05 to 1"	0.00045575294699408	-0.0053555508149421	174	"success"	"pgls5_castespolymorphic"
"OG0004376_00"	0.00705639003914288	0.16558176770341	1e-05	"1e-05 to 1"	0.0118333349830563	0.00608817995388811	174	"success"	"pgls5_castespolymorphic"
"OG0004377_00"	-0.00020226876553442	0.989193758823395	0.912790484399005	"1e-05 to 1"	1.1358497581668e-06	-0.00581281103483633	174	"success"	"pgls5_castespolymorphic"
"OG0004378_00"	-0.00288358527223868	0.753055860626595	0.914817956081927	"1e-05 to 1"	0.000628250389852374	-0.005182050479974	174	"success"	"pgls5_castespolymorphic"
"OG0004379_00"	0.0345541481518231	0.0095127440632603	0.965857548076483	"0.1 to 1"	0.0412794748212463	0.0357055182795093	174	"success"	"pgls5_castespolymorphic"
"OG0004380_00"	-0.00351640770304597	0.777167552339529	0.912892019189547	"1e-05 to 1"	0.000693223549407344	-0.00511669956949135	174	"success"	"pgls5_castespolymorphic"
"OG0004381_00"	0.00199913786785493	0.742128826009625	1	"1e-05 to 1"	0.000678539811819527	-0.00513146867764669	174	"success"	"pgls5_castespolymorphic"
"OG0004382_00"	-0.00220407741873472	0.586714733446041	0.853812979452511	"1e-05 to 1"	0.00183944375101016	-0.003963815296949	174	"success"	"pgls5_castespolymorphic"
"OG0004383_00"	0.0100930621757888	0.454508884495862	1e-05	"1e-05 to 1"	0.00354531832851194	-0.00224802284399672	174	"success"	"pgls5_castespolymorphic"
"OG0004384_00"	-0.00313190546211625	0.553142557113422	1e-05	"1e-05 to 1"	0.00218897449237264	-0.00361225240011365	174	"success"	"pgls5_castespolymorphic"
"OG0004385_00"	0.020327311935781	0.0185454091356394	0.947168549040662	"1e-05 to 1"	0.034586469143576	0.0289735997781317	174	"success"	"pgls5_castespolymorphic"
"OG0004386_00"	-0.00804515327763709	0.0859390767967296	1	"1e-05 to 1"	0.0180932307165559	0.0123844704300242	174	"success"	"pgls5_castespolymorphic"
"OG0004387_00"	-0.00705692805186844	0.110416335189129	1	"1e-05 to 1"	0.0157514466171664	0.0100290713068011	174	"success"	"pgls5_castespolymorphic"
"OG0004388_00"	-0.00804163843884353	0.376409467938047	1	"1e-05 to 1"	0.0048328099851065	-0.000953045770794025	174	"success"	"pgls5_castespolymorphic"
"OG0004389_00"	-0.000906952583789342	0.884460508345834	1	"1e-05 to 1"	0.00013074662087842	-0.00568244671272122	174	"success"	"pgls5_castespolymorphic"
"OG0004391_00"	-0.00558335849606356	0.60961592573388	0.861395968876934	"1e-05 to 1"	0.00162318725735436	-0.0041813290958006	174	"success"	"pgls5_castespolymorphic"
"OG0004392_00"	-0.00652878755130335	0.366535757665666	0.935433162798932	"1e-05 to 1"	0.00506730711692063	-0.000717185283562349	174	"success"	"pgls5_castespolymorphic"
"OG0004393_00"	0.00065448107975008	0.926888104879148	1e-05	"1e-05 to 1"	5.2459682727741e-05	-0.0057611888074891	174	"success"	"pgls5_castespolymorphic"
"OG0004394_00"	-0.00302810030067147	0.769514235219359	0.941143375421447	"1e-05 to 1"	0.000541522912866754	-0.00526928218647682	174	"success"	"pgls5_castespolymorphic"
"OG0004395_00"	0.0408252317653585	0.00652165772902524	0.932131277511272	"1e-05 to 1"	0.0453356405996616	0.0397852664171015	174	"success"	"pgls5_castespolymorphic"
"OG0004396_00"	-0.0043873559058575	0.253938414977553	1	"1e-05 to 1"	0.00828178353839028	0.00251597995431108	174	"success"	"pgls5_castespolymorphic"
"OG0004397_00"	0.00231092800290825	0.698391123280566	1e-05	"1e-05 to 1"	0.00099717760097442	-0.00481097834320598	174	"success"	"pgls5_castespolymorphic"
"OG0004398_00"	-0.0110329988859896	0.0800192498812522	0.993376395307359	"1e-05 to 1"	0.0189122141085378	0.0132082153533548	174	"success"	"pgls5_castespolymorphic"
"OG0004399_00"	-0.000712636845452402	0.969233919550341	1	"1e-05 to 1"	9.32641421060535e-06	-0.00580457285082314	174	"success"	"pgls5_castespolymorphic"
"OG0004400_00"	0.00708923124965791	0.319412833476637	1e-05	"1e-05 to 1"	0.00619603995059285	0.000418109950305556	174	"success"	"pgls5_castespolymorphic"
"OG0004401_00"	0.0265836856903562	0.280680965128942	0.793133013032193	"1e-05 to 1"	0.00726988329098469	0.00149819656593231	174	"success"	"pgls5_castespolymorphic"
"OG0004402_00"	0.0204851550697254	0.129420024607466	0.98044698155806	"1e-05 to 1"	0.0145854101984557	0.00885625560658632	174	"success"	"pgls5_castespolymorphic"
"OG0004403_00"	0.0207950303269734	0.129826667218874	0.648737719522799	"1e-05 to 1"	0.0143724089936356	0.00864201602266834	174	"success"	"pgls5_castespolymorphic"
"OG0004404_00"	0.0362148637109369	0.0144367472051821	0.879934369185569	"1e-05 to 1"	0.0365961127113498	0.0309949273201369	174	"success"	"pgls5_castespolymorphic"
"OG0004406_00"	-0.010978088675269	0.438642934411003	0.893190366094707	"1e-05 to 1"	0.00411402716652987	-0.00167600755924613	174	"success"	"pgls5_castespolymorphic"
"OG0004407_00"	0.00597365313533866	0.751225628118234	0.52744873597364	"1e-05 to 1"	0.000629917559154873	-0.00518037361782664	174	"success"	"pgls5_castespolymorphic"
"OG0004408_00"	-0.000682453618014551	0.960506274083703	0.916157526113247	"1e-05 to 1"	1.5277438476155e-05	-0.0057985872275792	174	"success"	"pgls5_castespolymorphic"
"OG0004409_00"	0.0135718958526693	0.0830809218505209	1e-05	"1e-05 to 1"	0.0188894506685413	0.013185319567777	174	"success"	"pgls5_castespolymorphic"
"OG0004410_00"	-0.013960994433929	0.218554791058379	1e-05	"1e-05 to 1"	0.00950547424545533	0.00374678514223115	174	"success"	"pgls5_castespolymorphic"
"OG0004411_00"	-0.00409232176577721	0.204843991355354	0.867313128499363	"1e-05 to 1"	0.0101543446959472	0.00439942809534222	174	"success"	"pgls5_castespolymorphic"
"OG0004412_00"	0.0124669528963603	0.182307173924278	1	"1e-05 to 1"	0.0110210699873638	0.00527119248729024	174	"success"	"pgls5_castespolymorphic"
"OG0004413_00"	0.00521535294526725	0.285139747961384	1e-05	"1e-05 to 1"	0.00746328943157072	0.00169272716082391	174	"success"	"pgls5_castespolymorphic"
"OG0004414_00"	0.00830453955401752	0.355156062455594	1e-05	"1e-05 to 1"	0.00548294099423424	-0.000299134930217937	174	"success"	"pgls5_castespolymorphic"
"OG0004415_00"	0.00271302378941639	0.748234861603126	0.583981454242763	"1e-05 to 1"	0.000649755632157594	-0.00516042020719021	174	"success"	"pgls5_castespolymorphic"
"OG0004416_00"	0.000237040216426404	0.967502906589304	1	"1e-05 to 1"	1.06054793446152e-05	-0.00580328634926386	174	"success"	"pgls5_castespolymorphic"
"OG0004417_00"	0.0125387206143152	0.197114414912214	1e-05	"1e-05 to 1"	0.0105070354775467	0.00475416940474171	174	"success"	"pgls5_castespolymorphic"
"OG0004418_00"	0.0184812541278293	0.260838168456135	0.858915770263293	"1e-05 to 1"	0.00784627864236498	0.0020779430530764	174	"success"	"pgls5_castespolymorphic"
"OG0004419_00"	0.00372931503093702	0.789435756077542	1e-05	"1e-05 to 1"	0.0004442116888402	-0.00536715917343389	174	"success"	"pgls5_castespolymorphic"
"OG0004420_00"	-0.00709990516232438	0.645976662752124	0.685092616837199	"1e-05 to 1"	0.00132206715798002	-0.00448419989342708	174	"success"	"pgls5_castespolymorphic"
"OG0004421_00"	0.00166832345212157	0.874636642600231	1	"1e-05 to 1"	0.000156049320016729	-0.00565699690486676	174	"success"	"pgls5_castespolymorphic"
"OG0004422_00"	-0.00241631083948639	0.446192037666597	1	"1e-05 to 1"	0.0036545266501709	-0.0021381795902351	174	"success"	"pgls5_castespolymorphic"
"OG0004423_00"	-0.01617320394568	0.144821760323186	1e-05	"1e-05 to 1"	0.0133233478634972	0.00758685569991291	174	"success"	"pgls5_castespolymorphic"
"OG0004424_00"	0.00064782584773841	0.95494852954035	0.983455941644344	"1e-05 to 1"	1.98846649687467e-05	-0.00579395321488607	174	"success"	"pgls5_castespolymorphic"
"OG0004425_00"	0.0041950605548706	0.684028814823995	1	"1e-05 to 1"	0.00103139964725143	-0.0047765573315437	174	"success"	"pgls5_castespolymorphic"
"OG0004426_00"	-0.00517030010580805	0.440677910631462	0.71983256885744	"1e-05 to 1"	0.00367442829956335	-0.00211816223357864	174	"success"	"pgls5_castespolymorphic"
"OG0004427_00"	-0.013496591707641	0.241597560277739	0.557637331392653	"1e-05 to 1"	0.00850714906659751	0.00274265574721733	174	"success"	"pgls5_castespolymorphic"
"OG0004428_00"	-0.0161936053415667	0.160352633460342	0.736020604003654	"1e-05 to 1"	0.0122045491758896	0.00646155236877266	174	"success"	"pgls5_castespolymorphic"
"OG0004429_00"	0.0263231179955692	0.0569240841006686	1e-05	"1e-05 to 1"	0.0226096918411912	0.0169271900495702	174	"success"	"pgls5_castespolymorphic"
"OG0004430_00"	0.021393460688787	0.0842083778646807	0.529479344529	"1e-05 to 1"	0.0184061766626409	0.0126992358292841	174	"success"	"pgls5_castespolymorphic"
"OG0004431_00"	0.0136451585687352	0.59442816162164	1	"1e-05 to 1"	0.00194641907312834	-0.00385621802528369	174	"success"	"pgls5_castespolymorphic"
"OG0004432_00"	0.0112775039686873	0.185782419885828	1e-05	"1e-05 to 1"	0.0109848777650409	0.0052347898450702	174	"success"	"pgls5_castespolymorphic"
"OG0004433_00"	0.0138854405207967	0.228308102277008	1	"1e-05 to 1"	0.00911505054299398	0.00335409153452293	174	"success"	"pgls5_castespolymorphic"
"OG0004434_00"	0.00444109344959796	0.735821701567949	0.977334521669645	"1e-05 to 1"	0.000713428925772285	-0.00509637672000807	174	"success"	"pgls5_castespolymorphic"
"OG0004435_00"	0.0105355902235066	0.0195283949275358	0.839414055881036	"1e-05 to 1"	0.0332040039781085	0.0275830970244928	174	"success"	"pgls5_castespolymorphic"
"OG0004436_00"	0.00135233270050926	0.929424978432934	0.923030063884713	"1e-05 to 1"	4.85704075533276e-05	-0.00576510069472835	174	"success"	"pgls5_castespolymorphic"
"OG0004437_00"	0.0101978532337619	0.493878409089827	1	"1e-05 to 1"	0.00289402745959938	-0.00290310028772844	174	"success"	"pgls5_castespolymorphic"
"OG0004438_00"	-0.00293025294722473	0.656872671244806	1e-05	"1e-05 to 1"	0.00122880040418761	-0.00457800889578808	174	"success"	"pgls5_castespolymorphic"
"OG0004439_00"	-0.00444595833099588	0.533444186019694	1e-05	"1e-05 to 1"	0.00241343324997837	-0.00338648864973101	174	"success"	"pgls5_castespolymorphic"
"OG0004440_00"	-0.0122703539671198	0.334477914930467	0.622981462479088	"1e-05 to 1"	0.00575105815851793	-2.94589452116689e-05	174	"success"	"pgls5_castespolymorphic"
"OG0004441_00"	0.00218871142913481	0.880894276157221	1	"1e-05 to 1"	0.000142533398847058	-0.00567059140697368	174	"success"	"pgls5_castespolymorphic"
"OG0004442_00"	0.0154732238633554	0.313280820929583	0.957148032030021	"1e-05 to 1"	0.00631509596179216	0.000537858147616532	174	"success"	"pgls5_castespolymorphic"
"OG0004443_00"	0.0103624757749996	0.187771464778291	1e-05	"1e-05 to 1"	0.0106855566177431	0.0049337284585439	174	"success"	"pgls5_castespolymorphic"
"OG0004444_00"	-0.00757623549429154	0.110207517809846	1	"1e-05 to 1"	0.0158678662251729	0.0101461677729937	174	"success"	"pgls5_castespolymorphic"
"OG0004445_00"	0.00121627170925202	0.866930842623795	0.900917324276766	"1e-05 to 1"	0.000178241979885903	-0.0056346752179055	174	"success"	"pgls5_castespolymorphic"
"OG0004446_00"	-0.00827771657547758	0.54857723668406	1	"1e-05 to 1"	0.00226789865806549	-0.00353286937299235	174	"success"	"pgls5_castespolymorphic"
"OG0004447_00"	0.00798799502237215	0.242758349174609	1	"1e-05 to 1"	0.0085718487817073	0.00280773162346148	174	"success"	"pgls5_castespolymorphic"
"OG0004448_00"	-0.00532154182287979	0.702230600064867	0.692520964284705	"1e-05 to 1"	0.000957973481360107	-0.00485041039374834	174	"success"	"pgls5_castespolymorphic"
"OG0004449_00"	0.013644160157858	0.142131642752232	1	"1e-05 to 1"	0.0133352693567471	0.00759884650417009	174	"success"	"pgls5_castespolymorphic"
"OG0004450_00"	0.00492826643194778	0.721553477346898	0.874762964128717	"1e-05 to 1"	0.000795974330251937	-0.00501335140038628	174	"success"	"pgls5_castespolymorphic"
"OG0004451_00"	-0.00399699833790963	0.80312886412113	1e-05	"1e-05 to 1"	0.000392037257955139	-0.00541963694403358	174	"success"	"pgls5_castespolymorphic"
"OG0004452_00"	-0.0015589246097504	0.491723770033985	1	"1e-05 to 1"	0.00294114602129217	-0.00285570778090971	174	"success"	"pgls5_castespolymorphic"
"OG0004453_00"	0.00843792045663717	0.669457286773919	0.865064513067908	"1e-05 to 1"	0.00113478660243798	-0.00467256928940851	174	"success"	"pgls5_castespolymorphic"
"OG0004454_00"	0.013161928791791	0.380898575498386	0.924115845504928	"1e-05 to 1"	0.0047723459801599	-0.00101386131065317	174	"success"	"pgls5_castespolymorphic"
"OG0004455_00"	0.00958467388949132	0.064012991884244	0.34656418155865	"1e-05 to 1"	0.0212763450602431	0.0155860912524538	174	"success"	"pgls5_castespolymorphic"
"OG0004456_00"	0.00549198344388226	0.592878514472003	0.985172265213904	"1e-05 to 1"	0.00182497630142392	-0.0039783668596145	174	"success"	"pgls5_castespolymorphic"
"OG0004457_00"	-0.0114770044440776	0.0728732769309817	0.333564530468996	"1e-05 to 1"	0.0198443998140908	0.0141458207432426	174	"success"	"pgls5_castespolymorphic"
"OG0004458_00"	0.0118949167371319	0.266865271162851	1e-05	"1e-05 to 1"	0.00779662539448095	0.00202800112351864	174	"success"	"pgls5_castespolymorphic"
"OG0004459_00"	0.0173619098083898	0.178494117657821	0.661383584772976	"1e-05 to 1"	0.011284458007125	0.00553611183274783	174	"success"	"pgls5_castespolymorphic"
"OG0004460_00"	-0.0128764541611953	0.301578070382616	0.975191669224353	"1e-05 to 1"	0.00666854940643622	0.000893366554148178	174	"success"	"pgls5_castespolymorphic"
"OG0004461_00"	0.0155479658161617	0.0950569116715201	1	"1e-05 to 1"	0.0171062033999986	0.0113917045825567	174	"success"	"pgls5_castespolymorphic"
"OG0004462_00"	-0.0017226967943444	0.78130542915068	1	"1e-05 to 1"	0.000480081006962527	-0.0053310813127645	174	"success"	"pgls5_castespolymorphic"
"OG0004463_00"	-0.00806168033200313	0.392780869950727	1e-05	"1e-05 to 1"	0.00459704276587458	-0.00119018372967261	174	"success"	"pgls5_castespolymorphic"
"OG0004464_00"	0.0144037981081772	0.314298686172082	1e-05	"1e-05 to 1"	0.00640806703497372	0.00063136975029332	174	"success"	"pgls5_castespolymorphic"
"OG0004465_00"	0.0133195348872908	0.124352602325609	1e-05	"1e-05 to 1"	0.0146972214582866	0.00896871693188139	174	"success"	"pgls5_castespolymorphic"
"OG0004466_00"	0.0144528577219659	0.324896773189172	0.97800289110774	"1e-05 to 1"	0.0060576009447778	0.00027886606654981	174	"success"	"pgls5_castespolymorphic"
"OG0004467_00"	0.00989945518057092	0.365556306145833	0.923283110146031	"1e-05 to 1"	0.00505658047226059	-0.00072797429243554	174	"success"	"pgls5_castespolymorphic"
"OG0004468_00"	0.0307957752634399	0.0975767200283855	1	"1e-05 to 1"	0.016955454487965	0.0112400792233601	174	"success"	"pgls5_castespolymorphic"
"OG0004469_00"	0.000568806346939244	0.969998964412757	1	"1e-05 to 1"	8.8128840918745e-06	-0.00580508936658197	174	"success"	"pgls5_castespolymorphic"
"OG0004470_00"	-0.00254275310282869	0.395350287182547	1e-05	"1e-05 to 1"	0.00449093589948652	-0.00129690749644662	174	"success"	"pgls5_castespolymorphic"
"OG0004471_00"	0.00650952056508333	0.56107744774727	0.984792746881282	"1e-05 to 1"	0.00210271015912425	-0.00369901827018304	174	"success"	"pgls5_castespolymorphic"
"OG0004472_00"	0.00797795152584301	0.207763835137228	1	"1e-05 to 1"	0.00996221015195977	0.00420617649005262	174	"success"	"pgls5_castespolymorphic"
"OG0004473_00"	0.0156861171281941	0.264214192414454	0.813618420045921	"1e-05 to 1"	0.00768875575558919	0.00191950433556354	174	"success"	"pgls5_castespolymorphic"
"OG0004474_00"	-0.00667083532372764	0.227586737421383	1e-05	"1e-05 to 1"	0.00897416455256009	0.00321238643949362	174	"success"	"pgls5_castespolymorphic"
"OG0004475_00"	-0.000908622967248954	0.94221742508783	0.977607950732931	"1e-05 to 1"	3.27332933879053e-05	-0.00578102988513884	174	"success"	"pgls5_castespolymorphic"
"OG0004476_00"	0.00670496310692351	0.0833640717141464	1e-05	"1e-05 to 1"	0.0185059683185575	0.0127996076692467	174	"success"	"pgls5_castespolymorphic"
"OG0004477_00"	-0.014943400898594	0.361596063086438	0.783415280498991	"1e-05 to 1"	0.00533834921828643	-0.000444567356025827	174	"success"	"pgls5_castespolymorphic"
"OG0004478_00"	-0.0113319960946816	0.375637831233187	0.914819990258179	"1e-05 to 1"	0.0048785558896117	-0.000907033901727861	174	"success"	"pgls5_castespolymorphic"
"OG0004479_00"	-0.0217412126648254	0.101849121815701	1e-05	"1e-05 to 1"	0.0164351028939088	0.0107167023293385	174	"success"	"pgls5_castespolymorphic"
"OG0004480_00"	0.00198939613574187	0.683706479829456	1e-05	"1e-05 to 1"	0.00104010132376014	-0.00476780506389241	174	"success"	"pgls5_castespolymorphic"
"OG0004481_00"	-0.0162669599295387	0.339270855850015	0.939105045642137	"1e-05 to 1"	0.00570890064833091	-7.18615572021797e-05	174	"success"	"pgls5_castespolymorphic"
"OG0004482_00"	0.00687424734091632	0.544663322430157	0.875218267132319	"1e-05 to 1"	0.002312544985428	-0.00348796347395908	174	"success"	"pgls5_castespolymorphic"
"OG0004483_00"	0.0380782183501162	0.0605926588737637	0.718940713297822	"1e-05 to 1"	0.0215662257977545	0.0158776573430902	174	"success"	"pgls5_castespolymorphic"
"OG0004484_00"	-0.00180769295172093	0.753539607555345	0.758909069194734	"1e-05 to 1"	0.000614017973857078	-0.00519636564257397	174	"success"	"pgls5_castespolymorphic"
"OG0004485_00"	0.0334616204519612	0.0244926751366541	0.914036364067062	"1e-05 to 1"	0.0310306988853962	0.0253971564370554	174	"success"	"pgls5_castespolymorphic"
"OG0004486_00"	0.00434167186403542	0.601670380285123	0.832337260090061	"1e-05 to 1"	0.00168577563004922	-0.00411837683721794	174	"success"	"pgls5_castespolymorphic"
"OG0004487_00"	-0.0140609092604714	0.381679955083366	0.9623490934003	"1e-05 to 1"	0.00475674615405126	-0.00102955183342512	174	"success"	"pgls5_castespolymorphic"
"OG0004488_00"	0.00787006337264672	0.580940123806708	1	"1e-05 to 1"	0.00189673867733413	-0.00390618726058833	174	"success"	"pgls5_castespolymorphic"
"OG0004489_00"	0.021341666651807	0.0280347603106854	0.934616179453689	"1e-05 to 1"	0.0298030798583589	0.0241624000900936	174	"success"	"pgls5_castespolymorphic"
"OG0004490_00"	0.00586926636703417	0.422835659964719	1	"1e-05 to 1"	0.00396991167983977	-0.00182096092667283	174	"success"	"pgls5_castespolymorphic"
"OG0004491_00"	0.0133380396517466	0.0370038789817662	1	"1e-05 to 1"	0.0270727143034948	0.0214161603168872	174	"success"	"pgls5_castespolymorphic"
"OG0004492_00"	-0.00731173090072583	0.249858076131966	0.767149809618434	"1e-05 to 1"	0.00816516927086095	0.00239868769685436	174	"success"	"pgls5_castespolymorphic"
"OG0004493_00"	0.0073693106240316	0.367374164947372	1e-05	"1e-05 to 1"	0.00514558509784692	-0.000638452198095996	174	"success"	"pgls5_castespolymorphic"
"OG0004494_00"	0.0170807792789476	0.013245652300633	1e-05	"1e-05 to 1"	0.0379726081025588	0.0323794255915272	174	"success"	"pgls5_castespolymorphic"
"OG0004495_00"	-0.00112926061486285	0.914714005027729	1	"1e-05 to 1"	7.14564968697984e-05	-0.00574208154675304	174	"success"	"pgls5_castespolymorphic"
"OG0004496_00"	0.00454892708487479	0.445627663452759	1e-05	"1e-05 to 1"	0.00364066314463782	-0.00215212369754458	174	"success"	"pgls5_castespolymorphic"
"OG0004497_00"	0.00176402894095629	0.915346692251608	0.552574339562874	"1e-05 to 1"	7.03962909334874e-05	-0.0057431479166774	174	"success"	"pgls5_castespolymorphic"
"OG0004498_00"	-0.000953536903144843	0.856634593713256	0.647190915060742	"1e-05 to 1"	0.000208526526885661	-0.00560421459795801	174	"success"	"pgls5_castespolymorphic"
"OG0004499_00"	-0.0160188973973353	0.375804250375457	1	"1e-05 to 1"	0.00487516419160938	-0.000910445318904607	174	"success"	"pgls5_castespolymorphic"
"OG0004500_00"	-0.00222052735716073	0.668561424824392	1	"1e-05 to 1"	0.00114133281287701	-0.00466598501960624	174	"success"	"pgls5_castespolymorphic"
"OG0004501_00"	0.0337452439645542	0.000108493888981265	1	"1e-05 to 1"	0.0891237661170036	0.0838279740595443	174	"success"	"pgls5_castespolymorphic"
"OG0004502_00"	0.00576822371191265	0.332592981874103	1e-05	"1e-05 to 1"	0.00583195824373833	5.19114893414718e-05	174	"success"	"pgls5_castespolymorphic"
"OG0004503_00"	-0.00132573301414537	0.909195143672364	1e-05	"1e-05 to 1"	8.10447306665084e-05	-0.00573243756741104	174	"success"	"pgls5_castespolymorphic"
"OG0004504_00"	0.000138075429302893	0.977655236538199	1e-05	"1e-05 to 1"	4.8877249019588e-06	-0.00580903734646498	174	"success"	"pgls5_castespolymorphic"
"OG0004505_00"	0.00643921380201035	0.453408446583183	1	"1e-05 to 1"	0.00349614187974803	-0.00229748520234652	174	"success"	"pgls5_castespolymorphic"
"OG0004506_00"	0.0118112949059226	0.256913136188713	0.688175803501898	"1e-05 to 1"	0.00797615788830009	0.00220857741090652	174	"success"	"pgls5_castespolymorphic"
"OG0004507_00"	0.00631808887158228	0.580348496584998	1e-05	"1e-05 to 1"	0.0018909033365785	-0.00391205652774373	174	"success"	"pgls5_castespolymorphic"
"OG0004508_00"	-0.00312228308865928	0.69770523292641	1e-05	"1e-05 to 1"	0.000951404047004347	-0.00485701802248983	174	"success"	"pgls5_castespolymorphic"
"OG0004509_00"	0.00828076185634433	0.284598296570751	1	"1e-05 to 1"	0.00719789466119946	0.00142578939760185	174	"success"	"pgls5_castespolymorphic"
"OG0004510_00"	0.0089816412224122	0.469246488409775	1	"1e-05 to 1"	0.00325790157483015	-0.00253711062531603	174	"success"	"pgls5_castespolymorphic"
"OG0004511_00"	-0.00603208377085982	0.214734654934206	1	"1e-05 to 1"	0.00948540238187166	0.00372659658176622	174	"success"	"pgls5_castespolymorphic"
"OG0004512_00"	-0.00844687782460462	0.239865270335988	0.746173321687315	"1e-05 to 1"	0.00867743506197409	0.0029139317774507	174	"success"	"pgls5_castespolymorphic"
"OG0004513_00"	0.00217107245545383	0.884383860605432	0.929974540674708	"1e-05 to 1"	0.000133399184323917	-0.00567977872739522	174	"success"	"pgls5_castespolymorphic"
"OG0004514_00"	-0.0112267632464436	0.287325359678292	0.930267964188011	"1e-05 to 1"	0.00702878993329021	0.00125570150266985	174	"success"	"pgls5_castespolymorphic"
"OG0004515_00"	-0.00143126417597967	0.902092357053101	1	"1e-05 to 1"	9.42853112935832e-05	-0.00571912000666397	174	"success"	"pgls5_castespolymorphic"
"OG0004516_00"	0.000604910957701722	0.941293839402641	0.245665051566415	"1e-05 to 1"	3.37899526171058e-05	-0.00577996708254203	174	"success"	"pgls5_castespolymorphic"
"OG0004517_00"	0.000832685648515231	0.944331792616673	1e-05	"1e-05 to 1"	3.01896993617806e-05	-0.00578358826750236	174	"success"	"pgls5_castespolymorphic"
"OG0004518_00"	0.0261332457757012	0.292274054493099	0.692589556633714	"1e-05 to 1"	0.00701722522364736	0.00124406955634304	174	"success"	"pgls5_castespolymorphic"
"OG0004519_00"	0.00988322533364623	0.471641280773035	1	"1e-05 to 1"	0.00334794235959287	-0.00244654634761887	174	"success"	"pgls5_castespolymorphic"
"OG0004520_00"	-0.00242288681200077	0.729354225697579	1	"1e-05 to 1"	0.000740931594235997	-0.00506871415230914	174	"success"	"pgls5_castespolymorphic"
"OG0004521_00"	0.0134693187398557	0.43574000117538	0.874594178891359	"1e-05 to 1"	0.00375436978591081	-0.00203775597114775	174	"success"	"pgls5_castespolymorphic"
"OG0004522_00"	0.00322878956002858	0.283634608903934	1	"1e-05 to 1"	0.00713692818503508	0.00136446846518068	174	"success"	"pgls5_castespolymorphic"
"OG0004523_00"	-0.00709749313625847	0.20883853059	1e-05	"1e-05 to 1"	0.00973219757305681	0.00397482662871407	174	"success"	"pgls5_castespolymorphic"
"OG0004524_00"	-0.000245231902765766	0.974853948765776	1	"1e-05 to 1"	6.1521561606459e-06	-0.00580776556386176	174	"success"	"pgls5_castespolymorphic"
"OG0004525_00"	-0.00189854317432295	0.624430673672463	1	"1e-05 to 1"	0.00148303525025001	-0.00432229594015543	174	"success"	"pgls5_castespolymorphic"
"OG0004526_00"	0.0252955279122618	0.00297296253902646	1	"1e-05 to 1"	0.0538193216439112	0.0483182711883524	174	"success"	"pgls5_castespolymorphic"
"OG0004527_00"	0.00988468542222507	0.163428860551674	1e-05	"1e-05 to 1"	0.0120279739260473	0.00628395051864072	174	"success"	"pgls5_castespolymorphic"
"OG0004528_00"	-0.00623524761933899	0.301585134285069	1	"1e-05 to 1"	0.00658604854191269	0.000810386033435417	174	"success"	"pgls5_castespolymorphic"
"OG0004530_00"	0.0124903299189717	0.251241028708045	0.666234460631375	"1e-05 to 1"	0.00827084468014033	0.00250497749804812	174	"success"	"pgls5_castespolymorphic"
"OG0004531_00"	0.00477951299073369	0.60023071291388	0.832376431612191	"1e-05 to 1"	0.00169915314953675	-0.00410492154145436	174	"success"	"pgls5_castespolymorphic"
"OG0004532_00"	0.0165780334572871	0.176877264099491	1	"1e-05 to 1"	0.0112980223797533	0.0055497550680077	174	"success"	"pgls5_castespolymorphic"
"OG0004533_00"	0.000121349912743432	0.98510072762271	1e-05	"1e-05 to 1"	2.15936174517811e-06	-0.0058117815721983	174	"success"	"pgls5_castespolymorphic"
"OG0004534_00"	0.0114488965548334	0.365606578304047	0.586726705344727	"1e-05 to 1"	0.00518358207812697	-0.000600234305139669	174	"success"	"pgls5_castespolymorphic"
"OG0004535_00"	-0.00424089485784682	0.686168744929343	0.814543037171073	"1e-05 to 1"	0.00101040868187174	-0.00479767033741973	174	"success"	"pgls5_castespolymorphic"
"OG0004536_00"	-0.0256094209505497	0.201146747011565	1	"1e-05 to 1"	0.0100667367384284	0.00431131078923319	174	"success"	"pgls5_castespolymorphic"
"OG0004537_00"	0.0236185462955772	0.015284156511933	1	"1e-05 to 1"	0.0357737301503742	0.030167763465202	174	"success"	"pgls5_castespolymorphic"
"OG0004538_00"	0.000790265269245462	0.775963253115669	1e-05	"1e-05 to 1"	0.00050762885806611	-0.00530337329973585	174	"success"	"pgls5_castespolymorphic"
"OG0004539_00"	-0.00094030115017877	0.946590606208761	1e-05	"1e-05 to 1"	2.831177080632e-05	-0.00578547711424715	174	"success"	"pgls5_castespolymorphic"
"OG0004540_00"	-0.00561408657449985	0.616379646046153	1e-05	"1e-05 to 1"	0.00156256325609292	-0.00424230556218563	174	"success"	"pgls5_castespolymorphic"
"OG0004541_00"	0.0227710434218274	0.382089431132842	0.911270373958755	"1e-05 to 1"	0.00471925593551898	-0.00106726001834434	174	"success"	"pgls5_castespolymorphic"
"OG0004542_00"	0.00650685883478027	0.158013361562495	1e-05	"1e-05 to 1"	0.0123414054067856	0.0065992042754297	174	"success"	"pgls5_castespolymorphic"
"OG0004543_00"	0.0114758332554472	0.330248615400323	1e-05	"1e-05 to 1"	0.0058886165755839	0.000108899230093162	174	"success"	"pgls5_castespolymorphic"
"OG0004544_00"	-0.000389854105910086	0.97531656629438	0.452352191597259	"1e-05 to 1"	6.00213115940564e-06	-0.00580791646110135	174	"success"	"pgls5_castespolymorphic"
"OG0004545_00"	-0.00698791347784387	0.363324788166545	0.978233010364128	"1e-05 to 1"	0.00510373159483715	-0.00068054903542536	174	"success"	"pgls5_castespolymorphic"
"OG0004546_00"	-0.00172024435451463	0.914401118278117	1e-05	"1e-05 to 1"	7.15380691300498e-05	-0.00574199950023546	174	"success"	"pgls5_castespolymorphic"
"OG0004547_00"	-0.0148048782371386	0.354366352354424	0.530921727377441	"1e-05 to 1"	0.00533000937427548	-0.000452955687501921	174	"success"	"pgls5_castespolymorphic"
"OG0004552_00"	0.00439914661093473	0.789301978107871	0.328792382879734	"1e-05 to 1"	0.000477508648041476	-0.00533366862726048	174	"success"	"pgls5_castespolymorphic"
"OG0004553_00"	0.0155026895185606	0.250416179073636	0.675409526197	"1e-05 to 1"	0.00856874683023469	0.00280461163738721	174	"success"	"pgls5_castespolymorphic"
"OG0004554_00"	-0.0168155691629494	0.22137050253477	1e-05	"1e-05 to 1"	0.00933206904663385	0.00357237177364922	174	"success"	"pgls5_castespolymorphic"
"OG0004555_00"	0.00407161424118649	0.519954281866737	1e-05	"1e-05 to 1"	0.00257600168811162	-0.00322297504625979	174	"success"	"pgls5_castespolymorphic"
"OG0004556_00"	-0.000790258075237413	0.898303036824645	1	"1e-05 to 1"	0.000101765046540501	-0.00571159678458444	174	"success"	"pgls5_castespolymorphic"
"OG0004557_00"	-0.00453695122609925	0.692013137751549	1	"1e-05 to 1"	0.000971131112869858	-0.00483717626438085	174	"success"	"pgls5_castespolymorphic"
"OG0004558_00"	0.00322357670747529	0.202367789331403	1	"1e-05 to 1"	0.0100126401833195	0.00425689971926912	174	"success"	"pgls5_castespolymorphic"
"OG0004559_00"	-0.000925584754513665	0.568389087484722	1e-05	"1e-05 to 1"	0.00202525845593323	-0.00377692027397414	174	"success"	"pgls5_castespolymorphic"
"OG0004560_00"	-0.00521911364891403	0.560787209966093	1e-05	"1e-05 to 1"	0.00217346163625697	-0.00362785544725308	174	"success"	"pgls5_castespolymorphic"
"OG0004561_00"	-0.00838641122472601	0.484483540197312	1e-05	"1e-05 to 1"	0.00305958225170933	-0.00273658296775747	174	"success"	"pgls5_castespolymorphic"
"OG0004562_00"	0.00906254382952625	0.404080532802343	1	"1e-05 to 1"	0.0044102160306202	-0.00137809666687616	174	"success"	"pgls5_castespolymorphic"
"OG0004563_00"	-0.0138904434467928	0.364673737847596	0.716504082976162	"1e-05 to 1"	0.00510672109703348	-0.000677542152402344	174	"success"	"pgls5_castespolymorphic"
"OG0004564_00"	5.38275280998035e-05	0.993298163380938	0.747947608232519	"1e-05 to 1"	4.3958263069875e-07	-0.00581351135002839	174	"success"	"pgls5_castespolymorphic"
"OG0004565_00"	0.000777280088947266	0.914506010197027	1	"1e-05 to 1"	7.18067881322002e-05	-0.00574172921891347	174	"success"	"pgls5_castespolymorphic"
"OG0004566_00"	-0.00182085615420522	0.914900941855319	1	"1e-05 to 1"	7.07019187656036e-05	-0.0057428405119393	174	"success"	"pgls5_castespolymorphic"
"OG0004567_00"	0.000337069860764911	0.959200389839264	1e-05	"1e-05 to 1"	1.65110874942975e-05	-0.0057973464061829	174	"success"	"pgls5_castespolymorphic"
"OG0004568_00"	-0.0212340097860341	0.0747740959108718	1	"1e-05 to 1"	0.0197088246217504	0.0140094573230396	174	"success"	"pgls5_castespolymorphic"
"OG0004569_00"	0.0143661207109741	0.256523433081583	0.320009713072882	"1e-05 to 1"	0.00814073763042783	0.00237411401200016	174	"success"	"pgls5_castespolymorphic"
"OG0004570_00"	-0.0188355321103459	0.192026409954104	1e-05	"1e-05 to 1"	0.0105482638653273	0.00479563749245127	174	"success"	"pgls5_castespolymorphic"
"OG0004571_00"	0.00406318077354995	0.41910139350932	1e-05	"1e-05 to 1"	0.0040846116496698	-0.00170559409655313	174	"success"	"pgls5_castespolymorphic"
"OG0004572_00"	0.00834843570942329	0.519140675034806	0.902374840648405	"1e-05 to 1"	0.00260223746526192	-0.00319658673552148	174	"success"	"pgls5_castespolymorphic"
"OG0004574_00"	0.00831293490015307	0.443129429483606	0.632583318963993	"1e-05 to 1"	0.00409029561626926	-0.00169987708363606	174	"success"	"pgls5_castespolymorphic"
"OG0004575_00"	-0.00555860767641489	0.398094490316005	1	"1e-05 to 1"	0.0044669222920942	-0.00132106071783533	174	"success"	"pgls5_castespolymorphic"
"OG0004576_00"	0.0227121739570608	0.18601646365173	1	"1e-05 to 1"	0.0131122883835126	0.00737456912992829	174	"success"	"pgls5_castespolymorphic"
"OG0004577_00"	-0.00815806409591167	0.440634676335845	1e-05	"1e-05 to 1"	0.00367512229457124	-0.00211746420371606	174	"success"	"pgls5_castespolymorphic"
"OG0004578_00"	-0.0133799122012988	0.299484130799945	1	"1e-05 to 1"	0.0085408338952724	0.00277653641791931	174	"success"	"pgls5_castespolymorphic"
"OG0004579_00"	-0.00603370620548597	0.525454886203375	1	"1e-05 to 1"	0.00249330304083178	-0.00330615449962868	174	"success"	"pgls5_castespolymorphic"
"OG0004580_00"	-0.0125897769247652	0.378315146354405	0.965704414496071	"1e-05 to 1"	0.00507667288584355	-0.000707765062494481	174	"success"	"pgls5_castespolymorphic"
"OG0004581_00"	-0.00546145642620282	0.580771372637562	0.267197448899387	"1e-05 to 1"	0.00189843019958822	-0.00390448590390258	174	"success"	"pgls5_castespolymorphic"
"OG0004582_00"	-0.00707368922306698	0.409260549585322	1e-05	"1e-05 to 1"	0.0042336527694169	-0.00155568645866788	174	"success"	"pgls5_castespolymorphic"
"OG0004583_00"	-5.23827753942455e-05	0.995776436183241	0.568832670922763	"1e-05 to 1"	3.062347073691e-07	-0.00581364547323049	174	"success"	"pgls5_castespolymorphic"
"OG0004584_00"	-0.000891272009245886	0.554098851759176	1	"1e-05 to 1"	0.00220591215636208	-0.00359521626133352	174	"success"	"pgls5_castespolymorphic"
"OG0004586_00"	0.00578252883752574	0.694042323166977	0.961928972438802	"1e-05 to 1"	0.000975822017121997	-0.00483245808742949	174	"success"	"pgls5_castespolymorphic"
"OG0004587_00"	-0.00439911661058973	0.588031406400568	1	"1e-05 to 1"	0.00183797989068267	-0.00396528766809245	174	"success"	"pgls5_castespolymorphic"
"OG0004588_00"	-0.00136311995262982	0.516856356846364	1e-05	"1e-05 to 1"	0.00263076151055968	-0.0031678968527511	174	"success"	"pgls5_castespolymorphic"
"OG0004589_00"	-0.00120054141635452	0.490997665462398	1	"1e-05 to 1"	0.00298818572139805	-0.00280839459417526	174	"success"	"pgls5_castespolymorphic"
"OG0004590_00"	0.0284646637741125	0.0441120192545346	1	"1e-05 to 1"	0.0252420217276466	0.0195748241795514	174	"success"	"pgls5_castespolymorphic"
"OG0004591_00"	-0.00333274433603644	0.620046415327369	1	"1e-05 to 1"	0.00182584411270736	-0.00397749400291647	174	"success"	"pgls5_castespolymorphic"
"OG0004592_00"	0.00766683673594113	0.217824871278599	1e-05	"1e-05 to 1"	0.00935922535866789	0.00359968597121818	174	"success"	"pgls5_castespolymorphic"
"OG0004593_00"	-0.00124359065958112	0.86348054493182	1	"1e-05 to 1"	0.000185343537280266	-0.00562753237238667	174	"success"	"pgls5_castespolymorphic"
"OG0004596_00"	-0.00564301700413873	0.69690447362577	0.929522213758579	"1e-05 to 1"	0.000981468531615862	-0.00482677874436321	174	"success"	"pgls5_castespolymorphic"
"OG0004598_00"	0.012754342946571	0.177064008132551	1	"1e-05 to 1"	0.0116491773776121	0.00590295166469113	174	"success"	"pgls5_castespolymorphic"
"OG0004599_00"	-0.0140092175727496	0.00337844734028003	0.988818962329215	"1e-05 to 1"	0.0518034981038362	0.0462907277439747	174	"success"	"pgls5_castespolymorphic"
"OG0004600_00"	-0.00582315129967144	0.413020886404889	0.950349455106847	"1e-05 to 1"	0.00416627596468607	-0.00162345498900773	174	"success"	"pgls5_castespolymorphic"
"OG0004601_00"	-0.00377139737160091	0.439654306715981	0.837143866064646	"1e-05 to 1"	0.00373708074677188	-0.00205514552795605	174	"success"	"pgls5_castespolymorphic"
"OG0004602_00"	-0.00301034172516425	0.798850265325458	1	"1e-05 to 1"	0.000409636765417079	-0.00540193511385367	174	"success"	"pgls5_castespolymorphic"
"OG0004604_00"	0.014042667050909	0.142305045334631	1e-05	"1e-05 to 1"	0.0184665035836297	0.0127599134881856	174	"success"	"pgls5_castespolymorphic"
"OG0004605_00"	-0.00488212667714672	0.409717821396588	1e-05	"1e-05 to 1"	0.00422541115827718	-0.00156397598615143	174	"success"	"pgls5_castespolymorphic"
"OG0004607_00"	-0.048207236941413	0.0346909116124794	1	"1e-05 to 1"	0.0282759252879576	0.0226263667140504	174	"success"	"pgls5_castespolymorphic"
"OG0004608_00"	-0.0016862658415467	0.824466971345595	0.557454292165146	"1e-05 to 1"	0.000310339704451248	-0.00550180948331347	174	"success"	"pgls5_castespolymorphic"
"OG0004609_00"	-0.00107905701643886	0.735962389884605	0.383801429090635	"1e-05 to 1"	0.000712640076142767	-0.00509717015597255	174	"success"	"pgls5_castespolymorphic"
"OG0004610_00"	-0.0128914052397279	0.156164828752346	0.850344667112057	"1e-05 to 1"	0.0124511782590846	0.00670961534198622	174	"success"	"pgls5_castespolymorphic"
"OG0004611_00"	-0.000113127256040382	0.975831874937762	1e-05	"1e-05 to 1"	5.71821214955958e-06	-0.00580820203080301	174	"success"	"pgls5_castespolymorphic"
"OG0004612_00"	0.033515703618732	0.0239582178435493	0.939606933794793	"1e-05 to 1"	0.0312615991310502	0.025629399125998	174	"success"	"pgls5_castespolymorphic"
"OG0004613_00"	-0.00151270815567167	0.752076682303569	1	"1e-05 to 1"	0.000629415315278417	-0.0051808787817258	174	"success"	"pgls5_castespolymorphic"
"OG0004614_00"	-0.00888998368408285	0.251592995182363	1e-05	"1e-05 to 1"	0.00810583785697229	0.00233901133288483	174	"success"	"pgls5_castespolymorphic"
"OG0004615_00"	0.0067923385706676	0.217785326997488	1e-05	"1e-05 to 1"	0.00941887313010604	0.00365968053202514	174	"success"	"pgls5_castespolymorphic"
"OG0004616_00"	0.0180776852625166	0.0242777490167549	1e-05	"1e-05 to 1"	0.0313149604901259	0.0256830707255337	174	"success"	"pgls5_castespolymorphic"
"OG0004617_00"	0.00113596421382227	0.440976036019325	1e-05	"1e-05 to 1"	0.00369246694679272	-0.00210001871049337	174	"success"	"pgls5_castespolymorphic"
"OG0004618_00"	0.00365635718139675	0.803063132537334	0.988706153229794	"1e-05 to 1"	0.000387416998870414	-0.00542428406508955	174	"success"	"pgls5_castespolymorphic"
"OG0004619_00"	-0.020660604390056	0.141281534585771	0.950501945742231	"0.1 to 1"	0.0134753239473153	0.00773971536561369	174	"success"	"pgls5_castespolymorphic"
"OG0004620_00"	-0.000541082299604429	0.941099391146538	1	"1e-05 to 1"	3.46624469254673e-05	-0.00577908951559225	174	"success"	"pgls5_castespolymorphic"
"OG0004621_00"	0.00975605514732595	0.106994697332598	1	"1e-05 to 1"	0.0161566780666886	0.0104366587531228	174	"success"	"pgls5_castespolymorphic"
"OG0004622_00"	-0.0119524523257477	0.439629567690283	0.834293451750974	"1e-05 to 1"	0.00388328898875902	-0.00190808723805058	174	"success"	"pgls5_castespolymorphic"
"OG0004623_00"	0.00259862557591515	0.524912101214163	1	"1e-05 to 1"	0.00249983660816233	-0.00329958294644128	174	"success"	"pgls5_castespolymorphic"
"OG0004624_00"	0.00163361828963766	0.618385917425431	1	"1e-05 to 1"	0.00154485769224904	-0.0042601140653542	174	"success"	"pgls5_castespolymorphic"
"OG0004625_00"	0.0243777618503909	0.0468592028434878	0.542539722090413	"1e-05 to 1"	0.0241639004288754	0.0184904347336945	174	"success"	"pgls5_castespolymorphic"
"OG0004626_00"	-0.00203025242890498	0.738899672337888	1	"1e-05 to 1"	0.000709623593873102	-0.00510020417593005	174	"success"	"pgls5_castespolymorphic"
"OG0004627_00"	0.00997541836086509	0.438077388236064	0.702719553857661	"1e-05 to 1"	0.00373946907482228	-0.00205274331427763	174	"success"	"pgls5_castespolymorphic"
"OG0004628_00"	-0.00423854960475443	0.531283079749082	1	"1e-05 to 1"	0.00265365434000746	-0.00314487092545757	174	"success"	"pgls5_castespolymorphic"
"OG0004629_00"	0.0138013955489163	0.387179338936278	1	"1e-05 to 1"	0.00464821375959724	-0.0011387152301725	174	"success"	"pgls5_castespolymorphic"
"OG0004630_00"	0.00268914442824358	0.671510555631048	0.98694328452254	"1e-05 to 1"	0.00112688384986955	-0.00468051798821256	174	"success"	"pgls5_castespolymorphic"
"OG0004631_00"	0.00230133927600833	0.732371306113012	0.983202474356659	"1e-05 to 1"	0.00072836300834166	-0.00508135581137714	174	"success"	"pgls5_castespolymorphic"
"OG0004632_00"	0.0433504880728367	0.0124073235231918	1	"1e-05 to 1"	0.0386746574483057	0.0330855566195168	174	"success"	"pgls5_castespolymorphic"
"OG0004633_00"	0.0119418295801363	0.167978373836729	1e-05	"1e-05 to 1"	0.0119212912237151	0.00617664756803904	174	"success"	"pgls5_castespolymorphic"
"OG0004634_00"	0.00538627677383449	0.27024892090053	1	"1e-05 to 1"	0.00763928069261016	0.00186974162686948	174	"success"	"pgls5_castespolymorphic"
"OG0004635_00"	-0.0115386584744945	0.205025979239327	0.988687562943445	"0.001 to 1"	0.00995753005984119	0.00420146918809616	174	"success"	"pgls5_castespolymorphic"
"OG0004636_00"	0.00229407709964112	0.651520562686374	1e-05	"1e-05 to 1"	0.00136353263734678	-0.00444249333569191	174	"success"	"pgls5_castespolymorphic"
"OG0004637_00"	0.0101101203560403	0.0990457901539852	1e-05	"1e-05 to 1"	0.0169137363200463	0.0111981185079534	174	"success"	"pgls5_castespolymorphic"
"OG0004638_00"	-0.00477721592612838	0.681519366266932	0.826301991094481	"1e-05 to 1"	0.00104230271188418	-0.00476559087700013	174	"success"	"pgls5_castespolymorphic"
"OG0004639_00"	0.00644456269766054	0.409067222400754	0.732335780178058	"1e-05 to 1"	0.00423714123907559	-0.00155217770720872	174	"success"	"pgls5_castespolymorphic"
"OG0004640_00"	0.0157824623985224	0.136606317724274	0.686495595699339	"1e-05 to 1"	0.0137104875621815	0.00797624621079884	174	"success"	"pgls5_castespolymorphic"
"OG0004641_00"	0.000823627770702731	0.918854067269171	0.734542865794268	"1e-05 to 1"	6.54800811197729e-05	-0.00574809270910626	174	"success"	"pgls5_castespolymorphic"
"OG0004643_00"	-0.005958969983488	0.433965222285443	1e-05	"1e-05 to 1"	0.00454120229424699	-0.00124634885520503	174	"success"	"pgls5_castespolymorphic"
"OG0004644_00"	0.002737763640612	0.729969754544601	1	"1e-05 to 1"	0.000775847071527735	-0.00503359567805628	174	"success"	"pgls5_castespolymorphic"
"OG0004645_00"	0.00973664895408332	0.402040585984961	1	"1e-05 to 1"	0.00436558509302833	-0.00142298708666333	174	"success"	"pgls5_castespolymorphic"
"OG0004646_00"	-0.0127592133112003	0.269151845778766	0.959876618531355	"1e-05 to 1"	0.00762629495312333	0.0018566803888973	174	"success"	"pgls5_castespolymorphic"
"OG0004647_00"	-0.0193667535465226	0.430761978071088	0.980054745642593	"0.001 to 1"	0.00393360416997177	-0.00185747952671433	174	"success"	"pgls5_castespolymorphic"
"OG0004648_00"	-0.00486247806983104	0.278936019810274	1	"1e-05 to 1"	0.0076077724054056	0.0018380501519486	174	"success"	"pgls5_castespolymorphic"
"OG0004650_00"	0.0387584714256879	0.0850883254158541	1e-05	"1e-05 to 1"	0.0186486626365119	0.0129431316053288	174	"success"	"pgls5_castespolymorphic"
"OG0004651_00"	0.0156512767429502	0.0979636281811873	1	"1e-05 to 1"	0.0171283359793812	0.0114139658397265	174	"success"	"pgls5_castespolymorphic"
"OG0004652_00"	-0.00118875667781089	0.908845592563358	1	"1e-05 to 1"	8.27031206397805e-05	-0.00573076953563567	174	"success"	"pgls5_castespolymorphic"
"OG0004653_00"	0.0385237227919762	0.0136972196712863	1	"1e-05 to 1"	0.0371530807959912	0.0315551335913168	174	"success"	"pgls5_castespolymorphic"
"OG0004654_00"	-0.00232112739741847	0.761330337570675	0.765230366905547	"1e-05 to 1"	0.000574626445640389	-0.00523598619130339	174	"success"	"pgls5_castespolymorphic"
"OG0004655_00"	-0.00825514481435061	0.639734448684991	0.0810638462169552	"1e-05 to 1"	0.00135566543932889	-0.00445040627323312	174	"success"	"pgls5_castespolymorphic"
"OG0004656_00"	0.00247786618345565	0.591557494109726	1e-05	"1e-05 to 1"	0.00244734636116193	-0.00335237836929636	174	"success"	"pgls5_castespolymorphic"
"OG0004657_00"	-0.0125991804832129	0.151293550674088	0.380147030842919	"1e-05 to 1"	0.0127476045129321	0.00700776500428635	174	"success"	"pgls5_castespolymorphic"
"OG0004658_00"	-5.20512814508722e-05	0.991409586113495	1e-05	"1e-05 to 1"	7.22249973400516e-07	-0.00581322703927101	174	"success"	"pgls5_castespolymorphic"
"OG0004659_00"	0.0113789336165336	0.307764641254676	1e-05	"1e-05 to 1"	0.00658291846349257	0.00080723775688496	174	"success"	"pgls5_castespolymorphic"
"OG0004660_00"	0.00463877951022165	0.797086121522571	0.956541162783467	"1e-05 to 1"	0.000411817846233439	-0.00539974135233501	174	"success"	"pgls5_castespolymorphic"
"OG0004661_00"	-0.00497095190689466	0.372601691238315	0.38630997867899	"1e-05 to 1"	0.00506676460545014	-0.000717730949169271	174	"success"	"pgls5_castespolymorphic"
"OG0004662_00"	-0.011957705175698	0.324498622885976	0.731649844105502	"1e-05 to 1"	0.0061834975176878	0.000405494596278921	174	"success"	"pgls5_castespolymorphic"
"OG0004663_00"	0.0179150824422195	0.373446897472208	0.55970284993483	"1e-05 to 1"	0.00629211327806077	0.000514741843630873	174	"success"	"pgls5_castespolymorphic"
"OG0004664_00"	0.00469585661164726	0.412205036410083	0.814701004450231	"1e-05 to 1"	0.00423345993234215	-0.00155588041688848	174	"success"	"pgls5_castespolymorphic"
"OG0004665_00"	-0.00152321072708428	0.846662167096126	1	"1e-05 to 1"	0.000234425486101943	-0.00557816506339748	174	"success"	"pgls5_castespolymorphic"
"OG0004666_00"	0.00535419895650784	0.650043963698979	0.65972487437727	"1e-05 to 1"	0.00128169279003228	-0.0045248089960721	174	"success"	"pgls5_castespolymorphic"
"OG0004667_00"	-0.0121986313062473	0.352681516084719	0.236706009025737	"1e-05 to 1"	0.00543489296854851	-0.000347462304890245	174	"success"	"pgls5_castespolymorphic"
"OG0004668_00"	0.0211382031893924	0.0554362897843923	1e-05	"1e-05 to 1"	0.0227398080901379	0.0170580627883363	174	"success"	"pgls5_castespolymorphic"
"OG0004669_00"	0.00251481970176847	0.832481219858936	0.805519574518402	"1e-05 to 1"	0.000276993578116101	-0.00553534948247636	174	"success"	"pgls5_castespolymorphic"
"OG0004670_00"	-0.000924487541875478	0.837322772130288	1e-05	"1e-05 to 1"	0.000264264443732275	-0.00554815262345532	174	"success"	"pgls5_castespolymorphic"
"OG0004671_00"	-0.00723348776810122	0.68738797695252	0.886698434066945	"1e-05 to 1"	0.00104078745495491	-0.00476711494356263	174	"success"	"pgls5_castespolymorphic"
"OG0004672_00"	0.00314563189814966	0.708135722814618	0.935595181219084	"1e-05 to 1"	0.000872799438869638	-0.00493607963416021	174	"success"	"pgls5_castespolymorphic"
"OG0004673_00"	-0.00634126422090237	0.758564008586103	0.985111028514399	"1e-05 to 1"	0.000588450022481254	-0.0052220822448299	174	"success"	"pgls5_castespolymorphic"
"OG0004674_00"	0.0200179669865036	0.0992154209324889	1	"1e-05 to 1"	0.0167925163451507	0.0110761937657621	174	"success"	"pgls5_castespolymorphic"
"OG0004675_00"	-0.00470717097024528	0.588089396749055	1e-05	"1e-05 to 1"	0.0018846287743015	-0.00391836757003405	174	"success"	"pgls5_castespolymorphic"
"OG0004676_00"	0.00113889867433182	0.924311505617294	1e-05	"1e-05 to 1"	5.58854421302781e-05	-0.00575774313088062	174	"success"	"pgls5_castespolymorphic"
"OG0004677_00"	0.0040471799297542	0.544685135480355	1e-05	"1e-05 to 1"	0.00234180964492685	-0.00345852867109109	174	"success"	"pgls5_castespolymorphic"
"OG0004678_00"	0.00642046606068487	0.716320142376383	0.953308824465167	"1e-05 to 1"	0.000848804738442835	-0.00496021383865908	174	"success"	"pgls5_castespolymorphic"
"OG0004679_00"	0.0040831876332931	0.692679116081955	1	"1e-05 to 1"	0.000985000683678028	-0.00482322605653307	174	"success"	"pgls5_castespolymorphic"
"OG0004680_00"	0.0242846876094103	0.0379932737127713	1	"1e-05 to 1"	0.0267970080753233	0.0211388511455287	174	"success"	"pgls5_castespolymorphic"
"OG0004681_00"	-0.00822320206434363	0.339867359760512	1e-05	"1e-05 to 1"	0.00565947485491746	-0.000121574709879502	174	"success"	"pgls5_castespolymorphic"
"OG0004682_00"	-0.00765870653766453	0.206585229297017	1	"1e-05 to 1"	0.0100137810596541	0.00425804722860568	174	"success"	"pgls5_castespolymorphic"
"OG0004683_00"	0.00746349204753387	0.387963781138605	1e-05	"1e-05 to 1"	0.00466188850221344	-0.00112496098323889	174	"success"	"pgls5_castespolymorphic"
"OG0004684_00"	-0.00230574321324412	0.784422922292303	0.971177237444023	"1e-05 to 1"	0.000475027352968126	-0.00533616434846818	174	"success"	"pgls5_castespolymorphic"
"OG0004685_00"	0.00681313782268166	0.444046271631922	1e-05	"1e-05 to 1"	0.00362067831739203	-0.00217222471564638	174	"success"	"pgls5_castespolymorphic"
"OG0004686_00"	-0.00848239926215598	0.243474841776687	1e-05	"1e-05 to 1"	0.00843989516846253	0.00267501083804655	174	"success"	"pgls5_castespolymorphic"
"OG0004687_00"	0.000637536064579721	0.942417414890602	0.967047931369638	"1e-05 to 1"	3.33375308574489e-05	-0.0057804221346609	174	"success"	"pgls5_castespolymorphic"
"OG0004688_00"	0.00717637897890119	0.697988492237294	0.951869140951109	"1e-05 to 1"	0.000949530581067553	-0.00485890238067044	174	"success"	"pgls5_castespolymorphic"
"OG0004689_00"	0.00331018629740698	0.531207795756357	1	"1e-05 to 1"	0.00243987476005018	-0.00335989340994969	174	"success"	"pgls5_castespolymorphic"
"OG0004690_00"	0.000507624227843739	0.969530793537069	0.917770182397526	"1e-05 to 1"	9.0339313097297e-06	-0.00580486703420591	174	"success"	"pgls5_castespolymorphic"
"OG0004692_00"	0.0209658110160702	0.0953367802803879	0.832124213130843	"1e-05 to 1"	0.0173979407045086	0.011685138034186	174	"success"	"pgls5_castespolymorphic"
"OG0004693_00"	-0.00291586563689739	0.717747128022701	1	"1e-05 to 1"	0.000829248622335797	-0.00497988365311564	174	"success"	"pgls5_castespolymorphic"
"OG0004694_00"	-0.00586608089831139	0.266605396094744	1e-05	"1e-05 to 1"	0.00770758018013077	0.00193843820443373	174	"success"	"pgls5_castespolymorphic"
"OG0004695_00"	0.00461614139311879	0.51097903313941	1	"1e-05 to 1"	0.00267171458451742	-0.00312670567952611	174	"success"	"pgls5_castespolymorphic"
"OG0004696_00"	0.00358732299242039	0.698555277034334	1	"1e-05 to 1"	0.000939861399160783	-0.00486862777875108	174	"success"	"pgls5_castespolymorphic"
"OG0004697_00"	0.00024319016013662	0.982308265304337	0.985259672092401	"1e-05 to 1"	3.08296366278186e-06	-0.00581085260050207	174	"success"	"pgls5_castespolymorphic"
"OG0004698_00"	-0.00615059891099165	0.461412589652721	1	"1e-05 to 1"	0.00337412499252846	-0.0024202114900731	174	"success"	"pgls5_castespolymorphic"
"OG0004699_00"	0.00662477594459738	0.405685923134955	1e-05	"1e-05 to 1"	0.00438024267422399	-0.00140824428697228	174	"success"	"pgls5_castespolymorphic"
"OG0004700_00"	0.00642320601735242	0.239956379803527	0.985303933873537	"1e-05 to 1"	0.00851364810383776	0.00274919256955763	174	"success"	"pgls5_castespolymorphic"
"OG0004702_00"	0.00489931655914621	0.42199244944613	1e-05	"1e-05 to 1"	0.00398433874492627	-0.00180644998330082	174	"success"	"pgls5_castespolymorphic"
"OG0004703_00"	0.00210042514568028	0.640478896518217	1	"1e-05 to 1"	0.00136655908728307	-0.00443944929011653	174	"success"	"pgls5_castespolymorphic"
"OG0004704_00"	-7.11036343184074e-05	0.995537798734651	0.994111195305514	"0.001 to 1"	1.9732914970644e-07	-0.00581375501195991	174	"success"	"pgls5_castespolymorphic"
"OG0004705_00"	0.00451646376002911	0.759462379679692	1	"1e-05 to 1"	0.000591307188628527	-0.00521920846725155	174	"success"	"pgls5_castespolymorphic"
"OG0004706_00"	-0.00655889853850909	0.555870839934449	1	"1e-05 to 1"	0.00218626452530114	-0.00361497812280764	174	"success"	"pgls5_castespolymorphic"
"OG0004707_00"	-0.000748441288552516	0.925353237629974	1	"1e-05 to 1"	5.4691879982875e-05	-0.00575894363234286	174	"success"	"pgls5_castespolymorphic"
"OG0004708_00"	0.00601673557765595	0.23214375477872	1	"1e-05 to 1"	0.00896692159560966	0.00320510137232832	174	"success"	"pgls5_castespolymorphic"
"OG0004709_00"	0.00791331946670972	0.296660434622211	0.0804313172668618	"1e-05 to 1"	0.00684798395969922	0.00107384433155788	174	"success"	"pgls5_castespolymorphic"
"OG0004710_00"	-0.0079700161460325	0.381551212762757	1	"1e-05 to 1"	0.00475931333227393	-0.00102696972974781	174	"success"	"pgls5_castespolymorphic"
"OG0004711_00"	0.00859468113621862	0.321914016058805	1e-05	"1e-05 to 1"	0.00609442418356087	0.000315903393930506	174	"success"	"pgls5_castespolymorphic"
"OG0004712_00"	-0.0188174976579694	0.109848008860585	0.798693798908422	"1e-05 to 1"	0.0157043823102091	0.00998173337015229	174	"success"	"pgls5_castespolymorphic"
"OG0004713_00"	0.00664209954916789	0.355311911964005	1e-05	"1e-05 to 1"	0.00530915797963671	-0.000473928311179428	174	"success"	"pgls5_castespolymorphic"
"OG0004714_00"	0.0025766103399572	0.792706181387647	0.540261225082341	"1e-05 to 1"	0.000438395927734428	-0.00537300874710445	174	"success"	"pgls5_castespolymorphic"
"OG0004715_00"	0.0064617776959455	0.217506667019412	1e-05	"1e-05 to 1"	0.00937211996812093	0.00361265554933088	174	"success"	"pgls5_castespolymorphic"
"OG0004716_00"	-0.00777556988430534	0.556435892076374	0.905420482646516	"1e-05 to 1"	0.00216637121707202	-0.00363498708980559	174	"success"	"pgls5_castespolymorphic"
"OG0004717_00"	0.00997110079535465	0.470946369460261	1	"1e-05 to 1"	0.00325332734525711	-0.0025417114492472	174	"success"	"pgls5_castespolymorphic"
"OG0004718_00"	0.00278020759910301	0.601019405945219	1	"1e-05 to 1"	0.00170234804124854	-0.00410170807479071	174	"success"	"pgls5_castespolymorphic"
"OG0004719_00"	-0.00195178494163507	0.80806564456796	0.427852565390668	"1e-05 to 1"	0.000379419311443129	-0.00543232825069961	174	"success"	"pgls5_castespolymorphic"
"OG0004720_00"	0.000247863308315562	0.958402063850171	1e-05	"1e-05 to 1"	1.72731169953238e-05	-0.00579657994627802	174	"success"	"pgls5_castespolymorphic"
"OG0004721_00"	-0.00107561676973221	0.876362369600212	1e-05	"1e-05 to 1"	0.000149869256479673	-0.00566321289900595	174	"success"	"pgls5_castespolymorphic"
"OG0004722_00"	0.00331885617281585	0.426331342553577	1e-05	"1e-05 to 1"	0.00393487300047367	-0.00185620331929104	174	"success"	"pgls5_castespolymorphic"
"OG0004723_00"	-0.0118221069263585	0.0672756647557793	0.638633882941911	"1e-05 to 1"	0.0210342613635149	0.0153426000923726	174	"success"	"pgls5_castespolymorphic"
"OG0004724_00"	0.00507696266933085	0.769447671178695	0.812815453075782	"1e-05 to 1"	0.000538448570243807	-0.00527237440318507	174	"success"	"pgls5_castespolymorphic"
"OG0004725_00"	0.00970489935459248	0.152012579482402	1e-05	"1e-05 to 1"	0.0128624354165703	0.00712326352945736	174	"success"	"pgls5_castespolymorphic"
"OG0004726_00"	-0.0138416181827148	0.254181680491394	1	"1e-05 to 1"	0.00816937165288994	0.00240291451133701	174	"success"	"pgls5_castespolymorphic"
"OG0004727_00"	-0.00308137795515413	0.698318360602904	0.688130311498343	"1e-05 to 1"	0.000935552160049412	-0.00487296207157817	174	"success"	"pgls5_castespolymorphic"
"OG0004728_00"	0.0150486213586526	0.227421030312255	1	"1e-05 to 1"	0.0090362350288802	0.00327481779067607	174	"success"	"pgls5_castespolymorphic"
"OG0004729_00"	0.0193302903881176	0.212829545232698	0.810697454689846	"1e-05 to 1"	0.00956426321580138	0.00380591590891644	174	"success"	"pgls5_castespolymorphic"
"OG0004730_00"	0.000279002899459448	0.983616811448489	1e-05	"1e-05 to 1"	2.69439109364144e-06	-0.00581124343221395	174	"success"	"pgls5_castespolymorphic"
"OG0004731_00"	0.00504667863846334	0.465486687985027	1	"1e-05 to 1"	0.00329281153988661	-0.00250199769534665	174	"success"	"pgls5_castespolymorphic"
"OG0004732_00"	0.00458456770404667	0.0095428624237055	1	"1e-05 to 1"	0.0415003277784188	0.0359276552655028	174	"success"	"pgls5_castespolymorphic"
"OG0004733_00"	0.0144954972911629	0.466701040256109	0.72156779980786	"1e-05 to 1"	0.00333683624069252	-0.00245771703697795	174	"success"	"pgls5_castespolymorphic"
"OG0004734_00"	-0.00278451306480983	0.802322151566857	0.995523322096355	"1e-05 to 1"	0.000390399023592106	-0.00542128470301506	174	"success"	"pgls5_castespolymorphic"
"OG0004735_00"	-0.00729972495057627	0.675067189062725	0.822040176460916	"1e-05 to 1"	0.00108752549950922	-0.00472010516619137	174	"success"	"pgls5_castespolymorphic"
"OG0004736_00"	0.00909440101743259	0.0709650195430882	1e-05	"1e-05 to 1"	0.0202346294011226	0.014538319106943	174	"success"	"pgls5_castespolymorphic"
"OG0004737_00"	0.000992418278969446	0.927150949544894	1	"1e-05 to 1"	5.20821239304815e-05	-0.00576156856139542	174	"success"	"pgls5_castespolymorphic"
"OG0004738_00"	-0.00469946295508353	0.718414647941984	1e-05	"1e-05 to 1"	0.000814815864983617	-0.00499440032184784	174	"success"	"pgls5_castespolymorphic"
"OG0004739_00"	-0.0100541753245365	0.483150550645203	1	"1e-05 to 1"	0.00305911712919455	-0.00273705079447284	174	"success"	"pgls5_castespolymorphic"
"OG0004740_00"	0.00832410490506048	0.318473515464281	0.944948114008835	"1e-05 to 1"	0.00618143077537354	0.000403415838021171	174	"success"	"pgls5_castespolymorphic"
"OG0004741_00"	0.0082475244943945	0.156937058799357	1	"1e-05 to 1"	0.0124051431308491	0.00666331256765629	174	"success"	"pgls5_castespolymorphic"
"OG0004742_00"	0.00293455203192675	0.662506515617083	1	"1e-05 to 1"	0.00119359508162586	-0.00461341890045763	174	"success"	"pgls5_castespolymorphic"
"OG0004743_00"	0.0330597336005184	0.0356937242990978	0.991022041386607	"1e-05 to 1"	0.0271124343939433	0.0214561113380942	174	"success"	"pgls5_castespolymorphic"
"OG0004744_00"	0.00259470958144157	0.535397035974984	1	"1e-05 to 1"	0.00240547626855726	-0.00339449189267205	174	"success"	"pgls5_castespolymorphic"
"OG0004745_00"	0.0192329886311006	0.299860986321315	0.742743919257042	"1e-05 to 1"	0.00671593673056759	0.000941029385977732	174	"success"	"pgls5_castespolymorphic"
"OG0004746_00"	0.00385983586701601	0.463703558429168	0.994405298666502	"1e-05 to 1"	0.00331916800534709	-0.00247548799462205	174	"success"	"pgls5_castespolymorphic"
"OG0004747_00"	-0.00411693217391755	0.467048901038049	0.978019897917064	"1e-05 to 1"	0.00333163820783649	-0.00246294529095525	174	"success"	"pgls5_castespolymorphic"
"OG0004748_00"	0.0069825972406682	0.517691614576713	1	"1e-05 to 1"	0.00262030621899154	-0.00317841293089804	174	"success"	"pgls5_castespolymorphic"
"OG0004749_00"	0.0203324696013047	0.0121404161471474	0.381731700213278	"1e-05 to 1"	0.0384329470209947	0.0328424408990237	174	"success"	"pgls5_castespolymorphic"
"OG0004750_00"	0.0121591160898009	0.251976697969329	0.945771318617121	"1e-05 to 1"	0.00814299895388963	0.00237638848269117	174	"success"	"pgls5_castespolymorphic"
"OG0004751_00"	-0.000912452982509271	0.926246240753863	1	"1e-05 to 1"	5.37221619325357e-05	-0.00575991898828887	174	"success"	"pgls5_castespolymorphic"
"OG0004752_00"	-0.00367427426722257	0.810189551260856	1	"1e-05 to 1"	0.000361607746926014	-0.00545024337082434	174	"success"	"pgls5_castespolymorphic"
"OG0004753_00"	0.00132229624894194	0.87699593328357	0.993712313246915	"1e-05 to 1"	0.000151132219507607	-0.00566194259316988	174	"success"	"pgls5_castespolymorphic"
"OG0004754_00"	0.0235286048336652	0.0562169670078378	0.833796485137223	"1e-05 to 1"	0.0224578629649604	0.0167744784473148	174	"success"	"pgls5_castespolymorphic"
"OG0004755_00"	-0.00892458646743189	0.146953489454198	1e-05	"1e-05 to 1"	0.0130208736250393	0.00728262289030113	174	"success"	"pgls5_castespolymorphic"
"OG0004756_00"	0.00435297116869383	0.523870507771838	0.855694987740514	"1e-05 to 1"	0.00255989998734021	-0.00323917036157062	174	"success"	"pgls5_castespolymorphic"
"OG0004757_00"	-0.003351055964575	0.665118407415928	0.836372197882091	"1e-05 to 1"	0.00117400940830938	-0.00463311844396785	174	"success"	"pgls5_castespolymorphic"
"OG0004758_00"	0.002594138388262	0.516282168803034	1	"1e-05 to 1"	0.00263796599231138	-0.00316065048447745	174	"success"	"pgls5_castespolymorphic"
"OG0004759_00"	0.0029730029451001	0.688581885185426	1e-05	"1e-05 to 1"	0.00101931503414503	-0.00478871220402866	174	"success"	"pgls5_castespolymorphic"
"OG0004760_00"	0.00325393815606141	0.746902268174584	1	"1e-05 to 1"	0.000644695954957698	-0.00516550930111803	174	"success"	"pgls5_castespolymorphic"
"OG0004761_00"	-0.00477773100280235	0.56061298244509	1	"1e-05 to 1"	0.00209465878111761	-0.00370711645852695	174	"success"	"pgls5_castespolymorphic"
"OG0004762_00"	-0.00305192086810431	0.7489801681685	0.593808600549575	"1e-05 to 1"	0.000645781799563887	-0.00516441714346194	174	"success"	"pgls5_castespolymorphic"
"OG0004763_00"	0.0162848809698177	0.343203699313958	1	"1e-05 to 1"	0.00568802597752197	-9.28575923762054e-05	174	"success"	"pgls5_castespolymorphic"
"OG0004764_00"	-0.000159362266111488	0.967374300355239	1e-05	"1e-05 to 1"	1.04885777291553e-05	-0.00580340393053991	174	"success"	"pgls5_castespolymorphic"
"OG0004765_00"	-0.00652971572800533	0.416172041789348	0.861658898590312	"1e-05 to 1"	0.00411050434904687	-0.00167955085822613	174	"success"	"pgls5_castespolymorphic"
"OG0004766_00"	-0.0116401786857416	0.549962727116184	0.742372820374673	"1e-05 to 1"	0.00235617541051306	-0.00344407938361191	174	"success"	"pgls5_castespolymorphic"
"OG0004767_00"	0.0204261718798693	0.0973983844444399	0.872842344189031	"1e-05 to 1"	0.0187066938899974	0.0130015002498229	174	"success"	"pgls5_castespolymorphic"
"OG0004768_00"	0.0237556415438181	0.0437881155699202	1e-05	"1e-05 to 1"	0.0251618303131624	0.0194941665359134	174	"success"	"pgls5_castespolymorphic"
"OG0004769_00"	-0.0214714407688419	0.237132864179796	1	"1e-05 to 1"	0.00861621511442173	0.00285235589997068	174	"success"	"pgls5_castespolymorphic"
"OG0004770_00"	-0.00635313017671846	0.368273105629807	1e-05	"1e-05 to 1"	0.00509409771128503	-0.000690238929928588	174	"success"	"pgls5_castespolymorphic"
"OG0004771_00"	0.0123127405183082	0.0651948393364146	0.801411359447124	"1e-05 to 1"	0.0209610290639918	0.0152689420236661	174	"success"	"pgls5_castespolymorphic"
"OG0004772_00"	-0.0178236598375536	0.200942246022365	0.942237922515923	"1e-05 to 1"	0.010138291878958	0.00438328194802162	174	"success"	"pgls5_castespolymorphic"
"OG0004773_00"	-0.0121078929125774	0.471847528445867	0.875602064448955	"1e-05 to 1"	0.00326055960179181	-0.00253443714470936	174	"success"	"pgls5_castespolymorphic"
"OG0004774_00"	-0.00480601347887795	0.709850687155223	0.977901172523533	"1e-05 to 1"	0.000867494502768015	-0.00494141541291371	174	"success"	"pgls5_castespolymorphic"
"OG0004775_00"	-0.00161252311057484	0.903350607379518	0.871383197447853	"1e-05 to 1"	9.24416562654971e-05	-0.00572097438061658	174	"success"	"pgls5_castespolymorphic"
"OG0004776_00"	0.0217437482401059	0.0798690387869319	0.433889295523418	"1e-05 to 1"	0.0188147744433608	0.0131102091784966	174	"success"	"pgls5_castespolymorphic"
"OG0004777_00"	-0.00795440989044	0.477044340313578	1e-05	"1e-05 to 1"	0.00322551868906676	-0.00256968178367112	174	"success"	"pgls5_castespolymorphic"
"OG0004778_00"	0.0353771299037847	0.034940101113615	0.517913919556569	"1e-05 to 1"	0.0275021690522234	0.0218481118955505	174	"success"	"pgls5_castespolymorphic"
"OG0004779_00"	0.0273370014353143	0.0602150657060374	0.950373715823699	"1e-05 to 1"	0.0218972201204639	0.0162105760513969	174	"success"	"pgls5_castespolymorphic"
"OG0004780_00"	-0.00453374796272258	0.596336466162988	1	"1e-05 to 1"	0.00173567701406204	-0.00406818532887954	174	"success"	"pgls5_castespolymorphic"
"OG0004781_00"	0.0164427303128527	0.21175543247415	1e-05	"1e-05 to 1"	0.009609093126829	0.00385100645896175	174	"success"	"pgls5_castespolymorphic"
"OG0004782_00"	-0.00266807126188776	0.711934086918416	1e-05	"1e-05 to 1"	0.000870879809151264	-0.00493801042451647	174	"success"	"pgls5_castespolymorphic"
"OG0004783_00"	0.0046322793966968	0.654491916500438	1	"1e-05 to 1"	0.00125490279952606	-0.00455175474233704	174	"success"	"pgls5_castespolymorphic"
"OG0004784_00"	0.00388212869095384	0.400454898808238	1	"1e-05 to 1"	0.00439502173962764	-0.00139337929676975	174	"success"	"pgls5_castespolymorphic"
"OG0004785_00"	0.00165811654440848	0.477043892416364	1	"1e-05 to 1"	0.00312582114829877	-0.00266995896130418	174	"success"	"pgls5_castespolymorphic"
"OG0004786_00"	-0.00364437856649531	0.391472003652268	1	"1e-05 to 1"	0.00465175195811818	-0.00113515646073004	174	"success"	"pgls5_castespolymorphic"
"OG0004787_00"	-0.0122869494303313	0.141066599783127	1e-05	"1e-05 to 1"	0.0134063178968923	0.00767030811722313	174	"success"	"pgls5_castespolymorphic"
"OG0004788_00"	-0.00764714111908556	0.144616730668758	1	"1e-05 to 1"	0.0130907520925824	0.00735290762800433	174	"success"	"pgls5_castespolymorphic"
"OG0004789_00"	-0.0113638047188563	0.117298969060584	0.92240953504493	"1e-05 to 1"	0.0153571862677902	0.00963251874609117	174	"success"	"pgls5_castespolymorphic"
"OG0004790_00"	0.0154340594409297	0.343218476568006	0.726470979736684	"1e-05 to 1"	0.00561656136863573	-0.000164737693174599	174	"success"	"pgls5_castespolymorphic"
"OG0004791_00"	0.0202859311470122	0.120677280370714	0.685730441133295	"1e-05 to 1"	0.0148025860584416	0.00907469411692075	174	"success"	"pgls5_castespolymorphic"
"OG0004792_00"	-0.0146224049670944	0.234715745516726	1	"1e-05 to 1"	0.0098601269744361	0.00410349980568281	174	"success"	"pgls5_castespolymorphic"
"OG0004793_00"	0.0235105923314853	0.0849872421581686	0.880742861373772	"1e-05 to 1"	0.0184288263510555	0.0127220172019338	174	"success"	"pgls5_castespolymorphic"
"OG0004794_00"	-0.00763281453829405	0.750174018695319	0.988877925133349	"1e-05 to 1"	0.000643502993112406	-0.00516670919878792	174	"success"	"pgls5_castespolymorphic"
"OG0004795_00"	-0.00414286876297581	0.65931845040669	1e-05	"1e-05 to 1"	0.00122544108973663	-0.00458138774113692	174	"success"	"pgls5_castespolymorphic"
"OG0004796_00"	-0.000796074443623886	0.947625622077211	1	"1e-05 to 1"	2.72235509641243e-05	-0.00578657166094887	174	"success"	"pgls5_castespolymorphic"
"OG0004797_00"	0.0158384730201976	0.384046449652356	1	"1e-05 to 1"	0.00468067950815262	-0.00110606072726505	174	"success"	"pgls5_castespolymorphic"
"OG0004798_00"	0.00223282482438206	0.866261867505683	0.603553031060889	"1e-05 to 1"	0.000178919661217098	-0.00563399359656658	174	"success"	"pgls5_castespolymorphic"
"OG0004799_00"	0.0149365580608366	0.236324749260532	0.841605665478317	"1e-05 to 1"	0.00864584164908147	0.00288215468192499	174	"success"	"pgls5_castespolymorphic"
"OG0004800_00"	-0.00107559801167773	0.87228432906363	0.710416456006883	"1e-05 to 1"	0.000164068262284168	-0.0056489313408421	174	"success"	"pgls5_castespolymorphic"
"OG0004801_00"	-0.00687747153265051	0.451906105028147	0.516702138960225	"1e-05 to 1"	0.00358633605588385	-0.00220676664146557	174	"success"	"pgls5_castespolymorphic"
"OG0004802_00"	-0.00824909092480085	0.384419694937931	0.497094297216657	"1e-05 to 1"	0.0047917557044451	-0.000994338739133571	174	"success"	"pgls5_castespolymorphic"
"OG0004803_00"	-0.00980874027008936	0.365789167534276	1	"1e-05 to 1"	0.005051683054599	-0.000732900183455509	174	"success"	"pgls5_castespolymorphic"
"OG0004804_00"	-0.0178236451739492	0.282831719734221	0.869334936309266	"1e-05 to 1"	0.00729658078720443	0.0015250492801534	174	"success"	"pgls5_castespolymorphic"
"OG0004805_00"	0.00305479940407597	0.862248267476599	0.939801207469919	"1e-05 to 1"	0.000189928867487932	-0.00562292038328249	174	"success"	"pgls5_castespolymorphic"
"OG0004806_00"	-0.00398072446542616	0.549056051616047	1e-05	"1e-05 to 1"	0.00223431628250816	-0.00356664699491915	174	"success"	"pgls5_castespolymorphic"
"OG0004807_00"	0.00952133162708716	0.214790990467195	0.440103800155714	"1e-05 to 1"	0.00966170097751577	0.00390392016924557	174	"success"	"pgls5_castespolymorphic"
"OG0004808_00"	0.0103057345846906	0.472548823656429	1	"1e-05 to 1"	0.00329173699767183	-0.00250307848489983	174	"success"	"pgls5_castespolymorphic"
"OG0004809_00"	0.0284198276654078	0.242205416789286	0.617775108522928	"1e-05 to 1"	0.00853827440729009	0.002773962049193	174	"success"	"pgls5_castespolymorphic"
"OG0004810_00"	-0.0110840086972779	0.311317827771065	0.717773168697038	"1e-05 to 1"	0.00644644944005024	0.000669975308887794	174	"success"	"pgls5_castespolymorphic"
"OG0004811_00"	0.000580364060258949	0.94991523943411	1	"1e-05 to 1"	2.48923136615666e-05	-0.00578891645195667	174	"success"	"pgls5_castespolymorphic"
"OG0004812_00"	-0.00349690098033048	0.77590627760122	1	"1e-05 to 1"	0.000507894105994181	-0.0053031065096687	174	"success"	"pgls5_castespolymorphic"
"OG0004813_00"	0.00471487362377638	0.591424306945007	1	"1e-05 to 1"	0.00180478874168821	-0.00399867178888336	174	"success"	"pgls5_castespolymorphic"
"OG0004814_00"	-0.00105576878181816	0.482035251895179	1	"1e-05 to 1"	0.00317342520167454	-0.00262207814017623	174	"success"	"pgls5_castespolymorphic"
"OG0004815_00"	0.00364074723781786	0.490174205294713	1e-05	"1e-05 to 1"	0.00307707459465035	-0.00271898892514821	174	"success"	"pgls5_castespolymorphic"
"OG0004816_00"	-0.0109361212797892	0.293280155784085	1e-05	"1e-05 to 1"	0.00707769278739183	0.00130488867569056	174	"success"	"pgls5_castespolymorphic"
"OG0004817_00"	-0.00629427049924621	0.345939453594941	0.895486960780704	"1e-05 to 1"	0.00584614393060137	6.61796511280954e-05	174	"success"	"pgls5_castespolymorphic"
"OG0004818_00"	0.0136813703093998	0.318716336127035	0.392158416473715	"1e-05 to 1"	0.00658420599484063	0.000808532773880488	174	"success"	"pgls5_castespolymorphic"
"OG0004819_00"	-0.0175086849292066	0.139433012843636	0.880171146630863	"1e-05 to 1"	0.0137721340107972	0.00803825106899958	174	"success"	"pgls5_castespolymorphic"
"OG0004820_00"	0.0139008919700564	0.218716804206585	0.655244362346677	"1e-05 to 1"	0.00938101432310327	0.00362160161567948	174	"success"	"pgls5_castespolymorphic"
"OG0004821_00"	-4.76237000088947e-06	0.999341814817411	1e-05	"1e-05 to 1"	4.37606305042015e-09	-0.00581394908686694	174	"success"	"pgls5_castespolymorphic"
"OG0004822_00"	0.0222169271712472	0.283726957915064	0.780322556448079	"1e-05 to 1"	0.00717876779601193	0.00140655132970968	174	"success"	"pgls5_castespolymorphic"
"OG0004823_00"	-0.00502667627024037	0.486675710965281	1	"1e-05 to 1"	0.00302903776869028	-0.00276730503498013	174	"success"	"pgls5_castespolymorphic"
"OG0004824_00"	0.00252819960732102	0.818126479217387	0.49567373042852	"1e-05 to 1"	0.000331476024467367	-0.00548055027771599	174	"success"	"pgls5_castespolymorphic"
"OG0004825_00"	-7.90832458801084e-05	0.994757042425723	1	"1e-05 to 1"	2.70717253022203e-07	-0.00581368119718162	174	"success"	"pgls5_castespolymorphic"
"OG0004826_00"	0.00674182187909649	0.702205687305778	1	"1e-05 to 1"	0.000921888508474182	-0.00488670516298817	174	"success"	"pgls5_castespolymorphic"
"OG0004827_00"	0.00280301010411086	0.186417301735735	1e-05	"1e-05 to 1"	0.0108851117167943	0.00513444376165939	174	"success"	"pgls5_castespolymorphic"
"OG0004828_00"	-0.00244223972520925	0.67192634325601	1e-05	"1e-05 to 1"	0.00111685966461338	-0.00469060045361558	174	"success"	"pgls5_castespolymorphic"
"OG0004829_00"	-0.00193002727108252	0.761882935989045	1	"1e-05 to 1"	0.00060187780641098	-0.00520857639238903	174	"success"	"pgls5_castespolymorphic"
"OG0004830_00"	0.00558707963134886	0.696210529876274	1	"1e-05 to 1"	0.000949351817838967	-0.00485908218322018	174	"success"	"pgls5_castespolymorphic"
"OG0004831_00"	-0.0113229315469106	0.338482660791399	1	"1e-05 to 1"	0.00576354052296292	-1.69040088804362e-05	174	"success"	"pgls5_castespolymorphic"
"OG0004832_00"	0.00799633420466357	0.438771070494194	0.931730775218578	"1e-05 to 1"	0.00377513152244026	-0.00201687352684798	174	"success"	"pgls5_castespolymorphic"
"OG0004833_00"	0.0155984069145451	0.211654032772274	0.840246216474002	"1e-05 to 1"	0.00967294373785617	0.00391522829447166	174	"success"	"pgls5_castespolymorphic"
"OG0004834_00"	-4.34639114393854e-05	0.956022957424925	1	"1e-05 to 1"	1.88292644228741e-05	-0.00579501475148159	174	"success"	"pgls5_castespolymorphic"
"OG0004835_00"	0.00605170500771528	0.367054242676701	0.981778980640074	"1e-05 to 1"	0.00508800159492559	-0.00069637048882476	174	"success"	"pgls5_castespolymorphic"
"OG0004836_00"	0.0420402122994079	0.000579437288829698	1e-05	"1e-05 to 1"	0.0786741794863309	0.0733176340182281	174	"success"	"pgls5_castespolymorphic"
"OG0004837_00"	0.00670186451428591	0.519814312262096	1e-05	"1e-05 to 1"	0.00257772758803809	-0.00322123911203143	174	"success"	"pgls5_castespolymorphic"
"OG0004838_00"	-0.0204021857002899	0.0462626066352745	0.827981989011955	"1e-05 to 1"	0.0242942223856826	0.018621514376297	174	"success"	"pgls5_castespolymorphic"
"OG0004839_00"	0.0252311287971691	0.16274340028118	0.781507732739969	"1e-05 to 1"	0.0121421845299443	0.00639882513767653	174	"success"	"pgls5_castespolymorphic"
"OG0004840_00"	0.0113395362573091	0.207665855990623	1	"1e-05 to 1"	0.00990430983541296	0.00414793954375836	174	"success"	"pgls5_castespolymorphic"
"OG0004841_00"	-0.010074031024133	0.395664649877348	0.745149814797258	"1e-05 to 1"	0.00457020937555058	-0.0012171731280799	174	"success"	"pgls5_castespolymorphic"
"OG0004842_00"	-0.0100755141784626	0.159756175703802	0.450812660974389	"1e-05 to 1"	0.0122392290642603	0.00649643388440135	174	"success"	"pgls5_castespolymorphic"
"OG0004843_00"	-0.00301647267480713	0.854141379280272	1	"1e-05 to 1"	0.000209240367512796	-0.0056034966070948	174	"success"	"pgls5_castespolymorphic"
"OG0004844_00"	-0.0173644260393979	0.0585299482360653	0.92991484282805	"1e-05 to 1"	0.0220493520241937	0.0163635924429391	174	"success"	"pgls5_castespolymorphic"
"OG0004845_00"	-0.0040939007039475	0.446217072677638	0.993990910513363	"1e-05 to 1"	0.00363125705041201	-0.00216158447836468	174	"success"	"pgls5_castespolymorphic"
"OG0004846_00"	0.00638236878361447	0.103813526379356	1e-05	"1e-05 to 1"	0.0164520894958957	0.0107337876906392	174	"success"	"pgls5_castespolymorphic"
"OG0004847_00"	-0.00438004571671539	0.631596702050248	0.931265359041914	"1e-05 to 1"	0.00142252005111747	-0.00438316297184116	174	"success"	"pgls5_castespolymorphic"
"OG0004848_00"	0.00776335362836075	0.553352386420043	0.673071357047034	"1e-05 to 1"	0.00218666326082254	-0.00361457706905655	174	"success"	"pgls5_castespolymorphic"
"OG0004849_00"	0.0109099304956028	0.170248405921388	1e-05	"1e-05 to 1"	0.0115779028148082	0.00583126271489431	174	"success"	"pgls5_castespolymorphic"
"OG0004850_00"	-0.0117146435268805	0.179640605159547	0.956790614374899	"1e-05 to 1"	0.0111558784591768	0.00540678472928835	174	"success"	"pgls5_castespolymorphic"
"OG0004851_00"	0.00189712807912222	0.743382067893626	1e-05	"1e-05 to 1"	0.000663406891939122	-0.00514668957961928	174	"success"	"pgls5_castespolymorphic"
"OG0004852_00"	-0.0019751309813343	0.827966351577129	1	"1e-05 to 1"	0.000294184965895833	-0.00551805814476758	174	"success"	"pgls5_castespolymorphic"
"OG0004853_00"	-0.00190052040937715	0.784409574250272	0.951289525012215	"1e-05 to 1"	0.000466209671889847	-0.00534503329513414	174	"success"	"pgls5_castespolymorphic"
"OG0004854_00"	-0.00295107798210145	0.471227900757799	1	"1e-05 to 1"	0.0033113875800821	-0.00248331365491739	174	"success"	"pgls5_castespolymorphic"
"OG0004855_00"	0.00931145967789322	0.378910516136602	0.711006839581615	"1e-05 to 1"	0.00487281346559276	-0.00091280971193286	174	"success"	"pgls5_castespolymorphic"
"OG0004856_00"	0.00177504679236018	0.76544192368989	1	"1e-05 to 1"	0.000554411257029386	-0.00525631891008094	174	"success"	"pgls5_castespolymorphic"
"OG0004857_00"	0.00449272421720947	0.753659700396813	0.968705058579692	"1e-05 to 1"	0.000613399892901554	-0.00519698731702345	174	"success"	"pgls5_castespolymorphic"
"OG0004858_00"	-0.00891346540817177	0.52771646968511	1e-05	"1e-05 to 1"	0.00249709386631374	-0.00330234163446352	174	"success"	"pgls5_castespolymorphic"
"OG0004859_00"	-0.000205843336370787	0.98868076633241	1	"1e-05 to 1"	1.25402342154712e-06	-0.00581269217411684	174	"success"	"pgls5_castespolymorphic"
"OG0004860_00"	-0.00454071635938915	0.468049033422412	1	"1e-05 to 1"	0.00327546604428138	-0.00251944403685656	174	"success"	"pgls5_castespolymorphic"
"OG0004861_00"	-0.00359148509882805	0.748327114763953	1e-05	"1e-05 to 1"	0.00064117519846057	-0.00516905052712979	174	"success"	"pgls5_castespolymorphic"
"OG0004862_00"	0.0350291874641038	0.0604453839466883	0.978553270606484	"1e-05 to 1"	0.0215906635033739	0.0159022371283936	174	"success"	"pgls5_castespolymorphic"
"OG0004863_00"	-0.0159123371697299	0.134365455774115	1e-05	"1e-05 to 1"	0.0154975096808178	0.00977365799291552	174	"success"	"pgls5_castespolymorphic"
"OG0004864_00"	-0.00034024806308224	0.922107275070563	1e-05	"1e-05 to 1"	5.99405910321726e-05	-0.0057536644055316	174	"success"	"pgls5_castespolymorphic"
"OG0004865_00"	-0.00166869534960512	0.713928108211865	1	"1e-05 to 1"	0.000842180304243015	-0.00496687678701146	174	"success"	"pgls5_castespolymorphic"
"OG0004866_00"	-0.00189989133197616	0.907564747332348	0.57436122691094	"1e-05 to 1"	8.34742109755782e-05	-0.00572999396221641	174	"success"	"pgls5_castespolymorphic"
"OG0004867_00"	0.000487477034514013	0.82356985141908	1e-05	"1e-05 to 1"	0.000309665909359166	-0.00550248719581892	174	"success"	"pgls5_castespolymorphic"
"OG0004868_00"	0.00111859707594316	0.822724547351341	0.24102412807679	"1e-05 to 1"	0.000310754284603501	-0.00550139249281156	174	"success"	"pgls5_castespolymorphic"
"OG0004869_00"	-0.00146214134536995	0.534389128958122	1e-05	"1e-05 to 1"	0.00238746369342153	-0.00341260919208186	174	"success"	"pgls5_castespolymorphic"
"OG0004870_00"	-0.00266987012545971	0.622896522108584	1e-05	"1e-05 to 1"	0.00151494017854829	-0.00429020551808801	174	"success"	"pgls5_castespolymorphic"
"OG0004871_00"	0.00115817350340854	0.820980544171962	1e-05	"1e-05 to 1"	0.000317003599531056	-0.00549510684465782	174	"success"	"pgls5_castespolymorphic"
"OG0004872_00"	0.0121126430832497	0.37554271040723	0.941487526879641	"1e-05 to 1"	0.004880495438182	-0.000905083076712332	174	"success"	"pgls5_castespolymorphic"
"OG0004873_00"	0.0160935457654224	0.321123270468537	0.928695944113534	"1e-05 to 1"	0.0061143133278695	0.000335908172798938	174	"success"	"pgls5_castespolymorphic"
"OG0004874_00"	0.00701457572922398	0.374683301327627	0.892937233116971	"1e-05 to 1"	0.00489805025117758	-0.000887426200850472	174	"success"	"pgls5_castespolymorphic"
"OG0004875_00"	0.0137693212342858	0.468337527524332	0.378534580394527	"1e-05 to 1"	0.00327122779414762	-0.00252370692797954	174	"success"	"pgls5_castespolymorphic"
"OG0004876_00"	0.0154642802761841	0.359625094710593	0.881549433003273	"1e-05 to 1"	0.00521499497382931	-0.00056863877632285	174	"success"	"pgls5_castespolymorphic"
"OG0004877_00"	-0.00850157573240296	0.545570647881395	1	"1e-05 to 1"	0.00225942684081167	-0.00354139044499746	174	"success"	"pgls5_castespolymorphic"
"OG0004878_00"	0.00413180002548496	0.467524237876634	0.712732722952941	"1e-05 to 1"	0.0032831865034661	-0.00251167869128111	174	"success"	"pgls5_castespolymorphic"
"OG0004879_00"	-0.00924282704741495	0.198721271019366	1	"1e-05 to 1"	0.0102384104219556	0.00448398257557159	174	"success"	"pgls5_castespolymorphic"
"OG0004880_00"	0.00897034590606747	0.364372836926915	0.232659611439611	"1e-05 to 1"	0.00517746710145927	-0.000606384833997442	174	"success"	"pgls5_castespolymorphic"
"OG0004881_00"	0.00836319511638398	0.0388107335873746	1e-05	"1e-05 to 1"	0.026248016934999	0.0205866681962491	174	"success"	"pgls5_castespolymorphic"
"OG0004882_00"	0.00233075754619593	0.757887294172899	1	"1e-05 to 1"	0.00058819532904246	-0.00522233841904463	174	"success"	"pgls5_castespolymorphic"
"OG0004883_00"	0.0393899467529368	0.0289481649429097	0.978506375517864	"1e-05 to 1"	0.0296501707945468	0.0240086020200964	174	"success"	"pgls5_castespolymorphic"
"OG0004884_00"	-0.0236740655523163	0.1029481053104	1	"1e-05 to 1"	0.0165341569693125	0.0108163323005296	174	"success"	"pgls5_castespolymorphic"
"OG0004886_00"	0.00298423076967224	0.5781806685432	1	"1e-05 to 1"	0.00191261734490364	-0.00389021627518393	174	"success"	"pgls5_castespolymorphic"
"OG0004887_00"	-0.00860442817153888	0.443626853010102	1	"1e-05 to 1"	0.00367273663248917	-0.00211986373592676	174	"success"	"pgls5_castespolymorphic"
"OG0004888_00"	-0.00179943813972429	0.750419902978297	0.980532107734904	"1e-05 to 1"	0.000638143399097473	-0.00517209995323342	174	"success"	"pgls5_castespolymorphic"
"OG0004889_00"	0.012286836861709	0.442832016874627	0.847739368867907	"1e-05 to 1"	0.0037322523858203	-0.00206000196077372	174	"success"	"pgls5_castespolymorphic"
"OG0004891_00"	0.000474383045681846	0.966924072909327	0.964949446227074	"1e-05 to 1"	1.07802207658841e-05	-0.00580311059190408	174	"success"	"pgls5_castespolymorphic"
"OG0004892_00"	0.00837879143267987	0.236596208013802	1	"1e-05 to 1"	0.00874368655665309	0.00298056845523842	174	"success"	"pgls5_castespolymorphic"
"OG0004893_00"	0.0128905842820958	0.125792009138626	1	"1e-05 to 1"	0.0144961507627233	0.00876647722064616	174	"success"	"pgls5_castespolymorphic"
"OG0004894_00"	0.015403223060926	0.0328629424638236	1e-05	"1e-05 to 1"	0.0284931579561784	0.0228448623629004	174	"success"	"pgls5_castespolymorphic"
"OG0004895_00"	0.00400751021366058	0.680201050968112	0.66964928493068	"1e-05 to 1"	0.00105799898801495	-0.0047498033434501	174	"success"	"pgls5_castespolymorphic"
"OG0004896_00"	-0.00354246949603373	0.470778522375421	1e-05	"1e-05 to 1"	0.0032557860805908	-0.00253923841894044	174	"success"	"pgls5_castespolymorphic"
"OG0004897_00"	0.0125732451941768	0.206336031279025	1	"1e-05 to 1"	0.00990043266572286	0.00414403983238398	174	"success"	"pgls5_castespolymorphic"
"OG0004898_00"	-0.00420224428512831	0.487338062100406	1	"1e-05 to 1"	0.00298251220419034	-0.00281410109694802	174	"success"	"pgls5_castespolymorphic"
"OG0004899_00"	0.00845348204151104	0.0299949725032769	1e-05	"1e-05 to 1"	0.028916493561461	0.0232706592217021	174	"success"	"pgls5_castespolymorphic"
"OG0004900_00"	-0.00573479142705172	0.706377726413213	0.499664361624956	"1e-05 to 1"	0.000895001425325827	-0.00491374856638749	174	"success"	"pgls5_castespolymorphic"
"OG0004901_00"	-0.000499185961193479	0.964018733586212	1	"1e-05 to 1"	1.3171453580095e-05	-0.00580070545657363	174	"success"	"pgls5_castespolymorphic"
"OG0004902_00"	0.00859395367556801	0.0272770672961089	1e-05	"1e-05 to 1"	0.0297234627108429	0.024082320052185	174	"success"	"pgls5_castespolymorphic"
"OG0004903_00"	0.00312093055106	0.809346350318545	1	"1e-05 to 1"	0.000364890254516754	-0.00544694177888716	174	"success"	"pgls5_castespolymorphic"
"OG0004904_00"	0.0129531122656888	0.372882393494349	0.973072307738353	"1e-05 to 1"	0.00499713436546277	-0.000787766016133506	174	"success"	"pgls5_castespolymorphic"
"OG0004905_00"	-0.0036925980291998	0.737441125329499	1	"1e-05 to 1"	0.000713319245630935	-0.00509648703782473	174	"success"	"pgls5_castespolymorphic"
"OG0004906_00"	0.0015387205149328	0.858344092494766	0.419495457421198	"1e-05 to 1"	0.000198459017273328	-0.00561434063960298	174	"success"	"pgls5_castespolymorphic"
"OG0004907_00"	0.00866556825308433	0.296377442971078	1e-05	"1e-05 to 1"	0.00681314833041862	0.00103880616954888	174	"success"	"pgls5_castespolymorphic"
"OG0004908_00"	-0.0164191111770397	0.185747787391851	1e-05	"1e-05 to 1"	0.0107836200416646	0.00503236201865109	174	"success"	"pgls5_castespolymorphic"
"OG0004909_00"	-0.000474355845936452	0.943941013584188	0.461124643722627	"1e-05 to 1"	3.09996194607077e-05	-0.00578277363856561	174	"success"	"pgls5_castespolymorphic"
"OG0004910_00"	-0.00968672876193065	0.414846009183963	1	"1e-05 to 1"	0.00413389748314582	-0.00165602171753343	174	"success"	"pgls5_castespolymorphic"
"OG0004911_00"	0.00238077484884814	0.756299252581365	1	"1e-05 to 1"	0.000619184329477397	-0.0051911692500024	174	"success"	"pgls5_castespolymorphic"
"OG0004912_00"	0.0487991973206642	0.000575364308090798	0.472656821075422	"1e-05 to 1"	0.0711937915001919	0.0657937554042627	174	"success"	"pgls5_castespolymorphic"
"OG0004913_00"	0.0162847935448654	0.382809134274499	0.808733686953946	"1e-05 to 1"	0.00476389279787194	-0.00102236363934982	174	"success"	"pgls5_castespolymorphic"
"OG0004914_00"	-0.00157538412349118	0.399634642587697	1e-05	"1e-05 to 1"	0.00446584062425846	-0.0013221486744377	174	"success"	"pgls5_castespolymorphic"
"OG0004915_00"	-0.00657350611249871	0.329143853598277	1e-05	"1e-05 to 1"	0.00591550107015271	0.000135940029862947	174	"success"	"pgls5_castespolymorphic"
"OG0004916_00"	-0.00555664290222277	0.465023716219965	0.844508270276642	"1e-05 to 1"	0.00332016338428459	-0.00247448682859752	174	"success"	"pgls5_castespolymorphic"
"OG0004917_00"	0.016274182059208	0.301782281288204	0.324759911920735	"1e-05 to 1"	0.00662156134699748	0.000846105308317191	174	"success"	"pgls5_castespolymorphic"
"OG0004918_00"	-0.00692042301168526	0.74488880484162	1	"1e-05 to 1"	0.000659443791418993	-0.00515067572142147	174	"success"	"pgls5_castespolymorphic"
"OG0004919_00"	0.00404639914727951	0.730128975781176	1	"1e-05 to 1"	0.000741112412126946	-0.00506853228315141	174	"success"	"pgls5_castespolymorphic"
"OG0004920_00"	-0.010806867106536	0.300839152273097	0.698175628958575	"1e-05 to 1"	0.00677354823497419	0.000998975840991512	174	"success"	"pgls5_castespolymorphic"
"OG0004921_00"	-0.00036947198409739	0.908924589177172	0.808056807992718	"1e-05 to 1"	8.20416307080225e-05	-0.00573143487143901	174	"success"	"pgls5_castespolymorphic"
"OG0004922_00"	-0.0107944182027699	0.106263796683799	1	"1e-05 to 1"	0.0163252148254842	0.0106061753767952	174	"success"	"pgls5_castespolymorphic"
"OG0004923_00"	-0.00282922050141695	0.705581760885398	0.470015743154709	"1e-05 to 1"	0.000900096025338773	-0.00490862434660699	174	"success"	"pgls5_castespolymorphic"
"OG0004924_00"	-0.00209510501553982	0.86173700974987	1	"1e-05 to 1"	0.000187801311863322	-0.00562506030841647	174	"success"	"pgls5_castespolymorphic"
"OG0004925_00"	0.00204355244353192	0.752409706717137	1e-05	"1e-05 to 1"	0.000635687573697958	-0.00517457005668742	174	"success"	"pgls5_castespolymorphic"
"OG0004926_00"	0.0132913217928848	0.363244276484383	0.990098919526105	"1e-05 to 1"	0.00513716758205468	-0.000646918652933426	174	"success"	"pgls5_castespolymorphic"
"OG0004927_00"	0.0136375563098794	0.100352381154154	1	"1e-05 to 1"	0.0166811679908856	0.0109641980373442	174	"success"	"pgls5_castespolymorphic"
"OG0004928_00"	0.00314862115583652	0.555992649380761	1	"1e-05 to 1"	0.00215772154918275	-0.00364368704646156	174	"success"	"pgls5_castespolymorphic"
"OG0004929_00"	0.0164780031174014	0.184453042684705	1e-05	"1e-05 to 1"	0.0108470090785294	0.00509611959642786	174	"success"	"pgls5_castespolymorphic"
"OG0004930_00"	0.00235666997476825	0.846965725868721	1e-05	"1e-05 to 1"	0.000289805343848846	-0.00552246322973349	174	"success"	"pgls5_castespolymorphic"
"OG0004931_00"	-0.00216028579739986	0.826624050248988	1e-05	"1e-05 to 1"	0.000300740846315042	-0.00551146414876458	174	"success"	"pgls5_castespolymorphic"
"OG0004932_00"	0.0130969678957706	0.115013381187147	1e-05	"1e-05 to 1"	0.0153570208301632	0.00963235234661763	174	"success"	"pgls5_castespolymorphic"
"OG0004933_00"	0.0135096929638392	0.236218407691803	1e-05	"1e-05 to 1"	0.00875773228024129	0.00299469584001	174	"success"	"pgls5_castespolymorphic"
"OG0004934_00"	-0.00434690548935745	0.498071820485952	1	"1e-05 to 1"	0.0028738554054742	-0.00292338962123817	174	"success"	"pgls5_castespolymorphic"
"OG0004935_00"	-0.00845018622635783	0.590136417961302	1e-05	"1e-05 to 1"	0.00184039754611525	-0.00396285595652368	174	"success"	"pgls5_castespolymorphic"
"OG0004937_00"	0.0320734151595755	0.123544582273531	0.902987369564565	"1e-05 to 1"	0.0147600704540011	0.00903193132873359	174	"success"	"pgls5_castespolymorphic"
"OG0004938_00"	-0.00564930666465104	0.500420781073063	0.951565529101963	"1e-05 to 1"	0.00286051503934527	-0.00293680754763526	174	"success"	"pgls5_castespolymorphic"
"OG0004939_00"	-0.00324417338856628	0.823237895231023	1	"1e-05 to 1"	0.000312800288546106	-0.00549933459349727	174	"success"	"pgls5_castespolymorphic"
"OG0004940_00"	-0.00327617051259984	0.708528720533658	0.837806116427801	"1e-05 to 1"	0.000875793310704491	-0.00493306835609375	174	"success"	"pgls5_castespolymorphic"
"OG0004941_00"	-0.0137690535386883	0.220907634042062	0.934349458024444	"1e-05 to 1"	0.00929271850440048	0.00353279244919347	174	"success"	"pgls5_castespolymorphic"
"OG0004942_00"	-0.00299841661219027	0.427620212360576	1e-05	"1e-05 to 1"	0.00391303723744239	-0.00187816603443292	174	"success"	"pgls5_castespolymorphic"
"OG0004943_00"	-0.0251716831031063	0.0996656471575519	1	"1e-05 to 1"	0.0166454245055234	0.0109282467410206	174	"success"	"pgls5_castespolymorphic"
"OG0004944_00"	-0.00586612676133889	0.247354565918611	1	"1e-05 to 1"	0.00830287255858409	0.00253719158508747	174	"success"	"pgls5_castespolymorphic"
"OG0004945_00"	0.00938944195950959	0.423619785119868	0.295855874378604	"1e-05 to 1"	0.00400604557972692	-0.00178461694597232	174	"success"	"pgls5_castespolymorphic"
"OG0004946_00"	-0.00131348629418961	0.918464179022396	0.83758280046273	"1e-05 to 1"	6.65327612852085e-05	-0.00574703390870734	174	"success"	"pgls5_castespolymorphic"
"OG0004947_00"	-0.0105560443548687	0.249062195015138	1e-05	"1e-05 to 1"	0.00829485453217399	0.00252912694224461	174	"success"	"pgls5_castespolymorphic"
"OG0004948_00"	0.00326550254845735	0.87057961554432	1	"1e-05 to 1"	0.000165366665999255	-0.00564762538826824	174	"success"	"pgls5_castespolymorphic"
"OG0004949_00"	-0.00345310405122881	0.76694680413373	0.847242627696701	"1e-05 to 1"	0.000547110742660978	-0.00526366186930027	174	"success"	"pgls5_castespolymorphic"
"OG0004950_00"	0.00482480836055341	0.447464617306087	1	"1e-05 to 1"	0.00380174745155566	-0.0019901028539584	174	"success"	"pgls5_castespolymorphic"
"OG0004951_00"	0.0115450990066441	0.251253698902629	1e-05	"1e-05 to 1"	0.00827040436640901	0.00250453462435329	174	"success"	"pgls5_castespolymorphic"
"OG0004952_00"	0.02537117771616	0.241553579337713	0.636966358988941	"1e-05 to 1"	0.00850873225822603	0.0027442481434482	174	"success"	"pgls5_castespolymorphic"
"OG0004953_00"	0.0135190874286681	0.145516492514332	1	"1e-05 to 1"	0.0131133495029906	0.00737563641870564	174	"success"	"pgls5_castespolymorphic"
"OG0004954_00"	0.00537497059947246	0.188736969300587	0.751552764754409	"1e-05 to 1"	0.0107051297498669	0.00495341538794758	174	"success"	"pgls5_castespolymorphic"
"OG0004955_00"	-0.00981865346605949	0.257083737308838	1	"1e-05 to 1"	0.00797046220692121	0.00220284861510101	174	"success"	"pgls5_castespolymorphic"
"OG0004956_00"	-0.0142597109129315	0.380703778447508	0.840343901647963	"1e-05 to 1"	0.00477624201017908	-0.00100994262929666	174	"success"	"pgls5_castespolymorphic"
"OG0004957_00"	0.00683214296558573	0.502572191457406	0.929640547195683	"1e-05 to 1"	0.00279669331447821	-0.00300100032904238	174	"success"	"pgls5_castespolymorphic"
"OG0004958_00"	-0.00123022285837934	0.796700181648258	1	"1e-05 to 1"	0.000413420703156425	-0.00539812917647642	174	"success"	"pgls5_castespolymorphic"
"OG0004959_00"	-0.0125120949432009	0.019768263278602	1	"1e-05 to 1"	0.0334840569463819	0.0278647782076981	174	"success"	"pgls5_castespolymorphic"
"OG0004960_00"	-0.00242801349673961	0.722298661395413	1e-05	"1e-05 to 1"	0.000781739247138413	-0.00502766924561082	174	"success"	"pgls5_castespolymorphic"
"OG0004961_00"	-0.0206909525373701	0.157241133749117	0.807637233056046	"1e-05 to 1"	0.0124642609486234	0.00672277409367361	174	"success"	"pgls5_castespolymorphic"
"OG0004962_00"	-0.0115070375645564	0.469974615988676	0.981003060052391	"1e-05 to 1"	0.00324725633460881	-0.00254781775646906	174	"success"	"pgls5_castespolymorphic"
"OG0004963_00"	0.00390094525285591	0.349885366322403	0.727009942688147	"1e-05 to 1"	0.00539633113257893	-0.000386248337580497	174	"success"	"pgls5_castespolymorphic"
"OG0004964_00"	-0.00129902563859841	0.802959447601696	1	"1e-05 to 1"	0.000385432581366142	-0.00542628001990497	174	"success"	"pgls5_castespolymorphic"
"OG0004965_00"	-0.00175858405254285	0.589149472605679	1	"1e-05 to 1"	0.0018043945970118	-0.00399906822509855	174	"success"	"pgls5_castespolymorphic"
"OG0004966_00"	0.00146925135183541	0.893587159295017	0.929808560206042	"1e-05 to 1"	0.000111479200730489	-0.0057018261527535	174	"success"	"pgls5_castespolymorphic"
"OG0004967_00"	-0.00714414024448652	0.364396740950414	0.621458556248963	"1e-05 to 1"	0.00520973575210062	-0.000573928574922	174	"success"	"pgls5_castespolymorphic"
"OG0004968_00"	0.00505414871025379	0.0507358487788792	1	"1e-05 to 1"	0.0236465256556639	0.0179700519676156	174	"success"	"pgls5_castespolymorphic"
"OG0004969_00"	0.0108698648499153	0.120494548674074	1e-05	"1e-05 to 1"	0.0149086815282818	0.00918140642088816	174	"success"	"pgls5_castespolymorphic"
"OG0004970_00"	-0.0156323831864833	0.186558524627024	1	"1e-05 to 1"	0.0109464258159857	0.00519611433817169	174	"success"	"pgls5_castespolymorphic"
"OG0004971_00"	-0.0131702283325409	0.232001387073563	1	"1e-05 to 1"	0.00886106045433442	0.00309862475930145	174	"success"	"pgls5_castespolymorphic"
"OG0004972_00"	0.0135514856583088	0.281519939402761	0.583724581544073	"1e-05 to 1"	0.00719968880326239	0.00142759397072323	174	"success"	"pgls5_castespolymorphic"
"OG0004973_00"	-0.014005868328027	0.327119085898875	0.963425343379286	"1e-05 to 1"	0.00619601609123792	0.000418085952233471	174	"success"	"pgls5_castespolymorphic"
"OG0004974_00"	-0.0105143640169773	0.642845697269335	0.763586049055585	"1e-05 to 1"	0.0018762942855463	-0.00392675051511926	174	"success"	"pgls5_castespolymorphic"
"OG0004975_00"	0.00138992455996995	0.918759427842273	0.525884759342544	"1e-05 to 1"	6.44142875235934e-05	-0.00574916469917697	174	"success"	"pgls5_castespolymorphic"
"OG0004976_00"	0.0187207589700806	0.266050948943239	0.797441939155566	"1e-05 to 1"	0.00772540612037801	0.00195636778386854	174	"success"	"pgls5_castespolymorphic"
"OG0004977_00"	0.00395317565097551	0.8153449677042	1	"1e-05 to 1"	0.000339748780666623	-0.00547222942409675	174	"success"	"pgls5_castespolymorphic"
"OG0004978_00"	-0.00129402570323769	0.935837184730918	0.948755130290372	"1e-05 to 1"	4.01274119959049e-05	-0.00577359277746936	174	"success"	"pgls5_castespolymorphic"
"OG0004979_00"	0.016949995713613	0.0839380544692641	0.449694490030081	"1e-05 to 1"	0.0189047773296735	0.0132007353374043	174	"success"	"pgls5_castespolymorphic"
"OG0004980_00"	0.00553621331163396	0.644931150768955	1	"1e-05 to 1"	0.00134734269417404	-0.00445877740644129	174	"success"	"pgls5_castespolymorphic"
"OG0004981_00"	0.00114877805435895	0.710289351499491	1e-05	"1e-05 to 1"	0.000870204068539854	-0.00493869009385239	174	"success"	"pgls5_castespolymorphic"
"OG0004982_00"	-0.00544616361100813	0.445577846432012	1	"1e-05 to 1"	0.0036188121766524	-0.00217410170604149	174	"success"	"pgls5_castespolymorphic"
"OG0004983_00"	0.00320982077997597	0.842864598295193	1e-05	"1e-05 to 1"	0.000246334544579111	-0.00556618676620824	174	"success"	"pgls5_castespolymorphic"
"OG0004984_00"	-0.00482783562205654	0.725026447449056	0.939466386418966	"1e-05 to 1"	0.000775415723737985	-0.00503402953368215	174	"success"	"pgls5_castespolymorphic"
"OG0004985_00"	0.0134334836536067	0.496598510036294	1	"1e-05 to 1"	0.00289358233906426	-0.00290354799617387	174	"success"	"pgls5_castespolymorphic"
"OG0004986_00"	0.00999418955025417	0.153411021461885	1e-05	"1e-05 to 1"	0.0127756398574129	0.00703596334495593	174	"success"	"pgls5_castespolymorphic"
"OG0004987_00"	-0.0113260155059346	0.507682705181869	0.604635103485183	"1e-05 to 1"	0.00278239373141607	-0.00301538304921523	174	"success"	"pgls5_castespolymorphic"
"OG0004988_00"	0.00314794447454715	0.776522635602157	1e-05	"1e-05 to 1"	0.000501882867090827	-0.00530915269763543	174	"success"	"pgls5_castespolymorphic"
"OG0004989_00"	0.00608017673969298	0.527019398349347	1	"1e-05 to 1"	0.00248993597863903	-0.00330954113776438	174	"success"	"pgls5_castespolymorphic"
"OG0004990_00"	-0.0056345866537717	0.583668207935557	1	"1e-05 to 1"	0.00185796372876854	-0.00394518764490126	174	"success"	"pgls5_castespolymorphic"
"OG0004991_00"	-0.000674846560662189	0.920154401007443	0.513950375412747	"1e-05 to 1"	6.22138857952239e-05	-0.00575137789393865	174	"success"	"pgls5_castespolymorphic"
"OG0004992_00"	0.0283969802497535	0.0203552988575673	1	"1e-05 to 1"	0.034448578921071	0.0288349078682866	174	"success"	"pgls5_castespolymorphic"
"OG0004993_00"	-0.000160311768308539	0.992336965964001	0.971623838012406	"1e-05 to 1"	6.38357777378244e-07	-0.00581331141921226	174	"success"	"pgls5_castespolymorphic"
"OG0004994_00"	-0.0220493036500685	0.102424692988694	0.816761966141933	"1e-05 to 1"	0.0167929661534226	0.0110766461891983	174	"success"	"pgls5_castespolymorphic"
"OG0004995_00"	-0.00278810117024397	0.335438546822426	1	"1e-05 to 1"	0.00583641128124339	5.63904165994389e-05	174	"success"	"pgls5_castespolymorphic"
"OG0004996_00"	-0.00146177401830422	0.875842610300599	0.927114865122669	"1e-05 to 1"	0.000154002689290501	-0.00565905543460876	174	"success"	"pgls5_castespolymorphic"
"OG0004997_00"	-0.0168634730659795	0.23312372693041	0.968259122519963	"1e-05 to 1"	0.00881876764947918	0.0030560860660459	174	"success"	"pgls5_castespolymorphic"
"OG0004998_00"	0.032247380592947	0.0193280966465601	1	"1e-05 to 1"	0.0339315147511349	0.0283148375113158	174	"success"	"pgls5_castespolymorphic"
"OG0004999_00"	-0.00935151287902256	0.283759865946827	0.784223109520294	"1e-05 to 1"	0.00717779013058683	0.00140556798018332	174	"success"	"pgls5_castespolymorphic"
"OG0005000_00"	-0.00486854713941526	0.721943610263636	1e-05	"1e-05 to 1"	0.000783825280292214	-0.00502557108435719	174	"success"	"pgls5_castespolymorphic"
"OG0005001_00"	0.00280792934673127	0.689858892658874	0.278893798106284	"1e-05 to 1"	0.000985503909027923	-0.00482271990545446	174	"success"	"pgls5_castespolymorphic"
"OG0005002_00"	0.0227512895265728	0.54199227129999	0.981159849634567	"1e-05 to 1"	0.00229987614172666	-0.00350070597372842	174	"success"	"pgls5_castespolymorphic"
"OG0005003_00"	0.0045016786390939	0.401233080619972	1e-05	"1e-05 to 1"	0.00438055459105993	-0.00140793055666655	174	"success"	"pgls5_castespolymorphic"
"OG0005004_00"	-0.00596981358045366	0.125501341838599	1	"1e-05 to 1"	0.0144290430488123	0.0086989793456077	174	"success"	"pgls5_castespolymorphic"
"OG0005005_00"	0.0261292788673741	0.004248260207949	0.534870729951434	"1e-05 to 1"	0.0493557827250112	0.0438287814617845	174	"success"	"pgls5_castespolymorphic"
"OG0005006_00"	-0.00661261137854927	0.646240689124474	1	"1e-05 to 1"	0.00130361754405185	-0.00450275677255241	174	"success"	"pgls5_castespolymorphic"
"OG0005007_00"	-4.37500831850556e-05	0.988244649449435	1e-05	"1e-05 to 1"	1.34414948903438e-06	-0.00581260152406049	174	"success"	"pgls5_castespolymorphic"
"OG0005008_00"	0.00252076779514792	0.537561225125569	1	"1e-05 to 1"	0.00235064745539352	-0.00344963947800547	174	"success"	"pgls5_castespolymorphic"
"OG0005009_00"	-0.00715746085427883	0.420875405645623	0.61587335068397	"1e-05 to 1"	0.00407913788249657	-0.00171109968795391	174	"success"	"pgls5_castespolymorphic"
"OG0005010_00"	-0.000678086443340575	0.901592260595693	0.661923212031105	"1e-05 to 1"	9.8954884730078e-05	-0.00571442328454475	174	"success"	"pgls5_castespolymorphic"
"OG0005011_00"	0.010567899273614	0.0354553082405191	1e-05	"1e-05 to 1"	0.0275199604130087	0.0218660066944797	174	"success"	"pgls5_castespolymorphic"
"OG0005012_00"	0.0159353141666783	0.336426250050791	0.79368692355367	"1e-05 to 1"	0.00581267117725711	3.2512288752895e-05	174	"success"	"pgls5_castespolymorphic"
"OG0005013_00"	-0.00364088303280933	0.244317481395841	1e-05	"1e-05 to 1"	0.00840991119465693	0.00264485253881197	174	"success"	"pgls5_castespolymorphic"
"OG0005014_00"	-0.00166743174476075	0.544821892100547	1e-05	"1e-05 to 1"	0.00232537867148274	-0.00347505517345037	174	"success"	"pgls5_castespolymorphic"
"OG0005015_00"	0.0219684159590091	0.215590217570742	0.974681909496102	"1e-05 to 1"	0.0096890914930663	0.00393146993197946	174	"success"	"pgls5_castespolymorphic"
"OG0005016_00"	-0.00821739310555955	0.528961008383988	0.625241038343808	"1e-05 to 1"	0.00248208656074626	-0.00331743619180758	174	"success"	"pgls5_castespolymorphic"
"OG0005017_00"	0.00544317750293471	0.112842953455696	1e-05	"1e-05 to 1"	0.0158347149214597	0.0101128237291427	174	"success"	"pgls5_castespolymorphic"
"OG0005018_00"	0.00233872376772568	0.67175754622726	1	"1e-05 to 1"	0.00111807988373948	-0.00468937314019224	174	"success"	"pgls5_castespolymorphic"
"OG0005019_00"	-0.0052908928635929	0.642689728806062	0.989106704372922	"1e-05 to 1"	0.00134016351703267	-0.00446599832298467	174	"success"	"pgls5_castespolymorphic"
"OG0005020_00"	-0.00236159251404457	0.757688540459402	0.863498566143567	"1e-05 to 1"	0.000589192390516113	-0.00522133556070181	174	"success"	"pgls5_castespolymorphic"
"OG0005021_00"	-0.0152034825294325	0.0606022203955126	0.838268473916355	"1e-05 to 1"	0.0215646413943376	0.0158760637280255	174	"success"	"pgls5_castespolymorphic"
"OG0005022_00"	0.0149478070185922	0.269386674496889	0.897079960372619	"1e-05 to 1"	0.00752485311453295	0.00175464877217568	174	"success"	"pgls5_castespolymorphic"
"OG0005023_00"	-0.0043085745127568	0.562927976665334	1e-05	"1e-05 to 1"	0.0020829247707395	-0.00371891868989582	174	"success"	"pgls5_castespolymorphic"
"OG0005024_00"	0.0080783100591601	0.463002752198538	1	"1e-05 to 1"	0.00335028071135789	-0.00244419440078536	174	"success"	"pgls5_castespolymorphic"
"OG0005025_00"	-0.0211212366678256	0.13531486691028	0.871740351341106	"1e-05 to 1"	0.0138865416370255	0.00815332385584533	174	"success"	"pgls5_castespolymorphic"
"OG0005026_00"	0.00313067913476399	0.774586685999035	1	"1e-05 to 1"	0.000520584340344931	-0.00529034249488558	174	"success"	"pgls5_castespolymorphic"
"OG0005027_00"	0.000429925335244176	0.92527688441884	1e-05	"1e-05 to 1"	5.51477340557018e-05	-0.00575848512795551	174	"success"	"pgls5_castespolymorphic"
"OG0005028_00"	0.009903926784302	0.219063984054371	0.880405109852814	"1e-05 to 1"	0.00936695241118655	0.00360745794846096	174	"success"	"pgls5_castespolymorphic"
"OG0005029_00"	0.022734531429786	0.0438848832012191	0.6519358102653	"1e-05 to 1"	0.0249843929189745	0.0193156975289684	174	"success"	"pgls5_castespolymorphic"
"OG0005030_00"	0.028251523148975	0.0673859158848249	1e-05	"1e-05 to 1"	0.0208863045830035	0.015193783098021	174	"success"	"pgls5_castespolymorphic"
"OG0005031_00"	0.00402099831919659	0.477513837513224	1e-05	"1e-05 to 1"	0.00421311441556672	-0.00157634422155217	174	"success"	"pgls5_castespolymorphic"
"OG0005032_00"	-0.00535093620105382	0.259225155188583	1	"1e-05 to 1"	0.00785064155423812	0.00208233133071623	174	"success"	"pgls5_castespolymorphic"
"OG0005033_00"	0.0231184980142866	0.222103314319589	0.907425619388572	"1e-05 to 1"	0.00918798686835987	0.00342745190829219	174	"success"	"pgls5_castespolymorphic"
"OG0005034_00"	0.00368971350395691	0.690145467978467	0.815073881570649	"1e-05 to 1"	0.00122648033974674	-0.00458034244897565	174	"success"	"pgls5_castespolymorphic"
"OG0005035_00"	-0.0115874626141287	0.0515523514802245	0.719573088741804	"1e-05 to 1"	0.0233382735079571	0.0176600076562591	174	"success"	"pgls5_castespolymorphic"
"OG0005036_00"	0.0238877817366491	0.115818642682392	1	"1e-05 to 1"	0.01757099747579	0.0118592009494866	174	"success"	"pgls5_castespolymorphic"
"OG0005037_00"	-0.00168474535756471	0.61462387601988	1	"1e-05 to 1"	0.00157816161639524	-0.00422661651374212	174	"success"	"pgls5_castespolymorphic"
"OG0005038_00"	0.000555118060433526	0.962476746101427	1	"1e-05 to 1"	1.37045139406432e-05	-0.00580016929702487	174	"success"	"pgls5_castespolymorphic"
"OG0005039_00"	-0.00465761848204382	0.194446441813784	1e-05	"1e-05 to 1"	0.0103705568390116	0.00461689728574999	174	"success"	"pgls5_castespolymorphic"
"OG0005040_00"	0.000124420831107912	0.987990280340069	1	"1e-05 to 1"	1.402954234589e-06	-0.0058125423774269	174	"success"	"pgls5_castespolymorphic"
"OG0005041_00"	0.00412233284275071	0.29248657941387	1e-05	"1e-05 to 1"	0.00692346251843179	0.00114976171912029	174	"success"	"pgls5_castespolymorphic"
"OG0005042_00"	-0.0024696146754971	0.748654212039302	1	"1e-05 to 1"	0.000647518083251796	-0.00516267076510135	174	"success"	"pgls5_castespolymorphic"
"OG0005043_00"	-0.00287028975144928	0.70249635321028	1	"1e-05 to 1"	0.000914235201436786	-0.00489440296599675	174	"success"	"pgls5_castespolymorphic"
"OG0005044_00"	-0.0232678294781649	0.152722221265721	0.876330161487488	"1e-05 to 1"	0.0128991366451292	0.007160178137252	174	"success"	"pgls5_castespolymorphic"
"OG0005045_00"	0.00115414114465798	0.767781603781275	0.574114089327974	"1e-05 to 1"	0.000543083616994419	-0.00526771240848811	174	"success"	"pgls5_castespolymorphic"
"OG0005046_00"	0.016422677206847	0.102605323373779	0.954831622681179	"1e-05 to 1"	0.0165668698914543	0.010849235414079	174	"success"	"pgls5_castespolymorphic"
"OG0005047_00"	-0.00613835328487781	0.496443471900588	0.470483886606512	"1e-05 to 1"	0.0029139062707513	-0.00288310590209329	174	"success"	"pgls5_castespolymorphic"
"OG0005048_00"	0.0113230283951306	0.249478043696406	0.492504749620654	"1e-05 to 1"	0.00843840891827225	0.00267351594686682	174	"success"	"pgls5_castespolymorphic"
"OG0005049_00"	0.0150593613628047	0.0649697465835326	0.726358800044468	"1e-05 to 1"	0.0213914360766423	0.0157018514026692	174	"success"	"pgls5_castespolymorphic"
"OG0005050_00"	-0.00313154114272205	0.685074810507965	1	"1e-05 to 1"	0.00103711635067933	-0.00477080739146785	174	"success"	"pgls5_castespolymorphic"
"OG0005051_00"	0.0115952366834857	0.272707291397732	0.156090999668734	"1e-05 to 1"	0.00756161255112109	0.00179162192641824	174	"success"	"pgls5_castespolymorphic"
"OG0005052_00"	-0.0120523057606443	0.503975422362886	0.819101945987685	"1e-05 to 1"	0.0027612128649348	-0.00303668706026916	174	"success"	"pgls5_castespolymorphic"
"OG0005053_00"	0.00708977163666245	0.499252288539701	1	"1e-05 to 1"	0.00287612641247617	-0.002921105410707	174	"success"	"pgls5_castespolymorphic"
"OG0005054_00"	0.0230640144756688	0.0496256845326837	1	"1e-05 to 1"	0.0237265695810431	0.0180505612646538	174	"success"	"pgls5_castespolymorphic"
"OG0005055_00"	0.00907354626581452	0.67970232193979	0.755879485922005	"1e-05 to 1"	0.00108170159046153	-0.00472596293517547	174	"success"	"pgls5_castespolymorphic"
"OG0005056_00"	-0.0138108297914122	0.422689398768739	1	"1e-05 to 1"	0.00412536892901343	-0.00166459985628298	174	"success"	"pgls5_castespolymorphic"
"OG0005057_00"	-0.00816388766716373	0.311735009049896	0.900007732390366	"1e-05 to 1"	0.00643537893792659	0.000658840443379605	174	"success"	"pgls5_castespolymorphic"
"OG0005058_00"	-0.0035111385997668	0.559287066991808	1	"1e-05 to 1"	0.00216234580276811	-0.003639035907681	174	"success"	"pgls5_castespolymorphic"
"OG0005059_00"	-0.00339533041596994	0.608107321645782	1e-05	"1e-05 to 1"	0.00162677987143276	-0.00417771559443092	174	"success"	"pgls5_castespolymorphic"
"OG0005060_00"	-0.00233106448947468	0.571236697860767	1	"1e-05 to 1"	0.00198326877682051	-0.00381915407912814	174	"success"	"pgls5_castespolymorphic"
"OG0005061_00"	-0.00157693572692602	0.932179618579228	1	"1e-05 to 1"	4.48439577317185e-05	-0.00576884880995587	174	"success"	"pgls5_castespolymorphic"
"OG0005062_00"	0.00221457815242753	0.823929590361911	0.858323203573037	"1e-05 to 1"	0.000306474375565352	-0.0055056972850418	174	"success"	"pgls5_castespolymorphic"
"OG0005063_00"	-0.000737638092765509	0.839687278352977	1	"1e-05 to 1"	0.000256534222988234	-0.00555592778734315	174	"success"	"pgls5_castespolymorphic"
"OG0005064_00"	-0.0102105653043427	0.164861484571074	1	"1e-05 to 1"	0.0119470211617608	0.00620252709874769	174	"success"	"pgls5_castespolymorphic"
"OG0005065_00"	-0.000448788795622757	0.961345685362067	1e-05	"1e-05 to 1"	1.48190772791454e-05	-0.00579904825366673	174	"success"	"pgls5_castespolymorphic"
"OG0005066_00"	0.00170138202305043	0.535840432986815	1e-05	"1e-05 to 1"	0.00241538456704284	-0.00338452598780004	174	"success"	"pgls5_castespolymorphic"
"OG0005067_00"	0.009079236087709	0.520335841562773	1	"1e-05 to 1"	0.00260370379058879	-0.00319511188504729	174	"success"	"pgls5_castespolymorphic"
"OG0005068_00"	-0.00979739840997447	0.228804466807651	0.648873406309482	"1e-05 to 1"	0.00898288451019081	0.0032211570945524	174	"success"	"pgls5_castespolymorphic"
"OG0005069_00"	-0.0156570004169807	0.053365417490473	0.734265442413928	"1e-05 to 1"	0.0232731513355841	0.017594506866605	174	"success"	"pgls5_castespolymorphic"
"OG0005070_00"	0.0244623034613085	0.119403530626233	0.873601608222907	"1e-05 to 1"	0.0149039588557324	0.00917665629094	174	"success"	"pgls5_castespolymorphic"
"OG0005071_00"	0.00885344379342576	0.5175767579019	0.773929991758871	"1e-05 to 1"	0.00258931721527268	-0.00320958210324318	174	"success"	"pgls5_castespolymorphic"
"OG0005072_00"	0.0220199079917268	0.435619103658404	0.647379594654638	"1e-05 to 1"	0.00380335558400199	-0.00198848537190499	174	"success"	"pgls5_castespolymorphic"
"OG0005073_00"	0.00776178015575232	0.357077334115169	0.407065290317476	"1e-05 to 1"	0.00527042861940713	-0.000512882842107931	174	"success"	"pgls5_castespolymorphic"
"OG0005074_00"	-0.0033960338637863	0.5034433966915	0.742632882189745	"1e-05 to 1"	0.00278532096514652	-0.00301243879668411	174	"success"	"pgls5_castespolymorphic"
"OG0005075_00"	0.0044682313996577	0.646682873438094	1	"1e-05 to 1"	0.00130012492697397	-0.00450626969554357	174	"success"	"pgls5_castespolymorphic"
"OG0005076_00"	0.00602626951100357	0.300760395128384	0.490504113211778	"1e-05 to 1"	0.0066084859624547	0.000832953904096767	174	"success"	"pgls5_castespolymorphic"
"OG0005077_00"	-0.0277279566746315	0.122566438958071	0.903291652008066	"1e-05 to 1"	0.0148367596091891	0.00910906635110287	174	"success"	"pgls5_castespolymorphic"
"OG0005078_00"	-0.00672751022855814	0.385051815371471	0.60283435933364	"1e-05 to 1"	0.00468994136614897	-0.00109674502125712	174	"success"	"pgls5_castespolymorphic"
"OG0005079_00"	-0.000244329265702362	0.867784116921434	1	"1e-05 to 1"	0.000173736514311228	-0.00563920687804753	174	"success"	"pgls5_castespolymorphic"
"OG0005080_00"	0.00641036378615756	0.265795239608595	1e-05	"1e-05 to 1"	0.0078813037850865	0.00211317183034854	174	"success"	"pgls5_castespolymorphic"
"OG0005081_00"	0.00424084848677504	0.416331392584358	1	"1e-05 to 1"	0.00413340057228195	-0.00165652151741402	174	"success"	"pgls5_castespolymorphic"
"OG0005082_00"	-0.00836694369192752	0.588011457608482	0.923907944547226	"1e-05 to 1"	0.00181543331886421	-0.00398796532463086	174	"success"	"pgls5_castespolymorphic"
"OG0005083_00"	0.0104064584330978	0.393779280167413	0.711218694546928	"1e-05 to 1"	0.00457772669025709	-0.00120961210805537	174	"success"	"pgls5_castespolymorphic"
"OG0005084_00"	0.000730952343279958	0.929749190498574	0.835908851352967	"1e-05 to 1"	4.81240363204849e-05	-0.00576554966114262	174	"success"	"pgls5_castespolymorphic"
"OG0005085_00"	0.00116420617278043	0.876303125381578	1e-05	"1e-05 to 1"	0.000150948660979197	-0.0056621272188988	174	"success"	"pgls5_castespolymorphic"
"OG0005086_00"	-0.00482943818309624	0.692096823028097	1	"1e-05 to 1"	0.000982739355082333	-0.00482550053238806	174	"success"	"pgls5_castespolymorphic"
"OG0005087_00"	-0.0153562834780047	0.114452471233208	0.708488044746573	"1e-05 to 1"	0.0155970634128629	0.00987379052572845	174	"success"	"pgls5_castespolymorphic"
"OG0005088_00"	0.0119041048906797	0.243670339532352	1	"1e-05 to 1"	0.00843292751367317	0.00266800267363643	174	"success"	"pgls5_castespolymorphic"
"OG0005089_00"	-0.00327383901947395	0.436415406274126	0.743532704801021	"1e-05 to 1"	0.0037666329656128	-0.00202542149388951	174	"success"	"pgls5_castespolymorphic"
"OG0005090_00"	0.00826455995744752	0.0986988668697597	1e-05	"1e-05 to 1"	0.0170542724483012	0.0113394717067216	174	"success"	"pgls5_castespolymorphic"
"OG0005091_00"	0.0234133987636915	0.130197826960497	0.844870911472652	"1e-05 to 1"	0.0142555597860232	0.00852448745919776	174	"success"	"pgls5_castespolymorphic"
"OG0005092_00"	-0.00401540258712736	0.384014671218228	1e-05	"1e-05 to 1"	0.00471040154975279	-0.00107616588309756	174	"success"	"pgls5_castespolymorphic"
"OG0005093_00"	0.000376744148770187	0.977690764340139	0.968295860997034	"1e-05 to 1"	4.90273671939008e-06	-0.00580902224736946	174	"success"	"pgls5_castespolymorphic"
"OG0005094_00"	-0.00618697345632612	0.212544275389822	1e-05	"1e-05 to 1"	0.00988056943998694	0.00412406112277752	174	"success"	"pgls5_castespolymorphic"
"OG0005095_00"	0.00950243090864407	0.0834358498610803	1	"1e-05 to 1"	0.0348408884631623	0.0292294982798087	174	"success"	"pgls5_castespolymorphic"
"OG0005097_00"	-0.00464295829705624	0.695798555112392	1e-05	"1e-05 to 1"	0.000952062542210877	-0.00485635569882281	174	"success"	"pgls5_castespolymorphic"
"OG0005098_00"	-0.00257407834506346	0.736754287579153	0.59186853087127	"1e-05 to 1"	0.000708208902205676	-0.00510162709254902	174	"success"	"pgls5_castespolymorphic"
"OG0005099_00"	-0.0144814997757455	0.16709345656317	1	"1e-05 to 1"	0.0118961546754911	0.00615136487709267	174	"success"	"pgls5_castespolymorphic"
"OG0005100_00"	-0.0055855767292583	0.418732675954956	1e-05	"1e-05 to 1"	0.00416933697978091	-0.00162037617731325	174	"success"	"pgls5_castespolymorphic"
"OG0005101_00"	-0.00922249654023836	0.512252331488553	1	"1e-05 to 1"	0.00270586584002609	-0.00309235587020629	174	"success"	"pgls5_castespolymorphic"
"OG0005102_00"	-0.000524103801375959	0.944408184333772	1	"1e-05 to 1"	3.02943428355701e-05	-0.00578348301563625	174	"success"	"pgls5_castespolymorphic"
"OG0005103_00"	0.000393174392549841	0.940878075390297	1	"1e-05 to 1"	3.448598990209e-05	-0.00577926699852882	174	"success"	"pgls5_castespolymorphic"
"OG0005104_00"	-0.00391789911285477	0.705463923482541	1	"1e-05 to 1"	0.000895206263839721	-0.00491354253695198	174	"success"	"pgls5_castespolymorphic"
"OG0005105_00"	0.000198366118955948	0.970441390971027	0.494396855307294	"1e-05 to 1"	8.55475570162969e-06	-0.00580534899571883	174	"success"	"pgls5_castespolymorphic"
"OG0005106_00"	-0.00370029809587724	0.621408931276348	1	"1e-05 to 1"	0.00151841613099176	-0.00428670935661879	174	"success"	"pgls5_castespolymorphic"
"OG0005107_00"	0.00405323867627373	0.468085808590093	0.986145667442169	"1e-05 to 1"	0.00327492555012813	-0.00251998767341766	174	"success"	"pgls5_castespolymorphic"
"OG0005108_00"	0.00492988556573655	0.740319008993569	0.845205606761252	"1e-05 to 1"	0.000697191034410024	-0.00511270901771543	174	"success"	"pgls5_castespolymorphic"
"OG0005109_00"	0.0177652512344782	0.0131620496250484	1e-05	"1e-05 to 1"	0.0373473109212176	0.0317504929614573	174	"success"	"pgls5_castespolymorphic"
"OG0005110_00"	0.0390036908752644	0.00949817831119981	0.788024539369032	"1e-05 to 1"	0.0410439692897024	0.0354686435297589	174	"success"	"pgls5_castespolymorphic"
"OG0005111_00"	-0.00012708549141743	0.978199759592001	1e-05	"1e-05 to 1"	4.62354322309221e-06	-0.00580930306408378	174	"success"	"pgls5_castespolymorphic"
"OG0005112_00"	0.00293716827545339	0.633709836730695	1e-05	"1e-05 to 1"	0.0014049704906948	-0.00440081456459196	174	"success"	"pgls5_castespolymorphic"
"OG0005113_00"	0.00381946360174831	0.704452399694318	1e-05	"1e-05 to 1"	0.000890505697555657	-0.00491827043210979	174	"success"	"pgls5_castespolymorphic"
"OG0005114_00"	-0.0263157437384089	0.12997472142222	1	"1e-05 to 1"	0.0141837255475154	0.00845223557976849	174	"success"	"pgls5_castespolymorphic"
"OG0005115_00"	-0.00571236202749386	0.716042791303359	1	"1e-05 to 1"	0.00127758235028465	-0.00452894333372544	174	"success"	"pgls5_castespolymorphic"
"OG0005116_00"	0.00649549195345982	0.371323753484369	1e-05	"1e-05 to 1"	0.00499828062989685	-0.000786613087371046	174	"success"	"pgls5_castespolymorphic"
"OG0005117_00"	0.00725896337305604	0.517921245233473	1	"1e-05 to 1"	0.00260115038238111	-0.00319768013865152	174	"success"	"pgls5_castespolymorphic"
"OG0005118_00"	0.00354482541964053	0.565896944957429	1e-05	"1e-05 to 1"	0.0020642891330745	-0.00373766267429132	174	"success"	"pgls5_castespolymorphic"
"OG0005119_00"	0.00815531282908113	0.488157209778551	1	"1e-05 to 1"	0.00300852361855314	-0.00278793845343195	174	"success"	"pgls5_castespolymorphic"
"OG0005120_00"	0.0253193557777964	0.0252324749592689	1	"1e-05 to 1"	0.0311010098360795	0.0254678761723358	174	"success"	"pgls5_castespolymorphic"
"OG0005121_00"	0.00802253054601522	0.615774455415904	1	"1e-05 to 1"	0.00212305090714125	-0.00367855926200322	174	"success"	"pgls5_castespolymorphic"
"OG0005122_00"	0.0121510003415232	0.528337005961503	1	"1e-05 to 1"	0.00248960322826217	-0.00330987582273634	174	"success"	"pgls5_castespolymorphic"
"OG0005123_00"	0.0292269222515495	0.0814482761598003	1	"1e-05 to 1"	0.0187364717405792	0.013031451227443	174	"success"	"pgls5_castespolymorphic"
"OG0005124_00"	-0.00283453010606205	0.836281426828793	1	"1e-05 to 1"	0.000266039092675068	-0.00554636765678618	174	"success"	"pgls5_castespolymorphic"
"OG0005125_00"	-0.00774065396824288	0.470704478857149	0.966771709352126	"1e-05 to 1"	0.00338395838948277	-0.00241032092220617	174	"success"	"pgls5_castespolymorphic"
"OG0005126_00"	0.00227331671238283	0.600134364625413	0.902136117742436	"1e-05 to 1"	0.00172134949480887	-0.00408259614766315	174	"success"	"pgls5_castespolymorphic"
"OG0005127_00"	-0.00897068451375681	0.461987450202091	0.953016880609831	"1e-05 to 1"	0.00338655427528575	-0.00240770994404382	174	"success"	"pgls5_castespolymorphic"
"OG0005129_00"	0.0108831579780093	0.464030880052107	1	"1e-05 to 1"	0.00331431779955103	-0.00248036639928895	174	"success"	"pgls5_castespolymorphic"
"OG0005130_00"	0.00699665348629093	0.448237233858793	0.847761587849568	"1e-05 to 1"	0.00359916335856997	-0.00219386476143835	174	"success"	"pgls5_castespolymorphic"
"OG0005131_00"	0.00290330134709037	0.59260459720278	1	"1e-05 to 1"	0.00179333362024281	-0.00401019350987197	174	"success"	"pgls5_castespolymorphic"
"OG0005132_00"	-0.0018932795660333	0.779199571151901	1	"1e-05 to 1"	0.00050535517553534	-0.00530566020135104	174	"success"	"pgls5_castespolymorphic"
"OG0005133_00"	0.00615221869715819	0.504722117870624	0.852758480886747	"1e-05 to 1"	0.00275156979197959	-0.003046386197602	174	"success"	"pgls5_castespolymorphic"
"OG0005134_00"	-0.00730431020618085	0.49376027987722	0.662782863564069	"1e-05 to 1"	0.00295033323225321	-0.00284646715593118	174	"success"	"pgls5_castespolymorphic"
"OG0005135_00"	0.00248259762363596	0.730071951383063	0.560079584274499	"1e-05 to 1"	0.0007368490412895	-0.00507282044102864	174	"success"	"pgls5_castespolymorphic"
"OG0005136_00"	0.0378067842723035	0.00120877667647168	0.61801022894711	"1e-05 to 1"	0.0635735743485037	0.0581292346644833	174	"success"	"pgls5_castespolymorphic"
"OG0005137_00"	0.00391094340920864	0.712550261281917	1	"1e-05 to 1"	0.000845388993500103	-0.00496364944258421	174	"success"	"pgls5_castespolymorphic"
"OG0005138_00"	-0.00309779694664648	0.850825315799433	0.728296038373075	"1e-05 to 1"	0.000218975747958579	-0.00559370462559983	174	"success"	"pgls5_castespolymorphic"
"OG0005139_00"	0.0225881325393987	0.0569146494132453	0.946814165594126	"0.001 to 1"	0.0221960722893168	0.0165111657328594	174	"success"	"pgls5_castespolymorphic"
"OG0005140_00"	0.000841169734582966	0.820302217702819	1e-05	"1e-05 to 1"	0.000325497280668385	-0.00548656378165346	174	"success"	"pgls5_castespolymorphic"
"OG0005141_00"	-0.00283345595741195	0.629778567247968	1	"1e-05 to 1"	0.00147421319357498	-0.00433116928785782	174	"success"	"pgls5_castespolymorphic"
"OG0005142_00"	-0.019338442737196	0.0825106900690029	1e-05	"1e-05 to 1"	0.0188405077727502	0.0131360921202661	174	"success"	"pgls5_castespolymorphic"
"OG0005143_00"	-0.00228623131346267	0.377019259066058	1e-05	"1e-05 to 1"	0.00485046520714394	-0.000935287902116722	174	"success"	"pgls5_castespolymorphic"
"OG0005144_00"	0.00701500085398041	0.114400905192851	1e-05	"1e-05 to 1"	0.0154085671166351	0.00968419832080147	174	"success"	"pgls5_castespolymorphic"
"OG0005145_00"	0.0123898685872753	0.385199466931268	0.980787334413676	"1e-05 to 1"	0.00468703491423407	-0.00109966837114839	174	"success"	"pgls5_castespolymorphic"
"OG0005146_00"	0.000689164392413806	0.961849062447946	1	"1e-05 to 1"	1.43448345984103e-05	-0.00579952525357252	174	"success"	"pgls5_castespolymorphic"
"OG0005147_00"	-0.00423933135597017	0.605571772546923	1e-05	"1e-05 to 1"	0.0016601308724316	-0.00414417069226358	174	"success"	"pgls5_castespolymorphic"
"OG0005148_00"	-0.00363582946200169	0.402311739439678	1e-05	"1e-05 to 1"	0.00438784679994854	-0.00140059595121467	174	"success"	"pgls5_castespolymorphic"
"OG0005149_00"	0.0117128904281025	0.431193592337027	1	"1e-05 to 1"	0.00382919972164263	-0.00196249097765011	174	"success"	"pgls5_castespolymorphic"
"OG0005150_00"	0.00347253009017724	0.71119036356969	1	"1e-05 to 1"	0.000848495558991722	-0.00496052481566545	174	"success"	"pgls5_castespolymorphic"
"OG0005151_00"	0.00208845744189621	0.883138180070665	1	"1e-05 to 1"	0.000134611500422019	-0.00567855936294759	174	"success"	"pgls5_castespolymorphic"
"OG0005152_00"	0.00258263226833655	0.851329939035683	0.434448805150482	"1e-05 to 1"	0.000217479488497968	-0.00559520958424331	174	"success"	"pgls5_castespolymorphic"
"OG0005153_00"	-0.000172767393520088	0.982306426624336	0.815114407071043	"1e-05 to 1"	3.06439234324069e-06	-0.00581087127979441	174	"success"	"pgls5_castespolymorphic"
"OG0005154_00"	0.000249194861846789	0.96500215973463	1	"1e-05 to 1"	1.23016057414475e-05	-0.00580158036166711	174	"success"	"pgls5_castespolymorphic"
"OG0005155_00"	0.00899196277576914	0.516692077006442	0.946527395939585	"1e-05 to 1"	0.00264940999398411	-0.00314913994791133	174	"success"	"pgls5_castespolymorphic"
"OG0005156_00"	0.00851943895112613	0.227452514880602	1e-05	"1e-05 to 1"	0.00920631497206895	0.00344588657074385	174	"success"	"pgls5_castespolymorphic"
"OG0005157_00"	0.0025490972710838	0.833315657019458	0.405439638159848	"1e-05 to 1"	0.000275908496855098	-0.00553644087234928	174	"success"	"pgls5_castespolymorphic"
"OG0005158_00"	-0.000788095846117453	0.843775555391185	0.305454713211085	"1e-05 to 1"	0.000240435414162331	-0.00557212019389497	174	"success"	"pgls5_castespolymorphic"
"OG0005159_00"	0.00229193083991269	0.744038485026845	1e-05	"1e-05 to 1"	0.000664005485545014	-0.00514608750581824	174	"success"	"pgls5_castespolymorphic"
"OG0005160_00"	-0.00264546067068561	0.823146650290018	1e-05	"1e-05 to 1"	0.000313128689261654	-0.00549900428347527	174	"success"	"pgls5_castespolymorphic"
"OG0005161_00"	-0.00147092273438532	0.630372289607505	1	"1e-05 to 1"	0.00143275002936568	-0.00437287351697524	174	"success"	"pgls5_castespolymorphic"
"OG0005162_00"	-0.000458943815965689	0.636850537998361	1	"1e-05 to 1"	0.00139641396092232	-0.00440942084163054	174	"success"	"pgls5_castespolymorphic"
"OG0005163_00"	-0.0300203825517705	0.0122162451015997	1	"1e-05 to 1"	0.0386026676162402	0.033013148241916	174	"success"	"pgls5_castespolymorphic"
"OG0005164_00"	-0.0016454385976061	0.842083440244037	1e-05	"1e-05 to 1"	0.000248822242737597	-0.00556368460468826	174	"success"	"pgls5_castespolymorphic"
"OG0005165_00"	0.000683344186706261	0.950857164228879	0.68039194269416	"1e-05 to 1"	2.35185373424484e-05	-0.00579029821534749	174	"success"	"pgls5_castespolymorphic"
"OG0005166_00"	0.0071240574076361	0.523935053338975	1	"1e-05 to 1"	0.00251162766424459	-0.00328772333770733	174	"success"	"pgls5_castespolymorphic"
"OG0005167_00"	-0.00435688616644245	0.410968021303028	1	"1e-05 to 1"	0.00420294676889253	-0.00158657098245096	174	"success"	"pgls5_castespolymorphic"
"OG0005168_00"	0.0117230318153659	0.522591371945645	0.423043781241637	"1e-05 to 1"	0.00265947762432017	-0.00313901378484061	174	"success"	"pgls5_castespolymorphic"
"OG0005169_00"	0.00760566883405246	0.512932813825684	0.683935869885507	"1e-05 to 1"	0.00266359355641682	-0.00313487392290646	174	"success"	"pgls5_castespolymorphic"
"OG0005170_00"	-0.00130445104944716	0.721375758745757	1	"1e-05 to 1"	0.000787168085001095	-0.00502220884473714	174	"success"	"pgls5_castespolymorphic"
"OG0005171_00"	-0.00377098182716061	0.791667233917593	0.29187144916374	"1e-05 to 1"	0.000437351892716647	-0.00537405885209319	174	"success"	"pgls5_castespolymorphic"
"OG0005172_00"	0.004935190789381	0.616729265245967	1	"1e-05 to 1"	0.00154982020290147	-0.00425512270289552	174	"success"	"pgls5_castespolymorphic"
"OG0005173_00"	-0.0310398293114549	0.00535749553816434	1	"1e-05 to 1"	0.047166044599935	0.0416263123010975	174	"success"	"pgls5_castespolymorphic"
"OG0005174_00"	0.00212493220887063	0.878165282519044	1	"1e-05 to 1"	0.00014549643523365	-0.00566761114363112	174	"success"	"pgls5_castespolymorphic"
"OG0005175_00"	0.00550207460527881	0.153436843130961	1e-05	"1e-05 to 1"	0.0125382545491988	0.0067971978896012	174	"success"	"pgls5_castespolymorphic"
"OG0005176_00"	0.0166031439777633	0.00646875892199894	0.791291682650421	"1e-05 to 1"	0.0451468162739382	0.039595344275531	174	"success"	"pgls5_castespolymorphic"
"OG0005177_00"	0.00138414677103231	0.928278173875369	0.987194872235935	"1e-05 to 1"	5.04785302518524e-05	-0.00576318147829324	174	"success"	"pgls5_castespolymorphic"
"OG0005178_00"	-4.68093471943499e-05	0.994793653213053	1	"1e-05 to 1"	2.65286422807926e-07	-0.00581368665958637	174	"success"	"pgls5_castespolymorphic"
"OG0005179_00"	0.0170720703081678	0.126262144698952	0.896364534341099	"1e-05 to 1"	0.0145504638329539	0.0088211060645409	174	"success"	"pgls5_castespolymorphic"
"OG0005180_00"	-0.00313119092837161	0.534614283991784	0.455731287652195	"1e-05 to 1"	0.00242992093760972	-0.00336990510345059	174	"success"	"pgls5_castespolymorphic"
"OG0005181_00"	0.0161400379051347	0.0307858314898399	0.177862080115241	"1e-05 to 1"	0.0288229015245471	0.0231765230450386	174	"success"	"pgls5_castespolymorphic"
"OG0005182_00"	-0.0208117505724925	0.141384295884291	1e-05	"1e-05 to 1"	0.0138124565859125	0.00807880807769112	174	"success"	"pgls5_castespolymorphic"
"OG0005183_00"	0.0118685188947413	0.24006824663438	1e-05	"1e-05 to 1"	0.00878028611304403	0.00301738079974778	174	"success"	"pgls5_castespolymorphic"
"OG0005184_00"	0.00251053687525572	0.771654818316928	0.833908350708789	"1e-05 to 1"	0.000534599847703049	-0.00527624550201944	174	"success"	"pgls5_castespolymorphic"
"OG0005185_00"	0.000953195334499382	0.910084133866384	1e-05	"1e-05 to 1"	8.0461542595136e-05	-0.00573302414611065	174	"success"	"pgls5_castespolymorphic"
"OG0005186_00"	0.0177840054484509	0.433759535596599	0.971882324477762	"1e-05 to 1"	0.00381036915939838	-0.00198143101990755	174	"success"	"pgls5_castespolymorphic"
"OG0005187_00"	-0.00886312831086303	0.295713694883064	0.787207126278066	"1e-05 to 1"	0.00700695519785811	0.00123373982110142	174	"success"	"pgls5_castespolymorphic"
"OG0005188_00"	-0.00228029402907855	0.777624841464909	0.634167066460515	"1e-05 to 1"	0.000499926270966698	-0.00531112066931838	174	"success"	"pgls5_castespolymorphic"
"OG0005189_00"	-0.0102099997742019	0.276020274544719	0.856181227456811	"1e-05 to 1"	0.00745831185038462	0.00168772064021239	174	"success"	"pgls5_castespolymorphic"
"OG0005190_00"	0.00210542535609427	0.801238843414275	1	"1e-05 to 1"	0.00039478058089733	-0.00541687767153931	174	"success"	"pgls5_castespolymorphic"
"OG0005191_00"	-0.0169552618939168	0.0751340201351829	1e-05	"1e-05 to 1"	0.019539331088972	0.0138389783627451	174	"success"	"pgls5_castespolymorphic"
"OG0005192_00"	-0.0136812048833775	0.11797526410819	1	"1e-05 to 1"	0.015205933601127	0.00948038670345919	174	"success"	"pgls5_castespolymorphic"
"OG0005193_00"	0.0119059605381053	0.371325973274606	1	"1e-05 to 1"	0.00496717056252022	-0.000817904027232474	174	"success"	"pgls5_castespolymorphic"
"OG0005194_00"	-0.00641551705614903	0.39964240885997	0.905932417108228	"1e-05 to 1"	0.00441017007607367	-0.00137814288860039	174	"success"	"pgls5_castespolymorphic"
"OG0005195_00"	-0.000570191399062719	0.894660691424464	0.907264755440475	"1e-05 to 1"	0.000109228257558519	-0.00570409018280449	174	"success"	"pgls5_castespolymorphic"
"OG0005196_00"	-0.000682212882733216	0.946810528359857	0.899421552949086	"1e-05 to 1"	2.77288689626207e-05	-0.00578606340505505	174	"success"	"pgls5_castespolymorphic"
"OG0005197_00"	-0.00700040835808404	0.150350388864475	1e-05	"1e-05 to 1"	0.0127274487911908	0.00698749209811644	174	"success"	"pgls5_castespolymorphic"
"OG0005198_00"	0.00952385168769853	0.512169981254498	0.959914329814681	"1e-05 to 1"	0.00265670506604659	-0.00314180246263929	174	"success"	"pgls5_castespolymorphic"
"OG0005199_00"	-0.00514701019584902	0.472459429243641	1	"1e-05 to 1"	0.00321112679802329	-0.00258415734849993	174	"success"	"pgls5_castespolymorphic"
"OG0005200_00"	-0.000310685213868754	0.967959641913531	1	"1e-05 to 1"	1.00523780466924e-05	-0.00580384266626699	174	"success"	"pgls5_castespolymorphic"
"OG0005201_00"	-0.00681281681932964	0.333562830713601	1	"1e-05 to 1"	0.0057728110286692	-7.57960488506626e-06	174	"success"	"pgls5_castespolymorphic"
"OG0005202_00"	-0.00546209457828333	0.259267662285301	1	"1e-05 to 1"	0.00784924612299282	0.0020809277864986	174	"success"	"pgls5_castespolymorphic"
"OG0005203_00"	-0.0074713083002734	0.251216288504335	1e-05	"1e-05 to 1"	0.00811867814867347	0.00235192627744485	174	"success"	"pgls5_castespolymorphic"
"OG0005204_00"	-0.0107110677055066	0.291959555674655	0.772955528332175	"1e-05 to 1"	0.00689546724654834	0.00112160368402814	174	"success"	"pgls5_castespolymorphic"
"OG0005205_00"	-0.00200773209497692	0.465710983675898	1e-05	"1e-05 to 1"	0.00335166438760558	-0.00244280267990837	174	"success"	"pgls5_castespolymorphic"
"OG0005206_00"	0.0013205975511542	0.933273633803157	0.707002959569537	"1e-05 to 1"	4.39497905321276e-05	-0.00576974817580211	174	"success"	"pgls5_castespolymorphic"
"OG0005207_00"	0.0162607803208286	0.0347703609952923	0.794503703742065	"1e-05 to 1"	0.0273835834151401	0.0217288368070887	174	"success"	"pgls5_castespolymorphic"
"OG0005208_00"	-0.0206436838291764	0.337508207275528	1	"1e-05 to 1"	0.00578677189329584	6.46242755908411e-06	174	"success"	"pgls5_castespolymorphic"
"OG0005209_00"	0.0265398029662583	0.089160933418029	1	"1e-05 to 1"	0.0178415999640893	0.0121313767080665	174	"success"	"pgls5_castespolymorphic"
"OG0005210_00"	-0.00981146425726992	0.035570829158341	1	"1e-05 to 1"	0.0278322195393487	0.0221800812808567	174	"success"	"pgls5_castespolymorphic"
"OG0005211_00"	0.00137599182558486	0.805572479565273	1e-05	"1e-05 to 1"	0.000387052628228962	-0.00542465055416508	174	"success"	"pgls5_castespolymorphic"
"OG0005212_00"	0.00185629296932669	0.917364560735191	0.460306785028316	"1e-05 to 1"	6.70684240431982e-05	-0.00574649513163106	174	"success"	"pgls5_castespolymorphic"
"OG0005213_00"	-0.00301454999982924	0.783756511184129	1	"1e-05 to 1"	0.000469109827643669	-0.00534211627800962	174	"success"	"pgls5_castespolymorphic"
"OG0005214_00"	0.0068972818789011	0.24055171037539	1e-05	"1e-05 to 1"	0.00876232831645768	0.00299931859736735	174	"success"	"pgls5_castespolymorphic"
"OG0005215_00"	0.000220871577608729	0.970915288026034	1	"1e-05 to 1"	8.44028785852261e-06	-0.00580546412907257	174	"success"	"pgls5_castespolymorphic"
"OG0005216_00"	0.0224167238415414	0.00213032668185642	1e-05	"1e-05 to 1"	0.0577809173056621	0.0523028993830207	174	"success"	"pgls5_castespolymorphic"
"OG0005217_00"	-0.00658767428140381	0.595403886732935	0.57404012916956	"1e-05 to 1"	0.00175535678925395	-0.00404839113638999	174	"success"	"pgls5_castespolymorphic"
"OG0005218_00"	-0.00635531950673405	0.344203109245244	0.929363573279196	"1e-05 to 1"	0.00559375133165905	-0.00018768034664518	174	"success"	"pgls5_castespolymorphic"
"OG0005219_00"	-0.00287750279645835	0.599536940624361	1	"1e-05 to 1"	0.00172699219857783	-0.00407692063747689	174	"success"	"pgls5_castespolymorphic"
"OG0005220_00"	0.00407443382696091	0.635871389641395	0.76031987454102	"1e-05 to 1"	0.00141339317869236	-0.00439234290747792	174	"success"	"pgls5_castespolymorphic"
"OG0005221_00"	-0.00762105093793226	0.478115033864759	1	"1e-05 to 1"	0.0031300252053899	-0.00266573046202057	174	"success"	"pgls5_castespolymorphic"
"OG0005222_00"	-7.90832458801084e-05	0.994757042425723	1	"1e-05 to 1"	2.70717253022203e-07	-0.00581368119718162	174	"success"	"pgls5_castespolymorphic"
"OG0005223_00"	-0.0110637278783469	0.386051542859536	1	"1e-05 to 1"	0.00475903777562019	-0.00102724688847511	174	"success"	"pgls5_castespolymorphic"
"OG0005224_00"	-0.00172270287213965	0.902546811398474	1e-05	"1e-05 to 1"	9.3993320061136e-05	-0.00571941369551987	174	"success"	"pgls5_castespolymorphic"
"OG0005225_00"	-0.0269254259214258	0.0336080070335456	0.521577342540468	"1e-05 to 1"	0.0284344161417831	0.0227857790263283	174	"success"	"pgls5_castespolymorphic"
"OG0005226_00"	0.00337813334546038	0.641842017821952	1e-05	"1e-05 to 1"	0.00133867010326312	-0.00446750041939237	174	"success"	"pgls5_castespolymorphic"
"OG0005227_00"	-0.00277398804632151	0.900617836083805	1	"1e-05 to 1"	9.71614117420914e-05	-0.00571622718470133	174	"success"	"pgls5_castespolymorphic"
"OG0005228_00"	0.00191532363622138	0.866131498257384	1	"1e-05 to 1"	0.000175942146011027	-0.0056369884229075	174	"success"	"pgls5_castespolymorphic"
"OG0005229_00"	0.0155682211571053	0.277834084428834	0.437885857298532	"1e-05 to 1"	0.007642602901674	0.00187308315110224	174	"success"	"pgls5_castespolymorphic"
"OG0005230_00"	-0.0108778804212251	0.431975842521541	0.30755855224841	"1e-05 to 1"	0.00391296910685405	-0.00187823456112923	174	"success"	"pgls5_castespolymorphic"
"OG0005231_00"	-0.00174622001353079	0.802280668588143	1	"1e-05 to 1"	0.000390566327765994	-0.0054211164261424	174	"success"	"pgls5_castespolymorphic"
"OG0005232_00"	-0.000730075524112116	0.793154815841959	1	"1e-05 to 1"	0.00042830052295338	-0.00538316284609919	174	"success"	"pgls5_castespolymorphic"
"OG0005233_00"	-0.00353762196426576	0.563825036406772	1	"1e-05 to 1"	0.00207337843383125	-0.00372852052876271	174	"success"	"pgls5_castespolymorphic"
"OG0005234_00"	-0.0136717212658896	0.402981375332586	1	"1e-05 to 1"	0.00440294478657066	-0.00138541018560057	174	"success"	"pgls5_castespolymorphic"
"OG0005235_00"	0.0165443998036725	0.106447513936318	0.944286569751492	"1e-05 to 1"	0.0161066482530898	0.0103863380685147	174	"success"	"pgls5_castespolymorphic"
"OG0005236_00"	-0.00901115103572349	0.147909147713102	1e-05	"1e-05 to 1"	0.0128802049802966	0.00714113640460068	174	"success"	"pgls5_castespolymorphic"
"OG0005237_00"	0.0113883376209114	0.135634603856327	1	"1e-05 to 1"	0.0137782181867445	0.00804437061806285	174	"success"	"pgls5_castespolymorphic"
"OG0005238_00"	-0.00985240831584955	0.142735917656211	0.486841820672935	"1e-05 to 1"	0.0133780159890817	0.00764184166343684	174	"success"	"pgls5_castespolymorphic"
"OG0005239_00"	0.00336124373126697	0.352309861227096	1e-05	"1e-05 to 1"	0.00534242510316388	-0.000440467774143416	174	"success"	"pgls5_castespolymorphic"
"OG0005240_00"	0.00842472830464484	0.136386714335765	0.725386030411287	"1e-05 to 1"	0.0136413421404599	0.00790669878081141	174	"success"	"pgls5_castespolymorphic"
"OG0005241_00"	-0.0118912605091402	0.147554376337603	0.939819077389135	"1e-05 to 1"	0.0130633635700403	0.00732535986986627	174	"success"	"pgls5_castespolymorphic"
"OG0005242_00"	-0.000720690124776694	0.920162793568379	1e-05	"1e-05 to 1"	6.29806791084684e-05	-0.00575060664252458	174	"success"	"pgls5_castespolymorphic"
"OG0005243_00"	0.0146379055960912	0.501869006672117	0.962100810358885	"1e-05 to 1"	0.00280589684475705	-0.00299174328986629	174	"success"	"pgls5_castespolymorphic"
"OG0005244_00"	-0.00314192869600455	0.544219053090502	1	"1e-05 to 1"	0.00233234820879459	-0.00346804511557286	174	"success"	"pgls5_castespolymorphic"
"OG0005245_00"	-0.00306559635823841	0.568307155675726	1	"1e-05 to 1"	0.00202611569256316	-0.0037760580534103	174	"success"	"pgls5_castespolymorphic"
"OG0005246_00"	-0.00762804254145478	0.468421763426015	0.910786943289224	"0.1 to 1"	0.00329045858613276	-0.00250436432906409	174	"success"	"pgls5_castespolymorphic"
"OG0005247_00"	0.00835281615527896	0.380779449045842	1e-05	"1e-05 to 1"	0.00489646521212797	-0.000889020455243417	174	"success"	"pgls5_castespolymorphic"
"OG0005248_00"	-0.0131154004375541	0.264802281228879	0.990651252961403	"1e-05 to 1"	0.00776572051567392	0.00199691656518364	174	"success"	"pgls5_castespolymorphic"
"OG0005249_00"	-0.006766126906448	0.561350177423201	0.948728638013241	"1e-05 to 1"	0.00209978636156724	-0.00370195906656301	174	"success"	"pgls5_castespolymorphic"
"OG0005250_00"	-0.0137930868130373	0.425648724665448	1	"1e-05 to 1"	0.00392208974462752	-0.00186906089639227	174	"success"	"pgls5_castespolymorphic"
"OG0005251_00"	-0.00302483785719552	0.563349536795016	0.854953582662792	"1e-05 to 1"	0.00206557884555818	-0.00373636546347944	174	"success"	"pgls5_castespolymorphic"
"OG0005252_00"	-0.0070006974218196	0.370207823154527	1e-05	"1e-05 to 1"	0.00499038408138635	-0.000794555546047349	174	"success"	"pgls5_castespolymorphic"
"OG0005253_00"	-0.0058602145531557	0.138392520126163	1e-05	"1e-05 to 1"	0.0136719705689253	0.00793750528153536	174	"success"	"pgls5_castespolymorphic"
"OG0005254_00"	0.0102593455638662	0.0885037070719643	0.617234029003274	"1e-05 to 1"	0.0179145584495278	0.0122047593707461	174	"success"	"pgls5_castespolymorphic"
"OG0005255_00"	0.000855941790279583	0.916511069138406	1	"1e-05 to 1"	6.84660615414698e-05	-0.00574508936833329	174	"success"	"pgls5_castespolymorphic"
"OG0005256_00"	-0.000831864459636324	0.743271448849713	1	"1e-05 to 1"	0.000663999662418924	-0.00514609336279959	174	"success"	"pgls5_castespolymorphic"
"OG0005257_00"	0.0089370364630789	0.181239284980888	1e-05	"1e-05 to 1"	0.0113562273937812	0.00560829848327993	174	"success"	"pgls5_castespolymorphic"
"OG0005258_00"	-0.0144304745322768	0.259018397468504	0.494243054584023	"1e-05 to 1"	0.00795556453707832	0.00218786433089868	174	"success"	"pgls5_castespolymorphic"
"OG0005259_00"	-0.000385785586707963	0.972325405564384	1	"1e-05 to 1"	7.49855961865905e-06	-0.00580641133247672	174	"success"	"pgls5_castespolymorphic"
"OG0005260_00"	-0.012115211635625	0.397059201629008	1	"1e-05 to 1"	0.00451476096649562	-0.00127294391160615	174	"success"	"pgls5_castespolymorphic"
"OG0005261_00"	0.0209768113577713	0.346079753347166	1	"1e-05 to 1"	0.00551603216372357	-0.000265851370208292	174	"success"	"pgls5_castespolymorphic"
"OG0005262_00"	-0.00752245260747819	0.352022651010169	1	"1e-05 to 1"	0.00544974580669695	-0.000332523113031336	174	"success"	"pgls5_castespolymorphic"
"OG0005263_00"	0.0017975469036894	0.901239246790599	0.835615149822269	"1e-05 to 1"	9.71545607991608e-05	-0.00571623407547528	174	"success"	"pgls5_castespolymorphic"
"OG0005264_00"	0.0191765909701226	0.139775135868109	0.409604279592711	"1e-05 to 1"	0.0139241020561666	0.00819110264951639	174	"success"	"pgls5_castespolymorphic"
"OG0005265_00"	-0.0122209319100846	0.1845013601829	1e-05	"1e-05 to 1"	0.0110487542450005	0.00529903769991336	174	"success"	"pgls5_castespolymorphic"
"OG0005266_00"	0.026123898707789	0.265762970583607	0.630392841487078	"1e-05 to 1"	0.00768667817997161	0.00191741468101791	174	"success"	"pgls5_castespolymorphic"
"OG0005267_00"	0.00217992149950795	0.880644235430799	0.956877619001584	"1e-05 to 1"	0.000141342276031925	-0.00567178945492142	174	"success"	"pgls5_castespolymorphic"
"OG0005268_00"	0.014969940726993	4.36103702203816e-05	1	"1e-05 to 1"	0.0994460996421167	0.0942103211516638	174	"success"	"pgls5_castespolymorphic"
"OG0005269_00"	-0.004140252842923	0.632544380846388	1	"1e-05 to 1"	0.00143235851437674	-0.00437326730821397	174	"success"	"pgls5_castespolymorphic"
"OG0005270_00"	-0.00600167831434306	0.104834324507579	0.977868679422501	"1e-05 to 1"	0.0163562366043334	0.0106373775148236	174	"success"	"pgls5_castespolymorphic"
"OG0005271_00"	-0.00103216403227112	0.538135366371991	1	"1e-05 to 1"	0.00237338285048082	-0.00342677190038843	174	"success"	"pgls5_castespolymorphic"
"OG0005272_00"	0.00401192166169317	0.557660844874721	1	"1e-05 to 1"	0.00218027750096661	-0.00362099995542309	174	"success"	"pgls5_castespolymorphic"
"OG0005273_00"	-0.00128110745536307	0.781454129138744	1	"1e-05 to 1"	0.000485459356402383	-0.00532567169385101	174	"success"	"pgls5_castespolymorphic"
"OG0005274_00"	-0.0138007188597502	0.144684545350404	1	"1e-05 to 1"	0.0132493592826822	0.00751243695293025	174	"success"	"pgls5_castespolymorphic"
"OG0005275_00"	0.0278074689591168	0.079351322008288	0.438451391952572	"1e-05 to 1"	0.0189955089817313	0.0132919944990669	174	"success"	"pgls5_castespolymorphic"
"OG0005276_00"	-0.00689034459155611	0.285287480490174	0.62659650974703	"1e-05 to 1"	0.00708828145626225	0.00131553890658942	174	"success"	"pgls5_castespolymorphic"
"OG0005278_00"	0.00628164493829846	0.566646111085544	1e-05	"1e-05 to 1"	0.00209572257766334	-0.0037060464771177	174	"success"	"pgls5_castespolymorphic"
"OG0005279_00"	-7.78631451648197e-05	0.989183404888193	1	"1e-05 to 1"	1.14511798933384e-06	-0.00581280171272014	174	"success"	"pgls5_castespolymorphic"
"OG0005280_00"	-0.000534235497072788	0.966481846159106	1	"1e-05 to 1"	1.12827934947729e-05	-0.00580260509724062	174	"success"	"pgls5_castespolymorphic"
"OG0005281_00"	-0.0015223111987793	0.911345128087287	1	"1e-05 to 1"	7.77210316476472e-05	-0.00573578059026136	174	"success"	"pgls5_castespolymorphic"
"OG0005282_00"	0.0264863678534284	0.0714597449413374	1e-05	"1e-05 to 1"	0.0202905852994544	0.0145946003302653	174	"success"	"pgls5_castespolymorphic"
"OG0005283_00"	-0.0126594619689977	0.249905207996563	1e-05	"1e-05 to 1"	0.00847719969521828	0.00271253225158585	174	"success"	"pgls5_castespolymorphic"
"OG0005284_00"	-0.00434630989694636	0.445504405563951	1	"1e-05 to 1"	0.00368880226496894	-0.00210370469860677	174	"success"	"pgls5_castespolymorphic"
"OG0005285_00"	-0.000310341567209394	0.973718394070902	0.953075240981222	"1e-05 to 1"	6.89122682063734e-06	-0.00580702219627915	174	"success"	"pgls5_castespolymorphic"
"OG0005286_00"	-0.00478719054337766	0.341133000525242	1	"1e-05 to 1"	0.0056651647407106	-0.000115851743355044	174	"success"	"pgls5_castespolymorphic"
"OG0005287_00"	0.00310515388889248	0.657261582158545	1e-05	"1e-05 to 1"	0.00123350881119246	-0.00457327311432376	174	"success"	"pgls5_castespolymorphic"
"OG0005288_00"	0.0160491517295594	0.00947464434884138	1	"1e-05 to 1"	0.041070406803131	0.0354952347496608	174	"success"	"pgls5_castespolymorphic"
"OG0005289_00"	-0.000581830734536363	0.835035324718794	1	"1e-05 to 1"	0.000268490403614781	-0.00554390209403866	174	"success"	"pgls5_castespolymorphic"
"OG0005290_00"	0.000334155517462703	0.954698990639408	1	"1e-05 to 1"	1.99813002100125e-05	-0.00579385601781213	174	"success"	"pgls5_castespolymorphic"
"OG0005291_00"	0.0023450998328929	0.82427060840437	0.789705122801292	"1e-05 to 1"	0.000313020413116533	-0.00549911318913288	174	"success"	"pgls5_castespolymorphic"
"OG0005292_00"	0.00441909118849576	0.733568710551348	1	"1e-05 to 1"	0.000717138865427274	-0.00509264521093655	174	"success"	"pgls5_castespolymorphic"
"OG0005293_00"	-0.0127390684713155	0.279257644230869	0.967075363677573	"1e-05 to 1"	0.00726748923346251	0.00149578858947108	174	"success"	"pgls5_castespolymorphic"
"OG0005294_00"	0.00438582380335464	0.643330524665259	0.886548449851908	"1e-05 to 1"	0.00133500595580882	-0.00447118587002948	174	"success"	"pgls5_castespolymorphic"
"OG0005295_00"	0.00543462962050552	0.65709044247912	0.984081202011132	"1e-05 to 1"	0.00122713557856866	-0.00457968340062576	174	"success"	"pgls5_castespolymorphic"
"OG0005296_00"	0.00517178170119785	0.612737096763683	0.79428356073132	"1e-05 to 1"	0.00160502414155657	-0.00419959781110868	174	"success"	"pgls5_castespolymorphic"
"OG0005297_00"	-0.00971788388818805	0.381046489286095	1e-05	"1e-05 to 1"	0.00476938950776977	-0.00101683497183624	174	"success"	"pgls5_castespolymorphic"
"OG0005298_00"	0.00784688597671276	0.632645986215265	1e-05	"1e-05 to 1"	0.00143150393979768	-0.00437412685125005	174	"success"	"pgls5_castespolymorphic"
"OG0005299_00"	-0.0116384270015562	0.531655335223832	0.133752405322269	"1e-05 to 1"	0.00243456736654968	-0.00336523166038893	174	"success"	"pgls5_castespolymorphic"
"OG0005300_00"	-0.00898480011087431	0.664907804066036	0.816645705505808	"1e-05 to 1"	0.00116103184423874	-0.00464617145899227	174	"success"	"pgls5_castespolymorphic"
"OG0005301_00"	-0.00988488861867292	0.47217967555992	0.314619464774699	"1e-05 to 1"	0.003297219686349	-0.00249756392012568	174	"success"	"pgls5_castespolymorphic"
"OG0005302_00"	-0.0050805835578918	0.594555649583032	0.443067371718309	"1e-05 to 1"	0.00179701332556761	-0.00400649241091178	174	"success"	"pgls5_castespolymorphic"
"OG0005303_00"	-0.00561584441824663	0.754736692437811	1	"1e-05 to 1"	0.000611682113109356	-0.00519871508390746	174	"success"	"pgls5_castespolymorphic"
"OG0005304_00"	0.0102171947156886	0.388208724107797	1	"1e-05 to 1"	0.00462814064993993	-0.00115890504395577	174	"success"	"pgls5_castespolymorphic"
"OG0005305_00"	0.00277205134842627	0.647798639696047	1	"1e-05 to 1"	0.00129937753058661	-0.00450702143725867	174	"success"	"pgls5_castespolymorphic"
"OG0005306_00"	-0.00513876743588802	0.571870539190557	0.972352753433532	"1e-05 to 1"	0.00203983961987548	-0.00376225433582289	174	"success"	"pgls5_castespolymorphic"
"OG0005307_00"	0.00547781837777657	0.598385510645821	0.829388887627342	"1e-05 to 1"	0.00173790071844955	-0.00406594869597798	174	"success"	"pgls5_castespolymorphic"
"OG0005308_00"	-0.0162351792218517	0.114917666487662	1e-05	"1e-05 to 1"	0.0155574177986705	0.00983391441377912	174	"success"	"pgls5_castespolymorphic"
"OG0005309_00"	-0.00487072487394906	0.670818568317447	1	"1e-05 to 1"	0.00111792076006578	-0.00468953318900356	174	"success"	"pgls5_castespolymorphic"
"OG0005310_00"	0.00547869322929783	0.459979104720339	1	"1e-05 to 1"	0.00339573157582659	-0.00239847928710457	174	"success"	"pgls5_castespolymorphic"
"OG0005311_00"	0.00490688509005799	0.406445436323918	1	"1e-05 to 1"	0.00428468852628723	-0.00150435398228077	174	"success"	"pgls5_castespolymorphic"
"OG0005312_00"	-0.0135470994914185	0.167632093130586	1	"1e-05 to 1"	0.0117201139666193	0.00597430067572757	174	"success"	"pgls5_castespolymorphic"
"OG0005313_00"	0.00312289021703722	0.107505874258638	1e-05	"1e-05 to 1"	0.0160105353201456	0.0102896663394488	174	"success"	"pgls5_castespolymorphic"
"OG0005314_00"	0.0180833977437529	0.244491548011651	0.090426611559587	"1e-05 to 1"	0.00850931975519725	0.00274483905609946	174	"success"	"pgls5_castespolymorphic"
"OG0005315_00"	-0.00382519281783037	0.57188203873115	1	"1e-05 to 1"	0.00198893476577288	-0.0038134551483795	174	"success"	"pgls5_castespolymorphic"
"OG0005316_00"	0.0144476359403179	0.0791907602244266	1	"1e-05 to 1"	0.0188990217048099	0.0131949462496053	174	"success"	"pgls5_castespolymorphic"
"OG0005317_00"	-0.00638655519463372	0.387375990176337	1e-05	"1e-05 to 1"	0.00464437319537447	-0.00114257812325724	174	"success"	"pgls5_castespolymorphic"
"OG0005318_00"	0.000836941635784953	0.917430943448603	1e-05	"1e-05 to 1"	6.73801251088049e-05	-0.00574618161834994	174	"success"	"pgls5_castespolymorphic"
"OG0005319_00"	0.00197296873079952	0.86834147506989	1	"1e-05 to 1"	0.000172261488386061	-0.00564069047970484	174	"success"	"pgls5_castespolymorphic"
"OG0005320_00"	0.00682994755867349	0.504410702469902	0.982928657032771	"0.001 to 1"	0.00275558855649801	-0.0030423440681735	174	"success"	"pgls5_castespolymorphic"
"OG0005321_00"	-0.000984819188987749	0.920977562506208	1	"1e-05 to 1"	6.2086834343369e-05	-0.00575150568406158	174	"success"	"pgls5_castespolymorphic"
"OG0005322_00"	-0.00564959342812911	0.535932582837875	0.502744487013625	"1e-05 to 1"	0.00241429453428321	-0.00338562235795936	174	"success"	"pgls5_castespolymorphic"
"OG0005323_00"	0.00447336131621	0.165831759484693	1e-05	"1e-05 to 1"	0.0121177907178215	0.00637428950106467	174	"success"	"pgls5_castespolymorphic"
"OG0005324_00"	0.00415160356024212	0.655259061378976	1	"1e-05 to 1"	0.00127288114510605	-0.00453367187149212	174	"success"	"pgls5_castespolymorphic"
"OG0005325_00"	0.0236641971361045	0.0755040674771252	1e-05	"1e-05 to 1"	0.0199834620376289	0.0142856914680802	174	"success"	"pgls5_castespolymorphic"
"OG0005326_00"	0.00676152214193172	0.225456332523193	1e-05	"1e-05 to 1"	0.00905650208999116	0.00329520268353778	174	"success"	"pgls5_castespolymorphic"
"OG0005327_00"	-0.00254403626556201	0.748049487066441	1	"1e-05 to 1"	0.000642639802344383	-0.00516757740810725	174	"success"	"pgls5_castespolymorphic"
"OG0005328_00"	0.00463144975917797	0.671379916381086	1	"1e-05 to 1"	0.00112783558072158	-0.00467956072404174	174	"success"	"pgls5_castespolymorphic"
"OG0005329_00"	0.0186885651926679	0.0648464626946346	0.643398805689999	"1e-05 to 1"	0.0214109079467755	0.0157214364813498	174	"success"	"pgls5_castespolymorphic"
"OG0005330_00"	-0.0015122188142262	0.779958923506558	1	"1e-05 to 1"	0.000489213439464366	-0.00532189578472475	174	"success"	"pgls5_castespolymorphic"
"OG0005331_00"	-0.000238154118088847	0.967592049055022	1e-05	"1e-05 to 1"	1.0348964246371e-05	-0.00580354435572894	174	"success"	"pgls5_castespolymorphic"
"OG0005332_00"	0.0492738510631349	0.0181347048044991	0.364398684865448	"1e-05 to 1"	0.0341870730604379	0.0285718816247428	174	"success"	"pgls5_castespolymorphic"
"OG0005333_00"	0.0128095303313925	0.0805612844445887	1	"1e-05 to 1"	0.018962184561321	0.0132584763320264	174	"success"	"pgls5_castespolymorphic"
"OG0005334_00"	0.0184759887996275	0.00761699836133323	0.885148879970122	"1e-05 to 1"	0.0442074170398331	0.0386504834179716	174	"success"	"pgls5_castespolymorphic"
"OG0005335_00"	0.022835750531364	0.00203522736376205	1e-05	"1e-05 to 1"	0.0575739308927387	0.0520947095607197	174	"success"	"pgls5_castespolymorphic"
"OG0005336_00"	0.00574548176140071	0.508262305596821	1	"1e-05 to 1"	0.00272301799250864	-0.00307510399590716	174	"success"	"pgls5_castespolymorphic"
"OG0005337_00"	0.000889521043180236	0.938650412559022	1	"1e-05 to 1"	3.690755084317e-05	-0.00577683135874496	174	"success"	"pgls5_castespolymorphic"
"OG0005338_00"	-0.000443658122083119	0.966548018063997	1	"1e-05 to 1"	1.09581853740057e-05	-0.00580293159261802	174	"success"	"pgls5_castespolymorphic"
"OG0005339_00"	-0.00770601217226298	0.267863971581941	1	"1e-05 to 1"	0.00766728558732231	0.00189790934073697	174	"success"	"pgls5_castespolymorphic"
"OG0005340_00"	0.0155532434014315	0.0142245643611751	1e-05	"1e-05 to 1"	0.0372078986516377	0.0316102701554262	174	"success"	"pgls5_castespolymorphic"
"OG0005341_00"	-0.0129444410258071	0.141647076844001	1	"1e-05 to 1"	0.0133675207133458	0.00763128536865587	174	"success"	"pgls5_castespolymorphic"
"OG0005342_00"	-0.00227260254842976	0.402937820591942	1e-05	"1e-05 to 1"	0.00434900313008298	-0.00143966545636998	174	"success"	"pgls5_castespolymorphic"
"OG0005343_00"	0.00343647140276239	0.247999926861948	1e-05	"1e-05 to 1"	0.00822927382420597	0.002463164951091	174	"success"	"pgls5_castespolymorphic"
"OG0005344_00"	0.00278014797742437	0.736689636421618	1	"1e-05 to 1"	0.000699798387647687	-0.00511008650544742	174	"success"	"pgls5_castespolymorphic"
"OG0005345_00"	0.0336512304270001	0.0810427644707099	1	"1e-05 to 1"	0.0186707779401291	0.0129653754862926	174	"success"	"pgls5_castespolymorphic"
"OG0005346_00"	0.000662871283186805	0.960000981015451	1	"1e-05 to 1"	1.58689335548832e-05	-0.00579799229357558	174	"success"	"pgls5_castespolymorphic"
"OG0005347_00"	-0.00155199299785135	0.780923207902843	1	"1e-05 to 1"	0.000487882154717054	-0.00532323480949981	174	"success"	"pgls5_castespolymorphic"
"OG0005348_00"	-0.0105842106134562	0.0849759081579522	1e-05	"1e-05 to 1"	0.0183163846133349	0.0126089217331797	174	"success"	"pgls5_castespolymorphic"
"OG0005349_00"	-0.0029319464540013	0.723122836883527	0.1587097744388	"1e-05 to 1"	0.000786646890588669	-0.00502273306934975	174	"success"	"pgls5_castespolymorphic"
"OG0005350_00"	-0.00307795171591089	0.736531891951928	0.873140875880439	"1e-05 to 1"	0.000709451795786621	-0.0051003769728426	174	"success"	"pgls5_castespolymorphic"
"OG0005351_00"	0.00164385161348534	0.791677542708918	0.689932976745108	"1e-05 to 1"	0.000431893249467335	-0.00537954923164041	174	"success"	"pgls5_castespolymorphic"
"OG0005352_00"	0.0201198389843224	0.0633936366233301	0.454962908064723	"1e-05 to 1"	0.0212431503976389	0.0155527035976253	174	"success"	"pgls5_castespolymorphic"
"OG0005353_00"	-0.00572778017429562	0.293273330714223	0.951301062380422	"1e-05 to 1"	0.00681583819385439	0.00104151167172561	174	"success"	"pgls5_castespolymorphic"
"OG0005354_00"	-0.00425101147611926	0.788363874289166	0.952373615362023	"1e-05 to 1"	0.000448855177031424	-0.00536248868821843	174	"success"	"pgls5_castespolymorphic"
"OG0005355_00"	0.0148985510985587	0.200212747339689	0.584519774679146	"1e-05 to 1"	0.0102344736730947	0.00448002293863603	174	"success"	"pgls5_castespolymorphic"
"OG0005356_00"	-0.00474267497552945	0.660283760405685	1	"1e-05 to 1"	0.00122577541117492	-0.00458105147596943	174	"success"	"pgls5_castespolymorphic"
"OG0005357_00"	0.00492299176027552	0.624154472754582	1e-05	"1e-05 to 1"	0.00150401037383834	-0.00430119886817426	174	"success"	"pgls5_castespolymorphic"
"OG0005358_00"	0.00435383672744808	0.640987040715312	1	"1e-05 to 1"	0.00136240929824426	-0.0044436232058358	174	"success"	"pgls5_castespolymorphic"
"OG0005359_00"	0.00666904157801524	0.708017793252008	1	"1e-05 to 1"	0.000879012772310848	-0.00492983017668736	174	"success"	"pgls5_castespolymorphic"
"OG0005360_00"	0.00209999565848611	0.675988424437856	0.806390806716264	"1e-05 to 1"	0.00112268646386699	-0.00468473977762218	174	"success"	"pgls5_castespolymorphic"
"OG0005361_00"	-0.00295477571384218	0.726910111506229	1e-05	"1e-05 to 1"	0.000774094094467844	-0.00503535884684325	174	"success"	"pgls5_castespolymorphic"
"OG0005362_00"	0.0047765252561043	0.621208179250767	1	"1e-05 to 1"	0.00152016326848082	-0.00428495206135349	174	"success"	"pgls5_castespolymorphic"
"OG0005363_00"	0.00857740366249207	0.598881533689558	0.913185070676987	"1e-05 to 1"	0.00172240677602773	-0.00408153271946055	174	"success"	"pgls5_castespolymorphic"
"OG0005364_00"	-0.00561101962574156	0.790131490961647	1	"1e-05 to 1"	0.000635042229137859	-0.00517521915325081	174	"success"	"pgls5_castespolymorphic"
"OG0005365_00"	0.00380499302357837	0.670535172320428	1	"1e-05 to 1"	0.00113400113002074	-0.00467335932852575	174	"success"	"pgls5_castespolymorphic"
"OG0005366_00"	-0.000638647191685515	0.797717164185374	1	"1e-05 to 1"	0.000411769180555955	-0.00539979030095239	174	"success"	"pgls5_castespolymorphic"
"OG0005367_00"	-0.0161637952487251	0.273390784826053	1	"1e-05 to 1"	0.00744656671595656	0.00167590722011901	174	"success"	"pgls5_castespolymorphic"
"OG0005368_00"	-0.00118611130927192	0.831344614045651	1e-05	"1e-05 to 1"	0.000284342850920079	-0.00552795748134205	174	"success"	"pgls5_castespolymorphic"
"OG0005369_00"	0.0108612117573399	0.238644106535751	0.981810649770491	"1e-05 to 1"	0.00866801736013911	0.00290445932153527	174	"success"	"pgls5_castespolymorphic"
"OG0005370_00"	-0.00125321850190027	0.33748947610668	1	"1e-05 to 1"	0.0057872193280125	6.91246364048492e-06	174	"success"	"pgls5_castespolymorphic"
"OG0005371_00"	-0.00941188459335573	0.535249387031877	0.956738479740051	"1e-05 to 1"	0.00240721517938979	-0.00339274287189273	174	"success"	"pgls5_castespolymorphic"
"OG0005372_00"	-0.00754740914854834	0.517572107488467	0.968798885278361	"1e-05 to 1"	0.00258937464926396	-0.00320952433533339	174	"success"	"pgls5_castespolymorphic"
"OG0005373_00"	-0.0039004803462901	0.710817504975502	0.671367176046092	"1e-05 to 1"	0.000850790106434388	-0.00495821692783061	174	"success"	"pgls5_castespolymorphic"
"OG0005374_00"	-0.00040856692601394	0.959007312222024	0.494614619373934	"1e-05 to 1"	1.64601705947726e-05	-0.00579739761911124	174	"success"	"pgls5_castespolymorphic"
"OG0005375_00"	-0.014824943824934	0.178821626112459	1e-05	"1e-05 to 1"	0.0111977433919981	0.00544889306288177	174	"success"	"pgls5_castespolymorphic"
"OG0005376_00"	0.000467844054549104	0.939007112819985	1	"1e-05 to 1"	3.64787926204458e-05	-0.00577726260974809	174	"success"	"pgls5_castespolymorphic"
"OG0005377_00"	0.00545601251853953	0.552918185138703	0.940083007444108	"1e-05 to 1"	0.00219144773089384	-0.00360976478229857	174	"success"	"pgls5_castespolymorphic"
"OG0005378_00"	-0.00797659211041055	0.168595097093512	1e-05	"1e-05 to 1"	0.0116674776156372	0.00592135829944906	174	"success"	"pgls5_castespolymorphic"
"OG0005379_00"	0.018126848033324	0.220840621364962	0.868353954536912	"1e-05 to 1"	0.00929540386221704	0.00353549341955539	174	"success"	"pgls5_castespolymorphic"
"OG0005380_00"	0.000969457140564157	0.897024982550644	1e-05	"1e-05 to 1"	0.000105007433259629	-0.00570833554677974	174	"success"	"pgls5_castespolymorphic"
"OG0005381_00"	0.00504049837616926	0.558692663144778	1	"1e-05 to 1"	0.00212839219963126	-0.00367318691548713	174	"success"	"pgls5_castespolymorphic"
"OG0005382_00"	0.0186410407715924	0.241794678783733	0.456390839401119	"1e-05 to 1"	0.00850005762406863	0.00273552307537128	174	"success"	"pgls5_castespolymorphic"
"OG0005383_00"	-0.000151666207777654	0.986776777881041	1e-05	"1e-05 to 1"	1.72215022115445e-06	-0.00581222132564974	174	"success"	"pgls5_castespolymorphic"
"OG0005384_00"	0.00164909929300946	0.86235823689084	1	"1e-05 to 1"	0.000188433982278266	-0.00562442395968521	174	"success"	"pgls5_castespolymorphic"
"OG0005385_00"	0.00309262381735471	0.698135303692207	1	"1e-05 to 1"	0.000930948476814124	-0.00487759252041386	174	"success"	"pgls5_castespolymorphic"
"OG0005386_00"	0.00439564313586789	0.590390279694682	1e-05	"1e-05 to 1"	0.00180356565893513	-0.00399990198258271	174	"success"	"pgls5_castespolymorphic"
"OG0005387_00"	0.0277401400953678	0.0130506325094346	0.786339852232637	"1e-05 to 1"	0.0378973338227058	0.0323037136705122	174	"success"	"pgls5_castespolymorphic"
"OG0005388_00"	0.0169930985673459	0.103188139253048	1e-05	"1e-05 to 1"	0.0229254095772696	0.0172447433538816	174	"success"	"pgls5_castespolymorphic"
"OG0005389_00"	-0.00908866443984038	0.289971765524163	0.869612305645106	"1e-05 to 1"	0.00699575907602015	0.00122247860553182	174	"success"	"pgls5_castespolymorphic"
"OG0005390_00"	-8.25587991081533e-05	0.973828206396879	1	"1e-05 to 1"	6.79062503387984e-06	-0.00580712338296019	174	"success"	"pgls5_castespolymorphic"
"OG0005391_00"	-0.00655358069499243	0.40836024811714	0.945043146397683	"1e-05 to 1"	0.00427650656729337	-0.00151258351080386	174	"success"	"pgls5_castespolymorphic"
"OG0005392_00"	-0.00874140716299573	0.392140177193279	0.917566029869431	"1e-05 to 1"	0.00455216782012067	-0.00123531957627399	174	"success"	"pgls5_castespolymorphic"
"OG0005393_00"	0.034361010416953	0.0141730065732584	0.67698778577738	"1e-05 to 1"	0.0367913437737427	0.0311912934468459	174	"success"	"pgls5_castespolymorphic"
"OG0005394_00"	-0.00966092907830448	0.34698685139291	1e-05	"1e-05 to 1"	0.00552973487907765	-0.000252068987904419	174	"success"	"pgls5_castespolymorphic"
"OG0005395_00"	-0.00387988605213084	0.537036635472134	0.957957121301972	"1e-05 to 1"	0.00235670877674684	-0.00344354291641147	174	"success"	"pgls5_castespolymorphic"
"OG0005396_00"	-0.00239667937385731	0.403141048953988	1e-05	"1e-05 to 1"	0.00434525465298494	-0.0014434357269395	174	"success"	"pgls5_castespolymorphic"
"OG0005397_00"	-0.00297499349154196	0.83227170760075	0.906678899016203	"1e-05 to 1"	0.000279427175189411	-0.00553290173658283	174	"success"	"pgls5_castespolymorphic"
"OG0005398_00"	-0.0103353079907948	0.1419392803081	1e-05	"1e-05 to 1"	0.0133480577744714	0.00761170927316024	174	"success"	"pgls5_castespolymorphic"
"OG0005399_00"	0.00278431731211602	0.796820913807251	1	"1e-05 to 1"	0.000412918930698168	-0.00539863386621642	174	"success"	"pgls5_castespolymorphic"
"OG0005400_00"	0.0046100699827378	0.756380095445631	1e-05	"1e-05 to 1"	0.000599490243792689	-0.00521097783618529	174	"success"	"pgls5_castespolymorphic"
"OG0005401_00"	-0.0146093794777593	0.344927894424242	0.915826299863685	"1e-05 to 1"	0.00554236601177914	-0.000239364418384902	174	"success"	"pgls5_castespolymorphic"
"OG0005402_00"	0.00503054065062891	0.551764229838201	0.653786986543579	"1e-05 to 1"	0.00220419750601121	-0.00359694088058182	174	"success"	"pgls5_castespolymorphic"
"OG0005403_00"	-0.000568082889258018	0.95294923355387	1	"1e-05 to 1"	2.15564807921205e-05	-0.00579227167920338	174	"success"	"pgls5_castespolymorphic"
"OG0005404_00"	0.00875212083564599	0.27413482520744	1	"1e-05 to 1"	0.00737779577728285	0.00160673645040643	174	"success"	"pgls5_castespolymorphic"
"OG0005405_00"	-0.000226491682518587	0.984274751136955	1	"1e-05 to 1"	2.40544836018356e-06	-0.00581153405484702	174	"success"	"pgls5_castespolymorphic"
"OG0005406_00"	-0.000704946620137105	0.769762516636921	1	"1e-05 to 1"	0.000530289120039478	-0.00528058129205333	174	"success"	"pgls5_castespolymorphic"
"OG0005407_00"	-0.021578279918648	0.292229667598253	0.950447145518057	"1e-05 to 1"	0.00684527716356453	0.00107112179823643	174	"success"	"pgls5_castespolymorphic"
"OG0005408_00"	-0.0270346504839198	0.157394650280685	0.950751626988936	"1e-05 to 1"	0.0123779849148342	0.00663599645503665	174	"success"	"pgls5_castespolymorphic"
"OG0005409_00"	0.0169894746132183	0.476854277584299	0.83569982084201	"1e-05 to 1"	0.0031285081587804	-0.00266725632866871	174	"success"	"pgls5_castespolymorphic"
"OG0005410_00"	-0.00414350792637979	0.519884908010295	1	"1e-05 to 1"	0.00257685700286929	-0.0032221147587419	174	"success"	"pgls5_castespolymorphic"
"OG0005411_00"	0.00979598499777692	0.324634153641038	1	"1e-05 to 1"	0.00598928892864659	0.000210156887534008	174	"success"	"pgls5_castespolymorphic"
"OG0005412_00"	-0.01060729704164	0.325719366403535	1	"1e-05 to 1"	0.00611352518703063	0.000335115449746071	174	"success"	"pgls5_castespolymorphic"
"OG0005413_00"	0.00802997390455425	0.420004653005648	0.931538600985717	"1e-05 to 1"	0.00412036549755482	-0.00166963237745943	174	"success"	"pgls5_castespolymorphic"
"OG0005414_00"	-0.00283471064372471	0.665860888074238	1	"1e-05 to 1"	0.00133588634482471	-0.00447030036247265	174	"success"	"pgls5_castespolymorphic"
"OG0005415_00"	-0.0115257419684716	0.420560378441116	0.918735251250358	"1e-05 to 1"	0.0040338666393115	-0.00175663413604132	174	"success"	"pgls5_castespolymorphic"
"OG0005416_00"	-0.00483779598562675	0.38557378567185	1	"1e-05 to 1"	0.00473858233585682	-0.00104782125521385	174	"success"	"pgls5_castespolymorphic"
"OG0005417_00"	0.00395886555947165	0.5583062336879	1e-05	"1e-05 to 1"	0.00213257336098939	-0.00366898144505146	174	"success"	"pgls5_castespolymorphic"
"OG0005418_00"	-0.0116796920144482	0.538935344740491	0.990416469624255	"0.001 to 1"	0.0023493511077688	-0.00345094336253493	174	"success"	"pgls5_castespolymorphic"
"OG0005419_00"	0.0235549065768992	0.00120671462333011	0.405799132138647	"1e-05 to 1"	0.0635920925283067	0.0581478605081224	174	"success"	"pgls5_castespolymorphic"
"OG0005420_00"	-0.00271682261099924	0.85052470881354	1e-05	"1e-05 to 1"	0.000226893321476731	-0.00558574101967757	174	"success"	"pgls5_castespolymorphic"
"OG0005421_00"	-0.00996248409227689	0.26694286151813	0.806143841643927	"1e-05 to 1"	0.00764898249858608	0.00187949983869407	174	"success"	"pgls5_castespolymorphic"
"OG0005422_00"	-0.00130074315664373	0.892697379348194	1e-05	"1e-05 to 1"	0.00011479291552496	-0.00569849317217552	174	"success"	"pgls5_castespolymorphic"
"OG0005423_00"	0.00394741295908231	0.700233199069823	1e-05	"1e-05 to 1"	0.000923116515251772	-0.00488547001663631	174	"success"	"pgls5_castespolymorphic"
"OG0005424_00"	-0.00498037268228611	0.56027943710139	1e-05	"1e-05 to 1"	0.00211128083966801	-0.00369039776010127	174	"success"	"pgls5_castespolymorphic"
"OG0005425_00"	-0.000433378732544995	0.957606979726905	1	"1e-05 to 1"	1.78271644597449e-05	-0.00579602267760726	174	"success"	"pgls5_castespolymorphic"
"OG0005426_00"	0.0242949567320673	0.00958453077919375	0.855438501685473	"1e-05 to 1"	0.040947528302581	0.0353716418392239	174	"success"	"pgls5_castespolymorphic"
"OG0005427_00"	-0.00203518173281127	0.395727332460346	1e-05	"1e-05 to 1"	0.00448379058026251	-0.00130409435822454	174	"success"	"pgls5_castespolymorphic"
"OG0005428_00"	-0.00743324458727447	0.195500926766119	1	"1e-05 to 1"	0.0105162758320678	0.00476346348225409	174	"success"	"pgls5_castespolymorphic"
"OG0005430_00"	-0.0204515227439359	0.135836572903966	0.771095304441796	"1e-05 to 1"	0.0138497897084809	0.00811635825329771	174	"success"	"pgls5_castespolymorphic"
"OG0005431_00"	-0.00517044335372691	0.593365868566965	0.886121826396724	"1e-05 to 1"	0.00177485250619537	-0.00402878207225688	174	"success"	"pgls5_castespolymorphic"
"OG0005432_00"	-0.00698243299516066	0.375272041638169	1	"1e-05 to 1"	0.00488601822912864	-0.000899528176516062	174	"success"	"pgls5_castespolymorphic"
"OG0005433_00"	-0.0077762152585591	0.500225685546216	1e-05	"1e-05 to 1"	0.00282749069450711	-0.00297002389447831	174	"success"	"pgls5_castespolymorphic"
"OG0005434_00"	-0.00502968410219214	0.225036148855771	0.689266970476981	"1e-05 to 1"	0.00907285116008452	0.00331164680636409	174	"success"	"pgls5_castespolymorphic"
"OG0005435_00"	-0.000319829338448549	0.958117390845114	1	"1e-05 to 1"	1.74000825294919e-05	-0.00579645224257219	174	"success"	"pgls5_castespolymorphic"
"OG0005436_00"	-0.00546754993621681	0.274652342827759	1	"1e-05 to 1"	0.00740765716095485	0.00163677144677443	174	"success"	"pgls5_castespolymorphic"
"OG0005437_00"	-0.00071341446600288	0.915028394894013	1	"1e-05 to 1"	7.13733397770469e-05	-0.00574216518731729	174	"success"	"pgls5_castespolymorphic"
"OG0005438_00"	-7.76114981932227e-05	0.996412362880414	1	"1e-05 to 1"	1.32576825240965e-07	-0.00581382014075138	174	"success"	"pgls5_castespolymorphic"
"OG0005439_00"	0.00276135883853217	0.59577185654678	1e-05	"1e-05 to 1"	0.00177393699006555	-0.00402970291115512	174	"success"	"pgls5_castespolymorphic"
"OG0005442_00"	-0.0102434322197158	0.383111482461397	0.984592309777168	"1e-05 to 1"	0.00478780188506862	-0.000998315545832185	174	"success"	"pgls5_castespolymorphic"
"OG0005443_00"	0.00250919203780615	0.658297825712742	1e-05	"1e-05 to 1"	0.00121792978247525	-0.00458894271878929	174	"success"	"pgls5_castespolymorphic"
"OG0005444_00"	-0.0158870496270212	0.200181857964381	1	"1e-05 to 1"	0.0101097565659032	0.00435458073198403	174	"success"	"pgls5_castespolymorphic"
"OG0005445_00"	0.0243227351318171	0.127228307772063	0.957444381854815	"1e-05 to 1"	0.0143875916979324	0.00865728699850177	174	"success"	"pgls5_castespolymorphic"
"OG0005446_00"	0.0027274118571681	0.767889335561644	1	"1e-05 to 1"	0.000542565089589843	-0.00526823395058695	174	"success"	"pgls5_castespolymorphic"
"OG0005447_00"	0.00148737480944508	0.873538014065357	0.870626982231843	"1e-05 to 1"	0.000159821418281401	-0.00565320287579829	174	"success"	"pgls5_castespolymorphic"
"OG0005448_00"	-0.00166085097875947	0.909642208951179	0.986110505637382	"1e-05 to 1"	8.12577828525539e-05	-0.00573222327654954	174	"success"	"pgls5_castespolymorphic"
"OG0005449_00"	-0.00318015884708576	0.812753160397845	1e-05	"1e-05 to 1"	0.000351724049765948	-0.00546018453134001	174	"success"	"pgls5_castespolymorphic"
"OG0005450_00"	-0.00202774676133922	0.783809160851951	1	"1e-05 to 1"	0.000477804399828263	-0.00533337115598664	174	"success"	"pgls5_castespolymorphic"
"OG0005451_00"	-0.0115434407269484	0.225107199994055	1e-05	"1e-05 to 1"	0.00912633601350382	0.00336544261823346	174	"success"	"pgls5_castespolymorphic"
"OG0005452_00"	0.0118518637788664	0.0585808138268917	1e-05	"1e-05 to 1"	0.0221771989109191	0.0164921826255174	174	"success"	"pgls5_castespolymorphic"
"OG0005453_00"	0.0172279580332899	0.0494984356474466	0.962741634620991	"1e-05 to 1"	0.0240488476916851	0.0183747130852414	174	"success"	"pgls5_castespolymorphic"
"OG0005454_00"	-0.00890239119092468	0.587656001879805	1	"1e-05 to 1"	0.00183021229222986	-0.00397310042700139	174	"success"	"pgls5_castespolymorphic"
"OG0005455_00"	0.0114810456474441	0.512398287753193	0.959960638932289	"1e-05 to 1"	0.0026870664099912	-0.00311126459925304	174	"success"	"pgls5_castespolymorphic"
"OG0005456_00"	0.00273075057760186	0.440712840178458	1	"1e-05 to 1"	0.00371984866904964	-0.00207247779217679	174	"success"	"pgls5_castespolymorphic"
"OG0005457_00"	-0.00470956775289903	0.601617479065263	1e-05	"1e-05 to 1"	0.00168626600421401	-0.00411788361204035	174	"success"	"pgls5_castespolymorphic"
"OG0005459_00"	0.00529114720450639	0.696015834689469	0.805915664806178	"1e-05 to 1"	0.000968730643961547	-0.00483959068950379	174	"success"	"pgls5_castespolymorphic"
"OG0005460_00"	0.00389163597058037	0.139734030789568	1	"1e-05 to 1"	0.0134960591347867	0.00776057110650052	174	"success"	"pgls5_castespolymorphic"
"OG0005461_00"	0.00725455133861691	0.645787658707288	0.939575706941278	"1e-05 to 1"	0.00132358192522237	-0.00448267631939836	174	"success"	"pgls5_castespolymorphic"
"OG0005462_00"	0.0122223788461609	0.281116522999623	0.937975718878032	"1e-05 to 1"	0.00716723526721901	0.00139495175133064	174	"success"	"pgls5_castespolymorphic"
"OG0005463_00"	-0.00592515276007461	0.24095589869923	1e-05	"1e-05 to 1"	0.00858353212711576	0.00281948289529665	174	"success"	"pgls5_castespolymorphic"
"OG0005464_00"	0.00864230765482438	0.140417623743515	1e-05	"1e-05 to 1"	0.0135336552388758	0.00779838579259018	174	"success"	"pgls5_castespolymorphic"
"OG0005465_00"	7.30602551835711e-05	0.981396085213749	1e-05	"1e-05 to 1"	3.38789073001025e-06	-0.00581054590060304	174	"success"	"pgls5_castespolymorphic"
"OG0005466_00"	0.00399123944333747	0.525963458407867	1e-05	"1e-05 to 1"	0.00250266909909363	-0.0032967339875396	174	"success"	"pgls5_castespolymorphic"
"OG0005467_00"	-0.0291124267843379	0.0390204955242814	0.620740673158244	"1e-05 to 1"	0.0265185315082239	0.0208587555286205	174	"success"	"pgls5_castespolymorphic"
"OG0005468_00"	0.00206713364920333	0.892936111474748	0.469593720891528	"1e-05 to 1"	0.000112855676404636	-0.00570044167431383	174	"success"	"pgls5_castespolymorphic"
"OG0005470_00"	0.00823474397725888	0.314486948547538	1	"1e-05 to 1"	0.00683571404283217	0.00106150307796493	174	"success"	"pgls5_castespolymorphic"
"OG0005471_00"	0.00193521893159076	0.862183370315875	0.726612722193064	"1e-05 to 1"	0.000187740936818166	-0.00562512103447932	174	"success"	"pgls5_castespolymorphic"
"OG0005472_00"	0.0110530022104613	0.0860692122619602	1e-05	"1e-05 to 1"	0.0185332083735881	0.0128270060966903	174	"success"	"pgls5_castespolymorphic"
"OG0005473_00"	0.0020725607939548	0.10317587070186	1e-05	"1e-05 to 1"	0.0166157931925254	0.0108984431529471	174	"success"	"pgls5_castespolymorphic"
"OG0005474_00"	-0.0103435720626266	0.331686233330247	0.799057815380852	"1e-05 to 1"	0.00585380952795692	7.38898159101664e-05	174	"success"	"pgls5_castespolymorphic"
"OG0005475_00"	0.00251952723594384	0.886057295316039	0.870913218350308	"1e-05 to 1"	0.000137337113203801	-0.00567581790357985	174	"success"	"pgls5_castespolymorphic"
"OG0005476_00"	-0.00434464903632132	0.282243484885591	1e-05	"1e-05 to 1"	0.00722298898725303	0.00145102962089982	174	"success"	"pgls5_castespolymorphic"
"OG0005477_00"	0.000731248228555199	0.948024621172989	1	"1e-05 to 1"	2.64756908122571e-05	-0.00578732386912484	174	"success"	"pgls5_castespolymorphic"
"OG0005481_00"	-0.011037467637105	0.332440214371107	1	"1e-05 to 1"	0.00587211312577192	9.22998299914823e-05	174	"success"	"pgls5_castespolymorphic"
"OG0005482_00"	-0.00384023462738892	0.392326648974239	1	"1e-05 to 1"	0.00523152130070971	-0.000552016366146546	174	"success"	"pgls5_castespolymorphic"
"OG0005483_00"	-0.00317176984420258	0.75728391831537	1	"1e-05 to 1"	0.000598636247008016	-0.00521183679806736	174	"success"	"pgls5_castespolymorphic"
"OG0005484_00"	-0.109755532751985	0.00701332493381601	1	"1e-05 to 1"	0.0453877170809048	0.0398376456685845	174	"success"	"pgls5_castespolymorphic"
"OG0005485_00"	0.00297604220410835	0.836369253403176	0.841809861235551	"1e-05 to 1"	0.000265749682714765	-0.00554665874936244	174	"success"	"pgls5_castespolymorphic"
"OG0005487_00"	0.0016548887155821	0.950826081895397	0.817441708651746	"1e-05 to 1"	4.29714868716151e-05	-0.00577073216727442	174	"success"	"pgls5_castespolymorphic"
"OG0005488_00"	0.0429164827916926	0.00718039098553858	1	"1e-05 to 1"	0.0440302783201074	0.0384723148219684	174	"success"	"pgls5_castespolymorphic"
"OG0005489_00"	0.000460266181059786	0.975388585121674	1e-05	"1e-05 to 1"	6.20038679614728e-06	-0.00580771705281569	174	"success"	"pgls5_castespolymorphic"
"OG0005490_00"	-0.0015309130866921	0.565929926306961	1e-05	"1e-05 to 1"	0.00210346124072453	-0.00369826282182917	174	"success"	"pgls5_castespolymorphic"
"OG0005491_00"	0.00492658420019492	0.418286301481912	1e-05	"1e-05 to 1"	0.0054219129200916	-0.00036051781874491	174	"success"	"pgls5_castespolymorphic"
"OG0005492_00"	-0.00632525132725603	0.41250221617808	1e-05	"1e-05 to 1"	0.00445233656836837	-0.00133573124228059	174	"success"	"pgls5_castespolymorphic"
"OG0005493_00"	-6.81750984050118e-05	0.991645141089583	0.765758028412656	"1e-05 to 1"	6.91802956417339e-07	-0.00581325766330543	174	"success"	"pgls5_castespolymorphic"
"OG0005494_00"	0.0026022289757139	0.580966542880694	1	"1e-05 to 1"	0.00207751634913749	-0.00372435855580955	174	"success"	"pgls5_castespolymorphic"
"OG0005495_00"	-0.000434398137060456	0.94348793193486	1e-05	"1e-05 to 1"	3.15035721772139e-05	-0.00578226675589155	174	"success"	"pgls5_castespolymorphic"
"OG0005496_00"	0.0102741274089117	0.363548808142368	0.988230912366763	"1e-05 to 1"	0.00547063683240636	-0.000311510627870382	174	"success"	"pgls5_castespolymorphic"
"OG0005497_00"	0.0215126375168926	0.0832406999368858	0.961181943705379	"1e-05 to 1"	0.0185206406104425	0.0128143652651543	174	"success"	"pgls5_castespolymorphic"
"OG0005498_00"	-0.0114285716304107	0.480211018060674	0.898081325669294	"1e-05 to 1"	0.00509851115950463	-0.000685799822126132	174	"success"	"pgls5_castespolymorphic"
"OG0005499_00"	0.00996639690626702	0.0519130369520868	1e-05	"1e-05 to 1"	0.0246322926276514	0.0189615501429283	174	"success"	"pgls5_castespolymorphic"
"OG0005500_00"	0.000166353607270198	0.986318635787565	0.986873880526851	"1e-05 to 1"	1.85519439134886e-06	-0.0058120875079668	174	"success"	"pgls5_castespolymorphic"
"OG0005501_00"	0.00715772129494229	0.193366584175559	1	"1e-05 to 1"	0.0104852435483082	0.00473225077824013	174	"success"	"pgls5_castespolymorphic"
"OG0005502_00"	-0.000978042186616172	0.863740258075517	1	"1e-05 to 1"	0.00018348188616715	-0.00562940484705288	174	"success"	"pgls5_castespolymorphic"
"OG0005503_00"	0.0222308058850382	0.180648366064335	0.78710844732929	"1e-05 to 1"	0.0111046626881617	0.00535527119216261	174	"success"	"pgls5_castespolymorphic"
"OG0005504_00"	0.00344263929438187	0.874879679469678	0.665038887803495	"1e-05 to 1"	0.000156420486871152	-0.00565662358006569	174	"success"	"pgls5_castespolymorphic"
"OG0005505_00"	0.00258411686465662	0.84799696836317	1e-05	"1e-05 to 1"	0.000231765146470216	-0.00558084087012012	174	"success"	"pgls5_castespolymorphic"
"OG0005506_00"	0.0200484670591901	0.365030089745732	0.983514271755749	"1e-05 to 1"	0.00513104371654885	-0.000653078122308415	174	"success"	"pgls5_castespolymorphic"
"OG0005507_00"	4.74013899555138e-05	0.992982280933915	0.906536653908733	"1e-05 to 1"	4.81998608553321e-07	-0.00581346868744603	174	"success"	"pgls5_castespolymorphic"
"OG0005508_00"	0.00957318646608347	0.257256231498733	1	"1e-05 to 1"	0.00801444217240159	0.00224708427805498	174	"success"	"pgls5_castespolymorphic"
"OG0005509_00"	0.00179498658370796	0.912456197475244	1	"1e-05 to 1"	7.48390364568442e-05	-0.00573867934123817	174	"success"	"pgls5_castespolymorphic"
"OG0005510_00"	0.0042109385227594	0.846886665288696	0.810895869596217	"1e-05 to 1"	0.000238210935420097	-0.00557435760565306	174	"success"	"pgls5_castespolymorphic"
"OG0005511_00"	0.000977430640995388	0.709385652432773	1e-05	"1e-05 to 1"	0.000864987985113238	-0.00494393650334524	174	"success"	"pgls5_castespolymorphic"
"OG0005512_00"	-0.01920436469805	0.268138043285443	0.558531259493509	"1e-05 to 1"	0.00770667350779432	0.00193752626074672	174	"success"	"pgls5_castespolymorphic"
"OG0005513_00"	-0.00312618673713131	0.286516412919504	1e-05	"1e-05 to 1"	0.00705234150992089	0.00127939000707156	174	"success"	"pgls5_castespolymorphic"
"OG0005514_00"	-0.000599248497615952	0.580650896360912	1e-05	"1e-05 to 1"	0.00252941524374283	-0.00326983234204925	174	"success"	"pgls5_castespolymorphic"
"OG0005515_00"	-0.0231107981518244	0.180169505764743	0.884543069185638	"1e-05 to 1"	0.0110604316321768	0.00531078297887544	174	"success"	"pgls5_castespolymorphic"
"OG0005516_00"	-0.00295536864510515	0.609922222164514	0.749058362488568	"1e-05 to 1"	0.00162041053726676	-0.00418412195960949	174	"success"	"pgls5_castespolymorphic"
"OG0005517_00"	-0.0112862337462138	0.451870437090085	0.327454883697063	"1e-05 to 1"	0.00358690071213598	-0.00220619870232852	174	"success"	"pgls5_castespolymorphic"
"OG0005518_00"	-0.0303363509586377	0.00985907053117252	1	"1e-05 to 1"	0.0408962096286408	0.0353200248009004	174	"success"	"pgls5_castespolymorphic"
"OG0005519_00"	0.0236284377309273	0.182971898749198	1	"1e-05 to 1"	0.0111256885262711	0.00537641927351684	174	"success"	"pgls5_castespolymorphic"
"OG0005520_00"	0.00525108487045975	0.302483847093052	1	"1e-05 to 1"	0.00656168798062455	0.000785883840976997	174	"success"	"pgls5_castespolymorphic"
"OG0005521_00"	0.00648385275530426	0.606340908924628	0.83232816283806	"1e-05 to 1"	0.00166341963855083	-0.00414086280541093	174	"success"	"pgls5_castespolymorphic"
"OG0005522_00"	0.00729434121270028	0.58701407294806	0.844002366311716	"1e-05 to 1"	0.00190775642824156	-0.00389510545298943	174	"success"	"pgls5_castespolymorphic"
"OG0005523_00"	-0.00305170536585981	0.71274841107431	0.646083679570047	"1e-05 to 1"	0.000854817622201638	-0.00495416599627396	174	"success"	"pgls5_castespolymorphic"
"OG0005524_00"	0.00529009461089052	0.122787206738032	1	"1e-05 to 1"	0.0148193921443681	0.00909159791264935	174	"success"	"pgls5_castespolymorphic"
"OG0005525_00"	0.015697098121265	0.24178185006658	0.841653225442662	"1e-05 to 1"	0.00855358438229551	0.00278936103568095	174	"success"	"pgls5_castespolymorphic"
"OG0005526_00"	-0.00260265476780131	0.752193156729841	1	"1e-05 to 1"	0.000632795303745548	-0.00517747914216282	174	"success"	"pgls5_castespolymorphic"
"OG0005527_00"	-0.000207161929373711	0.932929124702718	1	"1e-05 to 1"	4.38559540711869e-05	-0.00576984255782365	174	"success"	"pgls5_castespolymorphic"
"OG0005528_00"	0.01447241149065	0.0761388762558415	1	"1e-05 to 1"	0.019287857571373	0.0135860427898112	174	"success"	"pgls5_castespolymorphic"
"OG0005529_00"	0.00389193217468189	0.474371856762846	1e-05	"1e-05 to 1"	0.0032034547200552	-0.00259187403157224	174	"success"	"pgls5_castespolymorphic"
"OG0005530_00"	-0.00141454432830208	0.886538129395577	1	"1e-05 to 1"	0.000171792231419801	-0.00564116246490909	174	"success"	"pgls5_castespolymorphic"
"OG0005531_00"	-3.28579128220607e-05	0.947782530273278	1	"1e-05 to 1"	2.67232525638336e-05	-0.00578707486806085	174	"success"	"pgls5_castespolymorphic"
"OG0005532_00"	0.00175661792490463	0.900891211928925	1	"1e-05 to 1"	9.72306336172601e-05	-0.00571615756037347	174	"success"	"pgls5_castespolymorphic"
"OG0005533_00"	-0.00657729712410869	0.425069784476303	0.597594830297872	"1e-05 to 1"	0.0039810969301834	-0.00180971064580371	174	"success"	"pgls5_castespolymorphic"
"OG0005534_00"	-0.0105906166287026	0.239755093900612	1e-05	"1e-05 to 1"	0.012429016052132	0.00668732428499319	174	"success"	"pgls5_castespolymorphic"
"OG0005535_00"	-0.00620835189184327	0.613447593885471	0.910909605988917	"1e-05 to 1"	0.00162923738551149	-0.0041752437924798	174	"success"	"pgls5_castespolymorphic"
"OG0005536_00"	0.00389121825951748	0.549143155054631	1	"1e-05 to 1"	0.00235036308620029	-0.00344992550050782	174	"success"	"pgls5_castespolymorphic"
"OG0005537_00"	-0.00137619125021339	0.546824737824961	1e-05	"1e-05 to 1"	0.00225934029766378	-0.0035414774913034	174	"success"	"pgls5_castespolymorphic"
"OG0005538_00"	0.013654495284247	0.0528218193926098	1	"1e-05 to 1"	0.0236737665571716	0.0179974512464575	174	"success"	"pgls5_castespolymorphic"
"OG0005539_00"	-0.000114322537144262	0.994558681947819	0.963853410452338	"1e-05 to 1"	2.95292231955225e-07	-0.00581365647932497	174	"success"	"pgls5_castespolymorphic"
"OG0005540_00"	-0.00061788322439183	0.817079350327855	1	"1e-05 to 1"	0.000333283095642083	-0.0054787327003134	174	"success"	"pgls5_castespolymorphic"
"OG0005541_00"	-0.0131903265889705	0.481868092007327	0.859489436142446	"1e-05 to 1"	0.00319636611662197	-0.00259900384781631	174	"success"	"pgls5_castespolymorphic"
"OG0005542_00"	0.0226596703848108	0.00478777544896758	1e-05	"1e-05 to 1"	0.0483720169619824	0.0428392961303661	174	"success"	"pgls5_castespolymorphic"
"OG0005543_00"	0.00322837622039068	0.571158785357705	1e-05	"1e-05 to 1"	0.0021148927478314	-0.00368676485247188	174	"success"	"pgls5_castespolymorphic"
"OG0005544_00"	-0.0032418970578618	0.391583787593658	1	"1e-05 to 1"	0.00483325461898073	-0.000952598551839268	174	"success"	"pgls5_castespolymorphic"
"OG0005545_00"	0.00518569496107054	0.283584598279627	1e-05	"1e-05 to 1"	0.00756085606807595	0.00179086104521597	174	"success"	"pgls5_castespolymorphic"
"OG0005546_00"	0.00377995359164759	0.649087241775896	0.682992193409958	"1e-05 to 1"	0.0013054671600966	-0.00450089640292606	174	"success"	"pgls5_castespolymorphic"
"OG0005547_00"	0.00503361018366242	0.39829889638872	1e-05	"1e-05 to 1"	0.00446306176811318	-0.00132494368672331	174	"success"	"pgls5_castespolymorphic"
"OG0005548_00"	0.0178099142146707	0.0927455814640039	0.547297572070204	"1e-05 to 1"	0.0176718542908241	0.0119606441413523	174	"success"	"pgls5_castespolymorphic"
"OG0005549_00"	0.0178993387250427	0.159955505264441	0.658063347898039	"1e-05 to 1"	0.012303810598777	0.00656139089295593	174	"success"	"pgls5_castespolymorphic"
"OG0005550_00"	-0.00296162164036405	0.708303475348742	1	"1e-05 to 1"	0.000905587366747744	-0.00490310107879455	174	"success"	"pgls5_castespolymorphic"
"OG0005551_00"	0.00691235425460339	0.605409784111615	1	"1e-05 to 1"	0.00204320756135198	-0.0037588668132913	174	"success"	"pgls5_castespolymorphic"
"OG0005552_00"	0.00618726509716245	0.278781294653225	1e-05	"1e-05 to 1"	0.00761265263371988	0.00184295875368334	174	"success"	"pgls5_castespolymorphic"
"OG0005553_00"	0.000942323218105172	0.894557371764425	1	"1e-05 to 1"	0.0001094438786263	-0.00570387330812583	174	"success"	"pgls5_castespolymorphic"
"OG0005554_00"	-0.00230047077895598	0.798423074629073	1	"1e-05 to 1"	0.000406290946951204	-0.00540530038475251	174	"success"	"pgls5_castespolymorphic"
"OG0005555_00"	-0.000631540024532249	0.946268198549911	0.593942386364756	"1e-05 to 1"	2.84754754167431e-05	-0.00578531245786573	174	"success"	"pgls5_castespolymorphic"
"OG0005556_00"	0.00812025696527826	0.274863584395789	1	"1e-05 to 1"	0.00744739215115881	0.00167673745436325	174	"success"	"pgls5_castespolymorphic"
"OG0005557_00"	0.00453036757239702	0.578343663317235	0.722963277974428	"1e-05 to 1"	0.00194711340410219	-0.00385551965750186	174	"success"	"pgls5_castespolymorphic"
"OG0005558_00"	-0.00115575829712502	0.832613475941301	1	"1e-05 to 1"	0.000278272666400889	-0.00553406295763148	174	"success"	"pgls5_castespolymorphic"
"OG0005559_00"	-0.000135890821634452	0.887946419016246	1	"1e-05 to 1"	0.000123690873365248	-0.00568954348202211	174	"success"	"pgls5_castespolymorphic"
"OG0005560_00"	-0.00541766038985958	0.367534216455452	1e-05	"1e-05 to 1"	0.00510979782233335	-0.00067444753916468	174	"success"	"pgls5_castespolymorphic"
"OG0005562_00"	-0.0139482074775862	0.362990532658453	1e-05	"1e-05 to 1"	0.00517474734081025	-0.000609120407208286	174	"success"	"pgls5_castespolymorphic"
"OG0005563_00"	-0.0171174475290933	0.091950415277037	0.617916373248978	"1e-05 to 1"	0.0175382445034251	0.0118262575528636	174	"success"	"pgls5_castespolymorphic"
"OG0005564_00"	-0.00985758791554923	0.139575120271122	0.937504670773801	"1e-05 to 1"	0.013506824428533	0.0077713989891639	174	"success"	"pgls5_castespolymorphic"
"OG0005565_00"	-0.0120582483897331	0.398737405498008	0.948887288053466	"1e-05 to 1"	0.00442709562534629	-0.00136111893497159	174	"success"	"pgls5_castespolymorphic"
"OG0005566_00"	0.00439588170656898	0.531551420244414	1e-05	"1e-05 to 1"	0.00243579898448973	-0.00336399288187961	174	"success"	"pgls5_castespolymorphic"
"OG0005567_00"	0.0115947501059523	0.229127138858944	1	"1e-05 to 1"	0.00908317156076238	0.00332202720937147	174	"success"	"pgls5_castespolymorphic"
"OG0005568_00"	-0.0156752291893724	0.137273217528292	1e-05	"1e-05 to 1"	0.0139227598424422	0.00818975263222388	174	"success"	"pgls5_castespolymorphic"
"OG0005569_00"	0.0106331799058716	0.309963222356641	0.84767867772955	"1e-05 to 1"	0.00696427706717038	0.00119081356174688	174	"success"	"pgls5_castespolymorphic"
"OG0005570_00"	-0.00448328669753402	0.452730161479171	1	"1e-05 to 1"	0.00352858306654269	-0.00226485540400057	174	"success"	"pgls5_castespolymorphic"
"OG0005571_00"	-0.00806313129936425	0.478897539274392	0.78269228654125	"1e-05 to 1"	0.00315821935985022	-0.00263737238805772	174	"success"	"pgls5_castespolymorphic"
"OG0005572_00"	0.00663484901759791	0.485790822405463	0.82185544655298	"1e-05 to 1"	0.00306049862909307	-0.00273566126259817	174	"success"	"pgls5_castespolymorphic"
"OG0005574_00"	0.00525054319413121	0.397562535808653	0.810436283768479	"1e-05 to 1"	0.00444915096276063	-0.0013389353688511	174	"success"	"pgls5_castespolymorphic"
"OG0005575_00"	-0.00419122264331306	0.735084467464773	0.976067737395164	"1e-05 to 1"	0.000713101388292424	-0.00509670616177571	174	"success"	"pgls5_castespolymorphic"
"OG0005576_00"	-0.00596370007921805	0.428976694100311	1	"1e-05 to 1"	0.00391450406399377	-0.00187669067982021	174	"success"	"pgls5_castespolymorphic"
"OG0005577_00"	0.000110725500553426	0.991098907947127	0.706913834743192	"1e-05 to 1"	7.80299786679828e-07	-0.00581316865195869	174	"success"	"pgls5_castespolymorphic"
"OG0005578_00"	0.0108333295799152	0.29167124004071	1e-05	"1e-05 to 1"	0.0070795069889628	0.00130671342494504	174	"success"	"pgls5_castespolymorphic"
"OG0005579_00"	-0.00180859538456866	0.570226679001596	1	"1e-05 to 1"	0.00200609501167042	-0.00379619513361051	174	"success"	"pgls5_castespolymorphic"
"OG0005580_00"	0.00872419848263557	0.613765266628814	0.986013976442898	"1e-05 to 1"	0.00158582486171971	-0.00421890871466579	174	"success"	"pgls5_castespolymorphic"
"OG0005581_00"	0.00438023363916238	0.768576567009997	1e-05	"1e-05 to 1"	0.000556598343336792	-0.00525411910815543	174	"success"	"pgls5_castespolymorphic"
"OG0005582_00"	-0.00537225101457077	0.545316234971064	0.869180712527274	"1e-05 to 1"	0.00234947370364829	-0.00345082005388875	174	"success"	"pgls5_castespolymorphic"
"OG0005583_00"	0.0121197115964904	0.470188462025717	0.897745510362302	"1e-05 to 1"	0.00328500259608363	-0.00250985203998555	174	"success"	"pgls5_castespolymorphic"
"OG0005584_00"	0.00688965032411515	0.276893192741406	1	"1e-05 to 1"	0.00743135095161312	0.00166060299202941	174	"success"	"pgls5_castespolymorphic"
"OG0005585_00"	-0.00642014480160981	0.29039534495796	1	"1e-05 to 1"	0.00702743070469967	0.00125433437158751	174	"success"	"pgls5_castespolymorphic"
"OG0005586_00"	-0.0084507449852327	0.473299894552792	0.969868885500516	"1e-05 to 1"	0.00321899916275429	-0.00257623921420658	174	"success"	"pgls5_castespolymorphic"
"OG0005587_00"	0.0164844295210559	0.283965504515542	0.968822998134845	"1e-05 to 1"	0.00717168403874108	0.00139942638780366	174	"success"	"pgls5_castespolymorphic"
"OG0005588_00"	0.0353792928961902	0.0326042689221131	0.259597598411742	"1e-05 to 1"	0.0283989296879303	0.0227500862558834	174	"success"	"pgls5_castespolymorphic"
"OG0005589_00"	0.00355731628363269	0.809261538211349	0.964462618414985	"1e-05 to 1"	0.000367525077343544	-0.00544429163732318	174	"success"	"pgls5_castespolymorphic"
"OG0005590_00"	-0.00376448443094725	0.347898889561294	1	"1e-05 to 1"	0.00550891143693255	-0.000273013496573604	174	"success"	"pgls5_castespolymorphic"
"OG0005591_00"	0.0101165770381362	0.266634843599552	0.93754882119649	"1e-05 to 1"	0.00770663470054061	0.00193748722786935	174	"success"	"pgls5_castespolymorphic"
"OG0005592_00"	0.0191548737249217	0.0319616390751563	0.301210141245905	"1e-05 to 1"	0.0284312399316327	0.02278258434984	174	"success"	"pgls5_castespolymorphic"
"OG0005593_00"	0.00310254087759033	0.775268970378916	0.877632571737853	"1e-05 to 1"	0.000507684047436334	-0.00530331778949722	174	"success"	"pgls5_castespolymorphic"
"OG0005594_00"	0.00294946129950765	0.758064926419677	0.984814303098597	"1e-05 to 1"	0.000590963109866259	-0.00521955454647172	174	"success"	"pgls5_castespolymorphic"
"OG0005595_00"	0.00693068206296498	0.264423724126243	0.11567770585771	"1e-05 to 1"	0.0077297164399092	0.00196070316339703	174	"success"	"pgls5_castespolymorphic"
"OG0005596_00"	0.015343196801491	0.355157210941816	0.733160509106936	"1e-05 to 1"	0.00531256426185213	-0.00047050222499756	174	"success"	"pgls5_castespolymorphic"
"OG0005597_00"	-0.00985902432093363	0.556809900960274	1e-05	"1e-05 to 1"	0.00217590016262592	-0.00362540274340528	174	"success"	"pgls5_castespolymorphic"
"OG0005598_00"	-0.0188884216375758	0.415504981719878	0.506121955895348	"1e-05 to 1"	0.00414804939200352	-0.001641787530136	174	"success"	"pgls5_castespolymorphic"
"OG0005599_00"	0.00403226974218392	0.536355732558442	0.970446095779397	"1e-05 to 1"	0.00237930721514519	-0.00342081309174347	174	"success"	"pgls5_castespolymorphic"
"OG0005600_00"	0.00799765693656966	0.308358336804243	1e-05	"1e-05 to 1"	0.00652553858741634	0.000749524276878022	174	"success"	"pgls5_castespolymorphic"
"OG0005601_00"	-0.00063423849160997	0.895459594865283	1e-05	"1e-05 to 1"	0.000107568302095691	-0.00570575978917121	174	"success"	"pgls5_castespolymorphic"
"OG0005602_00"	0.0493869982392487	0.0152762588350626	0.529724299823829	"1e-05 to 1"	0.0362195683991863	0.030616193796856	174	"success"	"pgls5_castespolymorphic"
"OG0005603_00"	0.00311885707173412	0.673262223269711	1	"1e-05 to 1"	0.0011141682977799	-0.00469330746793073	174	"success"	"pgls5_castespolymorphic"
"OG0005604_00"	0.00658877678405619	0.605022356839867	1	"1e-05 to 1"	0.00166519037206524	-0.00413908177693423	174	"success"	"pgls5_castespolymorphic"
"OG0005605_00"	-0.00649892316185745	0.441813570028555	0.708324274730594	"1e-05 to 1"	0.00374891741440705	-0.00204324004248591	174	"success"	"pgls5_castespolymorphic"
"OG0005606_00"	0.0339283364190757	0.00114319584559697	1	"1e-05 to 1"	0.0725348982894626	0.0671426593260293	174	"success"	"pgls5_castespolymorphic"
"OG0005607_00"	-0.00801942436293375	0.328288656295999	0.930615580098237	"1e-05 to 1"	0.00604912435847746	0.000270340197770946	174	"success"	"pgls5_castespolymorphic"
"OG0005608_00"	-0.00167443813136049	0.838172113523874	1	"1e-05 to 1"	0.00026479379328293	-0.00554762019629096	174	"success"	"pgls5_castespolymorphic"
"OG0005609_00"	0.01154582404077	0.385278489668454	0.340531894250124	"1e-05 to 1"	0.00474446160856187	-0.00104190780069069	174	"success"	"pgls5_castespolymorphic"
"OG0005610_00"	0.00968024288897933	0.128497053586202	1	"1e-05 to 1"	0.0143817761892654	0.00865143767873777	174	"success"	"pgls5_castespolymorphic"
"OG0005611_00"	-0.00552356734837325	0.713823815514468	0.221866003122018	"1e-05 to 1"	0.000848137678554155	-0.00496088477680301	174	"success"	"pgls5_castespolymorphic"
"OG0005612_00"	0.00047795927138412	0.966965939900189	0.964203025795919	"1e-05 to 1"	1.08894747710535e-05	-0.00580300070270123	174	"success"	"pgls5_castespolymorphic"
"OG0005613_00"	-0.00301003048795141	0.834734581651531	1	"1e-05 to 1"	0.000272863080666379	-0.00553950399444592	174	"success"	"pgls5_castespolymorphic"
"OG0005614_00"	-0.00111369190295473	0.871692095036956	0.749188184689721	"1e-05 to 1"	0.000165606604504665	-0.0056473840547715	174	"success"	"pgls5_castespolymorphic"
"OG0005615_00"	-0.00331154632028788	0.547744749439316	1	"1e-05 to 1"	0.00226308369255533	-0.00353771233248801	174	"success"	"pgls5_castespolymorphic"
"OG0005616_00"	-0.00392733516156696	0.192764272882402	1	"1e-05 to 1"	0.010645455629367	0.00489339432488667	174	"success"	"pgls5_castespolymorphic"
"OG0005617_00"	-0.000794275611240112	0.740892755071719	1	"1e-05 to 1"	0.000681032685459012	-0.00512896131055562	174	"success"	"pgls5_castespolymorphic"
"OG0005618_00"	0.024032693369892	0.106030726432798	0.580816583654881	"1e-05 to 1"	0.0162451761907984	0.0105256714012101	174	"success"	"pgls5_castespolymorphic"
"OG0005619_00"	-0.0129546774705594	0.115196840454077	0.79696911713147	"1e-05 to 1"	0.0157306503746923	0.0100081541559405	174	"success"	"pgls5_castespolymorphic"
"OG0005620_00"	-0.011235511583633	0.508483469163001	1e-05	"1e-05 to 1"	0.00273721375169177	-0.00306082570324029	174	"success"	"pgls5_castespolymorphic"
"OG0005621_00"	-0.010197148813499	0.409765200387695	0.908383997890409	"1e-05 to 1"	0.00425098755809036	-0.0015382508863393	174	"success"	"pgls5_castespolymorphic"
"OG0005622_00"	0.00916260901677922	0.343794326262008	1	"1e-05 to 1"	0.00649679184308	0.000720610400307131	174	"success"	"pgls5_castespolymorphic"
"OG0005623_00"	-0.0108189475005682	0.332859955189767	1e-05	"1e-05 to 1"	0.00586195565880444	8.20833079834271e-05	174	"success"	"pgls5_castespolymorphic"
"OG0005624_00"	-0.00609822741635663	0.195025180399622	1	"1e-05 to 1"	0.0106725365196546	0.00492063266221066	174	"success"	"pgls5_castespolymorphic"
"OG0005625_00"	-0.00150810883560078	0.400419414490397	1e-05	"1e-05 to 1"	0.0044792208535195	-0.00130869065314609	174	"success"	"pgls5_castespolymorphic"
"OG0005626_00"	0.0114980191677258	0.31411893865536	1	"1e-05 to 1"	0.00633265866322052	0.000555522957774168	174	"success"	"pgls5_castespolymorphic"
"OG0005627_00"	0.00347785932132518	0.56348089531087	0.982643395432945	"1e-05 to 1"	0.0020770372667171	-0.00372484042359256	174	"success"	"pgls5_castespolymorphic"
"OG0005628_00"	-0.014767269320424	0.271546600603222	1e-05	"1e-05 to 1"	0.00755071726720402	0.00178066329782722	174	"success"	"pgls5_castespolymorphic"
"OG0005629_00"	-0.0104877909138134	0.142315971845019	1e-05	"1e-05 to 1"	0.0172797869814746	0.0115662973709019	174	"success"	"pgls5_castespolymorphic"
"OG0005630_00"	-0.0068912652641282	0.374888196887312	1	"1e-05 to 1"	0.00495545798006429	-0.000829684706098233	174	"success"	"pgls5_castespolymorphic"
"OG0005631_00"	0.000789264468423957	0.911238507392147	1	"1e-05 to 1"	7.7423465860588e-05	-0.00573607988608194	174	"success"	"pgls5_castespolymorphic"
"OG0005633_00"	0.0150166781733004	0.149574416809442	1e-05	"1e-05 to 1"	0.0129348543478586	0.00719610350104394	174	"success"	"pgls5_castespolymorphic"
"OG0005634_00"	-0.0136002748944533	0.0548855202754939	1e-05	"1e-05 to 1"	0.0237239383227396	0.0180479147083369	174	"success"	"pgls5_castespolymorphic"
"OG0005635_00"	0.00104209245945282	0.905415858905881	1e-05	"1e-05 to 1"	8.85149155229757e-05	-0.00572492395124713	174	"success"	"pgls5_castespolymorphic"
"OG0005636_00"	0.00083190821211658	0.856528403035252	1	"1e-05 to 1"	0.000203634782407281	-0.00560913478281133	174	"success"	"pgls5_castespolymorphic"
"OG0005637_00"	0.0135142581020359	0.0541850331881844	1e-05	"1e-05 to 1"	0.0231163149745915	0.0174367586663042	174	"success"	"pgls5_castespolymorphic"
"OG0005638_00"	-0.00144026267141933	0.919001443376735	1	"1e-05 to 1"	6.4428690312437e-05	-0.00574915021265077	174	"success"	"pgls5_castespolymorphic"
"OG0005639_00"	0.00673926575702753	0.485596788243766	0.622366116629873	"1e-05 to 1"	0.00302510542121858	-0.00277126024493701	174	"success"	"pgls5_castespolymorphic"
"OG0005640_00"	-0.0130431320635773	0.297933590162727	1	"1e-05 to 1"	0.00676954327614951	0.0009949475975225	174	"success"	"pgls5_castespolymorphic"
"OG0005641_00"	-0.00471153848695851	0.397997781721142	1e-05	"1e-05 to 1"	0.00444096935047835	-0.0013471645486467	174	"success"	"pgls5_castespolymorphic"
"OG0005642_00"	0.0129918976188616	0.357172187869959	0.984058033150588	"1e-05 to 1"	0.00536843363822489	-0.000414308026669197	174	"success"	"pgls5_castespolymorphic"
"OG0005643_00"	0.00120189458065484	0.76019191722688	0.95308762837713	"1e-05 to 1"	0.000583930598840991	-0.00522662794418904	174	"success"	"pgls5_castespolymorphic"
"OG0005644_00"	0.00939656811866882	0.582217483603824	0.908741978297282	"1e-05 to 1"	0.0018957668962944	-0.00390716469151786	174	"success"	"pgls5_castespolymorphic"
"OG0005645_00"	0.0136677181247237	0.058486771168099	1e-05	"1e-05 to 1"	0.0224721860145811	0.0167888847704798	174	"success"	"pgls5_castespolymorphic"
"OG0005646_00"	-0.00418867416448819	0.707073970414493	1e-05	"1e-05 to 1"	0.00115211893894443	-0.00465513618350366	174	"success"	"pgls5_castespolymorphic"
"OG0005647_00"	-0.00806164093731727	0.442799607644961	0.781146040536105	"1e-05 to 1"	0.00378070039431603	-0.00201127227781006	174	"success"	"pgls5_castespolymorphic"
"OG0005649_00"	0.00177863335285818	0.851855359966688	1	"1e-05 to 1"	0.000217272383219568	-0.00559541789362217	174	"success"	"pgls5_castespolymorphic"
"OG0005650_00"	-0.0248224279813961	0.0846510435669483	0.855622711888625	"1e-05 to 1"	0.0183542835172895	0.0126470409795993	174	"success"	"pgls5_castespolymorphic"
"OG0005651_00"	0.0375296675601704	0.00987324943740875	0.805932701615168	"1e-05 to 1"	0.040880810595569	0.0353045362385666	174	"success"	"pgls5_castespolymorphic"
"OG0005652_00"	-0.0157937649649989	0.0568691864187034	0.502616477881046	"1e-05 to 1"	0.0224793858135427	0.0167961264287377	174	"success"	"pgls5_castespolymorphic"
"OG0005653_00"	0.00343903656110623	0.655166414649794	1	"1e-05 to 1"	0.00124189121841245	-0.00456484197217821	174	"success"	"pgls5_castespolymorphic"
"OG0005654_00"	0.0272818371574838	0.0916046412018829	0.772256494122655	"1e-05 to 1"	0.0176845137865169	0.0119733772387641	174	"success"	"pgls5_castespolymorphic"
"OG0005655_00"	-6.9856471792595e-05	0.990878953052597	0.631958470705067	"1e-05 to 1"	8.19341926757887e-07	-0.00581312938282941	174	"success"	"pgls5_castespolymorphic"
"OG0005656_00"	0.0143611845686287	0.120792223261529	1e-05	"1e-05 to 1"	0.0149775950626358	0.0092507206153255	174	"success"	"pgls5_castespolymorphic"
"OG0005657_00"	-0.00252147933282761	0.736940217789006	0.84259934710381	"1e-05 to 1"	0.000702766276233587	-0.00510710136169523	174	"success"	"pgls5_castespolymorphic"
"OG0005658_00"	0.000791776797372418	0.921380321539938	1	"1e-05 to 1"	6.06877832424375e-05	-0.00575291286918045	174	"success"	"pgls5_castespolymorphic"
"OG0005659_00"	0.00392555669616239	0.663251199755841	1e-05	"1e-05 to 1"	0.00121853164587217	-0.0045883373561868	174	"success"	"pgls5_castespolymorphic"
"OG0005660_00"	-0.00585424998655088	0.466290239560929	1	"1e-05 to 1"	0.00336417203388588	-0.00243022231475432	174	"success"	"pgls5_castespolymorphic"
"OG0005661_00"	0.0226341997468772	0.157311653540919	0.936021400923544	"1e-05 to 1"	0.0124600530028715	0.00671854168312069	174	"success"	"pgls5_castespolymorphic"
"OG0005662_00"	0.0111067793235507	0.228508181777475	0.421800855831898	"1e-05 to 1"	0.0090504115991832	0.00328907678289925	174	"success"	"pgls5_castespolymorphic"
"OG0005663_00"	0.0356325230820649	0.0219882330181174	1	"1e-05 to 1"	0.0327632850774424	0.0271398158046368	174	"success"	"pgls5_castespolymorphic"
"OG0005664_00"	-0.0123188080711721	0.387476826870147	1e-05	"1e-05 to 1"	0.00467144248723413	-0.00111535145179342	174	"success"	"pgls5_castespolymorphic"
"OG0005665_00"	-0.00624109491959539	0.444546683570861	1e-05	"1e-05 to 1"	0.00368099975443678	-0.00211155257257212	174	"success"	"pgls5_castespolymorphic"
"OG0005666_00"	-0.00103879843401963	0.801956288246788	1	"1e-05 to 1"	0.000394332285607295	-0.00541732857319732	174	"success"	"pgls5_castespolymorphic"
"OG0005667_00"	-0.0150917487969728	0.149752965762002	0.684920133379852	"1e-05 to 1"	0.0128435890411687	0.00710430758210578	174	"success"	"pgls5_castespolymorphic"
"OG0005668_00"	-0.0105258143710707	0.200851780124288	0.920231689476483	"1e-05 to 1"	0.0101423447057908	0.00438735833780124	174	"success"	"pgls5_castespolymorphic"
"OG0005669_00"	-0.00469554227641074	0.357314790582987	0.16667957285048	"1e-05 to 1"	0.00533149937524655	-0.000451457023734614	174	"success"	"pgls5_castespolymorphic"
"OG0005670_00"	-0.0163150524064006	0.217543243492466	0.971676884257968	"1e-05 to 1"	0.00948757591183559	0.00372878274853228	174	"success"	"pgls5_castespolymorphic"
"OG0005671_00"	0.00900775810678882	0.163538069634772	1	"1e-05 to 1"	0.012021774627535	0.00627771517769515	174	"success"	"pgls5_castespolymorphic"
"OG0005672_00"	0.000915016683051823	0.934753623255539	0.866324964092477	"1e-05 to 1"	4.60603131983954e-05	-0.00576762538265507	174	"success"	"pgls5_castespolymorphic"
"OG0005673_00"	0.00892054398297634	0.344443437150723	1	"1e-05 to 1"	0.00555347706027792	-0.000228188770767135	174	"success"	"pgls5_castespolymorphic"
"OG0005674_00"	-0.00884011122365771	0.504843901359531	0.980806205574672	"0.001 to 1"	0.0028019762285638	-0.00299568670034001	174	"success"	"pgls5_castespolymorphic"
"OG0005675_00"	-0.00216806495998204	0.334703744886264	1	"1e-05 to 1"	0.00589119204213975	0.000111489670291731	174	"success"	"pgls5_castespolymorphic"
"OG0005676_00"	0.00496798649551858	0.799303852809528	1	"1e-05 to 1"	0.000400178768780459	-0.00541144809884275	174	"success"	"pgls5_castespolymorphic"
"OG0005677_00"	-0.00224841114586358	0.867543260395342	0.957151452340054	"1e-05 to 1"	0.000173289581160442	-0.00563965640964659	174	"success"	"pgls5_castespolymorphic"
"OG0005678_00"	0.00652165787996477	0.427105041856435	1	"1e-05 to 1"	0.00392175329641914	-0.00186939930069463	174	"success"	"pgls5_castespolymorphic"
"OG0005679_00"	0.0122729039183756	0.473520766917968	0.98601021494274	"1e-05 to 1"	0.00321579166371884	-0.00257946536149212	174	"success"	"pgls5_castespolymorphic"
"OG0005680_00"	0.0201732629814367	0.166261766115147	0.712231298427585	"1e-05 to 1"	0.0119426274739083	0.00619810786619834	174	"success"	"pgls5_castespolymorphic"
"OG0005681_00"	-0.0155940275647582	0.261859031812587	0.679951836073624	"1e-05 to 1"	0.00791108453192972	0.00214312572106889	174	"success"	"pgls5_castespolymorphic"
"OG0005682_00"	0.00962280004694148	0.270465887572258	0.834977214651695	"1e-05 to 1"	0.00753764371978667	0.00176751374141337	174	"success"	"pgls5_castespolymorphic"
"OG0005683_00"	-0.00509136903053549	0.771041104648631	0.75526285679516	"1e-05 to 1"	0.000537559175477107	-0.0052732689688515	174	"success"	"pgls5_castespolymorphic"
"OG0005684_00"	-0.000841989418810906	0.909345466154051	1e-05	"1e-05 to 1"	8.07754717040157e-05	-0.0057327083918326	174	"success"	"pgls5_castespolymorphic"
"OG0005685_00"	0.000942333916939035	0.96149349780661	0.984280046117662	"1e-05 to 1"	1.46136736010451e-05	-0.00579925485155264	174	"success"	"pgls5_castespolymorphic"
"OG0005686_00"	0.0112788179269705	0.208398629140082	0.607900404555077	"1e-05 to 1"	0.00993457617966321	0.00417838185512631	174	"success"	"pgls5_castespolymorphic"
"OG0005687_00"	-0.0324593237539804	0.00584079016653938	0.932193379405173	"1e-05 to 1"	0.0471000311746079	0.0415599150767859	174	"success"	"pgls5_castespolymorphic"
"OG0005688_00"	-0.0101765079119716	0.40462805209618	1	"1e-05 to 1"	0.0043449228138364	-0.00144376949538549	174	"success"	"pgls5_castespolymorphic"
"OG0005689_00"	0.00215189690156367	0.397451847215519	1	"1e-05 to 1"	0.0044512337057844	-0.00133684051685634	174	"success"	"pgls5_castespolymorphic"
"OG0005690_00"	-0.00193544834175967	0.771223860293394	1	"1e-05 to 1"	0.000523388304183315	-0.00528752222893192	174	"success"	"pgls5_castespolymorphic"
"OG0005691_00"	-0.00654709756513141	0.160132449598917	1	"1e-05 to 1"	0.0122934580589749	0.0065509781639691	174	"success"	"pgls5_castespolymorphic"
"OG0005692_00"	0.010356691964988	0.235742677307843	1e-05	"1e-05 to 1"	0.00872102142681773	0.00295777155139232	174	"success"	"pgls5_castespolymorphic"
"OG0005693_00"	-0.0278821370465133	0.0719878421829805	0.578628419521652	"1e-05 to 1"	0.0200905473065441	0.0143933993257682	174	"success"	"pgls5_castespolymorphic"
"OG0005694_00"	0.00111564827056932	0.72638717919366	1	"1e-05 to 1"	0.000767443032582803	-0.00504204857769275	174	"success"	"pgls5_castespolymorphic"
"OG0005695_00"	-0.000939729872945424	0.914225532872791	1	"1e-05 to 1"	7.31925360289215e-05	-0.00574033541434305	174	"success"	"pgls5_castespolymorphic"
"OG0005696_00"	-0.00648851281762202	0.547123638573623	0.507925263506082	"1e-05 to 1"	0.00227010499744969	-0.00353065020605348	174	"success"	"pgls5_castespolymorphic"
"OG0005697_00"	0.00381234663966678	0.205196422322804	1	"1e-05 to 1"	0.0100121459743786	0.00425640263702032	174	"success"	"pgls5_castespolymorphic"
"OG0005698_00"	0.00410127741191499	0.441000666720142	0.979479794352658	"1e-05 to 1"	0.00369206958010563	-0.00210041838745179	174	"success"	"pgls5_castespolymorphic"
"OG0005699_00"	0.00304256196517121	0.563397856150599	1e-05	"1e-05 to 1"	0.00209093470902365	-0.00371086218220307	174	"success"	"pgls5_castespolymorphic"
"OG0005700_00"	0.00188801770083542	0.81755069205298	0.553683260974691	"1e-05 to 1"	0.000333615498042385	-0.00547839836534103	174	"success"	"pgls5_castespolymorphic"
"OG0005701_00"	-0.0095293494642345	0.363424177413901	1	"1e-05 to 1"	0.00526418238144736	-0.000519165395404642	174	"success"	"pgls5_castespolymorphic"
"OG0005702_00"	-0.0031073265285135	0.584377056592692	1e-05	"1e-05 to 1"	0.00187416663912268	-0.00392889053157996	174	"success"	"pgls5_castespolymorphic"
"OG0005703_00"	0.00897909839252235	0.68884572577364	0.954500462504096	"0.001 to 1"	0.00101749421712113	-0.00479054360719777	174	"success"	"pgls5_castespolymorphic"
"OG0005704_00"	-0.00735093405042244	0.442898971828872	0.835717859357308	"1e-05 to 1"	0.00366154621744349	-0.00213111921152476	174	"success"	"pgls5_castespolymorphic"
"OG0005705_00"	0.00500560527398352	0.612247286048188	1	"1e-05 to 1"	0.00159943006528416	-0.0042052244110804	174	"success"	"pgls5_castespolymorphic"
"OG0005706_00"	-0.00513373813588408	0.0635638898947417	1	"1e-05 to 1"	0.0210861520680784	0.0153947924870789	174	"success"	"pgls5_castespolymorphic"
"OG0005707_00"	0.0086998159167942	0.268419587563409	0.894947003329525	"1e-05 to 1"	0.00760209287269775	0.00183233759870183	174	"success"	"pgls5_castespolymorphic"
"OG0005708_00"	-0.00238457230444674	0.827370615526948	1	"1e-05 to 1"	0.000298115441721995	-0.00551410481733772	174	"success"	"pgls5_castespolymorphic"
"OG0005709_00"	0.0243995864041177	0.151921133430639	0.850361407364159	"1e-05 to 1"	0.0127088175520597	0.00696875253782747	174	"success"	"pgls5_castespolymorphic"
"OG0005710_00"	-0.00649840072642258	0.539971197453653	1e-05	"1e-05 to 1"	0.00236685415670041	-0.00343333855169092	174	"success"	"pgls5_castespolymorphic"
"OG0005711_00"	0.0184978091321836	0.114668363027065	0.979791659503709	"1e-05 to 1"	0.015876790963738	0.0101551443995737	174	"success"	"pgls5_castespolymorphic"
"OG0005712_00"	0.000171430779046039	0.988841195347288	0.763793259387884	"1e-05 to 1"	1.23410424952539e-06	-0.00581271220909785	174	"success"	"pgls5_castespolymorphic"
"OG0005713_00"	-3.10943029572815e-05	0.995453118282167	0.918025362930453	"1e-05 to 1"	2.03605275545473e-07	-0.00581374869934503	174	"success"	"pgls5_castespolymorphic"
"OG0005714_00"	-0.0260034037257999	0.324267605629771	0.704426545264852	"1e-05 to 1"	0.00626925557968332	0.000491751251658124	174	"success"	"pgls5_castespolymorphic"
"OG0005715_00"	-0.00156589278965067	0.733977018041465	1e-05	"1e-05 to 1"	0.000733005035115287	-0.00507668679607587	174	"success"	"pgls5_castespolymorphic"
"OG0005716_00"	-0.0012967834379783	0.757837119239488	1	"1e-05 to 1"	0.000595823319993554	-0.00521466607930887	174	"success"	"pgls5_castespolymorphic"
"OG0005717_00"	-0.0177480876259475	0.0850447033498238	1	"1e-05 to 1"	0.0184220988634843	0.0127152506010627	174	"success"	"pgls5_castespolymorphic"
"OG0005718_00"	0.0136104395544297	0.192647964954276	0.973175248708513	"1e-05 to 1"	0.0105189727125385	0.00476617604226259	174	"success"	"pgls5_castespolymorphic"
"OG0005719_00"	-0.00523183651545693	0.620446411390228	0.617221625121308	"1e-05 to 1"	0.00155586330021108	-0.00424904447129948	174	"success"	"pgls5_castespolymorphic"
"OG0005720_00"	0.0375453858598561	0.0619424726742355	0.953566354436226	"1e-05 to 1"	0.0213451217623856	0.0156552678191435	174	"success"	"pgls5_castespolymorphic"
"OG0005721_00"	-0.00143857767796998	0.847893291973762	0.973090166526711	"1e-05 to 1"	0.000229193614978182	-0.00558342735237671	174	"success"	"pgls5_castespolymorphic"
"OG0005722_00"	0.00176125856369908	0.610977330088508	1e-05	"1e-05 to 1"	0.00161086836507362	-0.00419371960954806	174	"success"	"pgls5_castespolymorphic"
"OG0005723_00"	-0.00378627977879918	0.831418848294695	1e-05	"1e-05 to 1"	0.000287695739653169	-0.00552458509906972	174	"success"	"pgls5_castespolymorphic"
"OG0005724_00"	-0.00356198846420755	0.553766287696135	0.993809704918911	"1e-05 to 1"	0.00216861233320204	-0.00363273294393029	174	"success"	"pgls5_castespolymorphic"
"OG0005725_00"	-0.00051816504810179	0.937800905285558	1	"1e-05 to 1"	3.81766706370873e-05	-0.00577555486034753	174	"success"	"pgls5_castespolymorphic"
"OG0005726_00"	-0.0147099514238111	0.174089967887411	0.890019019614159	"1e-05 to 1"	0.0115875580912008	0.00584097412661466	174	"success"	"pgls5_castespolymorphic"
"OG0005727_00"	0.00624121632854359	0.48485853270341	1e-05	"1e-05 to 1"	0.00305434119568949	-0.00274185449503328	174	"success"	"pgls5_castespolymorphic"
"OG0005728_00"	0.0343383393789282	0.00689402943746709	0.623170867682022	"1e-05 to 1"	0.0447379631842055	0.0391841141329509	174	"success"	"pgls5_castespolymorphic"
"OG0005729_00"	0.00143990888366362	0.910220310256623	1	"1e-05 to 1"	7.97140834892202e-05	-0.00573377595090907	174	"success"	"pgls5_castespolymorphic"
"OG0005730_00"	-0.00678875282132801	0.403784687411153	1e-05	"1e-05 to 1"	0.00433340101015089	-0.00145535828630172	174	"success"	"pgls5_castespolymorphic"
"OG0005731_00"	0.000727124464095045	0.905930069060409	0.609377029241158	"1e-05 to 1"	8.75506642193742e-05	-0.00572589380866306	174	"success"	"pgls5_castespolymorphic"
"OG0005732_00"	-0.00775987253252235	0.407902663530551	1e-05	"1e-05 to 1"	0.0043118206784232	-0.00147706408507431	174	"success"	"pgls5_castespolymorphic"
"OG0005733_00"	-0.0111776104790399	0.345594227401605	1	"1e-05 to 1"	0.00563209793130935	-0.000149110801648034	174	"success"	"pgls5_castespolymorphic"
"OG0005734_00"	0.00989958116836335	0.124578438102294	1e-05	"1e-05 to 1"	0.0146797359496963	0.00895112976335732	174	"success"	"pgls5_castespolymorphic"
"OG0005735_00"	0.00440030019409504	0.6937963509427	0.857269439685098	"1e-05 to 1"	0.000971349191656266	-0.00483695691769448	174	"success"	"pgls5_castespolymorphic"
"OG0005736_00"	0.0297258373816528	0.00679904997227343	0.904424078764931	"1e-05 to 1"	0.0448872552948975	0.0393342742210306	174	"success"	"pgls5_castespolymorphic"
"OG0005737_00"	0.00998237283774995	0.261713729172407	1e-05	"1e-05 to 1"	0.00781763381896126	0.00204913169000176	174	"success"	"pgls5_castespolymorphic"
"OG0005738_00"	-0.00300480291085831	0.322528401528998	1e-05	"1e-05 to 1"	0.0060790150387015	0.000300404661019438	174	"success"	"pgls5_castespolymorphic"
"OG0005739_00"	0.0162311268220133	0.177122281788798	1e-05	"1e-05 to 1"	0.0112853164501138	0.00553697526668417	174	"success"	"pgls5_castespolymorphic"
"OG0005741_00"	-0.00310931892163434	0.576558271529944	1	"1e-05 to 1"	0.00195313802138196	-0.00384946001337738	174	"success"	"pgls5_castespolymorphic"
"OG0005743_00"	0.00129432758759974	0.857580412021959	1	"1e-05 to 1"	0.000203158866679537	-0.00560961346549083	174	"success"	"pgls5_castespolymorphic"
"OG0005744_00"	-0.00907075353915406	0.235015871600889	0.905324082007417	"1e-05 to 1"	0.008748016543517	0.00298492361644442	174	"success"	"pgls5_castespolymorphic"
"OG0005745_00"	0.0465818542881555	0.00393075628155759	1	"1e-05 to 1"	0.0514265017315495	0.0459115395323144	174	"success"	"pgls5_castespolymorphic"
"OG0005746_00"	-0.00457649135737008	0.661389950624674	1	"1e-05 to 1"	0.00120202661430201	-0.00460493834724263	174	"success"	"pgls5_castespolymorphic"
"OG0005747_00"	0.0478650740140874	0.000121286872119208	1e-05	"1e-05 to 1"	0.0879297846280736	0.0826270508177718	174	"success"	"pgls5_castespolymorphic"
"OG0005748_00"	-0.0060495564209187	0.273569021748183	1	"1e-05 to 1"	0.00748753255631722	0.00171711123397011	174	"success"	"pgls5_castespolymorphic"
"OG0005749_00"	0.0691960697365372	5.32785816353964e-07	1e-05	"1e-05 to 1"	0.150170110735537	0.145229239286325	174	"success"	"pgls5_castespolymorphic"
"OG0005750_00"	0.00881440828793617	0.583809448341815	1e-05	"1e-05 to 1"	0.00186812709793929	-0.00393496518637493	174	"success"	"pgls5_castespolymorphic"
"OG0005751_00"	0.00759414171390468	0.521400780808069	1	"1e-05 to 1"	0.00255821325843445	-0.00324086689703984	174	"success"	"pgls5_castespolymorphic"
"OG0005752_00"	0.00377717789777339	0.57458865609298	1	"1e-05 to 1"	0.00196108529408004	-0.00384146653560546	174	"success"	"pgls5_castespolymorphic"
"OG0005753_00"	0.00337427887732142	0.669316523616015	0.663470674908088	"1e-05 to 1"	0.00112878484999519	-0.00467860593576064	174	"success"	"pgls5_castespolymorphic"
"OG0005754_00"	-0.0053863455526443	0.653937602414279	0.927509722823031	"1e-05 to 1"	0.00129993523575545	-0.00450646048961811	174	"success"	"pgls5_castespolymorphic"
"OG0005755_00"	0.00439498312618966	0.590644818067749	0.636344122384516	"1e-05 to 1"	0.00181237967008866	-0.00399103672717849	174	"success"	"pgls5_castespolymorphic"
"OG0005756_00"	0.0286115144691169	0.0917412872715582	0.535972194089012	"1e-05 to 1"	0.0176697592476966	0.0119585369177413	174	"success"	"pgls5_castespolymorphic"
"OG0005757_00"	-0.021848099501677	0.360294433360907	0.964068370485133	"1e-05 to 1"	0.00523303995394072	-0.000550488883536371	174	"success"	"pgls5_castespolymorphic"
"OG0005758_00"	0.0216691533302195	0.0682968565491633	0.934479258478422	"1e-05 to 1"	0.0206211051063265	0.0149270417639215	174	"success"	"pgls5_castespolymorphic"
"OG0005759_00"	-0.00639886507429881	0.450740126562104	0.92346980237205	"0.001 to 1"	0.00355971001571349	-0.00223354748419502	174	"success"	"pgls5_castespolymorphic"
"OG0005760_00"	-0.00137262392833005	0.87742630639846	0.956530904097298	"1e-05 to 1"	0.000149127372874767	-0.00566395909588757	174	"success"	"pgls5_castespolymorphic"
"OG0005761_00"	-0.0271555740867359	0.0994735050156086	0.732365799543526	"1e-05 to 1"	0.0169768825841593	0.0112616319015091	174	"success"	"pgls5_castespolymorphic"
"OG0005762_00"	0.00274188709139868	0.521546235221799	1e-05	"1e-05 to 1"	0.00262168289736211	-0.00317702824858346	174	"success"	"pgls5_castespolymorphic"
"OG0005763_00"	-7.98623547317293e-05	0.921353685960253	1	"1e-05 to 1"	6.11097746794506e-05	-0.00575248842430498	174	"success"	"pgls5_castespolymorphic"
"OG0005764_00"	-0.0025250577281761	0.799773362851923	1	"1e-05 to 1"	0.000400749251340716	-0.00541087429952358	174	"success"	"pgls5_castespolymorphic"
"OG0005765_00"	-0.0264432795317779	0.102526843159032	1	"1e-05 to 1"	0.0167830644812253	0.0110666869491395	174	"success"	"pgls5_castespolymorphic"
"OG0005766_00"	-0.00367993563359685	0.612339444020475	0.517494717728208	"1e-05 to 1"	0.00163942688249929	-0.0041649950542304	174	"success"	"pgls5_castespolymorphic"
"OG0005767_00"	0.0164266161802665	0.0181248979236925	1	"1e-05 to 1"	0.0346166615589452	0.0290039677307995	174	"success"	"pgls5_castespolymorphic"
"OG0005768_00"	-0.00301442934892299	0.64897729459814	1	"1e-05 to 1"	0.00131463238743451	-0.00449167788938265	174	"success"	"pgls5_castespolymorphic"
"OG0005769_00"	-0.0146173276898911	0.222022783436206	0.919862825897906	"1e-05 to 1"	0.00936431957690889	0.00360480980700717	174	"success"	"pgls5_castespolymorphic"
"OG0005770_00"	0.00617908128919428	0.310676177817899	1	"1e-05 to 1"	0.00634383200607364	0.00056676126192301	174	"success"	"pgls5_castespolymorphic"
"OG0005771_00"	0.00503043054207799	0.667649718169168	0.513043709788383	"1e-05 to 1"	0.0011698716324542	-0.00463728027665944	174	"success"	"pgls5_castespolymorphic"
"OG0005773_00"	-0.00787201487986038	0.659203867146768	0.465408832708234	"1e-05 to 1"	0.00122632059415542	-0.00458050312332059	174	"success"	"pgls5_castespolymorphic"
"OG0005774_00"	0.0164674217525518	0.040536204698381	1	"1e-05 to 1"	0.0264505838462539	0.0207904128221041	174	"success"	"pgls5_castespolymorphic"
"OG0005776_00"	0.00166895672806021	0.855378270811363	1	"1e-05 to 1"	0.000208246254021216	-0.00560449650031591	174	"success"	"pgls5_castespolymorphic"
"OG0005777_00"	-0.00233289120899459	0.766934903060416	0.856944287405374	"1e-05 to 1"	0.000547168271082784	-0.0052636040064109	174	"success"	"pgls5_castespolymorphic"
"OG0005778_00"	-0.00700765848288661	0.554243437707436	0.697971320531963	"1e-05 to 1"	0.00223244280762203	-0.003568531362101	174	"success"	"pgls5_castespolymorphic"
"OG0005779_00"	0.00161278666850043	0.911504392052441	1	"1e-05 to 1"	7.79294601832345e-05	-0.00573557094993205	174	"success"	"pgls5_castespolymorphic"
"OG0005780_00"	-0.00459284587027518	0.526996761382187	1	"1e-05 to 1"	0.00250580131392271	-0.00329358356215925	174	"success"	"pgls5_castespolymorphic"
"OG0005781_00"	-0.00397284554459876	0.724741702364164	0.452923395630657	"1e-05 to 1"	0.000786953753300526	-0.00502242442255252	174	"success"	"pgls5_castespolymorphic"
"OG0005782_00"	-0.0173722860745108	0.209354246382446	1	"1e-05 to 1"	0.00977048865571324	0.00401334033394418	174	"success"	"pgls5_castespolymorphic"
"OG0005783_00"	0.000411671712961799	0.968115502228011	1	"1e-05 to 1"	1.00171762418111e-05	-0.00580387807273341	174	"success"	"pgls5_castespolymorphic"
"OG0005784_00"	-0.00362748059224711	0.688334409630177	1e-05	"1e-05 to 1"	0.00141655292436494	-0.00438916479119111	174	"success"	"pgls5_castespolymorphic"
"OG0005785_00"	-0.00161391318680657	0.924966388170021	0.944653022423407	"1e-05 to 1"	5.59591713869579e-05	-0.00575766897296548	174	"success"	"pgls5_castespolymorphic"
"OG0005786_00"	0.00427419469385752	0.706568761842948	0.791161935615574	"1e-05 to 1"	0.000888180055187769	-0.00492060959565421	174	"success"	"pgls5_castespolymorphic"
"OG0005787_00"	-0.00258922643359671	0.761005073611113	0.652357431545338	"1e-05 to 1"	0.000583511512510949	-0.00522704946706742	174	"success"	"pgls5_castespolymorphic"
"OG0005788_00"	-0.000469525450341673	0.966162203401522	1	"1e-05 to 1"	1.14261334417645e-05	-0.005802460923922	174	"success"	"pgls5_castespolymorphic"
"OG0005789_00"	-0.00905791726720596	0.524508175401089	0.87688213604683	"1e-05 to 1"	0.00250470648704199	-0.00329468475431227	174	"success"	"pgls5_castespolymorphic"
"OG0005790_00"	0.000771086349244854	0.973134654574583	0.854738696387417	"1e-05 to 1"	8.36998802071469e-06	-0.00580553483763047	174	"success"	"pgls5_castespolymorphic"
"OG0005791_00"	-0.00482643544968536	0.646668858518889	1	"1e-05 to 1"	0.00130833130809822	-0.00449801560290131	174	"success"	"pgls5_castespolymorphic"
"OG0005792_00"	-0.00947308867446395	0.520841672720288	0.946505370843147	"1e-05 to 1"	0.00275355112796431	-0.00304439334222195	174	"success"	"pgls5_castespolymorphic"
"OG0005793_00"	0.0206876856508808	0.151513815464837	0.927857646463037	"1e-05 to 1"	0.0128936088142242	0.00715461816779528	174	"success"	"pgls5_castespolymorphic"
"OG0005794_00"	0.00119152552857793	0.824462833138719	1e-05	"1e-05 to 1"	0.000314320105645822	-0.00549780594025173	174	"success"	"pgls5_castespolymorphic"
"OG0005795_00"	-0.000501131485126024	0.899339054639972	1e-05	"1e-05 to 1"	0.000101590015403093	-0.00571177283334467	174	"success"	"pgls5_castespolymorphic"
"OG0005796_00"	0.00103562232150059	0.927272461209498	0.940585931950299	"1e-05 to 1"	5.25630126523224e-05	-0.00576108487680904	174	"success"	"pgls5_castespolymorphic"
"OG0005797_00"	-0.0111004558658576	0.434321851494999	1	"1e-05 to 1"	0.00389803655523329	-0.0018932539299108	174	"success"	"pgls5_castespolymorphic"
"OG0005798_00"	-0.00886623011913425	0.267345792030834	0.92950703282383	"1e-05 to 1"	0.00773213715602234	0.00196313795344116	174	"success"	"pgls5_castespolymorphic"
"OG0005799_00"	0.00272909026072873	0.791712731226903	1	"1e-05 to 1"	0.000439913878895512	-0.00537148197064563	174	"success"	"pgls5_castespolymorphic"
"OG0005800_00"	0.00889124783718878	0.436097056792535	0.801096947469048	"1e-05 to 1"	0.00377185412441105	-0.00202016997951682	174	"success"	"pgls5_castespolymorphic"
"OG0005801_00"	-0.000454728346812766	0.956372557995782	1	"1e-05 to 1"	1.86462431060809e-05	-0.00579519883687585	174	"success"	"pgls5_castespolymorphic"
"OG0005802_00"	-0.000582130066837984	0.947191500635877	1	"1e-05 to 1"	2.73324987934764e-05	-0.0057864620797019	174	"success"	"pgls5_castespolymorphic"
"OG0005803_00"	0.0135000259387413	0.302273408027664	1e-05	"1e-05 to 1"	0.00660816607593902	0.000832632157775848	174	"success"	"pgls5_castespolymorphic"
"OG0005804_00"	-0.00341405242807725	0.509948023238418	1	"1e-05 to 1"	0.00270146189076618	-0.00309678542382241	174	"success"	"pgls5_castespolymorphic"
"OG0005805_00"	-0.00167454436358322	0.733530006670326	1	"1e-05 to 1"	0.000726347089732508	-0.00508338345044335	174	"success"	"pgls5_castespolymorphic"
"OG0005806_00"	-0.00177108310064221	0.779325096364078	0.512446727941201	"1e-05 to 1"	0.000492110171760904	-0.00531898221096139	174	"success"	"pgls5_castespolymorphic"
"OG0005807_00"	-0.00777861618968174	0.312405593436737	1	"1e-05 to 1"	0.00633790878846831	0.000560803607005944	174	"success"	"pgls5_castespolymorphic"
"OG0005808_00"	-0.0181836434265654	0.432962258321421	1	"1e-05 to 1"	0.00384750363167324	-0.0019440806495381	174	"success"	"pgls5_castespolymorphic"
"OG0005809_00"	-0.0196209801240004	0.127316769387347	1e-05	"1e-05 to 1"	0.0143809497740258	0.00865060645875848	174	"success"	"pgls5_castespolymorphic"
"OG0005810_00"	0.0086024976947151	0.194505183036136	1e-05	"1e-05 to 1"	0.0104971582149526	0.00474423471620244	174	"success"	"pgls5_castespolymorphic"
"OG0005811_00"	-0.00284309199996338	0.818612588601472	0.682006463636221	"1e-05 to 1"	0.000329675407782739	-0.00548236136310232	174	"success"	"pgls5_castespolymorphic"
"OG0005812_00"	0.0192881695942409	0.0493682346212689	1	"1e-05 to 1"	0.0237796470812133	0.0181039473549413	174	"success"	"pgls5_castespolymorphic"
"OG0005813_00"	-0.00917135273230695	0.14925082215345	1e-05	"1e-05 to 1"	0.0129553092830611	0.00721667736028819	174	"success"	"pgls5_castespolymorphic"
"OG0005814_00"	0.00892523814029792	0.348588520073863	1e-05	"1e-05 to 1"	0.00552777589902394	-0.000254039357377112	174	"success"	"pgls5_castespolymorphic"
"OG0005815_00"	0.00654456083307753	0.519018978535912	1e-05	"1e-05 to 1"	0.00260375153712027	-0.00319506386091972	174	"success"	"pgls5_castespolymorphic"
"OG0005816_00"	0.0214704496562584	0.126477170624027	0.98978886558393	"1e-05 to 1"	0.014534091381345	0.00880463842425983	174	"success"	"pgls5_castespolymorphic"
"OG0005817_00"	-0.00563944798850097	0.511444228895934	1	"1e-05 to 1"	0.00269922652903623	-0.00309903378184151	174	"success"	"pgls5_castespolymorphic"
"OG0005818_00"	0.00905969021373492	0.291994369503302	0.809026094361941	"1e-05 to 1"	0.00685193273751547	0.00107781606738477	174	"success"	"pgls5_castespolymorphic"
"OG0005819_00"	0.00681313448118479	0.138921433088304	0.738357507978061	"1e-05 to 1"	0.013551251931211	0.00781608479127616	174	"success"	"pgls5_castespolymorphic"
"OG0005820_00"	0.00376991051018262	0.673177093052808	0.962367673824163	"1e-05 to 1"	0.00113614159948705	-0.00467120641446939	174	"success"	"pgls5_castespolymorphic"
"OG0005821_00"	0.000708580542549363	0.945810911628779	0.955954425191481	"1e-05 to 1"	2.87825144243135e-05	-0.00578500363374768	174	"success"	"pgls5_castespolymorphic"
"OG0005822_00"	-0.0196736165073004	0.0601016228379909	0.545947043379343	"1e-05 to 1"	0.0221915816485148	0.0165066489836806	174	"success"	"pgls5_castespolymorphic"
"OG0005823_00"	-0.0131742667286541	0.179889647085566	1e-05	"1e-05 to 1"	0.0112830008609928	0.0055346462148359	174	"success"	"pgls5_castespolymorphic"
"OG0005824_00"	-0.0160387647822102	0.100618007677094	1	"1e-05 to 1"	0.0167588909724479	0.0110423728967063	174	"success"	"pgls5_castespolymorphic"
"OG0005825_00"	0.0027262218356877	0.760551688963031	0.768523275830025	"1e-05 to 1"	0.000578499271240464	-0.00523209084927578	174	"success"	"pgls5_castespolymorphic"
"OG0005826_00"	0.00175764404223294	0.896585266869204	1	"1e-05 to 1"	0.000104599654584223	-0.00570874569626123	174	"success"	"pgls5_castespolymorphic"
"OG0005827_00"	0.00367416429847844	0.740246067318814	1	"1e-05 to 1"	0.00068456268162081	-0.00512541079116047	174	"success"	"pgls5_castespolymorphic"
"OG0005828_00"	0.00124416843228738	0.938424428297309	0.261823781896632	"1e-05 to 1"	3.86243504577989e-05	-0.00577510457773722	174	"success"	"pgls5_castespolymorphic"
"OG0005829_00"	0.00425592477717086	0.692428847170187	1	"1e-05 to 1"	0.000980508116745391	-0.00482774474304093	174	"success"	"pgls5_castespolymorphic"
"OG0005830_00"	0.00192570252005626	0.952241592711532	1	"1e-05 to 1"	2.26309277760778e-05	-0.00579119098543446	174	"success"	"pgls5_castespolymorphic"
"OG0005831_00"	0.0122153058191376	0.23001518865836	0.433886698587141	"1e-05 to 1"	0.00916386581267079	0.00340319061390737	174	"success"	"pgls5_castespolymorphic"
"OG0005832_00"	-0.00538528701252057	0.610293997386071	1	"1e-05 to 1"	0.00162717408579597	-0.0041773190881238	174	"success"	"pgls5_castespolymorphic"
"OG0005833_00"	-0.00688012402749677	0.61261971125916	1e-05	"1e-05 to 1"	0.00162646194399951	-0.00417803537027961	174	"success"	"pgls5_castespolymorphic"
"OG0005834_00"	-0.00286140494110568	0.687280868618531	0.325936408896165	"1e-05 to 1"	0.00100911016829708	-0.00479897640049187	174	"success"	"pgls5_castespolymorphic"
"OG0005835_00"	0.0120832343205066	0.397982683898841	0.920363890071605	"1e-05 to 1"	0.00444125293898422	-0.00134687931137045	174	"success"	"pgls5_castespolymorphic"
"OG0005836_00"	-0.0046377826864553	0.313521160624948	1e-05	"1e-05 to 1"	0.006348273526902	0.000571228605546814	174	"success"	"pgls5_castespolymorphic"
"OG0005837_00"	0.00109405605677392	0.860320163074813	1	"1e-05 to 1"	0.000192904140078292	-0.00561992781259568	174	"success"	"pgls5_castespolymorphic"
"OG0005838_00"	-0.00778362674240288	0.270795455581121	1e-05	"1e-05 to 1"	0.00752732039930196	0.00175713040162351	174	"success"	"pgls5_castespolymorphic"
"OG0005839_00"	-0.010655537070513	0.539876387284765	0.728811410240742	"1e-05 to 1"	0.0023531319511236	-0.0034471405375327	174	"success"	"pgls5_castespolymorphic"
"OG0005840_00"	0.00106816432585472	0.916939807750176	1	"1e-05 to 1"	6.86171636608616e-05	-0.0057449373877132	174	"success"	"pgls5_castespolymorphic"
"OG0005841_00"	0.00737203833972213	0.269802069750426	1e-05	"1e-05 to 1"	0.00765349246911024	0.00188403602997722	174	"success"	"pgls5_castespolymorphic"
"OG0005842_00"	-1.23723490280373e-05	0.99912093867091	0.91359367554645	"1e-05 to 1"	7.56277626642065e-09	-0.0058139458816262	174	"success"	"pgls5_castespolymorphic"
"OG0005843_00"	-0.00883419925713147	0.324639986632693	1e-05	"1e-05 to 1"	0.0060640148213772	0.000285317233129301	174	"success"	"pgls5_castespolymorphic"
"OG0005844_00"	-0.00142622231741887	0.91659604317074	1e-05	"1e-05 to 1"	6.91883816515607e-05	-0.00574436284868773	174	"success"	"pgls5_castespolymorphic"
"OG0005845_00"	-0.00726029138805705	0.705521785393624	1	"1e-05 to 1"	0.000900480568768434	-0.00490823756745962	174	"success"	"pgls5_castespolymorphic"
"OG0005846_00"	-0.00440907664197402	0.324566349074209	1	"1e-05 to 1"	0.0060281764681649	0.000249270517398315	174	"success"	"pgls5_castespolymorphic"
"OG0005847_00"	0.0134219160369224	0.430774329227571	0.991362881549162	"1e-05 to 1"	0.00386001533551931	-0.00193149620322774	174	"success"	"pgls5_castespolymorphic"
"OG0005848_00"	-0.00731303381920957	0.701539918040282	0.966187781287009	"1e-05 to 1"	0.000926221262843444	-0.00488234721818648	174	"success"	"pgls5_castespolymorphic"
"OG0005849_00"	0.0234637728584149	0.000275736916122593	1	"1e-05 to 1"	0.079588628172962	0.074237399266991	174	"success"	"pgls5_castespolymorphic"
"OG0005850_00"	-0.00799858256050337	0.11114322380611	1e-05	"1e-05 to 1"	0.0156878996343539	0.00996515486478622	174	"success"	"pgls5_castespolymorphic"
"OG0005851_00"	-0.00321309149512489	0.508595932820161	0.958718343768487	"1e-05 to 1"	0.00273576386798035	-0.00306228401650821	174	"success"	"pgls5_castespolymorphic"
"OG0005852_00"	0.0125532261455445	0.167777390576451	1	"1e-05 to 1"	0.0118581345419943	0.00611312369630823	174	"success"	"pgls5_castespolymorphic"
"OG0005853_00"	0.0190596632270273	0.00273254513526178	1	"1e-05 to 1"	0.0547322799344011	0.0492365373758802	174	"success"	"pgls5_castespolymorphic"
"OG0005854_00"	0.00324497579420393	0.822900381299932	1e-05	"1e-05 to 1"	0.000314015941533352	-0.00549811187276017	174	"success"	"pgls5_castespolymorphic"
"OG0005855_00"	0.0208142506248583	0.0550826821670971	0.21576739374898	"1e-05 to 1"	0.0228051625515201	0.0171237972175173	174	"success"	"pgls5_castespolymorphic"
"OG0005856_00"	0.00658822707356598	0.369669777778677	1e-05	"1e-05 to 1"	0.00503286743874265	-0.000751825192427447	174	"success"	"pgls5_castespolymorphic"
"OG0005857_00"	-0.00315616378831393	0.547894759524503	1e-05	"1e-05 to 1"	0.00227564116966071	-0.0035250818467949	174	"success"	"pgls5_castespolymorphic"
"OG0005858_00"	-0.0129801959780468	0.196280161942476	0.421072452159987	"1e-05 to 1"	0.0103499665016969	0.00459618723717181	174	"success"	"pgls5_castespolymorphic"
"OG0005859_00"	0.00698572981609039	0.64500410821029	1e-05	"1e-05 to 1"	0.00132987286130552	-0.00447634880810543	174	"success"	"pgls5_castespolymorphic"
"OG0005860_00"	-0.00618794073015287	0.555886731154768	1	"1e-05 to 1"	0.0021723980220001	-0.00362892524531389	174	"success"	"pgls5_castespolymorphic"
"OG0005861_00"	0.00231141975482205	0.882951552418383	0.933753816540977	"1e-05 to 1"	0.000136748787472713	-0.00567640964980942	174	"success"	"pgls5_castespolymorphic"
"OG0005862_00"	0.00801865700665457	0.298118863145807	0.858651087638992	"1e-05 to 1"	0.00680690233674412	0.00103252386195762	174	"success"	"pgls5_castespolymorphic"
"OG0005863_00"	0.00354221113304107	0.685280192072427	0.891748703592763	"1e-05 to 1"	0.00102278923690317	-0.00478521780241725	174	"success"	"pgls5_castespolymorphic"
"OG0005864_00"	0.0177560407977482	0.214648768019611	0.815940384754964	"1e-05 to 1"	0.00960734826165637	0.0038492514492241	174	"success"	"pgls5_castespolymorphic"
"OG0005865_00"	-0.00511206414341661	0.434128909348733	0.644078165696661	"1e-05 to 1"	0.00382806730393345	-0.0019636299791832	174	"success"	"pgls5_castespolymorphic"
"OG0005866_00"	-0.0028616851106528	0.541856717109497	1	"1e-05 to 1"	0.00234492644348187	-0.00345539375161419	174	"success"	"pgls5_castespolymorphic"
"OG0005867_00"	0.029853159536972	0.0990416269439685	1	"1e-05 to 1"	0.0169141498699173	0.0111985344621842	174	"success"	"pgls5_castespolymorphic"
"OG0005868_00"	0.0119420013323928	0.302191527900881	0.950888214714673	"1e-05 to 1"	0.00656960140797661	0.00079384327662757	174	"success"	"pgls5_castespolymorphic"
"OG0005869_00"	0.0161228552758722	0.233440523168022	0.966554624720966	"1e-05 to 1"	0.00891750324624307	0.00315539570697709	174	"success"	"pgls5_castespolymorphic"
"OG0005870_00"	0.0527522722088019	0.0137860759185247	0.814328380376697	"1e-05 to 1"	0.0375435973593224	0.0319479205997837	174	"success"	"pgls5_castespolymorphic"
"OG0005871_00"	0.00288277480977918	0.772809328784708	1	"1e-05 to 1"	0.000797269975073359	-0.00501204822274581	174	"success"	"pgls5_castespolymorphic"
"OG0005872_00"	-0.00115547367403475	0.798944366178862	1	"1e-05 to 1"	0.000406680018065188	-0.0054049090515973	174	"success"	"pgls5_castespolymorphic"
"OG0005873_00"	0.0207563309485674	0.143748656892021	0.888581584279887	"1e-05 to 1"	0.0136509568739411	0.00791636941390583	174	"success"	"pgls5_castespolymorphic"
"OG0005874_00"	0.0123097334897954	0.404183870010576	0.97431791675314	"1e-05 to 1"	0.00440828147593895	-0.0013800424689685	174	"success"	"pgls5_castespolymorphic"
"OG0005875_00"	-0.00458414795227611	0.799004608400122	1	"1e-05 to 1"	0.000406431063039651	-0.00540515945403564	174	"success"	"pgls5_castespolymorphic"
"OG0005876_00"	0.00681389440486506	0.22274844356832	1e-05	"1e-05 to 1"	0.00933511455887591	0.0035754349923578	174	"success"	"pgls5_castespolymorphic"
"OG0005877_00"	0.00587934807623991	0.496751781712726	1e-05	"1e-05 to 1"	0.00290974180641053	-0.00288729457843595	174	"success"	"pgls5_castespolymorphic"
"OG0005878_00"	0.0243193103779237	0.0318146733307114	1e-05	"1e-05 to 1"	0.028479373261752	0.0228309975249017	174	"success"	"pgls5_castespolymorphic"
"OG0005879_00"	-0.000333310262366276	0.98483245538916	0.966314430089062	"1e-05 to 1"	2.28018893909927e-06	-0.00581166004252065	174	"success"	"pgls5_castespolymorphic"
"OG0005880_00"	-0.000880623662787171	0.915766141138812	1e-05	"1e-05 to 1"	7.05772573982881e-05	-0.00574296589808188	174	"success"	"pgls5_castespolymorphic"
"OG0005881_00"	0.001518702044304	0.634271407867658	1	"1e-05 to 1"	0.00140904764085871	-0.00439671371006667	174	"success"	"pgls5_castespolymorphic"
"OG0005882_00"	0.00685134003349989	0.493730801530693	1	"1e-05 to 1"	0.00295073526952561	-0.00284606278123301	174	"success"	"pgls5_castespolymorphic"
"OG0005883_00"	0.000267186469385656	0.92895307519315	1	"1e-05 to 1"	5.01554781968048e-05	-0.00576350640855794	174	"success"	"pgls5_castespolymorphic"
"OG0005884_00"	0.0161897386327594	0.494898130259601	0.920045922578589	"1e-05 to 1"	0.00291647218134286	-0.00288052507341674	174	"success"	"pgls5_castespolymorphic"
"OG0005885_00"	0.00686348247078742	0.435256453991754	0.943075697878746	"1e-05 to 1"	0.00380935754206288	-0.00198244851873897	174	"success"	"pgls5_castespolymorphic"
"OG0005886_00"	-0.00427475952588419	0.72639733045275	0.861728403737857	"1e-05 to 1"	0.000762604393712627	-0.00504691534818424	174	"success"	"pgls5_castespolymorphic"
"OG0005887_00"	-0.00743516557331425	0.400508461927794	1	"1e-05 to 1"	0.00439402464911622	-0.0013943821843192	174	"success"	"pgls5_castespolymorphic"
"OG0005888_00"	-0.0209345819239072	0.126925065333669	0.123609316748339	"1e-05 to 1"	0.0144103986289768	0.00868022652798262	174	"success"	"pgls5_castespolymorphic"
"OG0005889_00"	-0.00853938021291477	0.482900090760773	0.931473438234676	"1e-05 to 1"	0.00306261540854631	-0.0027335321762878	174	"success"	"pgls5_castespolymorphic"
"OG0005890_00"	0.0272385465786938	0.0696590790589386	0.838318346912357	"1e-05 to 1"	0.0201715011991148	0.014474823880505	174	"success"	"pgls5_castespolymorphic"
"OG0005891_00"	-0.00303650337675094	0.517233297004324	1e-05	"1e-05 to 1"	0.00260969946608614	-0.0031890813509714	174	"success"	"pgls5_castespolymorphic"
"OG0005892_00"	-0.000450838743882648	0.956695549522154	0.723627939341773	"1e-05 to 1"	1.8370905832178e-05	-0.00579547577494788	174	"success"	"pgls5_castespolymorphic"
"OG0005893_00"	0.00258748050124813	0.636976064539219	1	"1e-05 to 1"	0.00140417187662714	-0.00440161782176474	174	"success"	"pgls5_castespolymorphic"
"OG0005894_00"	0.0041292203138914	0.718669917202055	0.802930246534803	"1e-05 to 1"	0.000803206903591531	-0.00500607677720155	174	"success"	"pgls5_castespolymorphic"
"OG0005895_00"	-0.00388823975548722	0.565584397710757	1	"1e-05 to 1"	0.00205474021927124	-0.00374726710503537	174	"success"	"pgls5_castespolymorphic"
"OG0005896_00"	-0.0134390961310163	0.306734428440811	0.447894019136172	"1e-05 to 1"	0.00648775947503325	0.000711525518492739	174	"success"	"pgls5_castespolymorphic"
"OG0005897_00"	0.00384443714351692	0.757932503793002	0.922356764424544	"1e-05 to 1"	0.000587968660893037	-0.00522256640503205	174	"success"	"pgls5_castespolymorphic"
"OG0005898_00"	0.0102585800215806	0.141003508288979	1	"1e-05 to 1"	0.0133280652181297	0.00759160048102581	174	"success"	"pgls5_castespolymorphic"
"OG0005899_00"	0.00463785497936144	0.485682892021643	1	"1e-05 to 1"	0.00300521784791175	-0.0027912634436702	174	"success"	"pgls5_castespolymorphic"
"OG0005900_00"	-0.00601138212727458	0.44231980966643	0.933198605244777	"1e-05 to 1"	0.00364814955149043	-0.00214459376507081	174	"success"	"pgls5_castespolymorphic"
"OG0005901_00"	-0.00382594772943484	0.561672138694599	1e-05	"1e-05 to 1"	0.00209633826991934	-0.00370542720525568	174	"success"	"pgls5_castespolymorphic"
"OG0005902_00"	0.0044690954093514	0.469370305078098	1e-05	"1e-05 to 1"	0.00333917215580338	-0.00245536754096531	174	"success"	"pgls5_castespolymorphic"
"OG0005903_00"	0.0613981167591011	0.000921357460117234	0.149153221267045	"1e-05 to 1"	0.06692375340394	0.0614988915051257	174	"success"	"pgls5_castespolymorphic"
"OG0005904_00"	-0.00817218674110016	0.458488179778284	1	"1e-05 to 1"	0.00343971124248812	-0.00235424392470684	174	"success"	"pgls5_castespolymorphic"
"OG0005905_00"	0.0151913407630996	0.426716653734927	0.891472443229267	"1e-05 to 1"	0.00392833478069838	-0.00186277955197189	174	"success"	"pgls5_castespolymorphic"
"OG0005906_00"	0.019157237814685	0.29054158173402	1	"1e-05 to 1"	0.00702318630357199	0.00125006529370897	174	"success"	"pgls5_castespolymorphic"
"OG0005907_00"	0.017456673095748	0.0804131190228941	1e-05	"1e-05 to 1"	0.0189805775498497	0.0132769762565349	174	"success"	"pgls5_castespolymorphic"
"OG0005908_00"	0.00213495049177544	0.675432362162117	1	"1e-05 to 1"	0.00109853255794619	-0.00470903411322854	174	"success"	"pgls5_castespolymorphic"
"OG0005909_00"	-0.00809763099704312	0.347228720223293	1e-05	"1e-05 to 1"	0.00552420540013561	-0.000257630614979742	174	"success"	"pgls5_castespolymorphic"
"OG0005910_00"	0.015581644481233	0.150883174804568	0.148462910831718	"1e-05 to 1"	0.0128526288069577	0.00711339990467263	174	"success"	"pgls5_castespolymorphic"
"OG0005911_00"	-0.00207460403891523	0.73296467710206	1	"1e-05 to 1"	0.000725009882255391	-0.00508472843238272	174	"success"	"pgls5_castespolymorphic"
"OG0005912_00"	-0.00356403457329622	0.475919196456501	0.989439501224163	"1e-05 to 1"	0.00316132826542534	-0.00263424540744994	174	"success"	"pgls5_castespolymorphic"
"OG0005913_00"	-0.00539190845125158	0.432049404040201	0.928490242444333	"1e-05 to 1"	0.00381502285020404	-0.0019767502727599	174	"success"	"pgls5_castespolymorphic"
"OG0005914_00"	-0.0103550860186055	0.209183515387591	0.956733404567501	"1e-05 to 1"	0.00977778035414874	0.0040206744259752	174	"success"	"pgls5_castespolymorphic"
"OG0005915_00"	0.0054827836232798	0.381942236156471	1	"1e-05 to 1"	0.00478123832205715	-0.00100491726909357	174	"success"	"pgls5_castespolymorphic"
"OG0005916_00"	0.00541374323648512	0.0622656946296458	1	"1e-05 to 1"	0.0214241629803466	0.0157347685790695	174	"success"	"pgls5_castespolymorphic"
"OG0005917_00"	0.013271393219869	0.293169569959332	1	"1e-05 to 1"	0.00690396376470842	0.0011301496005498	174	"success"	"pgls5_castespolymorphic"
"OG0005919_00"	-0.00960423568564083	0.53158750763926	1e-05	"1e-05 to 1"	0.00245062111352765	-0.00334908457767269	174	"success"	"pgls5_castespolymorphic"
"OG0005920_00"	0.013428298884539	0.075703888259016	1	"1e-05 to 1"	0.0195847981555533	0.0138847097727368	174	"success"	"pgls5_castespolymorphic"
"OG0005921_00"	0.00353916661051162	0.578777624518517	0.952814479156036	"1e-05 to 1"	0.00193050593538538	-0.00387222368126938	174	"success"	"pgls5_castespolymorphic"
"OG0005922_00"	0.00528097676657172	0.62442416933405	0.80062028922859	"1e-05 to 1"	0.00153043719052734	-0.004274618407202	174	"success"	"pgls5_castespolymorphic"
"OG0005923_00"	0.00720142137558499	0.628526593468236	0.916943010924607	"1e-05 to 1"	0.00146640256087192	-0.00433902533121611	174	"success"	"pgls5_castespolymorphic"
"OG0005924_00"	0.00299208418213855	0.795050506920027	0.783424944555485	"1e-05 to 1"	0.000420309437182975	-0.00539120039167051	174	"success"	"pgls5_castespolymorphic"
"OG0005925_00"	0.0425824228709486	0.0094146985559167	1e-05	"1e-05 to 1"	0.0413905483947667	0.0358172376296201	174	"success"	"pgls5_castespolymorphic"
"OG0005926_00"	-0.000798846527481382	0.901941174933955	1e-05	"1e-05 to 1"	9.45781788131918e-05	-0.00571882543642621	174	"success"	"pgls5_castespolymorphic"
"OG0005927_00"	0.00139106634127768	0.777954756473295	1	"1e-05 to 1"	0.000507956005015468	-0.00530304425076911	174	"success"	"pgls5_castespolymorphic"
"OG0005928_00"	0.00365730446381207	0.790182310476285	1	"1e-05 to 1"	0.000446556095865288	-0.00536480113613536	174	"success"	"pgls5_castespolymorphic"
"OG0005929_00"	0.00764663272542759	0.418293233940382	1	"1e-05 to 1"	0.00409879663352774	-0.00169132664185878	174	"success"	"pgls5_castespolymorphic"
"OG0005930_00"	0.00293866991175985	0.799426850863164	0.873585395282982	"1e-05 to 1"	0.000402167503366838	-0.00540944780184605	174	"success"	"pgls5_castespolymorphic"
"OG0005931_00"	-0.00694857370779971	0.299944712929659	0.958529379683233	"0.001 to 1"	0.00671361803436394	0.00093869720898232	174	"success"	"pgls5_castespolymorphic"
"OG0005932_00"	-0.00910687482617977	0.344829489947569	1	"1e-05 to 1"	0.00557928614355339	-0.00020222963468175	174	"success"	"pgls5_castespolymorphic"
"OG0005933_00"	-0.00337231425700846	0.802450444928233	0.94368521872383	"1e-05 to 1"	0.000389881847093877	-0.00542180488635324	174	"success"	"pgls5_castespolymorphic"
"OG0005934_00"	0.00921178891334243	0.169746393484387	0.84450734533278	"1e-05 to 1"	0.0117496530450695	0.006004011493006	174	"success"	"pgls5_castespolymorphic"
"OG0005935_00"	0.0115111243589435	0.429753484650039	1	"1e-05 to 1"	0.00387711202810103	-0.00191430011127047	174	"success"	"pgls5_castespolymorphic"
"OG0005936_00"	-0.00784355674335241	0.210064054080766	0.853400056177266	"1e-05 to 1"	0.00974024842798192	0.00398292429093527	174	"success"	"pgls5_castespolymorphic"
"OG0005937_00"	0.0201261885857464	0.177922177045462	0.973491079367282	"1e-05 to 1"	0.0112439757695673	0.00549539423334378	174	"success"	"pgls5_castespolymorphic"
"OG0005938_00"	0.00567253030191551	0.391600561041103	1	"1e-05 to 1"	0.00459107028663986	-0.00119619093262391	174	"success"	"pgls5_castespolymorphic"
"OG0005939_00"	-0.00699384380788389	0.325674201058288	1e-05	"1e-05 to 1"	0.00600071557925388	0.000221649972156457	174	"success"	"pgls5_castespolymorphic"
"OG0005940_00"	0.0028813568726156	0.321125713587491	1e-05	"1e-05 to 1"	0.00611425177887163	0.000335846265957951	174	"success"	"pgls5_castespolymorphic"
"OG0005941_00"	-0.00542240475133	0.572675720149703	1	"1e-05 to 1"	0.00199314741913189	-0.00380921800284995	174	"success"	"pgls5_castespolymorphic"
"OG0005942_00"	-0.0027026202583062	0.688863826815472	1	"1e-05 to 1"	0.00100461892761384	-0.00480349375303968	174	"success"	"pgls5_castespolymorphic"
"OG0005943_00"	0.000948596432726338	0.932012873660527	1	"1e-05 to 1"	4.62097461315251e-05	-0.00576747508092579	174	"success"	"pgls5_castespolymorphic"
"OG0005944_00"	0.00588444787401184	0.379761217875553	1	"1e-05 to 1"	0.00485549183677331	-0.000930232047896551	174	"success"	"pgls5_castespolymorphic"
"OG0005945_00"	0.00924257758132636	0.357083951998932	0.765305517919396	"1e-05 to 1"	0.00530323827688805	-0.000479882430804546	174	"success"	"pgls5_castespolymorphic"
"OG0005946_00"	-0.000126084286855239	0.941440250719049	1	"1e-05 to 1"	3.78680941188445e-05	-0.00577586523091522	174	"success"	"pgls5_castespolymorphic"
"OG0005947_00"	-0.00284456000490778	0.601186202058569	1	"1e-05 to 1"	0.00172223168827437	-0.0040817088251659	174	"success"	"pgls5_castespolymorphic"
"OG0005948_00"	0.00534662556656383	0.420294120735884	1e-05	"1e-05 to 1"	0.00406375056220848	-0.00172657646940655	174	"success"	"pgls5_castespolymorphic"
"OG0005949_00"	0.00830155141348819	0.127771047546746	1	"1e-05 to 1"	0.0145266306918182	0.00879713435863105	174	"success"	"pgls5_castespolymorphic"
"OG0005950_00"	-0.000600888348646041	0.542997829787392	1e-05	"1e-05 to 1"	0.00230270168310043	-0.00349786400478846	174	"success"	"pgls5_castespolymorphic"
"OG0005951_00"	0.000951961999338962	0.891766716447298	0.976633661317505	"1e-05 to 1"	0.000115349660748994	-0.00569793319006062	174	"success"	"pgls5_castespolymorphic"
"OG0005952_00"	0.00523674065138828	0.521225393770952	0.939238835441326	"1e-05 to 1"	0.0025603654696021	-0.00323870217301647	174	"success"	"pgls5_castespolymorphic"
"OG0005953_00"	0.0227120556557957	0.169197279146556	1	"1e-05 to 1"	0.0118536386661027	0.00610860168160332	174	"success"	"pgls5_castespolymorphic"
"OG0005954_00"	-0.00453859475457006	0.676232430157379	1e-05	"1e-05 to 1"	0.00109969159725543	-0.00470786833531855	174	"success"	"pgls5_castespolymorphic"
"OG0005955_00"	0.00345471167996942	0.379112358917459	1	"1e-05 to 1"	0.00486869869408374	-0.000916948406532114	174	"success"	"pgls5_castespolymorphic"
"OG0005956_00"	0.0220085190524301	0.0381281876180828	1e-05	"1e-05 to 1"	0.0264309870838593	0.0207707021250445	174	"success"	"pgls5_castespolymorphic"
"OG0005957_00"	-0.0129112272765307	0.0201926678361035	1	"1e-05 to 1"	0.0332593236211773	0.0276387382933935	174	"success"	"pgls5_castespolymorphic"
"OG0005958_00"	0.0247173591002546	0.0715495714661902	1	"1e-05 to 1"	0.0200277280593312	0.0143302148503739	174	"success"	"pgls5_castespolymorphic"
"OG0005959_00"	-0.000188661758028127	0.947702180518328	1	"1e-05 to 1"	2.69737305416389e-05	-0.00578682293381561	174	"success"	"pgls5_castespolymorphic"
"OG0005960_00"	0.00303296198609152	0.665538818053482	0.414483034987067	"1e-05 to 1"	0.00117087484501881	-0.0046362712314636	174	"success"	"pgls5_castespolymorphic"
"OG0005961_00"	-0.011560698348617	0.189786550422718	0.709059156628278	"1e-05 to 1"	0.0107211768077268	0.00496955574265534	174	"success"	"pgls5_castespolymorphic"
"OG0005962_00"	0.00836117347805066	0.287306755434694	1e-05	"1e-05 to 1"	0.00707324484997982	0.00130041487817734	174	"success"	"pgls5_castespolymorphic"
"OG0005963_00"	0.010286481834893	0.160880474682682	1e-05	"1e-05 to 1"	0.0122498354769202	0.00650710196225113	174	"success"	"pgls5_castespolymorphic"
"OG0005964_00"	-0.00250966550703579	0.887973223259323	1e-05	"1e-05 to 1"	0.000128432173333492	-0.00568477461635641	174	"success"	"pgls5_castespolymorphic"
"OG0005965_00"	0.0176225196557466	0.0313943039947202	1e-05	"1e-05 to 1"	0.0287962560391465	0.0231497226440253	174	"success"	"pgls5_castespolymorphic"
"OG0005966_00"	0.00410063664427952	0.69077690220374	1e-05	"1e-05 to 1"	0.000997891571816305	-0.00481026022137088	174	"success"	"pgls5_castespolymorphic"
"OG0005967_00"	-0.00157649570087642	0.742566601814745	1e-05	"1e-05 to 1"	0.000676154128224631	-0.00513386823149498	174	"success"	"pgls5_castespolymorphic"
"OG0005968_00"	-0.0194214606707097	0.15168593407751	1e-05	"1e-05 to 1"	0.0127233326418804	0.00698335201770528	174	"success"	"pgls5_castespolymorphic"
"OG0005969_00"	0.0220894284211919	0.201642839271533	0.544582639687975	"1e-05 to 1"	0.0100447119535887	0.00428915795331886	174	"success"	"pgls5_castespolymorphic"
"OG0005970_00"	0.0191561186671705	0.0183794342729553	1e-05	"1e-05 to 1"	0.0440178995936759	0.0384598641261973	174	"success"	"pgls5_castespolymorphic"
"OG0005971_00"	0.00711719035195521	0.465529694779601	1e-05	"1e-05 to 1"	0.0033333897131229	-0.00246118360249858	174	"success"	"pgls5_castespolymorphic"
"OG0005972_00"	0.0092345185238161	0.216591613239919	1e-05	"1e-05 to 1"	0.00952674519831843	0.00376817976342492	174	"success"	"pgls5_castespolymorphic"
"OG0005973_00"	-0.00174632764697017	0.754956568534271	1	"1e-05 to 1"	0.000610549916956525	-0.00519985386259592	174	"success"	"pgls5_castespolymorphic"
"OG0005974_00"	-0.00169649825491983	0.399733249771459	1e-05	"1e-05 to 1"	0.00440847420258968	-0.00137984862181373	174	"success"	"pgls5_castespolymorphic"
"OG0005975_00"	0.0223692561118893	0.0811357682321705	1	"1e-05 to 1"	0.0188912092380554	0.0131870883615324	174	"success"	"pgls5_castespolymorphic"
"OG0005976_00"	0.00235035524972456	0.240657177594808	1e-05	"1e-05 to 1"	0.00854107631051549	0.00277678024255334	174	"success"	"pgls5_castespolymorphic"
"OG0005977_00"	0.00800737629017787	0.635741918235604	1	"1e-05 to 1"	0.00139686298683527	-0.0044089692051017	174	"success"	"pgls5_castespolymorphic"
"OG0005978_00"	-0.00233400228326442	0.843027344986794	1e-05	"1e-05 to 1"	0.00024428651784842	-0.00556824670007106	174	"success"	"pgls5_castespolymorphic"
"OG0005979_00"	-7.89409063423211e-05	0.984113267690549	1	"1e-05 to 1"	2.5335490805394e-06	-0.00581140520935497	174	"success"	"pgls5_castespolymorphic"
"OG0005980_00"	-0.00699915370507124	0.222020283671234	0.959067726713583	"1e-05 to 1"	0.00930598417782623	0.00354613524862757	174	"success"	"pgls5_castespolymorphic"
"OG0005981_00"	0.0298946682367304	0.119232991002261	1	"1e-05 to 1"	0.0155881934534245	0.00986486899675831	174	"success"	"pgls5_castespolymorphic"
"OG0005982_00"	-0.011272349499723	0.26109618454292	0.918641011167471	"1e-05 to 1"	0.00783782511222844	0.00206944037450885	174	"success"	"pgls5_castespolymorphic"
"OG0005983_00"	0.00497931705633699	0.597427445640625	0.971029347346325	"1e-05 to 1"	0.0017470107198852	-0.00405678572941781	174	"success"	"pgls5_castespolymorphic"
"OG0005984_00"	0.00274455233596761	0.766960463202418	1	"1e-05 to 1"	0.000547044720342486	-0.0052637282754695	174	"success"	"pgls5_castespolymorphic"
"OG0005985_00"	-0.00214170164476255	0.522619495306134	1	"1e-05 to 1"	0.00254329329292229	-0.00325587360653756	174	"success"	"pgls5_castespolymorphic"
"OG0005986_00"	-0.0109506342486066	0.162959257558787	1e-05	"1e-05 to 1"	0.0120546846967545	0.00631081658452637	174	"success"	"pgls5_castespolymorphic"
"OG0005987_00"	-0.0021366894060308	0.485163468509426	0.591471954020941	"1e-05 to 1"	0.00305008419601825	-0.00274613624470255	174	"success"	"pgls5_castespolymorphic"
"OG0005988_00"	-0.00453342408886342	0.578796957074383	0.639838859754479	"1e-05 to 1"	0.00191829436751959	-0.00388450624662284	174	"success"	"pgls5_castespolymorphic"
"OG0005989_00"	-0.000203264305403226	0.988834018599268	0.969620105138932	"1e-05 to 1"	1.23569228296164e-06	-0.00581271061183175	174	"success"	"pgls5_castespolymorphic"
"OG0005990_00"	-0.00181776381613714	0.908849768097516	0.483812872149016	"1e-05 to 1"	8.21770704114074e-05	-0.00573129864429545	174	"success"	"pgls5_castespolymorphic"
"OG0005991_00"	-0.00483392788198917	0.673947020922366	0.8032273654297	"1e-05 to 1"	0.00110231319353071	-0.0047052314972047	174	"success"	"pgls5_castespolymorphic"
"OG0005992_00"	-0.00489189682292768	0.692847576603987	1e-05	"1e-05 to 1"	0.000977698384709265	-0.00483057081072857	174	"success"	"pgls5_castespolymorphic"
"OG0005993_00"	0.00550577415472519	0.388080056879804	1	"1e-05 to 1"	0.00460203923442323	-0.00118515821188825	174	"success"	"pgls5_castespolymorphic"
"OG0005994_00"	-5.72527601573752e-05	0.991329365081866	1e-05	"1e-05 to 1"	7.35802857388005e-07	-0.005813213407591	174	"success"	"pgls5_castespolymorphic"
"OG0005995_00"	-0.00232967918111623	0.689736295786509	1	"1e-05 to 1"	0.000998686945728765	-0.0048094602231914	174	"success"	"pgls5_castespolymorphic"
"OG0005996_00"	0.0126142188687691	0.470424625812227	0.928043604891169	"1e-05 to 1"	0.00328151474891771	-0.00251336016533288	174	"success"	"pgls5_castespolymorphic"
"OG0005997_00"	-0.01330155336582	0.154002601597393	1	"1e-05 to 1"	0.0126598296470601	0.00691947981942687	174	"success"	"pgls5_castespolymorphic"
"OG0005998_00"	0.0127610159309922	0.42896115080105	1e-05	"1e-05 to 1"	0.00389042391450749	-0.00190091083017574	174	"success"	"pgls5_castespolymorphic"
"OG0005999_00"	0.00216047092830934	0.740802770851558	1e-05	"1e-05 to 1"	0.00068579462990479	-0.00512417168038648	174	"success"	"pgls5_castespolymorphic"
"OG0006000_00"	0.00495422261896832	0.0605137853497837	1	"1e-05 to 1"	0.0215793056891692	0.0158908132803854	174	"success"	"pgls5_castespolymorphic"
"OG0006001_00"	0.00302061222017005	0.70432521408532	1	"1e-05 to 1"	0.000896860608416325	-0.00491187857409292	174	"success"	"pgls5_castespolymorphic"
"OG0006002_00"	0.0342416247911454	0.00442175166962366	0.793511982525421	"1e-05 to 1"	0.0492256965275267	0.0436979389491985	174	"success"	"pgls5_castespolymorphic"
"OG0006003_00"	-0.0046933275646382	0.509321121202966	1	"1e-05 to 1"	0.00272642793551642	-0.00307167422764909	174	"success"	"pgls5_castespolymorphic"
"OG0006004_00"	0.00585808260970939	0.343043204304433	0.752124460507062	"1e-05 to 1"	0.00562063094403348	-0.000160644457454673	174	"success"	"pgls5_castespolymorphic"
"OG0006005_00"	0.00506870819593768	0.148257928936906	1	"1e-05 to 1"	0.0130999763375314	0.0073621855022844	174	"success"	"pgls5_castespolymorphic"
"OG0006006_00"	-0.00514312444421317	0.255950108754052	1e-05	"1e-05 to 1"	0.00810903670326236	0.00234222877711854	174	"success"	"pgls5_castespolymorphic"
"OG0006007_00"	-0.00699482368448756	0.532947401507038	0.987134757650681	"1e-05 to 1"	0.00241928963340448	-0.00338059821756431	174	"success"	"pgls5_castespolymorphic"
"OG0006008_00"	0.00039387360204538	0.964320838522484	1e-05	"1e-05 to 1"	1.25450743267336e-05	-0.00580133547756678	174	"success"	"pgls5_castespolymorphic"
"OG0006009_00"	-0.016583437339766	0.34315996711014	0.592888548544963	"1e-05 to 1"	0.00572530103539208	-5.53658190534101e-05	174	"success"	"pgls5_castespolymorphic"
"OG0006010_00"	-0.00525269573892305	0.743143725849801	0.57130855878965	"1e-05 to 1"	0.000690322316274568	-0.00511961767025881	174	"success"	"pgls5_castespolymorphic"
"OG0006011_00"	-0.000449856272596823	0.754654611665074	1	"1e-05 to 1"	0.000623834922275512	-0.00518649161887419	174	"success"	"pgls5_castespolymorphic"
"OG0006012_00"	-0.00811359430909999	0.500346913928572	0.824089231387273	"1e-05 to 1"	0.00286150009922625	-0.0029358167606619	174	"success"	"pgls5_castespolymorphic"
"OG0006013_00"	0.013684107571989	0.229505478298335	0.27948898627279	"1e-05 to 1"	0.00906849156547163	0.00330726186527086	174	"success"	"pgls5_castespolymorphic"
"OG0006014_00"	0.00595018503006923	0.429662816752518	1	"1e-05 to 1"	0.00392747838413075	-0.00186364092758939	174	"success"	"pgls5_castespolymorphic"
"OG0006015_00"	0.00394415634383249	0.739780478202134	0.989551149555189	"1e-05 to 1"	0.000691416771608338	-0.00511851685181242	174	"success"	"pgls5_castespolymorphic"
"OG0006016_00"	-0.0060692629065046	0.458394821995995	1	"1e-05 to 1"	0.00341973502180717	-0.00237433628620565	174	"success"	"pgls5_castespolymorphic"
"OG0006017_00"	0.00829111563331012	0.451913753706631	0.874269372676627	"1e-05 to 1"	0.00360908841336511	-0.00218388200283637	174	"success"	"pgls5_castespolymorphic"
"OG0006018_00"	-0.000126340257404185	0.937571525801209	1	"1e-05 to 1"	3.82197246973214e-05	-0.005775511555973	174	"success"	"pgls5_castespolymorphic"
"OG0006019_00"	0.00404315413260338	0.469739909243775	1e-05	"1e-05 to 1"	0.00325068486275769	-0.00254436929501689	174	"success"	"pgls5_castespolymorphic"
"OG0006020_00"	0.0142387780967069	0.122385548594705	1e-05	"1e-05 to 1"	0.0148510156287797	0.00912340525452826	174	"success"	"pgls5_castespolymorphic"
"OG0006021_00"	-0.0183801848230275	0.146020393765773	1	"1e-05 to 1"	0.0131622737230324	0.00742484508188712	174	"success"	"pgls5_castespolymorphic"
"OG0006022_00"	-0.00295598297301363	0.519771915293201	1	"1e-05 to 1"	0.00257825052621005	-0.00322071313352112	174	"success"	"pgls5_castespolymorphic"
"OG0006023_00"	0.0225089395098002	0.00256545072693903	1	"1e-05 to 1"	0.0550800622244683	0.0495863416560061	174	"success"	"pgls5_castespolymorphic"
"OG0006024_00"	-0.00520016927110069	0.638286582794834	0.897340201439442	"1e-05 to 1"	0.00138455087324583	-0.00442135290074708	174	"success"	"pgls5_castespolymorphic"
"OG0006025_00"	-0.00787190069811993	0.285583419201394	0.812772665322779	"1e-05 to 1"	0.00707960895605965	0.00130681598487392	174	"success"	"pgls5_castespolymorphic"
"OG0006026_00"	0.0618350279510071	1.07638347190964e-06	1	"1e-05 to 1"	0.136946096979747	0.13192834172963	174	"success"	"pgls5_castespolymorphic"
"OG0006028_00"	0.0139713887891326	0.184538744918369	0.788216914542214	"1e-05 to 1"	0.011046882932508	0.00529715550769694	174	"success"	"pgls5_castespolymorphic"
"OG0006029_00"	-0.015123825882076	0.122625313221773	1	"1e-05 to 1"	0.0148321247000635	0.0091044044948313	174	"success"	"pgls5_castespolymorphic"
"OG0006030_00"	-0.00184933577193334	0.755419995663305	1e-05	"1e-05 to 1"	0.000604379360574759	-0.00520606029430559	174	"success"	"pgls5_castespolymorphic"
"OG0006031_00"	-0.000904208856218916	0.786966783855095	1	"1e-05 to 1"	0.000454946349106008	-0.00535636210235269	174	"success"	"pgls5_castespolymorphic"
"OG0006032_00"	-0.00156991922323786	0.879259845589246	1e-05	"1e-05 to 1"	0.000144665349951615	-0.0056684470608046	174	"success"	"pgls5_castespolymorphic"
"OG0006033_00"	-0.000315280646329324	0.879735295358807	1	"1e-05 to 1"	0.000142625503022231	-0.00567049876730885	174	"success"	"pgls5_castespolymorphic"
"OG0006034_00"	-0.000862380941265342	0.563193498210198	1e-05	"1e-05 to 1"	0.00208009610012718	-0.00372176380626743	174	"success"	"pgls5_castespolymorphic"
"OG0006035_00"	-0.00857962813142415	0.623703007190451	0.831164818772189	"1e-05 to 1"	0.00149853928553762	-0.00430670176512771	174	"success"	"pgls5_castespolymorphic"
"OG0006036_00"	0.00212961037350337	0.720978673588134	1	"1e-05 to 1"	0.00079442745269214	-0.00501490727142007	174	"success"	"pgls5_castespolymorphic"
"OG0006037_00"	0.0103271259556115	0.158245174762115	1e-05	"1e-05 to 1"	0.0123277417059207	0.00658546113444347	174	"success"	"pgls5_castespolymorphic"
"OG0006038_00"	0.00305895414707894	0.871012084623717	1	"1e-05 to 1"	0.000164253682882543	-0.00564874484221689	174	"success"	"pgls5_castespolymorphic"
"OG0006039_00"	0.00176317467532993	0.790754465545679	1e-05	"1e-05 to 1"	0.000441283165746175	-0.00537010472282518	174	"success"	"pgls5_castespolymorphic"
"OG0006040_00"	-0.00114168000349612	0.860430105330473	1e-05	"1e-05 to 1"	0.00019380484988824	-0.00561902186610075	174	"success"	"pgls5_castespolymorphic"
"OG0006041_00"	0.00130543482206823	0.920756768005471	1	"1e-05 to 1"	6.16574272056349e-05	-0.00575193758775239	174	"success"	"pgls5_castespolymorphic"
"OG0006042_00"	0.000853444402961122	0.889747155022801	1	"1e-05 to 1"	0.000119722193370936	-0.00569353523573723	174	"success"	"pgls5_castespolymorphic"
"OG0006043_00"	-0.00633595045494046	0.507197183682596	0.880630734174212	"0.001 to 1"	0.00273670162931292	-0.00306134080307463	174	"success"	"pgls5_castespolymorphic"
"OG0006044_00"	0.00710209357320734	0.202925368514996	0.993570949406054	"0.001 to 1"	0.0101761445933255	0.00442135473630989	174	"success"	"pgls5_castespolymorphic"
"OG0006045_00"	0.00183001875648579	0.725090346620043	1	"1e-05 to 1"	0.000784878111709597	-0.00502451213182709	174	"success"	"pgls5_castespolymorphic"
"OG0006046_00"	0.00575139237122767	0.706544820407415	0.107578243929603	"1e-05 to 1"	0.000882799697321702	-0.00492602123467067	174	"success"	"pgls5_castespolymorphic"
"OG0006047_00"	0.00735589838224396	0.475256944094327	1	"1e-05 to 1"	0.00319066284822415	-0.00260474027475133	174	"success"	"pgls5_castespolymorphic"
"OG0006048_00"	0.0303453489663256	0.091893533973888	1	"1e-05 to 1"	0.017653348037136	0.011942030293166	174	"success"	"pgls5_castespolymorphic"
"OG0006049_00"	0.0165146445415758	0.0100453811691696	1e-05	"1e-05 to 1"	0.0402019485658705	0.0346217273366024	174	"success"	"pgls5_castespolymorphic"
"OG0006050_00"	-0.00191447595164736	0.404835603580579	1e-05	"1e-05 to 1"	0.00431410547630299	-0.00147476600348595	174	"success"	"pgls5_castespolymorphic"
"OG0006051_00"	-0.0071504075940227	0.585356367545476	1	"1e-05 to 1"	0.00185281887303351	-0.0039503624125885	174	"success"	"pgls5_castespolymorphic"
"OG0006052_00"	-0.00484110241158182	0.487873930293372	0.86724968380772	"1e-05 to 1"	0.0029936974435329	-0.00280285082714427	174	"success"	"pgls5_castespolymorphic"
"OG0006053_00"	0.00367510385413599	0.890756379723969	0.747545197740087	"1e-05 to 1"	0.000117526773383955	-0.00569574341979417	174	"success"	"pgls5_castespolymorphic"
"OG0006054_00"	0.0027015521390484	0.354168915679985	1	"1e-05 to 1"	0.00533437278436202	-0.000448566908752168	174	"success"	"pgls5_castespolymorphic"
"OG0006055_00"	-0.0196562137913574	0.177866236381966	1	"1e-05 to 1"	0.0113879628430192	0.00564021844094365	174	"success"	"pgls5_castespolymorphic"
"OG0006057_00"	0.00356929679721894	0.210145921709334	1	"1e-05 to 1"	0.00973676831407383	0.00397942394380679	174	"success"	"pgls5_castespolymorphic"
"OG0006058_00"	-0.00529066564239926	0.557757261516281	1	"1e-05 to 1"	0.00213852268855628	-0.00366299752837085	174	"success"	"pgls5_castespolymorphic"
"OG0006059_00"	0.000505613124110973	0.961087376076312	0.977325420355669	"1e-05 to 1"	1.48308172803268e-05	-0.00579903644540991	174	"success"	"pgls5_castespolymorphic"
"OG0006060_00"	-0.0135087621568839	0.290271255190664	0.876599170713194	"1e-05 to 1"	0.00703103443077748	0.00125795904956094	174	"success"	"pgls5_castespolymorphic"
"OG0006061_00"	-5.73564775184984e-05	0.99318790668285	1e-05	"1e-05 to 1"	4.59896473171422e-07	-0.00581349091808225	174	"success"	"pgls5_castespolymorphic"
"OG0006062_00"	-0.00201464891377835	0.793373863203716	0.896263573338829	"1e-05 to 1"	0.000432764544046342	-0.00537867287139515	174	"success"	"pgls5_castespolymorphic"
"OG0006063_00"	0.00200847304924155	0.809007881042669	1	"1e-05 to 1"	0.000370861703292222	-0.00544093561238634	174	"success"	"pgls5_castespolymorphic"
"OG0006064_00"	0.00225700244313001	0.76212462793794	0.872079091389739	"1e-05 to 1"	0.000567157793911989	-0.00524349826542569	174	"success"	"pgls5_castespolymorphic"
"OG0006065_00"	-0.00222876303846593	0.790383173125161	1	"1e-05 to 1"	0.000440128908103058	-0.00537126569126833	174	"success"	"pgls5_castespolymorphic"
"OG0006066_00"	0.0227288196951408	0.206185109796052	0.937628043530137	"1e-05 to 1"	0.00996878999322998	0.00421279458621393	174	"success"	"pgls5_castespolymorphic"
"OG0006067_00"	0.0103484078622285	0.574207671475339	1	"1e-05 to 1"	0.00196498980186387	-0.00383753932719499	174	"success"	"pgls5_castespolymorphic"
"OG0006068_00"	0.00434183879343155	0.560371999450902	1	"1e-05 to 1"	0.00211028552058332	-0.00369139886592484	174	"success"	"pgls5_castespolymorphic"
"OG0006069_00"	-0.0236414333548459	0.089642068181214	0.970685061698368	"1e-05 to 1"	0.017899075431344	0.0121891863350146	174	"success"	"pgls5_castespolymorphic"
"OG0006070_00"	-0.0191192294427617	0.184395802758318	1e-05	"1e-05 to 1"	0.0110540403341017	0.00530435452209055	174	"success"	"pgls5_castespolymorphic"
"OG0006071_00"	0.00224693753418033	0.82591148137998	0.687599814228541	"1e-05 to 1"	0.000305170933848611	-0.00550700830490802	174	"success"	"pgls5_castespolymorphic"
"OG0006072_00"	0.000621879594120554	0.950043503410022	0.815322157319611	"1e-05 to 1"	2.44562273538571e-05	-0.00578935507365008	174	"success"	"pgls5_castespolymorphic"
"OG0006073_00"	-0.00454082170480158	0.747581665070547	0.150444433065574	"1e-05 to 1"	0.000645111929137554	-0.00516509090848394	174	"success"	"pgls5_castespolymorphic"
"OG0006074_00"	-0.00154038472455999	0.867527203732534	1	"1e-05 to 1"	0.000175518925462037	-0.00563741410404095	174	"success"	"pgls5_castespolymorphic"
"OG0006075_00"	0.00180337872309582	0.739140190821946	1	"1e-05 to 1"	0.000690622655420413	-0.00511931558495515	174	"success"	"pgls5_castespolymorphic"
"OG0006076_00"	0.00241904577250682	0.858283374772713	1	"1e-05 to 1"	0.000198630987010251	-0.00561416767004208	174	"success"	"pgls5_castespolymorphic"
"OG0006077_00"	0.00199514771649741	0.769084294337328	1e-05	"1e-05 to 1"	0.000543603615873893	-0.00526718938635939	174	"success"	"pgls5_castespolymorphic"
"OG0006078_00"	0.00426019348525769	0.546794239011628	1e-05	"1e-05 to 1"	0.00227383467315323	-0.00352689884618895	174	"success"	"pgls5_castespolymorphic"
"OG0006079_00"	-0.00320029882379596	0.838784395235331	1	"1e-05 to 1"	0.000261108714231692	-0.00555132670022052	174	"success"	"pgls5_castespolymorphic"
"OG0006080_00"	0.0156907860519023	0.360608064814673	0.854576784613422	"1e-05 to 1"	0.00522622819224196	-0.000557340248500848	174	"success"	"pgls5_castespolymorphic"
"OG0006081_00"	0.0280636611679638	0.00324239823715677	0.497426643888418	"1e-05 to 1"	0.0528804178685371	0.0473739086700983	174	"success"	"pgls5_castespolymorphic"
"OG0006082_00"	-0.021072639210198	0.0815546831151828	1e-05	"1e-05 to 1"	0.0189575183876656	0.0132537830294542	174	"success"	"pgls5_castespolymorphic"
"OG0006083_00"	-0.0111848512185827	0.370437083018192	0.566002885889713	"1e-05 to 1"	0.00504836671407807	-0.000736235805026242	174	"success"	"pgls5_castespolymorphic"
"OG0006084_00"	-0.00550997884132427	0.655916154906514	1e-05	"1e-05 to 1"	0.00127584991548769	-0.00453068584081762	174	"success"	"pgls5_castespolymorphic"
"OG0006085_00"	-0.00478201592643791	0.675153138289593	0.835319415941178	"1e-05 to 1"	0.00109368397123332	-0.00471391088939921	174	"success"	"pgls5_castespolymorphic"
"OG0006086_00"	-0.0301679276820481	0.0230121447145213	0.867086189498956	"1e-05 to 1"	0.0320769009248391	0.0264494410464952	174	"success"	"pgls5_castespolymorphic"
"OG0006087_00"	0.00491616778048142	0.772834676840456	1	"1e-05 to 1"	0.000535736551061068	-0.00527510218992111	174	"success"	"pgls5_castespolymorphic"
"OG0006088_00"	0.01318785297702	0.285382789919776	0.495148712063552	"1e-05 to 1"	0.00708548717108698	0.00131272837556995	174	"success"	"pgls5_castespolymorphic"
"OG0006089_00"	-0.00593256612707199	0.772949356399559	0.939899923068844	"1e-05 to 1"	0.000518512865094531	-0.00529242601359692	174	"success"	"pgls5_castespolymorphic"
"OG0006090_00"	-0.0104509842482392	0.27403267089879	1e-05	"1e-05 to 1"	0.00738092621171625	0.00160988508504012	174	"success"	"pgls5_castespolymorphic"
"OG0006091_00"	-0.00145098031214222	0.72483598596519	1	"1e-05 to 1"	0.000781432661550072	-0.00502797761367346	174	"success"	"pgls5_castespolymorphic"
"OG0006092_00"	-0.0041654548383954	0.517106047621237	1e-05	"1e-05 to 1"	0.00267793480822848	-0.00312044929172361	174	"success"	"pgls5_castespolymorphic"
"OG0006093_00"	0.00270165028172371	0.354201527320187	1	"1e-05 to 1"	0.00533365182923526	-0.00044929205547839	174	"success"	"pgls5_castespolymorphic"
"OG0006094_00"	-0.00320024548589069	0.539575417014134	0.814802250018692	"1e-05 to 1"	0.00238651351712947	-0.00341356489265454	174	"success"	"pgls5_castespolymorphic"
"OG0006095_00"	-0.000570191399062719	0.894660691424464	0.907264755440475	"1e-05 to 1"	0.000109228257558519	-0.00570409018280449	174	"success"	"pgls5_castespolymorphic"
"OG0006096_00"	0.00774897084373448	0.27250732995103	1e-05	"1e-05 to 1"	0.00747394799522233	0.0017034476928689	174	"success"	"pgls5_castespolymorphic"
"OG0006097_00"	-0.00316416079060661	0.490608724026129	1e-05	"1e-05 to 1"	0.00297480323338605	-0.00282185488735021	174	"success"	"pgls5_castespolymorphic"
"OG0006098_00"	0.0145123811760935	0.373068344409513	0.931794950489538	"1e-05 to 1"	0.00493119072991964	-0.000854093044906357	174	"success"	"pgls5_castespolymorphic"
"OG0006099_00"	-0.00402649232652798	0.69498509206007	1	"1e-05 to 1"	0.000963427795944052	-0.00484492436803308	174	"success"	"pgls5_castespolymorphic"
"OG0006100_00"	-0.00170563680439847	0.860932945743596	0.708195856795269	"1e-05 to 1"	0.000191198070964132	-0.00562164380071639	174	"success"	"pgls5_castespolymorphic"
"OG0006101_00"	-0.00600814428362994	0.570829976395807	0.977292014948979	"0.001 to 1"	0.00201235504561115	-0.00378989870412383	174	"success"	"pgls5_castespolymorphic"
"OG0006102_00"	0.000762263367249192	0.952084400377455	0.525616848733329	"1e-05 to 1"	2.26375058029909e-05	-0.00579118436916337	174	"success"	"pgls5_castespolymorphic"
"OG0006103_00"	-0.0110048570015313	0.396580125840027	1e-05	"1e-05 to 1"	0.00446766540606232	-0.00132031328343718	174	"success"	"pgls5_castespolymorphic"
"OG0006104_00"	-0.0126728163820067	0.232709644215956	1	"1e-05 to 1"	0.00900185402595879	0.00324023689820263	174	"success"	"pgls5_castespolymorphic"
"OG0006105_00"	-0.016220697583329	0.472287221831184	1	"1e-05 to 1"	0.00325410475844622	-0.00254092951621399	174	"success"	"pgls5_castespolymorphic"
"OG0006106_00"	-0.00487443281685924	0.37818070261969	1	"1e-05 to 1"	0.00485714807240639	-0.000928566182986534	174	"success"	"pgls5_castespolymorphic"
"OG0006107_00"	-0.00560887078231322	0.53739970419576	0.754460375723057	"1e-05 to 1"	0.00242758058344978	-0.00337225906432082	174	"success"	"pgls5_castespolymorphic"
"OG0006108_00"	-0.00616441291022484	0.361965585557567	0.768621704403124	"1e-05 to 1"	0.0051968375973332	-0.000586901718961252	174	"success"	"pgls5_castespolymorphic"
"OG0006109_00"	-0.000393042561677869	0.95288318993772	0.853008498786953	"1e-05 to 1"	2.18881646969416e-05	-0.00579193806690359	174	"success"	"pgls5_castespolymorphic"
"OG0006110_00"	-0.00834050749681366	0.352990295012305	0.626688013666658	"1e-05 to 1"	0.00532738670812278	-0.000455593601713655	174	"success"	"pgls5_castespolymorphic"
"OG0006111_00"	-0.00545022306664046	0.607243543868641	0.513778182054348	"1e-05 to 1"	0.00165509907687801	-0.00414923174244253	174	"success"	"pgls5_castespolymorphic"
"OG0006112_00"	0.00149816156227465	0.917178588992624	0.746699860954496	"1e-05 to 1"	6.77940960635406e-05	-0.00574576524058723	174	"success"	"pgls5_castespolymorphic"
"OG0006113_00"	0.0320602498708259	0.00286664924528446	0.888741424216694	"1e-05 to 1"	0.0545460601657627	0.0490492349341682	174	"success"	"pgls5_castespolymorphic"
"OG0006114_00"	0.00769536068989664	0.627410232369198	0.817635199728213	"1e-05 to 1"	0.0014759493424357	-0.0043294230451083	174	"success"	"pgls5_castespolymorphic"
"OG0006115_00"	0.000551556924952533	0.943048121830255	1e-05	"1e-05 to 1"	3.24029655583228e-05	-0.00578136213347924	174	"success"	"pgls5_castespolymorphic"
"OG0006116_00"	-0.00729844253139297	0.281647348223766	1e-05	"1e-05 to 1"	0.00728635777442793	0.00151476683125606	174	"success"	"pgls5_castespolymorphic"
"OG0006117_00"	-0.000361055366790513	0.986775135612891	1	"1e-05 to 1"	1.72257805405168e-06	-0.00581222089532929	174	"success"	"pgls5_castespolymorphic"
"OG0006118_00"	0.00604578845860319	0.70629182850871	0.859864866377618	"1e-05 to 1"	0.00088439596675323	-0.00492441568460289	174	"success"	"pgls5_castespolymorphic"
"OG0006119_00"	0.00795087532534465	0.417997718090457	1	"1e-05 to 1"	0.00412983257681779	-0.00166011025703794	174	"success"	"pgls5_castespolymorphic"
"OG0006120_00"	-0.000267607038193725	0.966537328568719	1	"1e-05 to 1"	1.11035538155016e-05	-0.00580278537901102	174	"success"	"pgls5_castespolymorphic"
"OG0006121_00"	0.00581838278770666	0.636937342238743	0.981581137233173	"1e-05 to 1"	0.00140449448882883	-0.00440129333391037	174	"success"	"pgls5_castespolymorphic"
"OG0006122_00"	-0.0036175921639741	0.411281089644025	1	"1e-05 to 1"	0.00422359664270519	-0.0015658010512325	174	"success"	"pgls5_castespolymorphic"
"OG0006123_00"	-0.00768797274785154	0.38878924271729	1e-05	"1e-05 to 1"	0.00464573186623718	-0.00114121155314528	174	"success"	"pgls5_castespolymorphic"
"OG0006124_00"	-0.00701262371336604	0.185478872993757	1e-05	"1e-05 to 1"	0.010931381411182	0.00518098246589827	174	"success"	"pgls5_castespolymorphic"
"OG0006125_00"	-0.0222840919144703	0.0976152965171941	1	"1e-05 to 1"	0.0172716616515835	0.0115581248007206	174	"success"	"pgls5_castespolymorphic"
"OG0006126_00"	-0.0100751058319233	0.254218614605085	0.936833332148275	"1e-05 to 1"	0.00865768953589711	0.00289407145180343	174	"success"	"pgls5_castespolymorphic"
"OG0006127_00"	-0.0159804830588379	0.137348962145504	0.882267478635529	"1e-05 to 1"	0.0138302372996735	0.00809669216769482	174	"success"	"pgls5_castespolymorphic"
"OG0006128_00"	0.000205518413352099	0.980814321293483	1	"1e-05 to 1"	3.62572046316438e-06	-0.00581030668813876	174	"success"	"pgls5_castespolymorphic"
"OG0006129_00"	-0.00253540617623848	0.843477398814273	1e-05	"1e-05 to 1"	0.000249076290986433	-0.00556342907941487	174	"success"	"pgls5_castespolymorphic"
"OG0006130_00"	0.0158971205452016	0.162345927093957	0.694976417813825	"1e-05 to 1"	0.0121650355130719	0.00642180897535716	174	"success"	"pgls5_castespolymorphic"
"OG0006131_00"	-0.00520012989943682	0.419004824685833	1	"1e-05 to 1"	0.00408630451343626	-0.00170389139055538	174	"success"	"pgls5_castespolymorphic"
"OG0006132_00"	-0.00954105690781001	0.468399047428255	1	"1e-05 to 1"	0.00333251180679841	-0.00246206661292958	174	"success"	"pgls5_castespolymorphic"
"OG0006133_00"	-0.000127363475434089	0.981616074577081	1	"1e-05 to 1"	3.32896857416877e-06	-0.0058106051653295	174	"success"	"pgls5_castespolymorphic"
"OG0006134_00"	-0.00639601262134993	0.474107401471478	0.985551693115931	"1e-05 to 1"	0.00318733332070869	-0.00260808915998489	174	"success"	"pgls5_castespolymorphic"
"OG0006135_00"	0.019194348588001	0.0380701599537099	1e-05	"1e-05 to 1"	0.0267758955158694	0.0211176158386361	174	"success"	"pgls5_castespolymorphic"
"OG0006136_00"	-0.00541617168676465	0.641676396143991	0.683950950778436	"1e-05 to 1"	0.00134834415073376	-0.00445777012745951	174	"success"	"pgls5_castespolymorphic"
"OG0006137_00"	-0.0025476053450092	0.33642252556778	1e-05	"1e-05 to 1"	0.00574053659707698	-4.00416785213409e-05	174	"success"	"pgls5_castespolymorphic"
"OG0006138_00"	0.0435489895586432	0.0545356138682527	0.855782880654291	"1e-05 to 1"	0.0227660621354894	0.0170844694734865	174	"success"	"pgls5_castespolymorphic"
"OG0006139_00"	0.0192139560130985	0.193449213477475	0.967001620099413	"1e-05 to 1"	0.0104813745702896	0.00472835930616344	174	"success"	"pgls5_castespolymorphic"
"OG0006140_00"	-0.00253419688549027	0.761245343355655	0.691281095918101	"1e-05 to 1"	0.000578652737741025	-0.005231936490528	174	"success"	"pgls5_castespolymorphic"
"OG0006141_00"	0.00576332435363336	0.492251693636266	1	"1e-05 to 1"	0.00293399300192804	-0.00286290238759568	174	"success"	"pgls5_castespolymorphic"
"OG0006142_00"	-0.00703061426302024	0.590299347699045	1e-05	"1e-05 to 1"	0.00179328487287329	-0.00401024254065652	174	"success"	"pgls5_castespolymorphic"
"OG0006143_00"	0.0104681044413635	0.32351114687442	1	"1e-05 to 1"	0.00601707169846807	0.000238101185087047	174	"success"	"pgls5_castespolymorphic"
"OG0006144_00"	-0.000610097514412135	0.930892536014428	1e-05	"1e-05 to 1"	4.80541585199404e-05	-0.00576561994520963	174	"success"	"pgls5_castespolymorphic"
"OG0006145_00"	-0.0093402509685006	0.312255726101987	1e-05	"1e-05 to 1"	0.00638145638671865	0.000604604388966923	174	"success"	"pgls5_castespolymorphic"
"OG0006146_00"	-0.00207088630186112	0.54612279580466	1e-05	"1e-05 to 1"	0.00228145009108979	-0.00351923915256669	174	"success"	"pgls5_castespolymorphic"
"OG0006147_00"	-0.00180678129412235	0.853303351072425	0.936450365673365	"1e-05 to 1"	0.000214333030716759	-0.00559837433538379	174	"success"	"pgls5_castespolymorphic"
"OG0006148_00"	-0.00097446335125808	0.831773408345583	1e-05	"1e-05 to 1"	0.000286468674728364	-0.00552581929809293	174	"success"	"pgls5_castespolymorphic"
"OG0006149_00"	0.000468686544678479	0.975307170508231	0.67698285944071	"1e-05 to 1"	6.20109198893481e-06	-0.00580771634352284	174	"success"	"pgls5_castespolymorphic"
"OG0006150_00"	-0.00113264954852431	0.89219152915053	0.969727430759708	"1e-05 to 1"	0.00011444044739546	-0.00569884768953832	174	"success"	"pgls5_castespolymorphic"
"OG0006151_00"	0.00190883351975911	0.824022643501063	0.942432891615426	"1e-05 to 1"	0.00030998335480526	-0.00550216790475977	174	"success"	"pgls5_castespolymorphic"
"OG0006152_00"	0.000337585267729683	0.971142033444643	1	"1e-05 to 1"	8.20495421884722e-06	-0.00580570083093113	174	"success"	"pgls5_castespolymorphic"
"OG0006153_00"	-0.00148492349023724	0.861866156454076	1	"1e-05 to 1"	0.000189797298680562	-0.0056230527170249	174	"success"	"pgls5_castespolymorphic"
"OG0006154_00"	-0.0107456552302843	0.18203815652521	1	"1e-05 to 1"	0.0110345671494148	0.00528476812121381	174	"success"	"pgls5_castespolymorphic"
"OG0006155_00"	0.0102757374472918	0.259882326528741	0.926650047147908	"1e-05 to 1"	0.00787768529490483	0.00210953230243338	174	"success"	"pgls5_castespolymorphic"
"OG0006156_00"	0.0016261780374254	0.719104589049544	1	"1e-05 to 1"	0.000815765411385398	-0.00499344525482748	174	"success"	"pgls5_castespolymorphic"
"OG0006157_00"	-0.0175842047991328	0.0945253902168464	0.927721987949325	"1e-05 to 1"	0.0173741899409188	0.0116612491847614	174	"success"	"pgls5_castespolymorphic"
"OG0006158_00"	-0.00887858244061182	0.330331212359286	0.558397997216315	"1e-05 to 1"	0.00592340800384621	0.000143892934101109	174	"success"	"pgls5_castespolymorphic"
"OG0006159_00"	0.0142894724756058	0.127472907463132	1e-05	"1e-05 to 1"	0.0144586722208777	0.00872878078030148	174	"success"	"pgls5_castespolymorphic"
"OG0006160_00"	-0.000128699623460951	0.99199161002855	0.976904379735044	"1e-05 to 1"	6.35613805562184e-07	-0.00581331417913744	174	"success"	"pgls5_castespolymorphic"
"OG0006161_00"	0.0029217344060569	0.675317585374088	1e-05	"1e-05 to 1"	0.00110628836038119	-0.00470123321891891	174	"success"	"pgls5_castespolymorphic"
"OG0006162_00"	-0.00974798717325705	0.226150792627123	1	"1e-05 to 1"	0.00908556230812215	0.00332443185642517	174	"success"	"pgls5_castespolymorphic"
"OG0006163_00"	-0.00445897844423362	0.574115054110443	0.94850605929772	"1e-05 to 1"	0.0019782530663335	-0.00382419895072261	174	"success"	"pgls5_castespolymorphic"
"OG0006164_00"	-0.00953617144889496	0.167567683755603	1e-05	"1e-05 to 1"	0.0118697734741109	0.0061248302966348	174	"success"	"pgls5_castespolymorphic"
"OG0006165_00"	-0.00983315395377957	0.0198466309837286	1	"1e-05 to 1"	0.0332373347518801	0.027616621581833	174	"success"	"pgls5_castespolymorphic"
"OG0006166_00"	0.00419608692774218	0.315107249325843	1	"1e-05 to 1"	0.00630692696372242	0.000529641655371837	174	"success"	"pgls5_castespolymorphic"
"OG0006167_00"	0.00265064648028448	0.346706061896188	0.84954520683009	"1e-05 to 1"	0.00553616066286581	-0.000245605844908292	174	"success"	"pgls5_castespolymorphic"
"OG0006168_00"	-0.00440777012695367	0.640708016278201	1	"1e-05 to 1"	0.0013732910240898	-0.00443267821414239	174	"success"	"pgls5_castespolymorphic"
"OG0006170_00"	0.00895961772773577	0.407137138463318	0.788605645308164	"1e-05 to 1"	0.00427210085968216	-0.00151701483299393	174	"success"	"pgls5_castespolymorphic"
"OG0006171_00"	-0.00103758378705179	0.840791382469646	0.995892951845238	"0.1 to 1"	0.000252965488947151	-0.00555951726983794	174	"success"	"pgls5_castespolymorphic"
"OG0006172_00"	-0.0153721885123279	0.239942127702144	1	"1e-05 to 1"	0.00867461021702931	0.00291109050898875	174	"success"	"pgls5_castespolymorphic"
"OG0006173_00"	-0.000969158208384459	0.545007707251987	1e-05	"1e-05 to 1"	0.00230859276680589	-0.00349193867059649	174	"success"	"pgls5_castespolymorphic"
"OG0006174_00"	0.00532024190591088	0.632674948697084	0.67531926029333	"1e-05 to 1"	0.00144028383341183	-0.00436529591174262	174	"success"	"pgls5_castespolymorphic"
"OG0006175_00"	0.0039800304672529	0.694025328876524	0.934188069873211	"1e-05 to 1"	0.000969820446524972	-0.00483849455087904	174	"success"	"pgls5_castespolymorphic"
"OG0006176_00"	0.023917541814127	0.0450026485856698	1e-05	"1e-05 to 1"	0.0248795919111158	0.0192102872129246	174	"success"	"pgls5_castespolymorphic"
"OG0006177_00"	-0.000219826424289169	0.838894513421639	1	"1e-05 to 1"	0.000257498493079905	-0.00555495791103011	174	"success"	"pgls5_castespolymorphic"
"OG0006178_00"	0.00837899197561317	0.350496783081127	0.918637638725186	"1e-05 to 1"	0.00562587474056517	-0.000155370173733793	174	"success"	"pgls5_castespolymorphic"
"OG0006179_00"	-0.000845229145496645	0.586104759270152	1	"1e-05 to 1"	0.00185700138957531	-0.00394615557909006	174	"success"	"pgls5_castespolymorphic"
"OG0006180_00"	0.0279904337199404	0.0148644526365442	0.570118875722538	"1e-05 to 1"	0.0362871014435649	0.0306841194752134	174	"success"	"pgls5_castespolymorphic"
"OG0006181_00"	0.00711504467777721	0.472725324616614	1	"1e-05 to 1"	0.00324768288203897	-0.00254738872911209	174	"success"	"pgls5_castespolymorphic"
"OG0006182_00"	0.0182428478253732	0.312514140587709	1	"1e-05 to 1"	0.0064147548668515	0.000638096464914528	174	"success"	"pgls5_castespolymorphic"
"OG0006183_00"	0.0114022954870193	0.293596598683401	0.559818093246738	"1e-05 to 1"	0.00693513146079743	0.00116149850417413	174	"success"	"pgls5_castespolymorphic"
"OG0006184_00"	0.00535425526422962	0.495708215085007	0.676935552183463	"1e-05 to 1"	0.0029238552282481	-0.00287309910182021	174	"success"	"pgls5_castespolymorphic"
"OG0006185_00"	-0.00740711191399301	0.387368630973394	1	"1e-05 to 1"	0.00467356759081952	-0.00111321399295483	174	"success"	"pgls5_castespolymorphic"
"OG0006186_00"	0.00454226739196783	0.610912450357524	1	"1e-05 to 1"	0.0016215489589852	-0.00418297691916014	174	"success"	"pgls5_castespolymorphic"
"OG0006187_00"	0.0723364528183189	0.00277015911517964	1	"1e-05 to 1"	0.0545842449049354	0.0490876416776385	174	"success"	"pgls5_castespolymorphic"
"OG0006188_00"	-0.00750432910639525	0.263609976600824	1e-05	"1e-05 to 1"	0.0077559988227391	0.00198713835077835	174	"success"	"pgls5_castespolymorphic"
"OG0006189_00"	0.025428137942772	0.0423725895648799	1	"1e-05 to 1"	0.025983675265794	0.0203207896568741	174	"success"	"pgls5_castespolymorphic"
"OG0006190_00"	-0.00619617714563094	0.119597620676366	1	"1e-05 to 1"	0.0150737070121149	0.00934739135520868	174	"success"	"pgls5_castespolymorphic"
"OG0006191_00"	0.0265765350072812	0.223967732072611	0.936810540575259	"0.001 to 1"	0.00917111345701825	0.00341048039572189	174	"success"	"pgls5_castespolymorphic"
"OG0006192_00"	0.00456720528895227	0.499059280494045	1e-05	"1e-05 to 1"	0.00287871099170098	-0.00291850580485886	174	"success"	"pgls5_castespolymorphic"
"OG0006193_00"	-0.0080633732973715	0.339672983645307	0.625457108239774	"1e-05 to 1"	0.00569942880360619	-8.13884707915324e-05	174	"success"	"pgls5_castespolymorphic"
"OG0006194_00"	-0.00399161675727362	0.297896490924788	1e-05	"1e-05 to 1"	0.00677057945676989	0.000995989802448749	174	"success"	"pgls5_castespolymorphic"
"OG0006195_00"	0.00271596192919822	0.801172726121208	0.913253219053067	"1e-05 to 1"	0.000395048840796591	-0.0054166078519895	174	"success"	"pgls5_castespolymorphic"
"OG0006196_00"	0.00285378329849174	0.8271092076939	0.913138046130532	"1e-05 to 1"	0.000297170507845124	-0.00551505524501628	174	"success"	"pgls5_castespolymorphic"
"OG0006197_00"	-0.00658376029284149	0.455774291261221	1	"1e-05 to 1"	0.00345972640590577	-0.0023341123940599	174	"success"	"pgls5_castespolymorphic"
"OG0006198_00"	0.0107694559580744	0.145594701851546	1	"1e-05 to 1"	0.0131082902304698	0.0073705477318099	174	"success"	"pgls5_castespolymorphic"
"OG0006199_00"	0.0171189730890565	0.192739439547576	0.724088140444744	"1e-05 to 1"	0.0105146711614238	0.00476184948212977	174	"success"	"pgls5_castespolymorphic"
"OG0006200_00"	0.00388838266991124	0.741154879739359	1	"1e-05 to 1"	0.000675398122010405	-0.00513462863309422	174	"success"	"pgls5_castespolymorphic"
"OG0006201_00"	0.000171045797765157	0.953641127487634	1	"1e-05 to 1"	2.09264519307686e-05	-0.00579290537102306	174	"success"	"pgls5_castespolymorphic"
"OG0006202_00"	0.0010900703475219	0.853261160877973	0.967312761202513	"1e-05 to 1"	0.000214457735839671	-0.00559824890523086	174	"success"	"pgls5_castespolymorphic"
"OG0006203_00"	0.00588487983901484	0.515924828694422	0.577248720468602	"1e-05 to 1"	0.00262601459661217	-0.00317267136503552	174	"success"	"pgls5_castespolymorphic"
"OG0006204_00"	0.000847363587150285	0.823919041006646	1	"1e-05 to 1"	0.000310354480626952	-0.00550179462122991	174	"success"	"pgls5_castespolymorphic"
"OG0006205_00"	0.00857097550602509	0.219042440789781	1e-05	"1e-05 to 1"	0.00942627810897062	0.00366712856309248	174	"success"	"pgls5_castespolymorphic"
"OG0006206_00"	-0.00119673232942741	0.929831225150248	1	"1e-05 to 1"	4.8613424742445e-05	-0.00576505742743927	174	"success"	"pgls5_castespolymorphic"
"OG0006207_00"	-0.0282214408246176	0.229515791071217	0.962933079908697	"1e-05 to 1"	0.00895560293116087	0.0031937169016909	174	"success"	"pgls5_castespolymorphic"
"OG0006208_00"	0.0107707049888125	0.358351036092603	1e-05	"1e-05 to 1"	0.00524264834567147	-0.000540824629063019	174	"success"	"pgls5_castespolymorphic"
"OG0006209_00"	0.00580082919820723	0.666190511175322	0.960479600653214	"1e-05 to 1"	0.00115876499003736	-0.00464845149257886	174	"success"	"pgls5_castespolymorphic"
"OG0006210_00"	0.0103675373047776	0.163456056940563	1e-05	"1e-05 to 1"	0.0121772525544872	0.006434097046083	174	"success"	"pgls5_castespolymorphic"
"OG0006211_00"	0.0111941135751584	0.534467558485728	1e-05	"1e-05 to 1"	0.00246270138459614	-0.00333693407247027	174	"success"	"pgls5_castespolymorphic"
"OG0006212_00"	0.0171713034805173	0.0553033931502731	1e-05	"1e-05 to 1"	0.0231955856327624	0.0175164902003948	174	"success"	"pgls5_castespolymorphic"
"OG0006213_00"	-0.0220190693659191	0.0429855237511578	0.682767816324337	"1e-05 to 1"	0.0253528517087175	0.0196862985209775	174	"success"	"pgls5_castespolymorphic"
"OG0006214_00"	-0.0024195759200627	0.637934328240976	0.983410413089823	"1e-05 to 1"	0.0013874551157836	-0.00441843177307821	174	"success"	"pgls5_castespolymorphic"
"OG0006215_00"	-0.00110875218382321	0.850098614084132	1	"1e-05 to 1"	0.000223912398053015	-0.00558873927405146	174	"success"	"pgls5_castespolymorphic"
"OG0006216_00"	-0.000206395297000126	0.965062921633268	1e-05	"1e-05 to 1"	1.19533876928004e-05	-0.00580193060423917	174	"success"	"pgls5_castespolymorphic"
"OG0006217_00"	0.0096700565793347	0.285338915571573	1	"1e-05 to 1"	0.00713104511964247	0.00135855119591954	174	"success"	"pgls5_castespolymorphic"
"OG0006218_00"	-0.00846544918778986	0.291407943680752	1e-05	"1e-05 to 1"	0.00695437455700339	0.00118085347884656	174	"success"	"pgls5_castespolymorphic"
"OG0006219_00"	0.0124955795192991	0.189056067693428	0.840973512324349	"1e-05 to 1"	0.0106239380274866	0.00487175162066966	174	"success"	"pgls5_castespolymorphic"
"OG0006220_00"	0.0119935186367691	0.0755966252096529	1	"1e-05 to 1"	0.0193586802758351	0.013657277254183	174	"success"	"pgls5_castespolymorphic"
"OG0006221_00"	-0.000420678277182524	0.974322522311616	0.544800862263171	"1e-05 to 1"	6.45499667248034e-06	-0.00580746096264928	174	"success"	"pgls5_castespolymorphic"
"OG0006222_00"	0.0216615940218168	0.0225808498058973	0.546975688046288	"1e-05 to 1"	0.0320785647154312	0.0264511145102884	174	"success"	"pgls5_castespolymorphic"
"OG0006223_00"	0.0175193425888569	0.0135367011064698	1e-05	"1e-05 to 1"	0.0377393952879936	0.0321448568885053	174	"success"	"pgls5_castespolymorphic"
"OG0006224_00"	0.00480951678921294	0.645680502045054	0.268008107144773	"1e-05 to 1"	0.00141296893554846	-0.00439276961715196	174	"success"	"pgls5_castespolymorphic"
"OG0006225_00"	0.0150743235107088	0.0109156643814319	1e-05	"1e-05 to 1"	0.0398060964032642	0.0342235737079345	174	"success"	"pgls5_castespolymorphic"
"OG0006226_00"	-0.00806291861180857	0.516194123633481	1	"1e-05 to 1"	0.00263907195238001	-0.0031595380944085	174	"success"	"pgls5_castespolymorphic"
"OG0006227_00"	-0.00633726150654829	0.590659823977794	0.776867435004442	"1e-05 to 1"	0.00204252623462387	-0.00375955210122125	174	"success"	"pgls5_castespolymorphic"
"OG0006228_00"	0.0174064772665918	0.163685110266978	0.664068614354318	"1e-05 to 1"	0.0120882962630692	0.00634462356692433	174	"success"	"pgls5_castespolymorphic"
"OG0006229_00"	-0.00597691274897767	0.691952998388306	0.46232052434916	"1e-05 to 1"	0.000996191940911337	-0.0048119697338509	174	"success"	"pgls5_castespolymorphic"
"OG0006230_00"	-0.00214192502570465	0.724285985755734	0.821740287140564	"1e-05 to 1"	0.000774917144398252	-0.00503453101173879	174	"success"	"pgls5_castespolymorphic"
"OG0006231_00"	-0.00791470782931228	0.49123949949132	0.85564334587772	"1e-05 to 1"	0.00296617217700964	-0.00283053612428663	174	"success"	"pgls5_castespolymorphic"
"OG0006232_00"	0.0111433538000785	0.405858532045485	1e-05	"1e-05 to 1"	0.00432226530796932	-0.00146655873093793	174	"success"	"pgls5_castespolymorphic"
"OG0006233_00"	1.42013330855262e-05	0.999239126803069	0.912965426049937	"1e-05 to 1"	5.6658807437122e-09	-0.00581394778955024	174	"success"	"pgls5_castespolymorphic"
"OG0006234_00"	0.000915645191820393	0.849898955370138	1e-05	"1e-05 to 1"	0.000225932710036227	-0.00558670721606824	174	"success"	"pgls5_castespolymorphic"
"OG0006235_00"	-0.00779898651058823	0.463063920444842	1	"1e-05 to 1"	0.00337032958457543	-0.00242402896435157	174	"success"	"pgls5_castespolymorphic"
"OG0006236_00"	-0.00341797866839272	0.301016109166038	1	"1e-05 to 1"	0.0066425142433567	0.000867180023841341	174	"success"	"pgls5_castespolymorphic"
"OG0006237_00"	-0.00283906593699328	0.686706566080167	1	"1e-05 to 1"	0.00101302585797087	-0.00479503794518044	174	"success"	"pgls5_castespolymorphic"
"OG0006238_00"	0.0147618491614222	0.14543919057312	0.300640162081308	"1e-05 to 1"	0.0131183530641211	0.00738066907030788	174	"success"	"pgls5_castespolymorphic"
"OG0006239_00"	-0.0130323246041961	0.225412339983984	1	"1e-05 to 1"	0.00917127062315632	0.00341063847561662	174	"success"	"pgls5_castespolymorphic"
"OG0006240_00"	-0.00232999425188256	0.626185429457368	0.813135966891497	"1e-05 to 1"	0.00148646748031448	-0.00431884375526526	174	"success"	"pgls5_castespolymorphic"
"OG0006241_00"	0.0188075066645831	0.331557069701983	0.914819267202583	"1e-05 to 1"	0.00593061254044669	0.000151139357542296	174	"success"	"pgls5_castespolymorphic"
"OG0006242_00"	-0.00192821729847829	0.704148323942907	0.900364570917031	"1e-05 to 1"	0.00090931243595291	-0.00489935435221001	174	"success"	"pgls5_castespolymorphic"
"OG0006243_00"	-0.0028958952159131	0.375606672509912	1	"1e-05 to 1"	0.00490970609676508	-0.000875702588718719	174	"success"	"pgls5_castespolymorphic"
"OG0006245_00"	0.0294255751914221	0.0161757103909945	0.816072429207097	"1e-05 to 1"	0.0353933043443099	0.0297851258811954	174	"success"	"pgls5_castespolymorphic"
"OG0006246_00"	-0.00222790565534764	0.86826877438808	0.489026032779515	"1e-05 to 1"	0.000170318076811109	-0.00564264519018409	174	"success"	"pgls5_castespolymorphic"
"OG0006247_00"	-0.00804693336694518	0.39462818686118	0.408416375502221	"1e-05 to 1"	0.00450464759812871	-0.00128311607862641	174	"success"	"pgls5_castespolymorphic"
"OG0006248_00"	0.00810633808504971	0.479900173952711	0.974404290363367	"0.001 to 1"	0.00314386318084574	-0.00265181203321907	174	"success"	"pgls5_castespolymorphic"
"OG0006249_00"	-0.000719551521345844	0.959187608843059	0.967147537822497	"1e-05 to 1"	1.63155716973989e-05	-0.00579754305869984	174	"success"	"pgls5_castespolymorphic"
"OG0006250_00"	-0.00809287430498923	0.32546099627626	0.671028280498041	"1e-05 to 1"	0.00604353145719833	0.000264714779623976	174	"success"	"pgls5_castespolymorphic"
"OG0006251_00"	0.00210342358314839	0.861204055647487	1	"1e-05 to 1"	0.000191639647085986	-0.00562119965729146	174	"success"	"pgls5_castespolymorphic"
"OG0006252_00"	-0.0251186000993488	0.0779821690353266	0.754328437443717	"1e-05 to 1"	0.0191686146374332	0.0134661065829997	174	"success"	"pgls5_castespolymorphic"
"OG0006253_00"	-0.0119385578128421	0.395486431536444	0.358771669235589	"1e-05 to 1"	0.0045164308966648	-0.00127126427254054	174	"success"	"pgls5_castespolymorphic"
"OG0006254_00"	0.0136135894692668	0.20145231191379	1	"1e-05 to 1"	0.0103071574592763	0.00455312930496976	174	"success"	"pgls5_castespolymorphic"
"OG0006255_00"	-0.00179470601686318	0.842843723301351	0.326666287385712	"1e-05 to 1"	0.000246400854803903	-0.00556612007045887	174	"success"	"pgls5_castespolymorphic"
"OG0006256_00"	0.0058028491291959	0.216472558881931	1	"1e-05 to 1"	0.00953165981578631	0.00377312295425014	174	"success"	"pgls5_castespolymorphic"
"OG0006257_00"	0.0137300626334019	0.178493200160908	1	"1e-05 to 1"	0.0112845054222868	0.00553615952357911	174	"success"	"pgls5_castespolymorphic"
"OG0006258_00"	-0.00762006181166866	0.597699128042414	1	"1e-05 to 1"	0.00173356512750711	-0.00407030949384457	174	"success"	"pgls5_castespolymorphic"
"OG0006259_00"	0.0119169408238856	0.431397577504228	1	"1e-05 to 1"	0.00384960741778831	-0.00194196463210816	174	"success"	"pgls5_castespolymorphic"
"OG0006260_00"	0.0138152190204331	0.152012077672562	1e-05	"1e-05 to 1"	0.0127032117832893	0.00696311417737816	174	"success"	"pgls5_castespolymorphic"
"OG0006261_00"	0.0067345597231924	0.329934817930611	1e-05	"1e-05 to 1"	0.00593309744250095	0.000153638706701487	174	"success"	"pgls5_castespolymorphic"
"OG0006262_00"	0.00544024286669152	0.627136567115584	0.960649887821713	"1e-05 to 1"	0.00146909177839381	-0.00433632047870858	174	"success"	"pgls5_castespolymorphic"
"OG0006263_00"	0.0107952804104965	0.29261831119742	1	"1e-05 to 1"	0.00687673297640341	0.00110276049370805	174	"success"	"pgls5_castespolymorphic"
"OG0006264_00"	0.0090287284146858	0.331967197826051	0.951017194186272	"1e-05 to 1"	0.00581093157962849	3.07625771844844e-05	174	"success"	"pgls5_castespolymorphic"
"OG0006265_00"	-0.000735225527265214	0.931793061871153	1	"1e-05 to 1"	4.56404461641628e-05	-0.00576804769077688	174	"success"	"pgls5_castespolymorphic"
"OG0006266_00"	0.00332277561336893	0.602899888135923	1e-05	"1e-05 to 1"	0.0016848275702281	-0.0041193304090148	174	"success"	"pgls5_castespolymorphic"
"OG0006267_00"	0.0473841159082605	0.00270364185952499	0.9224083120587	"1e-05 to 1"	0.0545152031009253	0.0490181984677911	174	"success"	"pgls5_castespolymorphic"
"OG0006268_00"	0.00483887804423877	0.157254987823851	1e-05	"1e-05 to 1"	0.0123862644838548	0.00664432416108651	174	"success"	"pgls5_castespolymorphic"
"OG0006269_00"	0.0271573490263853	0.0129603124172246	1	"1e-05 to 1"	0.0389289039828194	0.0333412813315569	174	"success"	"pgls5_castespolymorphic"
"OG0006270_00"	0.0291476523197998	0.000152016554882506	0.57958858810844	"1e-05 to 1"	0.0881331713903489	0.082831620061223	174	"success"	"pgls5_castespolymorphic"
"OG0006271_00"	0.0012189792677996	0.850803384136508	1e-05	"1e-05 to 1"	0.000220405474995204	-0.00559226658619671	174	"success"	"pgls5_castespolymorphic"
"OG0006272_00"	-0.00312565482981765	0.569902205081583	1e-05	"1e-05 to 1"	0.002034800062147	-0.00376732319330553	174	"success"	"pgls5_castespolymorphic"
"OG0006273_00"	-0.00306573941711034	0.79049123278945	0.984289158292091	"1e-05 to 1"	0.000439664519325915	-0.00537173277998026	174	"success"	"pgls5_castespolymorphic"
"OG0006274_00"	-6.85001115126698e-05	0.995648300118688	0.992324812334216	"1e-05 to 1"	1.85338170781894e-07	-0.00581376707265391	174	"success"	"pgls5_castespolymorphic"
"OG0006275_00"	0.000693245443144318	0.911159195825157	0.610631983719451	"1e-05 to 1"	7.7562459407623e-05	-0.00573594008443323	174	"success"	"pgls5_castespolymorphic"
"OG0006276_00"	-0.00393285721885528	0.735876267715699	0.813266678010868	"1e-05 to 1"	0.000708681397996163	-0.00510115184968996	174	"success"	"pgls5_castespolymorphic"
"OG0006277_00"	0.0125225915952871	0.0469660884727128	0.892438313144376	"1e-05 to 1"	0.0241407351011233	0.0184671347238042	174	"success"	"pgls5_castespolymorphic"
"OG0006278_00"	-0.00293145299120725	0.63350066301765	0.991428213366272	"1e-05 to 1"	0.00141545992204591	-0.00439026414817478	174	"success"	"pgls5_castespolymorphic"
"OG0006279_00"	-0.00494628439025578	0.722834576688084	0.881943132713322	"1e-05 to 1"	0.000783445622381589	-0.0050259529495813	174	"success"	"pgls5_castespolymorphic"
"OG0006280_00"	0.018220493111513	0.192032882961009	0.970278667808391	"1e-05 to 1"	0.0106803401784008	0.00492848169106597	174	"success"	"pgls5_castespolymorphic"
"OG0006281_00"	-0.00568521097408271	0.335649531137101	1	"1e-05 to 1"	0.0057588783149231	-2.1593322780733e-05	174	"success"	"pgls5_castespolymorphic"
"OG0006282_00"	-0.0402852965218894	0.0177097300885729	0.837247302627709	"1e-05 to 1"	0.0344370504379641	0.0288233123591151	174	"success"	"pgls5_castespolymorphic"
"OG0006283_00"	-0.00477257159494022	0.570338929088997	0.82650646455425	"1e-05 to 1"	0.00204307795140129	-0.0037589971767884	174	"success"	"pgls5_castespolymorphic"
"OG0006284_00"	0.0058602602762372	0.579821354718665	1e-05	"1e-05 to 1"	0.00202120018422718	-0.00378100214028332	174	"success"	"pgls5_castespolymorphic"
"OG0006285_00"	0.0169840110908406	0.0970137751728557	0.646115435214008	"1e-05 to 1"	0.0171178511463791	0.0114034200483929	174	"success"	"pgls5_castespolymorphic"
"OG0006286_00"	0.00470433322553387	0.715093661320251	1	"1e-05 to 1"	0.000851021981341177	-0.00495798370481371	174	"success"	"pgls5_castespolymorphic"
"OG0006287_00"	-0.00850497413259104	0.446163045529389	1	"1e-05 to 1"	0.00367815510806529	-0.00211441375758548	174	"success"	"pgls5_castespolymorphic"
"OG0006288_00"	0.00619580661813057	0.624760143756288	1	"1e-05 to 1"	0.00151778270433697	-0.0042873464659865	174	"success"	"pgls5_castespolymorphic"
"OG0006289_00"	-0.00332046231450976	0.725822331829993	1e-05	"1e-05 to 1"	0.000765946656864767	-0.00504355365326958	174	"success"	"pgls5_castespolymorphic"
"OG0006290_00"	-0.0112160409965984	0.523865099800905	1	"1e-05 to 1"	0.00257619922459171	-0.00322277636131196	174	"success"	"pgls5_castespolymorphic"
"OG0006291_00"	-0.000296476633687121	0.975869469185689	1	"1e-05 to 1"	5.80900914800624e-06	-0.00580811070591514	174	"success"	"pgls5_castespolymorphic"
"OG0006292_00"	0.00245886221608863	0.762762748401307	1e-05	"1e-05 to 1"	0.000571096193060585	-0.00523953696860757	174	"success"	"pgls5_castespolymorphic"
"OG0006293_00"	0.00295464197903957	0.735752740890444	1	"1e-05 to 1"	0.000709369943112282	-0.00510045930140435	174	"success"	"pgls5_castespolymorphic"
"OG0006294_00"	-0.00189171169391064	0.886317186096576	0.894890307282698	"1e-05 to 1"	0.00012976375881908	-0.00568343528909465	174	"success"	"pgls5_castespolymorphic"
"OG0006295_00"	-0.00776070155849882	0.322801748163102	1e-05	"1e-05 to 1"	0.00607217170573831	0.000293521541236741	174	"success"	"pgls5_castespolymorphic"
"OG0006296_00"	0.0062454240485574	0.634130979193922	1	"1e-05 to 1"	0.00141021462170012	-0.00439553994445285	174	"success"	"pgls5_castespolymorphic"
"OG0006297_00"	-0.00592634922190452	0.344379280314479	1e-05	"1e-05 to 1"	0.00558967938899682	-0.000191775963392704	174	"success"	"pgls5_castespolymorphic"
"OG0006298_00"	0.0402981271852153	0.0225306904057057	1	"1e-05 to 1"	0.0321020229245557	0.0264747091043496	174	"success"	"pgls5_castespolymorphic"
"OG0006299_00"	0.00246949898909501	0.276308460753985	1e-05	"1e-05 to 1"	0.00740286843619052	0.00163195488058687	174	"success"	"pgls5_castespolymorphic"
"OG0006300_00"	-0.00645812805667936	0.667854542423342	1	"1e-05 to 1"	0.0011758001479209	-0.00463131729307964	174	"success"	"pgls5_castespolymorphic"
"OG0006301_00"	-0.00544770011060427	0.456245047666787	0.898493824366268	"1e-05 to 1"	0.00347412369960988	-0.00231963139515989	174	"success"	"pgls5_castespolymorphic"
"OG0006302_00"	-0.0148842051343098	0.295072801103416	1e-05	"1e-05 to 1"	0.00693661106591026	0.00116298671164228	174	"success"	"pgls5_castespolymorphic"
"OG0006303_00"	-0.00231336889638148	0.522837053524072	1	"1e-05 to 1"	0.00257265318284788	-0.00322634301957736	174	"success"	"pgls5_castespolymorphic"
"OG0006304_00"	0.0129737994220268	0.179632247669242	0.989714435584485	"1e-05 to 1"	0.0114398079868151	0.00569236500999426	174	"success"	"pgls5_castespolymorphic"
"OG0006305_00"	0.00277662607484237	0.670842272043257	0.0738032514399804	"1e-05 to 1"	0.0011247099947997	-0.00468270448197461	174	"success"	"pgls5_castespolymorphic"
"OG0006306_00"	0.0156540373080968	0.127016485300745	0.873272136504456	"1e-05 to 1"	0.0144931616396927	0.0087634707189933	174	"success"	"pgls5_castespolymorphic"
"OG0006307_00"	-0.00832929647778239	0.490667093668004	0.476249673900106	"1e-05 to 1"	0.00295550177199223	-0.00284126856654265	174	"success"	"pgls5_castespolymorphic"
"OG0006308_00"	-0.0301821654053274	0.0243499120688706	1	"1e-05 to 1"	0.031674597653437	0.0260447988025849	174	"success"	"pgls5_castespolymorphic"
"OG0006309_00"	0.0149154918229768	0.251461907077071	1	"1e-05 to 1"	0.00811030341915114	0.00234350285763452	174	"success"	"pgls5_castespolymorphic"
"OG0006310_00"	-0.00108836464027282	0.870618048498738	0.926768193249523	"1e-05 to 1"	0.000165267600521177	-0.00564772502970845	174	"success"	"pgls5_castespolymorphic"
"OG0006311_00"	0.00463890015775554	0.686309005373799	0.739390088612118	"1e-05 to 1"	0.00100945546817348	-0.00479862909305817	174	"success"	"pgls5_castespolymorphic"
"OG0006312_00"	-0.00483151681706038	0.609422976272017	0.995532502563392	"0.1 to 1"	0.00162493797027008	-0.0041795682043213	174	"success"	"pgls5_castespolymorphic"
"OG0006313_00"	-0.0223284251197244	0.0340321244291661	0.493182315616287	"1e-05 to 1"	0.0279492019389083	0.0222977438106461	174	"success"	"pgls5_castespolymorphic"
"OG0006314_00"	-0.0285318792208369	0.158155449879085	0.258428122015106	"1e-05 to 1"	0.0122571333134781	0.00651444222809139	174	"success"	"pgls5_castespolymorphic"
"OG0006315_00"	0.0323938988088647	0.0397609348802264	1e-05	"1e-05 to 1"	0.0263224798055384	0.0206615639904543	174	"success"	"pgls5_castespolymorphic"
"OG0006316_00"	0.00283364229164462	0.783550251286841	0.94657037419351	"1e-05 to 1"	0.000485137415171929	-0.00532599550683277	174	"success"	"pgls5_castespolymorphic"
"OG0006317_00"	0.00650015933600589	0.294684981448295	1	"1e-05 to 1"	0.00681830504771576	0.00104399286776069	174	"success"	"pgls5_castespolymorphic"
"OG0006318_00"	-0.000788471901270965	0.895738288816746	1e-05	"1e-05 to 1"	0.000106992275310695	-0.00570633916494923	174	"success"	"pgls5_castespolymorphic"
"OG0006319_00"	-0.00338675820774511	0.633133062066821	1e-05	"1e-05 to 1"	0.00144552418138656	-0.00436002509662869	174	"success"	"pgls5_castespolymorphic"
"OG0006320_00"	0.0276866581772039	0.248547834386108	0.806252558172196	"1e-05 to 1"	0.00826125289648849	0.00249532994821233	174	"success"	"pgls5_castespolymorphic"
"OG0006321_00"	-0.00698727269224809	0.270935107669519	1e-05	"1e-05 to 1"	0.00752295067153492	0.00175273526846242	174	"success"	"pgls5_castespolymorphic"
"OG0006322_00"	0.0264021119417436	0.0231693638536488	1e-05	"1e-05 to 1"	0.0316122517074193	0.025982090380137	174	"success"	"pgls5_castespolymorphic"
"OG0006323_00"	0.00702318322808803	0.534612442070405	0.70463972122969	"1e-05 to 1"	0.00239969985182777	-0.0034003018932196	174	"success"	"pgls5_castespolymorphic"
"OG0006324_00"	-0.00528358743006689	0.518566545912643	0.777234196091493	"1e-05 to 1"	0.00259314930030828	-0.00320572773864347	174	"success"	"pgls5_castespolymorphic"
"OG0006325_00"	-0.00424827310371436	0.795615405523894	0.911958512492852	"1e-05 to 1"	0.000417943691944044	-0.00539357989124234	174	"success"	"pgls5_castespolymorphic"
"OG0006326_00"	0.0259776082812137	0.00289088686515893	1e-05	"1e-05 to 1"	0.0537944227672148	0.0482932275507451	174	"success"	"pgls5_castespolymorphic"
"OG0006327_00"	-0.0115733203227901	0.431801430108545	1e-05	"1e-05 to 1"	0.00386692173284441	-0.00192454965242961	174	"success"	"pgls5_castespolymorphic"
"OG0006328_00"	-0.0103594016931563	0.324613879808342	1	"1e-05 to 1"	0.00606466727688723	0.000285973481985446	174	"success"	"pgls5_castespolymorphic"
"OG0006329_00"	0.003558498984021	0.643708363593324	0.771821903273085	"1e-05 to 1"	0.00134031572609382	-0.00446584522898696	174	"success"	"pgls5_castespolymorphic"
"OG0006330_00"	-0.00846771277459143	0.246111732154321	0.988072005526213	"1e-05 to 1"	0.00839858902024102	0.00263346453780067	174	"success"	"pgls5_castespolymorphic"
"OG0006331_00"	0.0339280088883426	0.0236737713123805	0.886366403390435	"1e-05 to 1"	0.03177632952825	0.0261471221417864	174	"success"	"pgls5_castespolymorphic"
"OG0006332_00"	-0.0231992214551636	0.135059179542333	0.80345280960311	"1e-05 to 1"	0.0139917192969786	0.00825911301382154	174	"success"	"pgls5_castespolymorphic"
"OG0006333_00"	0.00044729598169049	0.964557460243786	0.978444590798111	"1e-05 to 1"	1.23019945400199e-05	-0.00580157997060815	174	"success"	"pgls5_castespolymorphic"
"OG0006335_00"	-0.0105527312408351	0.377238164939897	0.556538701500514	"1e-05 to 1"	0.00487633511250391	-0.000909267590330387	174	"success"	"pgls5_castespolymorphic"
"OG0006337_00"	-0.00199500584866644	0.401559635257737	1e-05	"1e-05 to 1"	0.00437449569485265	-0.00141402467901464	174	"success"	"pgls5_castespolymorphic"
"OG0006344_00"	0.00499457680067575	0.73666091953847	0.351169343638946	"1e-05 to 1"	0.000726954746775674	-0.00508277226051068	174	"success"	"pgls5_castespolymorphic"
"OG0006345_00"	-0.0227887372871348	0.0653425602725126	0.751774903525043	"1e-05 to 1"	0.0213327893435121	0.0156428637001605	174	"success"	"pgls5_castespolymorphic"
"OG0006346_00"	0.0244803278986826	0.0818989936412531	0.940225046866258	"1e-05 to 1"	0.0187977416752598	0.0130930773826742	174	"success"	"pgls5_castespolymorphic"
"OG0006347_00"	0.00610392535922059	0.447894835347466	0.982119784212509	"1e-05 to 1"	0.00358216922733247	-0.00221095769576451	174	"success"	"pgls5_castespolymorphic"
"OG0006349_00"	-0.00354741661030978	0.645622250322486	1	"1e-05 to 1"	0.0013166590879967	-0.0044896394056777	174	"success"	"pgls5_castespolymorphic"
"OG0006350_00"	0.00253190423444167	0.808850424588386	0.901074771259836	"1e-05 to 1"	0.000366828177108942	-0.0054449925893032	174	"success"	"pgls5_castespolymorphic"
"OG0006351_00"	0.0243525432317468	0.0141147209856765	1e-05	"1e-05 to 1"	0.0370615884013519	0.0314631092641505	174	"success"	"pgls5_castespolymorphic"
"OG0006352_00"	-0.0112303616406567	0.224497983733438	1e-05	"1e-05 to 1"	0.00915024261550254	0.00338948821210439	174	"success"	"pgls5_castespolymorphic"
"OG0006353_00"	-0.00179928380865001	0.801938457827296	0.712525203491274	"1e-05 to 1"	0.000391947943693739	-0.00541972677756375	174	"success"	"pgls5_castespolymorphic"
"OG0006354_00"	0.00327365487744062	0.476006936423725	0.97466721469039	"1e-05 to 1"	0.00319988339698633	-0.00259546611814754	174	"success"	"pgls5_castespolymorphic"
"OG0006355_00"	-0.0027478593064528	0.720542433561602	1	"1e-05 to 1"	0.000797021288546848	-0.0050122983551244	174	"success"	"pgls5_castespolymorphic"
"OG0006356_00"	0.00337528895206205	0.705793560331669	1	"1e-05 to 1"	0.000898738785834854	-0.00490998947703813	174	"success"	"pgls5_castespolymorphic"
"OG0006357_00"	0.000360421357851805	0.898435663486938	1e-05	"1e-05 to 1"	0.000101498357074137	-0.00571186502457066	174	"success"	"pgls5_castespolymorphic"
"OG0006358_00"	-0.00306535005183145	0.750335030536468	1	"1e-05 to 1"	0.000638592296067415	-0.00517164844639728	174	"success"	"pgls5_castespolymorphic"
"OG0006359_00"	0.0126663583640579	0.222143689342246	1e-05	"1e-05 to 1"	0.00930104041237463	0.00354116274035365	174	"success"	"pgls5_castespolymorphic"
"OG0006360_00"	0.00360987171424329	0.71848798286975	0.761916915058135	"1e-05 to 1"	0.000814372818184445	-0.00499484594450061	174	"success"	"pgls5_castespolymorphic"
"OG0006361_00"	-0.00368343183100943	0.610197904605101	1e-05	"1e-05 to 1"	0.00163831226964737	-0.0041661161473896	174	"success"	"pgls5_castespolymorphic"
"OG0006362_00"	0.00725069143731476	0.592286333305317	1e-05	"1e-05 to 1"	0.00180774136099825	-0.003995702003182	174	"success"	"pgls5_castespolymorphic"
"OG0006363_00"	-0.00303340729019077	0.399593660558437	1e-05	"1e-05 to 1"	0.00458198924203279	-0.00120532477400204	174	"success"	"pgls5_castespolymorphic"
"OG0006364_00"	-0.00527928107245681	0.511287103358085	0.668568384776738	"1e-05 to 1"	0.00270123295827869	-0.00309701568731269	174	"success"	"pgls5_castespolymorphic"
"OG0006365_00"	-0.00318747703142598	0.555024576108687	1	"1e-05 to 1"	0.0021683031315464	-0.00363304394327035	174	"success"	"pgls5_castespolymorphic"
"OG0006366_00"	0.0359986682684221	0.000259298781139838	0.0810933830050656	"0.001 to 1"	0.079773851676504	0.0744236996513674	174	"success"	"pgls5_castespolymorphic"
"OG0006367_00"	0.00219890457400838	0.805357427417654	0.902576712132248	"1e-05 to 1"	0.000383032719263644	-0.00542869383469413	174	"success"	"pgls5_castespolymorphic"
"OG0006368_00"	0.00284160114822793	0.780659804370947	1	"1e-05 to 1"	0.000486020979249118	-0.00532510680575538	174	"success"	"pgls5_castespolymorphic"
"OG0006369_00"	-0.00543606497496819	0.319397000466115	1e-05	"1e-05 to 1"	0.00615795662698651	0.000379805212027073	174	"success"	"pgls5_castespolymorphic"
"OG0006370_00"	-0.0124458998988344	0.117530354961841	1e-05	"1e-05 to 1"	0.0152425433358614	0.00951720928548849	174	"success"	"pgls5_castespolymorphic"
"OG0006371_00"	-0.0029542236362017	0.311438792545213	1e-05	"1e-05 to 1"	0.00632392967574897	0.000546743220375512	174	"success"	"pgls5_castespolymorphic"
"OG0006372_00"	0.00602769016452575	0.641426808508009	0.929881758161778	"1e-05 to 1"	0.0013503637125138	-0.00445573882404138	174	"success"	"pgls5_castespolymorphic"
"OG0006373_00"	-4.44127028027849e-05	0.955697349192038	1	"1e-05 to 1"	1.92284671135132e-05	-0.00579461322784525	174	"success"	"pgls5_castespolymorphic"
"OG0006374_00"	0.0110895475138341	0.229395378931413	1e-05	"1e-05 to 1"	0.00901613608182694	0.0032546019892794	174	"success"	"pgls5_castespolymorphic"
"OG0006375_00"	0.0106305945336671	0.351121404551099	0.885869362184749	"1e-05 to 1"	0.00547012382405971	-0.000312026618823458	174	"success"	"pgls5_castespolymorphic"
"OG0006376_00"	-0.00225258649178831	0.81345751344816	0.500077822035044	"1e-05 to 1"	0.000351235510486399	-0.00546067591096433	174	"success"	"pgls5_castespolymorphic"
"OG0006378_00"	-0.0149798306861168	0.109836969418358	0.65261154741428	"1e-05 to 1"	0.0159007052200385	0.0101791976922481	174	"success"	"pgls5_castespolymorphic"
"OG0006379_00"	-0.00611695119372289	0.652301861145411	1	"1e-05 to 1"	0.00126405593566058	-0.00454254839029478	174	"success"	"pgls5_castespolymorphic"
"OG0006380_00"	0.00550685665586456	0.639562218284459	1	"1e-05 to 1"	0.00143709038252808	-0.00436850792920129	174	"success"	"pgls5_castespolymorphic"
"OG0006381_00"	0.00683765803685524	0.632199330220597	1	"1e-05 to 1"	0.00143526297494651	-0.00437034596124564	174	"success"	"pgls5_castespolymorphic"
"OG0006382_00"	-0.000892411598492537	0.557062782450231	1e-05	"1e-05 to 1"	0.00220085531125489	-0.00360030250670307	174	"success"	"pgls5_castespolymorphic"
"OG0006383_00"	-0.00253593474801918	0.797011304456655	0.90577152636061	"1e-05 to 1"	0.000414711626562593	-0.00539683074770148	174	"success"	"pgls5_castespolymorphic"
"OG0006384_00"	-0.00790143831579103	0.589473322631072	0.912336035822647	"1e-05 to 1"	0.00184696473509191	-0.00395625058621563	174	"success"	"pgls5_castespolymorphic"
"OG0006385_00"	0.00280210922012643	0.751752757211439	1	"1e-05 to 1"	0.000635122365326942	-0.00517513855115381	174	"success"	"pgls5_castespolymorphic"
"OG0006386_00"	-0.0171043402543377	0.341079512129877	0.847353172252834	"1e-05 to 1"	0.00566641655594821	-0.000114592650121814	174	"success"	"pgls5_castespolymorphic"
"OG0006387_00"	-0.00103616208181	0.817487742576057	1	"1e-05 to 1"	0.000333849841069627	-0.00547816265985435	174	"success"	"pgls5_castespolymorphic"
"OG0006388_00"	0.00278154951289281	0.759412612665956	0.716062493670899	"1e-05 to 1"	0.000587851907155403	-0.00522268383757041	174	"success"	"pgls5_castespolymorphic"
"OG0006389_00"	0.00448759070545907	0.677530273492576	0.654606448115058	"1e-05 to 1"	0.00109037277027996	-0.00471724134152063	174	"success"	"pgls5_castespolymorphic"
"OG0006390_00"	0.00566486155775486	0.508511428000514	0.905636480440078	"1e-05 to 1"	0.0027198246095043	-0.00307831594509156	174	"success"	"pgls5_castespolymorphic"
"OG0006391_00"	-0.00512046870215848	0.645948759081674	0.976793091153391	"1e-05 to 1"	0.00132229072512254	-0.00448397502647557	174	"success"	"pgls5_castespolymorphic"
"OG0006392_00"	-0.0017966647598997	0.919987036289035	1	"1e-05 to 1"	6.3259208189969e-05	-0.00575032649408791	174	"success"	"pgls5_castespolymorphic"
"OG0006393_00"	0.00432493200235508	0.318761279028225	1	"1e-05 to 1"	0.00625176821853989	0.000474162219810448	174	"success"	"pgls5_castespolymorphic"
"OG0006394_00"	-0.0105292806064175	0.459915379099895	0.673314918325912	"1e-05 to 1"	0.00346128064837472	-0.00233254911529746	174	"success"	"pgls5_castespolymorphic"
"OG0006395_00"	-0.00443162225295882	0.637875915078056	1	"1e-05 to 1"	0.0014421489431445	-0.00436341995834866	174	"success"	"pgls5_castespolymorphic"
"OG0006396_00"	0.00808958422827468	0.708727367990704	1	"1e-05 to 1"	0.00161198238414645	-0.00419259911362024	174	"success"	"pgls5_castespolymorphic"
"OG0006397_00"	-0.000367445249412434	0.924519756898746	1	"1e-05 to 1"	5.62742931041254e-05	-0.00575735201914518	174	"success"	"pgls5_castespolymorphic"
"OG0006398_00"	-0.00775650470970194	0.635453203451058	1	"1e-05 to 1"	0.0014080166304988	-0.00439775071467263	174	"success"	"pgls5_castespolymorphic"
"OG0006399_00"	-0.00045395825365832	0.858307551124932	1e-05	"1e-05 to 1"	0.000207616436129281	-0.00560512997993978	174	"success"	"pgls5_castespolymorphic"
"OG0006400_00"	-0.00277051668654358	0.833349505590466	0.92429581478795	"1e-05 to 1"	0.000277523662142389	-0.00553481631656605	174	"success"	"pgls5_castespolymorphic"
"OG0006401_00"	0.0006308221423295	0.87865842269726	1e-05	"1e-05 to 1"	0.00014797665784931	-0.00566511650111678	174	"success"	"pgls5_castespolymorphic"
"OG0006402_00"	-0.00673498442419102	0.111109501451125	1e-05	"1e-05 to 1"	0.0157884304087267	0.0100662701204054	174	"success"	"pgls5_castespolymorphic"
"OG0006403_00"	0.00476651164579711	0.52303379517065	1e-05	"1e-05 to 1"	0.00255412842358198	-0.00324497548093206	174	"success"	"pgls5_castespolymorphic"
"OG0006404_00"	0.0010892594869777	0.945237718335652	1e-05	"1e-05 to 1"	2.95798860360933e-05	-0.00578420162625437	174	"success"	"pgls5_castespolymorphic"
"OG0006405_00"	0.00181687458226273	0.80672583637549	1e-05	"1e-05 to 1"	0.000379955302508915	-0.00543178914340681	174	"success"	"pgls5_castespolymorphic"
"OG0006406_00"	0.0029019860587878	0.72976730428657	1	"1e-05 to 1"	0.000767067433559073	-0.00504242636043184	174	"success"	"pgls5_castespolymorphic"
"OG0006407_00"	-0.019894710624258	0.228674512966585	0.810527757046933	"1e-05 to 1"	0.0089878796072248	0.00322618123284824	174	"success"	"pgls5_castespolymorphic"
"OG0006408_00"	0.00787502505873283	0.2278545530321	1	"1e-05 to 1"	0.00907576539792436	0.00331457798744705	174	"success"	"pgls5_castespolymorphic"
"OG0006409_00"	0.0289101782118244	0.00962821487976151	1	"1e-05 to 1"	0.0411501385126557	0.0355754300156362	174	"success"	"pgls5_castespolymorphic"
"OG0006410_00"	-0.0252581385153239	0.133562905920541	0.728003534551249	"1e-05 to 1"	0.0144612513102026	0.00873137486433173	174	"success"	"pgls5_castespolymorphic"
"OG0006411_00"	0.00201169699703087	0.774840649368328	0.929574706477697	"1e-05 to 1"	0.000509674307536106	-0.00530131595811767	174	"success"	"pgls5_castespolymorphic"
"OG0006412_00"	0.0025084057307741	0.819297211348241	0.683664207816904	"1e-05 to 1"	0.000327148218219561	-0.00548490324562811	174	"success"	"pgls5_castespolymorphic"
"OG0006413_00"	0.0109656857090049	0.202006916841531	1	"1e-05 to 1"	0.0100907545460273	0.00433546823524833	174	"success"	"pgls5_castespolymorphic"
"OG0006415_00"	0.00722446933127607	0.635947149746694	1	"1e-05 to 1"	0.0014039084787162	-0.00440188275105879	174	"success"	"pgls5_castespolymorphic"
"OG0006416_00"	0.033476286198083	0.0709443058723775	1	"1e-05 to 1"	0.0204918985864588	0.0147970840433569	174	"success"	"pgls5_castespolymorphic"
"OG0006417_00"	-0.00130397953957986	0.848217590539034	1e-05	"1e-05 to 1"	0.000231084660794736	-0.00558152531210765	174	"success"	"pgls5_castespolymorphic"
"OG0006418_00"	-0.0109177521339585	0.191059890741257	1	"1e-05 to 1"	0.0106600944306262	0.00490811823545545	174	"success"	"pgls5_castespolymorphic"
"OG0006419_00"	0.00774940090277966	0.662202008520413	1	"1e-05 to 1"	0.00119589101035069	-0.00461110962331013	174	"success"	"pgls5_castespolymorphic"
"OG0006420_00"	0.00590076794853261	0.29382419678894	1e-05	"1e-05 to 1"	0.00688532884255792	0.00111140633582862	174	"success"	"pgls5_castespolymorphic"
"OG0006421_00"	-0.00462018090443699	0.775204348148182	0.991018095194393	"1e-05 to 1"	0.000504839468150436	-0.00530617890703478	174	"success"	"pgls5_castespolymorphic"
"OG0006423_00"	0.0032547273917135	0.721617910483131	0.973181813543338	"1e-05 to 1"	0.000790635218148779	-0.00501872155383865	174	"success"	"pgls5_castespolymorphic"
"OG0006424_00"	0.017941835473478	0.0760454363726257	1	"1e-05 to 1"	0.019539645208119	0.0138392943081663	174	"success"	"pgls5_castespolymorphic"
"OG0006425_00"	0.00696927243568763	0.350357841145688	0.728974936537553	"1e-05 to 1"	0.00570272398586783	-7.80741304933219e-05	174	"success"	"pgls5_castespolymorphic"
"OG0006426_00"	0.0166330580969446	0.14271990767287	1e-05	"1e-05 to 1"	0.0138983818963661	0.00816523295390315	174	"success"	"pgls5_castespolymorphic"
"OG0006427_00"	0.00290154826937487	0.633573057473583	1	"1e-05 to 1"	0.00141485687091086	-0.00439087070542121	174	"success"	"pgls5_castespolymorphic"
"OG0006428_00"	-0.0023210551614029	0.804478820654299	0.863757833284478	"1e-05 to 1"	0.000399158682718954	-0.00541247411563739	174	"success"	"pgls5_castespolymorphic"
"OG0006429_00"	-0.00682196385757123	0.447225821499928	1e-05	"1e-05 to 1"	0.00361520334681755	-0.00217773151744516	174	"success"	"pgls5_castespolymorphic"
"OG0006430_00"	0.0163240087233766	0.275299140736327	1e-05	"1e-05 to 1"	0.00743393983945986	0.00166320693154975	174	"success"	"pgls5_castespolymorphic"
"OG0006431_00"	0.00829527878575569	0.12405285527758	1	"1e-05 to 1"	0.0148126644732581	0.00908483112717251	174	"success"	"pgls5_castespolymorphic"
"OG0006432_00"	0.00172646239763225	0.781326905874148	1e-05	"1e-05 to 1"	0.000486039333833609	-0.005325088344458	174	"success"	"pgls5_castespolymorphic"
"OG0006433_00"	-0.011443974111278	0.172431674602997	0.969308206292582	"1e-05 to 1"	0.011676776177015	0.00593071092223019	174	"success"	"pgls5_castespolymorphic"
"OG0006434_00"	0.00548352228007178	0.385678638703475	1	"1e-05 to 1"	0.00470687073084278	-0.00107971723002431	174	"success"	"pgls5_castespolymorphic"
"OG0006435_00"	0.0072165845917565	0.278865467144919	0.756783886992422	"1e-05 to 1"	0.00732478283953932	0.00155341529790876	174	"success"	"pgls5_castespolymorphic"
"OG0006436_00"	0.0037539863490034	0.544348745136648	1e-05	"1e-05 to 1"	0.00228733071110404	-0.0035133243429013	174	"success"	"pgls5_castespolymorphic"
"OG0006437_00"	0.00145909123846602	0.814988520240256	1	"1e-05 to 1"	0.000349801939284981	-0.00546211781688211	174	"success"	"pgls5_castespolymorphic"
"OG0006438_00"	-0.000121272485925609	0.992737858769144	1	"1e-05 to 1"	5.22672572607547e-07	-0.00581342777700566	174	"success"	"pgls5_castespolymorphic"
"OG0006439_00"	-0.00881179361830215	0.122713112022139	1	"1e-05 to 1"	0.0148252172329161	0.00909745686799113	174	"success"	"pgls5_castespolymorphic"
"OG0006440_00"	0.00415371323103388	0.757917677239277	1	"1e-05 to 1"	0.000595414301707832	-0.0052150774756079	174	"success"	"pgls5_castespolymorphic"
"OG0006441_00"	-0.00957117797746552	0.0719526542481679	1	"1e-05 to 1"	0.0202209600778514	0.0145245703108622	174	"success"	"pgls5_castespolymorphic"
"OG0006442_00"	0.00149441973646899	0.90322251416722	1	"1e-05 to 1"	9.32728017875808e-05	-0.00572013840285313	174	"success"	"pgls5_castespolymorphic"
"OG0006443_00"	0.00526011889836692	0.437963802896289	1e-05	"1e-05 to 1"	0.00378843954157952	-0.00200348813550444	174	"success"	"pgls5_castespolymorphic"
"OG0006444_00"	0.00354632170093091	0.85414067491207	0.990893103159084	"1e-05 to 1"	0.000210545952146575	-0.0056021834318527	174	"success"	"pgls5_castespolymorphic"
"OG0006445_00"	0.000709312469895907	0.940742735269976	0.98719551047354	"1e-05 to 1"	3.46443479236914e-05	-0.00577910771982104	174	"success"	"pgls5_castespolymorphic"
"OG0006446_00"	0.00443375389167067	0.670142324878621	1e-05	"1e-05 to 1"	0.00114404370055952	-0.00466325837094894	174	"success"	"pgls5_castespolymorphic"
"OG0006447_00"	0.00359776147472903	0.482218496765787	1e-05	"1e-05 to 1"	0.00309138171064152	-0.00270459862825012	174	"success"	"pgls5_castespolymorphic"
"OG0006448_00"	0.0571198347016467	0.00907690200069933	1	"1e-05 to 1"	0.0451037426957453	0.0395520202695577	174	"success"	"pgls5_castespolymorphic"
"OG0006449_00"	0.00497266132705832	0.292232144257986	1	"1e-05 to 1"	0.00697431483425379	0.00120090968794129	174	"success"	"pgls5_castespolymorphic"
"OG0006450_00"	0.00478583855859226	0.423557348347274	1	"1e-05 to 1"	0.00400712272721169	-0.00178353353600214	174	"success"	"pgls5_castespolymorphic"
"OG0006451_00"	0.00192827286523148	0.861246781720649	0.798309745353407	"1e-05 to 1"	0.000191520481664048	-0.00562131951553546	174	"success"	"pgls5_castespolymorphic"
"OG0006452_00"	0.00608187928959173	0.196669288275747	1e-05	"1e-05 to 1"	0.0104617629316436	0.00470863364636243	174	"success"	"pgls5_castespolymorphic"
"OG0006453_00"	0.00443017030954999	0.316951527925873	1e-05	"1e-05 to 1"	0.00618191665854736	0.000403904546097067	174	"success"	"pgls5_castespolymorphic"
"OG0006454_00"	0.000181214794992641	0.97150004745101	1e-05	"1e-05 to 1"	8.00254925157472e-06	-0.00580590441267148	174	"success"	"pgls5_castespolymorphic"
"OG0006455_00"	-0.00196593597613305	0.806128042907029	1e-05	"1e-05 to 1"	0.000377563215492948	-0.00543419513790533	174	"success"	"pgls5_castespolymorphic"
"OG0006456_00"	0.00378248435050902	0.566858471201601	0.698618997001994	"1e-05 to 1"	0.00206704364772614	-0.00373489214501976	174	"success"	"pgls5_castespolymorphic"
"OG0006457_00"	-0.00278537715477526	0.740587224378402	1	"1e-05 to 1"	0.000691310622396685	-0.00511862361817061	174	"success"	"pgls5_castespolymorphic"
"OG0006458_00"	-0.0171679656316483	0.131784010154237	0.673447794651159	"1e-05 to 1"	0.014052005603619	0.00831974982224482	174	"success"	"pgls5_castespolymorphic"
"OG0006459_00"	-0.0143102675297843	0.132041226438435	0.970444134391185	"1e-05 to 1"	0.0142092532811262	0.00847791173043511	174	"success"	"pgls5_castespolymorphic"
"OG0006460_00"	0.00263461997308523	0.719784859990132	0.951911077402411	"1e-05 to 1"	0.000806560295146423	-0.005002703889184	174	"success"	"pgls5_castespolymorphic"
"OG0006461_00"	-0.0136919924939797	0.205925362653637	1e-05	"1e-05 to 1"	0.00991828547637972	0.00416199643845172	174	"success"	"pgls5_castespolymorphic"
"OG0006462_00"	0.0135167284205552	0.0880359803654622	1e-05	"1e-05 to 1"	0.0181914677289179	0.012483278587807	174	"success"	"pgls5_castespolymorphic"
"OG0006463_00"	0.000945385565457085	0.774329652470147	1e-05	"1e-05 to 1"	0.000515263753335962	-0.00529569401553998	174	"success"	"pgls5_castespolymorphic"
"OG0006464_00"	-0.000330102626038693	0.968081946274696	1	"1e-05 to 1"	1.01016151582149e-05	-0.00580379314289314	174	"success"	"pgls5_castespolymorphic"
"OG0006465_00"	0.00210155593715379	0.50574135202227	1	"1e-05 to 1"	0.00279020509553495	-0.00300752627018874	174	"success"	"pgls5_castespolymorphic"
"OG0006466_00"	0.0111666752295372	0.190008717309503	1	"1e-05 to 1"	0.014634563499435	0.00890569468257119	174	"success"	"pgls5_castespolymorphic"
"OG0006467_00"	0.0254905612755298	0.158143210772044	0.432353426935103	"1e-05 to 1"	0.0127277914273781	0.00698783672637449	174	"success"	"pgls5_castespolymorphic"
"OG0006468_00"	-0.000409966432415073	0.962456813344055	1	"1e-05 to 1"	1.38911117521763e-05	-0.00579998161434214	174	"success"	"pgls5_castespolymorphic"
"OG0006469_00"	-0.00790671681405253	0.262659489828248	1e-05	"1e-05 to 1"	0.00783545236724924	0.00206705383450079	174	"success"	"pgls5_castespolymorphic"
"OG0006470_00"	0.0126241786485804	0.282652292285464	0.989794179117961	"1e-05 to 1"	0.00712179606831028	0.00134924837103301	174	"success"	"pgls5_castespolymorphic"
"OG0006471_00"	-0.0027271336105941	0.488549176431071	0.74688375392055	"1e-05 to 1"	0.0030031133144272	-0.00279338021281461	174	"success"	"pgls5_castespolymorphic"
"OG0006472_00"	-0.00301439589976339	0.603814763524299	0.977606760857552	"1e-05 to 1"	0.00168684622928781	-0.00411730001356503	174	"success"	"pgls5_castespolymorphic"
"OG0006473_00"	0.00416835201268973	0.53551933452972	1	"1e-05 to 1"	0.00240403657462694	-0.00339593995691589	174	"success"	"pgls5_castespolymorphic"
"OG0006474_00"	-0.00565489809481534	0.479012099253311	1e-05	"1e-05 to 1"	0.00313681741145152	-0.00265889876638892	174	"success"	"pgls5_castespolymorphic"
"OG0006475_00"	0.00142168716496678	0.564138111402576	1e-05	"1e-05 to 1"	0.00209614648386071	-0.00370562010634945	174	"success"	"pgls5_castespolymorphic"
"OG0006476_00"	-0.0130668946518625	0.184870497060533	0.480986970043295	"1e-05 to 1"	0.0109615220382776	0.00521129832919787	174	"success"	"pgls5_castespolymorphic"
"OG0006477_00"	0.00324285114773869	0.734301281684452	0.929852800875456	"1e-05 to 1"	0.000721985036680458	-0.00508777086426915	174	"success"	"pgls5_castespolymorphic"
"OG0006478_00"	-0.0179336992625042	0.392609771430211	1	"1e-05 to 1"	0.00462950057904792	-0.00115753720828327	174	"success"	"pgls5_castespolymorphic"
"OG0006479_00"	0.0095773275252743	0.287184210479496	1e-05	"1e-05 to 1"	0.00712131849843858	0.00134876802459227	174	"success"	"pgls5_castespolymorphic"
"OG0006480_00"	0.0168751651768726	0.145526122989512	0.909229360457189	"1e-05 to 1"	0.0131127263545324	0.00737500964729132	174	"success"	"pgls5_castespolymorphic"
"OG0006481_00"	0.00647314216272698	0.360772872708001	1e-05	"1e-05 to 1"	0.00522265198267622	-0.000560937249982629	174	"success"	"pgls5_castespolymorphic"
"OG0006482_00"	-0.00648472385944385	0.535142487082352	0.989869312457544	"1e-05 to 1"	0.00242365154259378	-0.00337621094843765	174	"success"	"pgls5_castespolymorphic"
"OG0006483_00"	0.0233424570073385	0.401094968552313	0.304849295318252	"1e-05 to 1"	0.00699067813312398	0.00121736812226991	174	"success"	"pgls5_castespolymorphic"
"OG0006484_00"	-0.00295237741160239	0.593015691809343	0.943921715371856	"1e-05 to 1"	0.00178935479780731	-0.00401419546499615	174	"success"	"pgls5_castespolymorphic"
"OG0006485_00"	0.00185463376319444	0.88950061855567	1	"1e-05 to 1"	0.000121015582048573	-0.00569223432735821	174	"success"	"pgls5_castespolymorphic"
"OG0006486_00"	0.0132141411008389	0.0928243209220261	1	"1e-05 to 1"	0.0175536473640015	0.011841749964955	174	"success"	"pgls5_castespolymorphic"
"OG0006487_00"	0.0104759951074615	0.402602053329615	0.949998297575753	"1e-05 to 1"	0.00438244733907531	-0.00140602680430213	174	"success"	"pgls5_castespolymorphic"
"OG0006488_00"	0.00428160859672918	0.245855483763929	1e-05	"1e-05 to 1"	0.00851397633363847	0.00274952270767137	174	"success"	"pgls5_castespolymorphic"
"OG0006489_00"	-0.00253172060226939	0.885989068752038	1	"1e-05 to 1"	0.000132197587011724	-0.00568098731073818	174	"success"	"pgls5_castespolymorphic"
"OG0006490_00"	-0.00744839300729689	0.31463297746615	1e-05	"1e-05 to 1"	0.00628001407182378	0.000502572293171633	174	"success"	"pgls5_castespolymorphic"
"OG0006491_00"	0.0340415520861744	0.00696454570707994	1e-05	"1e-05 to 1"	0.045182153965174	0.0396308874184599	174	"success"	"pgls5_castespolymorphic"
"OG0006492_00"	-0.00183768752136643	0.799150304992331	1	"1e-05 to 1"	0.000413607083382688	-0.00539794171264418	174	"success"	"pgls5_castespolymorphic"
"OG0006493_00"	-0.00500872754141892	0.333388660818674	0.7789669485293	"1e-05 to 1"	0.00592323944669151	0.000143723396963003	174	"success"	"pgls5_castespolymorphic"
"OG0006494_00"	0.0140009583129929	0.220522923551858	1e-05	"1e-05 to 1"	0.00954491330336577	0.00378645349699003	174	"success"	"pgls5_castespolymorphic"
"OG0006495_00"	-0.00263068244089821	0.839363553580836	1	"1e-05 to 1"	0.000260855979052055	-0.0055515809047908	174	"success"	"pgls5_castespolymorphic"
"OG0006496_00"	0.00594856947476557	0.668224042698126	0.954296321212457	"1e-05 to 1"	0.00116557769518136	-0.0046415991786839	174	"success"	"pgls5_castespolymorphic"
"OG0006497_00"	0.0148744669439171	0.117661306059757	1e-05	"1e-05 to 1"	0.0153271095881692	0.00960226720205393	174	"success"	"pgls5_castespolymorphic"
"OG0006498_00"	0.0286214132149995	0.108378790043582	1e-05	"1e-05 to 1"	0.0165455960905179	0.0108278379282535	174	"success"	"pgls5_castespolymorphic"
"OG0006499_00"	-0.00919727203142911	0.318302949880306	1e-05	"1e-05 to 1"	0.00796725807619326	0.0021996258557061	174	"success"	"pgls5_castespolymorphic"
"OG0006500_00"	0.0145566906484904	0.0841576476561929	0.421913914385892	"1e-05 to 1"	0.0185265007815472	0.0128202595070214	174	"success"	"pgls5_castespolymorphic"
"OG0006501_00"	0.00758479128517042	0.0869537404697751	0.532203966695817	"1e-05 to 1"	0.01831509296247	0.0126076225727169	174	"success"	"pgls5_castespolymorphic"
"OG0006502_00"	0.00890079920060042	0.533381905148988	1	"1e-05 to 1"	0.00249169517954314	-0.0033077717089478	174	"success"	"pgls5_castespolymorphic"
"OG0006503_00"	0.0115551220176953	0.105878603090266	0.469359003505348	"1e-05 to 1"	0.016259221852618	0.0105397987238542	174	"success"	"pgls5_castespolymorphic"
"OG0006504_00"	-0.00860882448975469	0.342091810932603	1e-05	"1e-05 to 1"	0.00564276972207269	-0.000138376965589604	174	"success"	"pgls5_castespolymorphic"
"OG0006505_00"	-0.00109793745743254	0.838703937745857	1e-05	"1e-05 to 1"	0.000261372996879527	-0.00555106088104562	174	"success"	"pgls5_castespolymorphic"
"OG0006506_00"	0.0029608819654875	0.75493348479919	1	"1e-05 to 1"	0.000614520302796269	-0.0051958603931177	174	"success"	"pgls5_castespolymorphic"
"OG0006507_00"	0.00100150028774627	0.898615110015768	0.330784640025137	"1e-05 to 1"	0.000101138086855519	-0.00571222738938371	174	"success"	"pgls5_castespolymorphic"
"OG0006508_00"	-0.00238540144024149	0.881451757096398	1	"1e-05 to 1"	0.000137695681701048	-0.0056754572503821	174	"success"	"pgls5_castespolymorphic"
"OG0006509_00"	-0.0224282930284443	0.152121985319266	1e-05	"1e-05 to 1"	0.0132715641443748	0.00753477091265609	174	"success"	"pgls5_castespolymorphic"
"OG0006510_00"	-0.00453450047020294	0.567166702138995	0.789527357407523	"1e-05 to 1"	0.00206376315076869	-0.00373819171463374	174	"success"	"pgls5_castespolymorphic"
"OG0006511_00"	0.00465157537032137	0.805566508682725	0.790533769510502	"1e-05 to 1"	0.000379797896187145	-0.0054319474648814	174	"success"	"pgls5_castespolymorphic"
"OG0006512_00"	-0.00899762769835157	0.0975070503887441	1	"1e-05 to 1"	0.0172827272986623	0.0115692547829568	174	"success"	"pgls5_castespolymorphic"
"OG0006513_00"	-0.010954511802987	0.0360195715031124	0.818822092695837	"1e-05 to 1"	0.0270184786558037	0.0213616093456631	174	"success"	"pgls5_castespolymorphic"
"OG0006514_00"	-0.00134326007053151	0.861465662272253	0.778941864563873	"1e-05 to 1"	0.000189721260621195	-0.00562312919716579	174	"success"	"pgls5_castespolymorphic"
"OG0006515_00"	0.0150106578211649	0.0560756583214377	1e-05	"1e-05 to 1"	0.0226227424822377	0.0169403165664368	174	"success"	"pgls5_castespolymorphic"
"OG0006516_00"	-0.0136781565360827	0.386049858142264	0.85979797830728	"1e-05 to 1"	0.0047291172491832	-0.00105734137146096	174	"success"	"pgls5_castespolymorphic"
"OG0006517_00"	0.0109269103950883	0.0734199511835802	1e-05	"1e-05 to 1"	0.0198924218557162	0.0141941219827842	174	"success"	"pgls5_castespolymorphic"
"OG0006518_00"	-0.00236282918013339	0.391252291887381	1e-05	"1e-05 to 1"	0.00462675215750769	-0.00116030160901825	174	"success"	"pgls5_castespolymorphic"
"OG0006519_00"	0.0182946938293778	0.206211317845576	1e-05	"1e-05 to 1"	0.0101577404274471	0.00440284356946707	174	"success"	"pgls5_castespolymorphic"
"OG0006520_00"	-0.00985482403500379	0.388431475587494	1	"1e-05 to 1"	0.00465272840189748	-0.001134174339952	174	"success"	"pgls5_castespolymorphic"
"OG0006521_00"	-0.00142429471887432	0.777925359795458	1	"1e-05 to 1"	0.000501684491712165	-0.00530935222635942	174	"success"	"pgls5_castespolymorphic"
"OG0006522_00"	0.000340880485763814	0.979595791487188	0.973308337750878	"1e-05 to 1"	4.07545443713248e-06	-0.00580985433943249	174	"success"	"pgls5_castespolymorphic"
"OG0006523_00"	0.00307882390348043	0.777543598783539	1	"1e-05 to 1"	0.000500301408078152	-0.00531074335117721	174	"success"	"pgls5_castespolymorphic"
"OG0006524_00"	-0.00653421827765019	0.624827295540511	1e-05	"1e-05 to 1"	0.00149818459939536	-0.00430705851339885	174	"success"	"pgls5_castespolymorphic"
"OG0006525_00"	-0.0172315021229325	0.211785986795312	1	"1e-05 to 1"	0.00985061276941245	0.00409393028551364	174	"success"	"pgls5_castespolymorphic"
"OG0006526_00"	-0.0229650449112956	0.0157263721295409	0.90144400371339	"1e-05 to 1"	0.0359106881871997	0.0303055177696834	174	"success"	"pgls5_castespolymorphic"
"OG0006527_00"	-0.0144992748211016	0.367376867522465	0.929865694156607	"1e-05 to 1"	0.00508117148736805	-0.000703240306310082	174	"success"	"pgls5_castespolymorphic"
"OG0006528_00"	0.00327599640783629	0.505725185541073	1e-05	"1e-05 to 1"	0.00277294652258894	-0.00302488518367516	174	"success"	"pgls5_castespolymorphic"
"OG0006529_00"	0.0121203953278576	0.0877401971686407	1	"1e-05 to 1"	0.018225092687826	0.0125170990406621	174	"success"	"pgls5_castespolymorphic"
"OG0006530_00"	-1.07136537637319e-05	0.99831865557372	1	"1e-05 to 1"	2.76666606954465e-08	-0.0058139256608587	174	"success"	"pgls5_castespolymorphic"
"OG0006531_00"	0.0175495335595738	0.149803287688981	1	"1e-05 to 1"	0.0130014002237747	0.00726303627158742	174	"success"	"pgls5_castespolymorphic"
"OG0006532_00"	-0.0101631685212962	0.398725959222838	1e-05	"1e-05 to 1"	0.00454020946087345	-0.00124734746086563	174	"success"	"pgls5_castespolymorphic"
"OG0006533_00"	0.017499918835393	0.260283675867303	0.640507578035994	"1e-05 to 1"	0.00786448065731186	0.00209625089369159	174	"success"	"pgls5_castespolymorphic"
"OG0006534_00"	-0.00277297777670404	0.679493552464213	0.978152307669159	"1e-05 to 1"	0.00106961944171536	-0.00473811532897228	174	"success"	"pgls5_castespolymorphic"
"OG0006535_00"	0.0012114103335384	0.769937805946977	0.491925532040561	"1e-05 to 1"	0.000536095909377779	-0.00527474074231193	174	"success"	"pgls5_castespolymorphic"
"OG0006536_00"	0.00111564827056932	0.72638717919366	1	"1e-05 to 1"	0.000767443032582803	-0.00504204857769275	174	"success"	"pgls5_castespolymorphic"
"OG0006537_00"	0.00138982856207479	0.876551378334872	1e-05	"1e-05 to 1"	0.000151281011566568	-0.00566179293604052	174	"success"	"pgls5_castespolymorphic"
"OG0006538_00"	0.00186071890763112	0.789717566608591	0.521821970604562	"1e-05 to 1"	0.00045143116356643	-0.00535989772501755	174	"success"	"pgls5_castespolymorphic"
"OG0006539_00"	0.0157834564600236	0.154469690832593	0.829713739890027	"1e-05 to 1"	0.0126313388352075	0.00689082336331914	174	"success"	"pgls5_castespolymorphic"
"OG0006540_00"	-0.0137246066498428	0.108419590201619	0.993089880093329	"0.1 to 1"	0.0160274402971185	0.0103066696011715	174	"success"	"pgls5_castespolymorphic"
"OG0006541_00"	0.00633169436581707	0.500970266295918	0.935469780438141	"1e-05 to 1"	0.00285319506019015	-0.00294417008480874	174	"success"	"pgls5_castespolymorphic"
"OG0006542_00"	0.0302259011943572	0.0655853728794278	0.792690544568451	"1e-05 to 1"	0.0210305968905813	0.0153389143143637	174	"success"	"pgls5_castespolymorphic"
"OG0006543_00"	-0.00750708640190329	0.450867352636511	1	"1e-05 to 1"	0.0035801192752368	-0.00221301956618625	174	"success"	"pgls5_castespolymorphic"
"OG0006544_00"	-0.00746868404143293	0.266769976370631	0.646308905271527	"1e-05 to 1"	0.00775070305979782	0.00198181179851764	174	"success"	"pgls5_castespolymorphic"
"OG0006545_00"	0.000950020014557921	0.861082339702825	1	"1e-05 to 1"	0.000191979329036539	-0.00562085800044576	174	"success"	"pgls5_castespolymorphic"
"OG0006547_00"	0.00154621488087546	0.798342737469786	0.62566030854361	"1e-05 to 1"	0.000414365429945389	-0.00539717895708969	174	"success"	"pgls5_castespolymorphic"
"OG0006548_00"	-0.00143349789779398	0.857079532983852	1	"1e-05 to 1"	0.000202056474971242	-0.00561072226645343	174	"success"	"pgls5_castespolymorphic"
"OG0006549_00"	0.00799101102124265	0.39868356711945	0.750513607484886	"1e-05 to 1"	0.00442810426509843	-0.00136010443103474	174	"success"	"pgls5_castespolymorphic"
"OG0006550_00"	0.0168004239561725	0.168094949863175	0.732854828300925	"1e-05 to 1"	0.0119147968402785	0.0061701154265591	174	"success"	"pgls5_castespolymorphic"
"OG0006551_00"	-0.0155162361400295	0.12498191036381	1e-05	"1e-05 to 1"	0.0150225446667505	0.00929593155434782	174	"success"	"pgls5_castespolymorphic"
"OG0006552_00"	0.000672348155572733	0.873820305565032	1	"1e-05 to 1"	0.000159102735428838	-0.0056539257370396	174	"success"	"pgls5_castespolymorphic"
"OG0006553_00"	0.000670832899014117	0.965921852228709	0.736359519407289	"1e-05 to 1"	1.15160122823109e-05	-0.00580237052253008	174	"success"	"pgls5_castespolymorphic"
"OG0006554_00"	0.0177171980873158	0.00304830690990476	1e-05	"1e-05 to 1"	0.054546356842807	0.0490495333360791	174	"success"	"pgls5_castespolymorphic"
"OG0006555_00"	-0.011184882560116	0.547422349155856	1	"1e-05 to 1"	0.00226672639964841	-0.00353404844686533	174	"success"	"pgls5_castespolymorphic"
"OG0006556_00"	0.0141378959135509	0.244977768656304	1e-05	"1e-05 to 1"	0.0085455594717471	0.00278128946867584	174	"success"	"pgls5_castespolymorphic"
"OG0006557_00"	-0.00470998258188432	0.464927813851022	1e-05	"1e-05 to 1"	0.00332158786220211	-0.00247305406883158	174	"success"	"pgls5_castespolymorphic"
"OG0006558_00"	-0.0304414406434927	0.0119628856211325	1	"1e-05 to 1"	0.038355092112506	0.0327641333457183	174	"success"	"pgls5_castespolymorphic"
"OG0006559_00"	-0.00382862478779224	0.745468827989602	0.702739009296431	"1e-05 to 1"	0.000656342117486735	-0.00515379542834182	174	"success"	"pgls5_castespolymorphic"
"OG0006560_00"	-0.0194534302084025	0.0514842932257751	1	"1e-05 to 1"	0.0239413633505822	0.0182666038351786	174	"success"	"pgls5_castespolymorphic"
"OG0006561_00"	-0.0101088800781237	0.249460036050705	0.970168543496266	"1e-05 to 1"	0.00828098128936037	0.00251517304104276	174	"success"	"pgls5_castespolymorphic"
"OG0006562_00"	0.0185197163457595	0.146298909009953	0.973107709363346	"1e-05 to 1"	0.0131442291542912	0.00740669560286267	174	"success"	"pgls5_castespolymorphic"
"OG0006563_00"	-0.00269312899264188	0.574747884254762	1	"1e-05 to 1"	0.00197172769158521	-0.00383076226369616	174	"success"	"pgls5_castespolymorphic"
"OG0006564_00"	0.0021747737044792	0.862863642781153	0.116116639679213	"1e-05 to 1"	0.000187039014678387	-0.00562582703756198	174	"success"	"pgls5_castespolymorphic"
"OG0006565_00"	0.0139749629800346	0.01753420525062	1e-05	"1e-05 to 1"	0.0347548412313814	0.0291429507734243	174	"success"	"pgls5_castespolymorphic"
"OG0006566_00"	0.000642766665893211	0.921003508437761	1e-05	"1e-05 to 1"	6.20459376919454e-05	-0.00575154681848433	174	"success"	"pgls5_castespolymorphic"
"OG0006567_00"	0.0112693852288322	0.11131116078499	1e-05	"1e-05 to 1"	0.0159694193167274	0.0102483112894991	174	"success"	"pgls5_castespolymorphic"
"OG0006568_00"	0.0353872971713554	0.00209479860585104	1e-05	"1e-05 to 1"	0.0583213289038342	0.0528464529090892	174	"success"	"pgls5_castespolymorphic"
"OG0006569_00"	0.0127065347316615	0.0566223908826959	1e-05	"1e-05 to 1"	0.0225237448599285	0.0168407433765559	174	"success"	"pgls5_castespolymorphic"
"OG0006570_00"	-0.00462342322258596	0.578236632694828	0.846187469849996	"1e-05 to 1"	0.00194820938665502	-0.00385441730295755	174	"success"	"pgls5_castespolymorphic"
"OG0006571_00"	0.00465791251896827	0.713178175662427	1	"1e-05 to 1"	0.000846804266435418	-0.00496222594131779	174	"success"	"pgls5_castespolymorphic"
"OG0006572_00"	0.0125242687734628	0.180529340068923	1	"1e-05 to 1"	0.0132441626959917	0.00750721015352651	174	"success"	"pgls5_castespolymorphic"
"OG0006573_00"	0.0468759044453717	0.0152903689041761	0.326437185287749	"1e-05 to 1"	0.0364339786370458	0.0308318506058658	174	"success"	"pgls5_castespolymorphic"
"OG0006574_00"	0.0118813661342979	0.240478766308925	0.944185758979987	"1e-05 to 1"	0.00860088877745026	0.00283694045638894	174	"success"	"pgls5_castespolymorphic"
"OG0006575_00"	0.00585762982687516	0.630152235373453	1e-05	"1e-05 to 1"	0.00145256873355385	-0.00435293958776284	174	"success"	"pgls5_castespolymorphic"
"OG0006576_00"	0.00502789458979651	0.581270255513475	0.532974263104135	"1e-05 to 1"	0.00190529195759521	-0.00389758425195352	174	"success"	"pgls5_castespolymorphic"
"OG0006577_00"	-0.00985655994263016	0.525244356195036	1e-05	"1e-05 to 1"	0.00252709161787595	-0.00327216947736897	174	"success"	"pgls5_castespolymorphic"
"OG0006578_00"	-0.00866887616635753	0.0607586905592998	1	"1e-05 to 1"	0.0220796715276066	0.0163940882225344	174	"success"	"pgls5_castespolymorphic"
"OG0006579_00"	-0.000282990039899674	0.989992728124521	1	"1e-05 to 1"	9.86304495335529e-07	-0.00581296144954835	174	"success"	"pgls5_castespolymorphic"
"OG0006580_00"	0.0340259716144114	0.0271666454922554	0.902241993963228	"1e-05 to 1"	0.0305098036517933	0.0248732327427921	174	"success"	"pgls5_castespolymorphic"
"OG0006581_00"	-0.00598288006899509	0.738504873576569	1	"1e-05 to 1"	0.000698467739053837	-0.00511142489037031	174	"success"	"pgls5_castespolymorphic"
"OG0006582_00"	-0.00190589365236512	0.675461895192417	0.0914214944913232	"1e-05 to 1"	0.0011052462331045	-0.004702281405075	174	"success"	"pgls5_castespolymorphic"
"OG0006583_00"	-0.00557190852572398	0.413717273607908	1e-05	"1e-05 to 1"	0.00420620104722874	-0.0015832977838921	174	"success"	"pgls5_castespolymorphic"
"OG0006584_00"	-0.00984100197414365	0.427948018640435	1	"1e-05 to 1"	0.00395670707517614	-0.00183424230229368	174	"success"	"pgls5_castespolymorphic"
"OG0006585_00"	0.002792830168141	0.582062527938471	0.982356529579012	"1e-05 to 1"	0.00189732296361327	-0.00390559957729608	174	"success"	"pgls5_castespolymorphic"
"OG0006586_00"	0.0319187908483854	0.110952025408735	0.955225156683742	"1e-05 to 1"	0.0157045708075025	0.00998192296335998	174	"success"	"pgls5_castespolymorphic"
"OG0006587_00"	-0.00572730125372435	0.685379618771462	0.751461164715363	"1e-05 to 1"	0.00103499734379508	-0.00477293871815965	174	"success"	"pgls5_castespolymorphic"
"OG0006589_00"	-0.00282175080904606	0.738183233389569	0.887718385937262	"1e-05 to 1"	0.000700251891609693	-0.00510963036483436	174	"success"	"pgls5_castespolymorphic"
"OG0006590_00"	0.00311069974430189	0.73995290707434	1e-05	"1e-05 to 1"	0.000694821405384323	-0.00511509242365404	174	"success"	"pgls5_castespolymorphic"
"OG0006591_00"	-0.0103416028277124	0.295193456938069	0.984387586373316	"1e-05 to 1"	0.00711317956460323	0.00134058177137419	174	"success"	"pgls5_castespolymorphic"
"OG0006592_00"	0.0204987690863555	0.240537826828844	0.490130448363359	"1e-05 to 1"	0.00865275262347346	0.00288910583640067	174	"success"	"pgls5_castespolymorphic"
"OG0006593_00"	-0.00895217493562052	0.249684559446175	1e-05	"1e-05 to 1"	0.008273163741832	0.00250731004265659	174	"success"	"pgls5_castespolymorphic"
"OG0006594_00"	0.0200147664901733	0.214721268773728	0.348781718304837	"1e-05 to 1"	0.00966462540948957	0.00390686160373077	174	"success"	"pgls5_castespolymorphic"
"OG0006595_00"	-0.00502837180671599	0.489706139703759	0.972311100792986	"1e-05 to 1"	0.00298718563932122	-0.00280940049068268	174	"success"	"pgls5_castespolymorphic"
"OG0006596_00"	0.0120574104116572	0.288425148872669	0.718103674844078	"1e-05 to 1"	0.00708487908255679	0.00131211675164156	174	"success"	"pgls5_castespolymorphic"
"OG0006597_00"	0.000417632762749353	0.941386153548167	1	"1e-05 to 1"	3.43251530276344e-05	-0.0057794287705013	174	"success"	"pgls5_castespolymorphic"
"OG0006598_00"	0.00419756802286856	0.6578980778216	1e-05	"1e-05 to 1"	0.00123637002040079	-0.00457039527017833	174	"success"	"pgls5_castespolymorphic"
"OG0006600_00"	0.00664150784558028	0.103713911953362	1e-05	"1e-05 to 1"	0.0166687771264847	0.010951735133034	174	"success"	"pgls5_castespolymorphic"
"OG0006601_00"	0.0264824459065832	0.1168343273871	0.816228708123419	"1e-05 to 1"	0.0153001221390733	0.00957512284918416	174	"success"	"pgls5_castespolymorphic"
"OG0006602_00"	0.0143698606469963	0.412532033495229	0.489446068470434	"1e-05 to 1"	0.00425433730329194	-0.0015348816658749	174	"success"	"pgls5_castespolymorphic"
"OG0006603_00"	-0.000480440083136524	0.941314176799101	1	"1e-05 to 1"	3.39781997775355e-05	-0.00577977774092142	174	"success"	"pgls5_castespolymorphic"
"OG0006604_00"	-0.00473549012944884	0.269671620885353	1e-05	"1e-05 to 1"	0.00765764680880971	0.0018882145228144	174	"success"	"pgls5_castespolymorphic"
"OG0006605_00"	-0.00752477555006185	0.465438841364647	0.822392191526643	"1e-05 to 1"	0.00335574908526402	-0.00243869423400778	174	"success"	"pgls5_castespolymorphic"
"OG0006606_00"	-0.0121936613414446	0.392777395398423	1	"1e-05 to 1"	0.00459711010994327	-0.00119011599406882	174	"success"	"pgls5_castespolymorphic"
"OG0006607_00"	0.0145153310315693	0.33999355856903	1	"1e-05 to 1"	0.00572769607638829	-5.29568534000102e-05	174	"success"	"pgls5_castespolymorphic"
"OG0006608_00"	-0.00644515317784197	0.246098169533527	1e-05	"1e-05 to 1"	0.00850526780728842	0.00274076355035413	174	"success"	"pgls5_castespolymorphic"
"OG0006609_00"	0.00574257837101226	0.622781478722339	0.294170630336441	"1e-05 to 1"	0.00150650428507375	-0.0042986904574549	174	"success"	"pgls5_castespolymorphic"
"OG0006610_00"	0.00789834021523077	0.523850530464776	1	"1e-05 to 1"	0.00254411563502943	-0.0032550464833716	174	"success"	"pgls5_castespolymorphic"
"OG0006611_00"	-0.00238683497834483	0.764324679882829	1e-05	"1e-05 to 1"	0.000559865328037689	-0.00525083312935748	174	"success"	"pgls5_castespolymorphic"
"OG0006612_00"	0.000812930523511095	0.924288145946451	1e-05	"1e-05 to 1"	6.04084278110542e-05	-0.00575319384877138	174	"success"	"pgls5_castespolymorphic"
"OG0006613_00"	-0.00498684115380082	0.462014451740808	1	"1e-05 to 1"	0.00340747358447695	-0.00238666901096218	174	"success"	"pgls5_castespolymorphic"
"OG0006614_00"	-0.00862276728430363	0.365739647262773	0.783773263299253	"1e-05 to 1"	0.00511591809621017	-0.000668291682300204	174	"success"	"pgls5_castespolymorphic"
"OG0006615_00"	-0.00218808302278735	0.778049580989337	0.817105463366175	"1e-05 to 1"	0.000504289249702182	-0.00530673232442758	174	"success"	"pgls5_castespolymorphic"
"OG0006616_00"	0.00488072508811974	0.365724468564351	1e-05	"1e-05 to 1"	0.00518103996248044	-0.000602791200528419	174	"success"	"pgls5_castespolymorphic"
"OG0006617_00"	0.0166477603769152	0.523822719106972	0.919832067952034	"0.001 to 1"	0.00252862306156539	-0.00327062912993714	174	"success"	"pgls5_castespolymorphic"
"OG0006618_00"	-0.0356681370100263	0.00179999013917742	1	"1e-05 to 1"	0.0592556619861127	0.0537862181604505	174	"success"	"pgls5_castespolymorphic"
"OG0006619_00"	-0.00119915874090262	0.629560470180546	1	"1e-05 to 1"	0.00146678451311444	-0.00433864115832083	174	"success"	"pgls5_castespolymorphic"
"OG0006620_00"	-0.000417420501453423	0.908824303287549	1e-05	"1e-05 to 1"	8.17109240446377e-05	-0.00573176750081572	174	"success"	"pgls5_castespolymorphic"
"OG0006621_00"	0.00960097887879346	0.278599722651228	1	"1e-05 to 1"	0.00737894867598405	0.00160789605200728	174	"success"	"pgls5_castespolymorphic"
"OG0006622_00"	0.0143982687363519	0.273796846592627	0.882939404544766	"1e-05 to 1"	0.00752746781732527	0.00175727867672826	174	"success"	"pgls5_castespolymorphic"
"OG0006623_00"	0.0090113837637413	0.101711178234432	1e-05	"1e-05 to 1"	0.0167569396000351	0.0110404101791051	174	"success"	"pgls5_castespolymorphic"
"OG0006624_00"	-0.0106254721810684	0.315819743142567	1	"1e-05 to 1"	0.00636803879855771	0.000591108791572537	174	"success"	"pgls5_castespolymorphic"
"OG0006625_00"	0.00960331289325947	0.169039041696599	1	"1e-05 to 1"	0.0118623899197434	0.00611740381462567	174	"success"	"pgls5_castespolymorphic"
"OG0006626_00"	-0.00758520268007817	0.372588070355524	1	"1e-05 to 1"	0.00497198605285831	-0.000813060539857746	174	"success"	"pgls5_castespolymorphic"
"OG0006627_00"	0.00287001593457242	0.464747455445424	1e-05	"1e-05 to 1"	0.00334507473565997	-0.00244943064378389	174	"success"	"pgls5_castespolymorphic"
"OG0006628_00"	-0.00163957035821862	0.794834271926426	1	"1e-05 to 1"	0.000421216895384559	-0.00539028765754934	174	"success"	"pgls5_castespolymorphic"
"OG0006629_00"	-0.00778817728286712	0.234682621651822	0.551009596806041	"1e-05 to 1"	0.00881510844545371	0.00305240558757847	174	"success"	"pgls5_castespolymorphic"
"OG0006630_00"	-0.00484496660999167	0.214879807392534	1e-05	"1e-05 to 1"	0.00959771806310108	0.00383956526114226	174	"success"	"pgls5_castespolymorphic"
"OG0006631_00"	-0.00939598838220636	0.401582695284868	1	"1e-05 to 1"	0.00684060978246215	0.00106642728119744	174	"success"	"pgls5_castespolymorphic"
"OG0006632_00"	-0.001792661582254	0.619080791633922	1e-05	"1e-05 to 1"	0.00156804095566896	-0.00423679601551896	174	"success"	"pgls5_castespolymorphic"
"OG0006633_00"	-0.000470434900109169	0.952981439457266	1	"1e-05 to 1"	2.19343880950016e-05	-0.00579189157476501	174	"success"	"pgls5_castespolymorphic"
"OG0006634_00"	-0.00557036188795471	0.602941010792561	1	"1e-05 to 1"	0.00169499743483198	-0.00410910141729115	174	"success"	"pgls5_castespolymorphic"
"OG0006635_00"	0.00222493413567811	0.865718005061285	0.981827145420372	"1e-05 to 1"	0.000179260792987493	-0.0056336504814718	174	"success"	"pgls5_castespolymorphic"
"OG0006636_00"	0.00511706666175828	0.612398383632061	1	"1e-05 to 1"	0.00160808365351636	-0.00419652051128883	174	"success"	"pgls5_castespolymorphic"
"OG0006638_00"	0.0120505035079139	0.438231238050518	1e-05	"1e-05 to 1"	0.00378402666231156	-0.0020079266710471	174	"success"	"pgls5_castespolymorphic"
"OG0006639_00"	0.000909756584027432	0.898217063157179	1e-05	"1e-05 to 1"	0.000103879672827419	-0.00570946986395859	174	"success"	"pgls5_castespolymorphic"
"OG0006640_00"	0.00803852985497334	0.642336554614126	0.967470126284906	"1e-05 to 1"	0.00135142561440124	-0.00445467074830574	174	"success"	"pgls5_castespolymorphic"
"OG0006641_00"	-0.000412569494806048	0.852271115174776	0.472467185688773	"1e-05 to 1"	0.000217394864978382	-0.00559529469976017	174	"success"	"pgls5_castespolymorphic"
"OG0006642_00"	-0.0053593523415029	0.580702421582942	0.991926926886482	"1e-05 to 1"	0.00191101683753172	-0.00389182608783134	174	"success"	"pgls5_castespolymorphic"
"OG0006643_00"	-0.00718205403051875	0.519103761385459	0.989533542066543	"1e-05 to 1"	0.00272200053074425	-0.00307612737314678	174	"success"	"pgls5_castespolymorphic"
"OG0006644_00"	-0.00709452489186344	0.297686857390391	1	"1e-05 to 1"	0.00686219052435463	0.00108813349251957	174	"success"	"pgls5_castespolymorphic"
"OG0006645_00"	-0.00484963845269761	0.687441390013582	0.908489188275246	"1e-05 to 1"	0.0010207301151317	-0.00478728889582691	174	"success"	"pgls5_castespolymorphic"
"OG0006646_00"	0.0331461971528095	0.0979569927699826	0.784811420971119	"1e-05 to 1"	0.0170225365253411	0.0113075512725814	174	"success"	"pgls5_castespolymorphic"
"OG0006647_00"	-0.00469657256584878	0.676662805960139	0.7239173359356	"1e-05 to 1"	0.00109659624415587	-0.00471098168465711	174	"success"	"pgls5_castespolymorphic"
"OG0006648_00"	-0.0024433890759065	0.419770546078516	1	"1e-05 to 1"	0.00407289718343438	-0.00171737667015015	174	"success"	"pgls5_castespolymorphic"
"OG0006649_00"	-0.00978816912458222	0.772141579708158	1	"1e-05 to 1"	0.000528901797856697	-0.00528197668006269	174	"success"	"pgls5_castespolymorphic"
"OG0006650_00"	0.0144585120378896	0.0487353297550657	1	"1e-05 to 1"	0.0240594640908641	0.0183853912076715	174	"success"	"pgls5_castespolymorphic"
"OG0006651_00"	0.00495144912629567	0.324188823467651	1e-05	"1e-05 to 1"	0.00607529988961971	0.000296667912233706	174	"success"	"pgls5_castespolymorphic"
"OG0006652_00"	-0.010605098553751	0.186536738028725	0.924810132753283	"1e-05 to 1"	0.0108792421163298	0.00512854003561081	174	"success"	"pgls5_castespolymorphic"
"OG0006653_00"	0.00705916949388592	0.615463772430162	0.971150220450397	"1e-05 to 1"	0.00158052752798892	-0.00422423684684836	174	"success"	"pgls5_castespolymorphic"
"OG0006654_00"	-0.0108364098317787	0.011658306614067	1	"1e-05 to 1"	0.0391021797652827	0.03351556453136	174	"success"	"pgls5_castespolymorphic"
"OG0006655_00"	0.0275291125868232	0.10835856638406	0.852800710777587	"1e-05 to 1"	0.016032937187061	0.0103121984497765	174	"success"	"pgls5_castespolymorphic"
"OG0006656_00"	0.00291393339718694	0.502555301981052	1	"1e-05 to 1"	0.00281442472878966	-0.00298316582511271	174	"success"	"pgls5_castespolymorphic"
"OG0006657_00"	0.0153464643625758	0.0521578126533642	1	"1e-05 to 1"	0.0233632405210067	0.0176851198263613	174	"success"	"pgls5_castespolymorphic"
"OG0006658_00"	-0.00526858920942634	0.304577478747876	1e-05	"1e-05 to 1"	0.00658659711191259	0.00081093779279573	174	"success"	"pgls5_castespolymorphic"
"OG0006659_00"	-0.0136357112756875	0.255384538189391	1	"1e-05 to 1"	0.00807752324269734	0.00231053209875942	174	"success"	"pgls5_castespolymorphic"
"OG0006660_00"	0.00148510115259764	0.77977445367183	1e-05	"1e-05 to 1"	0.000490055557479992	-0.0053210487706743	174	"success"	"pgls5_castespolymorphic"
"OG0006661_00"	-0.00671953184887648	0.521633800081921	0.749277198092163	"1e-05 to 1"	0.00257135604600636	-0.00322764769791228	174	"success"	"pgls5_castespolymorphic"
"OG0006662_00"	0.0197659555601256	0.090374676137658	0.25562925964393	"1e-05 to 1"	0.0181568366529001	0.012448446168324	174	"success"	"pgls5_castespolymorphic"
"OG0006663_00"	-0.0138243254861034	0.149965070341732	1	"1e-05 to 1"	0.0128303085123384	0.00709094984089853	174	"success"	"pgls5_castespolymorphic"
"OG0006664_00"	-0.000155714069839673	0.992475568664191	0.92620154369782	"1e-05 to 1"	5.54118760546182e-07	-0.00581339614799092	174	"success"	"pgls5_castespolymorphic"
"OG0006665_00"	-0.00306423129625567	0.740280011690492	1e-05	"1e-05 to 1"	0.000706374831849764	-0.00510347182610449	174	"success"	"pgls5_castespolymorphic"
"OG0006666_00"	-0.00157601573738899	0.711020378219576	1e-05	"1e-05 to 1"	0.00086018906377279	-0.00494876332539129	174	"success"	"pgls5_castespolymorphic"
"OG0006667_00"	0.0528850634073379	0.0280821476918556	0.832552921094015	"1e-05 to 1"	0.0296025713209764	0.0239607258054008	174	"success"	"pgls5_castespolymorphic"
"OG0006668_00"	0.00462436902827028	0.486547199918805	1e-05	"1e-05 to 1"	0.00304991460563835	-0.00274630682107313	174	"success"	"pgls5_castespolymorphic"
"OG0006669_00"	0.00220329183827327	0.834003971755018	1	"1e-05 to 1"	0.000277053098989284	-0.00553528961555139	174	"success"	"pgls5_castespolymorphic"
"OG0006670_00"	0.0236000689860217	0.0503348744132661	0.879576402763603	"1e-05 to 1"	0.0237279120512376	0.0180519115399076	174	"success"	"pgls5_castespolymorphic"
"OG0006671_00"	-0.0218757660638389	0.140441939371035	0.666080152800046	"1e-05 to 1"	0.0135320079865532	0.00779672896321926	174	"success"	"pgls5_castespolymorphic"
"OG0006672_00"	-0.00246886789267315	0.680930412296583	0.845644184330602	"1e-05 to 1"	0.00105949782184925	-0.00474829579546565	174	"success"	"pgls5_castespolymorphic"
"OG0006673_00"	-0.0119775483137001	0.315954165683714	0.994894479593502	"1e-05 to 1"	0.0062849599425237	0.000507546918933621	174	"success"	"pgls5_castespolymorphic"
"OG0006674_00"	0.000162258868579306	0.976513218169597	0.940787991644418	"1e-05 to 1"	5.43410930226948e-06	-0.00580848778541099	174	"success"	"pgls5_castespolymorphic"
"OG0006675_00"	0.0164950733484261	0.30164948673877	0.902242862832798	"1e-05 to 1"	0.00675095349925885	0.000976249740533564	174	"success"	"pgls5_castespolymorphic"
"OG0006676_00"	0.00974396235522308	0.536449404690905	0.815626655320261	"1e-05 to 1"	0.00242345874375515	-0.00337640486819968	174	"success"	"pgls5_castespolymorphic"
"OG0006677_00"	0.0108922662946257	0.506171958726668	0.885216109375304	"1e-05 to 1"	0.00276713608799591	-0.0030307293998646	174	"success"	"pgls5_castespolymorphic"
"OG0006678_00"	-0.00196125976101195	0.598837205164695	1e-05	"1e-05 to 1"	0.00175561079585946	-0.00404813565300177	174	"success"	"pgls5_castespolymorphic"
"OG0006679_00"	-0.00615638411573625	0.62394462462964	0.862947095329914	"1e-05 to 1"	0.0015153234532518	-0.00428982001504319	174	"success"	"pgls5_castespolymorphic"
"OG0006680_00"	0.00812043096473191	0.260600949045635	0.255784606423876	"1e-05 to 1"	0.00826436290319403	0.00249845803635207	174	"success"	"pgls5_castespolymorphic"
"OG0006681_00"	0.00993813514165932	0.484133282475796	1	"1e-05 to 1"	0.00308378784873895	-0.00271223664051257	174	"success"	"pgls5_castespolymorphic"
"OG0006682_00"	-0.00398064804372229	0.623734190089228	1	"1e-05 to 1"	0.00151716128892662	-0.00428797149427718	174	"success"	"pgls5_castespolymorphic"
"OG0006683_00"	0.0139893512814616	0.048119791772931	1	"1e-05 to 1"	0.0241900940090258	0.0185167806021015	174	"success"	"pgls5_castespolymorphic"
"OG0006684_00"	-0.0037121010573447	0.698167150448065	0.937231349476551	"1e-05 to 1"	0.000942407129666789	-0.00486606724748628	174	"success"	"pgls5_castespolymorphic"
"OG0006685_00"	0.0244638511949888	0.163024700556293	0.878697436104526	"1e-05 to 1"	0.0122020856836613	0.00645907455391503	174	"success"	"pgls5_castespolymorphic"
"OG0006686_00"	0.00591924978717876	0.428013359413976	1e-05	"1e-05 to 1"	0.0039555901199497	-0.00183536575144583	174	"success"	"pgls5_castespolymorphic"
"OG0006688_00"	0.0084418353765567	0.594306396373917	0.754331179735295	"1e-05 to 1"	0.00181093011774814	-0.00399249470714858	174	"success"	"pgls5_castespolymorphic"
"OG0006689_00"	0.00238596287044105	0.741492984243784	1	"1e-05 to 1"	0.000690670557852541	-0.00511926740402036	174	"success"	"pgls5_castespolymorphic"
"OG0006690_00"	0.00387100620913406	0.449331440297661	1	"1e-05 to 1"	0.00360443086056124	-0.00218856663443545	174	"success"	"pgls5_castespolymorphic"
"OG0006691_00"	-0.00538941172718518	0.561421695039153	0.941652225497239	"1e-05 to 1"	0.00211216605607134	-0.00368950739709106	174	"success"	"pgls5_castespolymorphic"
"OG0006692_00"	-0.00630761943713869	0.228383549678816	1e-05	"1e-05 to 1"	0.00905523930392747	0.00329393255569455	174	"success"	"pgls5_castespolymorphic"
"OG0006693_00"	-0.000380968474125829	0.894702237484264	1	"1e-05 to 1"	0.000109825843877347	-0.0057034891221468	174	"success"	"pgls5_castespolymorphic"
"OG0006694_00"	0.00648042234465812	0.319350270683376	1	"1e-05 to 1"	0.00612112266861815	0.000342757102738012	174	"success"	"pgls5_castespolymorphic"
"OG0006695_00"	-0.00362435070402282	0.549545226016016	1	"1e-05 to 1"	0.00222885547922416	-0.00357213954705937	174	"success"	"pgls5_castespolymorphic"
"OG0006696_00"	0.0259034650884914	0.0339595674349267	0.108659178966238	"1e-05 to 1"	0.035755216734203	0.0301491424128901	174	"success"	"pgls5_castespolymorphic"
"OG0006697_00"	0.0130045553940507	0.37203455796198	0.835505580227878	"1e-05 to 1"	0.00495251007750991	-0.000832649747620762	174	"success"	"pgls5_castespolymorphic"
"OG0006698_00"	0.0163577528945664	0.163979102494268	0.935686809638408	"1e-05 to 1"	0.0119967868384684	0.00625258211078505	174	"success"	"pgls5_castespolymorphic"
"OG0006699_00"	-0.00173737583113814	0.89093997860656	0.968312067882717	"1e-05 to 1"	0.000117129605995191	-0.00569614289629561	174	"success"	"pgls5_castespolymorphic"
"OG0006700_00"	-0.0154452514127285	0.404798625431472	1	"1e-05 to 1"	0.00431478318571464	-0.00147408435390317	174	"success"	"pgls5_castespolymorphic"
"OG0006701_00"	0.0281662088081113	0.109241998138681	1	"1e-05 to 1"	0.0161546240624762	0.0104345928070255	174	"success"	"pgls5_castespolymorphic"
"OG0006702_00"	0.0207864633597591	0.0370697601610384	0.766075435894121	"1e-05 to 1"	0.0270541195272769	0.0213974574315052	174	"success"	"pgls5_castespolymorphic"
"OG0006703_00"	-0.00498253734123192	0.564288590611686	1	"1e-05 to 1"	0.00210781399566606	-0.00369388476017307	174	"success"	"pgls5_castespolymorphic"
"OG0006704_00"	0.0142026101294088	0.247668619052544	1	"1e-05 to 1"	0.00834366375638738	0.00257821994101759	174	"success"	"pgls5_castespolymorphic"
"OG0006705_00"	0.0140587268717526	0.256758419541108	0.509675902859611	"1e-05 to 1"	0.00808162855049018	0.00231466127462088	174	"success"	"pgls5_castespolymorphic"
"OG0006706_00"	0.0273804796356644	0.193190065514389	1	"1e-05 to 1"	0.0105589556614305	0.00480639145015971	174	"success"	"pgls5_castespolymorphic"
"OG0006707_00"	0.00272628800544108	0.794471079069822	0.87086064578058	"1e-05 to 1"	0.000425393269979261	-0.00538608700170684	174	"success"	"pgls5_castespolymorphic"
"OG0006708_00"	-0.00706023298096059	0.202243717920713	1e-05	"1e-05 to 1"	0.0101430975110547	0.00438811551983986	174	"success"	"pgls5_castespolymorphic"
"OG0006709_00"	-0.000306651046412116	0.963244963157198	1	"1e-05 to 1"	1.33135924643146e-05	-0.00580056249130045	174	"success"	"pgls5_castespolymorphic"
"OG0006710_00"	0.00841680577363079	0.120004431996273	1	"1e-05 to 1"	0.0150408591064552	0.0093143524733531	174	"success"	"pgls5_castespolymorphic"
"OG0006711_00"	0.00975206252110218	0.588450605473934	0.955410711960712	"1e-05 to 1"	0.00182244257717217	-0.00398091531482114	174	"success"	"pgls5_castespolymorphic"
"OG0006712_00"	-0.0102463339728443	0.421358937078173	1	"1e-05 to 1"	0.00402004805589302	-0.00177053306006103	174	"success"	"pgls5_castespolymorphic"
"OG0006713_00"	-0.00134841315556937	0.921087978131926	0.607610447744752	"1e-05 to 1"	6.23059701067087e-05	-0.00575128527425317	174	"success"	"pgls5_castespolymorphic"
"OG0006714_00"	-0.002239805611682	0.805272079516099	0.527878184000554	"1e-05 to 1"	0.000385809161399141	-0.00542590125045317	174	"success"	"pgls5_castespolymorphic"
"OG0006715_00"	-0.00532003050442396	0.650455014185939	0.951270779730089	"1e-05 to 1"	0.00128648130229256	-0.00451999264362435	174	"success"	"pgls5_castespolymorphic"
"OG0006716_00"	0.0136877803920788	0.401091016720221	0.929951071687306	"1e-05 to 1"	0.00438319267020729	-0.00140527713984961	174	"success"	"pgls5_castespolymorphic"
"OG0006717_00"	-0.00666504199589191	0.272870123389406	0.577306516262338	"1e-05 to 1"	0.00755649890273804	0.00178647854752145	174	"success"	"pgls5_castespolymorphic"
"OG0006718_00"	-0.00014453855590903	0.882782037976769	1	"1e-05 to 1"	0.00013801873454232	-0.00567513231932648	174	"success"	"pgls5_castespolymorphic"
"OG0006719_00"	-0.00158285724109397	0.634087619396909	1	"1e-05 to 1"	0.00141941242516954	-0.00438628866538182	174	"success"	"pgls5_castespolymorphic"
"OG0006721_00"	-0.00434552846622783	0.568481133089917	0.846304830393573	"1e-05 to 1"	0.00203697412320388	-0.00376513649235899	174	"success"	"pgls5_castespolymorphic"
"OG0006722_00"	-0.00532128137278222	0.523285598878744	1	"1e-05 to 1"	0.0025671125078072	-0.00323191590784511	174	"success"	"pgls5_castespolymorphic"
"OG0006723_00"	0.0345477686781751	0.0406045515396372	0.924146423870744	"1e-05 to 1"	0.0261036783778842	0.0204414904614766	174	"success"	"pgls5_castespolymorphic"
"OG0006724_00"	0.00480427145574391	0.70441900912921	1	"1e-05 to 1"	0.000896263861158781	-0.00491247879081125	174	"success"	"pgls5_castespolymorphic"
"OG0006725_00"	0.0244140441622823	0.204556845455038	0.985312735255867	"1e-05 to 1"	0.0101033470760279	0.0043481339776329	174	"success"	"pgls5_castespolymorphic"
"OG0006726_00"	-0.00490827011341645	0.335610719666444	0.751775200605874	"1e-05 to 1"	0.00575980072057452	-2.06655543060208e-05	174	"success"	"pgls5_castespolymorphic"
"OG0006727_00"	-0.00573677663808348	0.441390405163116	0.657715155812021	"1e-05 to 1"	0.00370885165953208	-0.00208353873779621	174	"success"	"pgls5_castespolymorphic"
"OG0006728_00"	0.0208513020307822	0.0451062591106512	0.753470621144013	"1e-05 to 1"	0.0247029499631439	0.0190326182768831	174	"success"	"pgls5_castespolymorphic"
"OG0006729_00"	0.0163461276032921	0.445535682744669	1	"1e-05 to 1"	0.003665069074197	-0.00212757587304613	174	"success"	"pgls5_castespolymorphic"
"OG0006730_00"	0.000521758318597789	0.964657752217594	0.938950077890521	"1e-05 to 1"	1.23867757871528e-05	-0.00580149469644664	174	"success"	"pgls5_castespolymorphic"
"OG0006731_00"	0.00304907021565825	0.860475143049701	1	"1e-05 to 1"	0.000193678508916403	-0.00561914894161308	174	"success"	"pgls5_castespolymorphic"
"OG0006732_00"	0.00919944071428534	0.408241416186055	1e-05	"1e-05 to 1"	0.00427867086448502	-0.00151040663048896	174	"success"	"pgls5_castespolymorphic"
"OG0006733_00"	0.0179390473848604	0.123215452107562	0.734734359015746	"1e-05 to 1"	0.0147858004120481	0.00905781087956004	174	"success"	"pgls5_castespolymorphic"
"OG0006734_00"	-0.00062656280906537	0.950168654333214	0.343967097687836	"1e-05 to 1"	2.43336874906579e-05	-0.00578947832595422	174	"success"	"pgls5_castespolymorphic"
"OG0006735_00"	-0.00105631308089402	0.897367547156089	1e-05	"1e-05 to 1"	0.000104964140733485	-0.00570837909100641	174	"success"	"pgls5_castespolymorphic"
"OG0006736_00"	-0.013056493592081	0.315625836697819	1	"1e-05 to 1"	0.00633304681996394	0.000555913371242833	174	"success"	"pgls5_castespolymorphic"
"OG0006737_00"	0.00271348365812844	0.861452789688794	1	"1e-05 to 1"	0.000192151031345446	-0.0056206852998677	174	"success"	"pgls5_castespolymorphic"
"OG0006738_00"	-0.0128160899753454	0.229128548467901	1e-05	"1e-05 to 1"	0.00902642799523917	0.0032649537393975	174	"success"	"pgls5_castespolymorphic"
"OG0006739_00"	-0.00265359683712023	0.443694572265235	1	"1e-05 to 1"	0.00367164743786052	-0.00212095926308198	174	"success"	"pgls5_castespolymorphic"
"OG0006740_00"	0.00221573271646951	0.812668801162392	1e-05	"1e-05 to 1"	0.000352046986092449	-0.00545985971747687	174	"success"	"pgls5_castespolymorphic"
"OG0006741_00"	-0.00152936965099961	0.9080620243866	1	"1e-05 to 1"	8.46715545962167e-05	-0.00572878965729573	174	"success"	"pgls5_castespolymorphic"
"OG0006742_00"	-0.0106813116809232	0.365851165535698	1	"1e-05 to 1"	0.00511354454316061	-0.000670679035076782	174	"success"	"pgls5_castespolymorphic"
"OG0006743_00"	0.0236336590893444	0.105817396176082	1e-05	"1e-05 to 1"	0.01636665060792	0.0106478520649428	174	"success"	"pgls5_castespolymorphic"
"OG0006744_00"	0.00233967202208961	0.833798321321789	0.38207532077154	"1e-05 to 1"	0.000277750073267103	-0.00553458858909761	174	"success"	"pgls5_castespolymorphic"
"OG0006745_00"	-0.00817747608698156	0.523412170440272	0.825179525679457	"1e-05 to 1"	0.00256555054436733	-0.00323348695246772	174	"success"	"pgls5_castespolymorphic"
"OG0006746_00"	0.0114730839125006	0.234858697510299	1	"1e-05 to 1"	0.00875386751649299	0.0029908086067052	174	"success"	"pgls5_castespolymorphic"
"OG0006747_00"	-0.0104473754838621	0.406556534320564	1e-05	"1e-05 to 1"	0.00428266465174484	-0.00150638962353566	174	"success"	"pgls5_castespolymorphic"
"OG0006748_00"	-0.00909527222920407	0.188808904862164	1e-05	"1e-05 to 1"	0.0109043882465013	0.00515383236421352	174	"success"	"pgls5_castespolymorphic"
"OG0006749_00"	-0.0163227690417793	0.260292647162198	0.892297469250747	"1e-05 to 1"	0.00796302087815111	0.00219536402279152	174	"success"	"pgls5_castespolymorphic"
"OG0006750_00"	-0.00148429030882179	0.653578478932305	1	"1e-05 to 1"	0.00127802197633242	-0.00452850115171222	174	"success"	"pgls5_castespolymorphic"
"OG0006751_00"	-0.0090012862422425	0.231924637351983	1	"1e-05 to 1"	0.00897530457989046	0.00321353309488981	174	"success"	"pgls5_castespolymorphic"
"OG0006752_00"	0.00717816209829357	0.0845375930625631	1e-05	"1e-05 to 1"	0.0185971496675005	0.0128913191423116	174	"success"	"pgls5_castespolymorphic"
"OG0006753_00"	0.0337559393528662	0.0654429749364622	0.881548203253698	"1e-05 to 1"	0.0210525945553869	0.0153610398725694	174	"success"	"pgls5_castespolymorphic"
"OG0006754_00"	-0.00579310562250228	0.275921170649886	1e-05	"1e-05 to 1"	0.00732328864820563	0.0015519124194161	174	"success"	"pgls5_castespolymorphic"
"OG0006755_00"	-0.0210629441299014	0.242721787949149	0.183811049995416	"1e-05 to 1"	0.00851965370803496	0.00275523309005854	174	"success"	"pgls5_castespolymorphic"
"OG0006756_00"	-0.000809237085240399	0.953374898422817	1	"1e-05 to 1"	2.17053495237056e-05	-0.00579212194495593	174	"success"	"pgls5_castespolymorphic"
"OG0006757_00"	-0.000386041588462627	0.960987944346527	1	"1e-05 to 1"	1.53860758847366e-05	-0.00579847795855781	174	"success"	"pgls5_castespolymorphic"
"OG0006758_00"	4.9207356724831e-05	0.989127552145829	1e-05	"1e-05 to 1"	1.15697514749124e-06	-0.00581278978662492	174	"success"	"pgls5_castespolymorphic"
"OG0006759_00"	0.00402866611478754	0.603260895813859	1	"1e-05 to 1"	0.00172441671429698	-0.00407951109550364	174	"success"	"pgls5_castespolymorphic"
"OG0006760_00"	0.00180325158494636	0.854286300704695	1e-05	"1e-05 to 1"	0.000211438253574609	-0.00560128594262554	174	"success"	"pgls5_castespolymorphic"
"OG0006761_00"	0.00331508393058249	0.607935304643483	0.725316993918184	"1e-05 to 1"	0.0016487401814534	-0.00415562760818933	174	"success"	"pgls5_castespolymorphic"
"OG0006762_00"	0.0184428891457976	0.0448456641503103	1	"1e-05 to 1"	0.025070828503144	0.0194026356456042	174	"success"	"pgls5_castespolymorphic"
"OG0006763_00"	0.0150659265578264	0.0225737256679521	1	"1e-05 to 1"	0.03208189322687	0.0264544623735379	174	"success"	"pgls5_castespolymorphic"
"OG0006764_00"	-0.00944651134117037	0.291034402447515	0.988261609060591	"1e-05 to 1"	0.00696511351502441	0.00119165487266992	174	"success"	"pgls5_castespolymorphic"
"OG0006765_00"	0.00574478983219232	0.596903989985505	1	"1e-05 to 1"	0.00175200097571943	-0.00405176646046823	174	"success"	"pgls5_castespolymorphic"
"OG0006766_00"	0.00525164247722563	0.721119675685748	0.858207370488198	"1e-05 to 1"	0.000813865071301042	-0.00499535664340067	174	"success"	"pgls5_castespolymorphic"
"OG0006767_00"	-0.00073890058294044	0.968512071810457	0.365161179123467	"1e-05 to 1"	9.95668763855926e-06	-0.00580393891301467	174	"success"	"pgls5_castespolymorphic"
"OG0006768_00"	0.000251584864800229	0.969950880687475	1e-05	"1e-05 to 1"	8.89659916689975e-06	-0.00580500516479132	174	"success"	"pgls5_castespolymorphic"
"OG0006769_00"	0.00590657667495584	0.631096111471374	0.830859880066154	"1e-05 to 1"	0.00143557965057074	-0.004370027444484	174	"success"	"pgls5_castespolymorphic"
"OG0006770_00"	-0.000357296270182581	0.942640786859296	1e-05	"1e-05 to 1"	3.22545717028821e-05	-0.00578151139008964	174	"success"	"pgls5_castespolymorphic"
"OG0006771_00"	-0.0049825022856699	0.830835902621163	0.91141242165546	"1e-05 to 1"	0.00028430467327504	-0.00552799588094999	174	"success"	"pgls5_castespolymorphic"
"OG0006772_00"	-0.00929240039446052	0.380668678504602	0.849393553247242	"1e-05 to 1"	0.00483707446002883	-0.000948756502412884	174	"success"	"pgls5_castespolymorphic"
"OG0006773_00"	-0.00588611673173866	0.715023347783657	0.924828722805793	"1e-05 to 1"	0.000840721719589283	-0.00496834385180844	174	"success"	"pgls5_castespolymorphic"
"OG0006774_00"	0.0250093027020738	0.101105066732913	1	"1e-05 to 1"	0.0168159936215773	0.0110998075379819	174	"success"	"pgls5_castespolymorphic"
"OG0006775_00"	0.00577268491131112	0.709204405815987	1	"1e-05 to 1"	0.000871545997176494	-0.00493734036330506	174	"success"	"pgls5_castespolymorphic"
"OG0006776_00"	-0.012573459937162	0.429640639029225	1	"1e-05 to 1"	0.00390327764755677	-0.0018879823661202	174	"success"	"pgls5_castespolymorphic"
"OG0006777_00"	0.0179504703816267	0.184332089582209	0.744203373850634	"1e-05 to 1"	0.0109882916605642	0.00523822358882331	174	"success"	"pgls5_castespolymorphic"
"OG0006778_00"	-0.0281618409671407	0.187352786112748	1	"1e-05 to 1"	0.0108392537126328	0.00508831914119456	174	"success"	"pgls5_castespolymorphic"
"OG0006779_00"	-0.0153572060336289	0.479157233230455	0.551721422757965	"1e-05 to 1"	0.00313475009893056	-0.00266097809816856	174	"success"	"pgls5_castespolymorphic"
"OG0006780_00"	-0.00776258459326609	0.364721531190732	0.873827631652172	"1e-05 to 1"	0.0051699636512308	-0.000613931908936438	174	"success"	"pgls5_castespolymorphic"
"OG0006781_00"	-0.00982725448022542	0.475137860330151	0.742379485354557	"1e-05 to 1"	0.00321249027173249	-0.00258278594761774	174	"success"	"pgls5_castespolymorphic"
"OG0006783_00"	-0.00135769337163046	0.896051538804446	1e-05	"1e-05 to 1"	0.000107688531262784	-0.00570563886099729	174	"success"	"pgls5_castespolymorphic"
"OG0006784_00"	0.0206131133550459	0.148425418907112	0.384161155619059	"1e-05 to 1"	0.0131717920392048	0.00743441873710715	174	"success"	"pgls5_castespolymorphic"
"OG0006785_00"	0.00619821238851409	0.429104293850085	1	"1e-05 to 1"	0.00396192591603045	-0.00182899311934159	174	"success"	"pgls5_castespolymorphic"
"OG0006786_00"	0.00313304483785508	0.671389745699943	0.796236107296016	"1e-05 to 1"	0.00114207643524503	-0.00466523707385225	174	"success"	"pgls5_castespolymorphic"
"OG0006787_00"	-0.00116960886901939	0.800911389176151	1e-05	"1e-05 to 1"	0.000398593049024197	-0.00541304303790002	174	"success"	"pgls5_castespolymorphic"
"OG0006788_00"	-0.00107981895774401	0.941032893517574	0.983016289924733	"1e-05 to 1"	3.43052884017773e-05	-0.00577944875061931	174	"success"	"pgls5_castespolymorphic"
"OG0006789_00"	0.0026269016121449	0.841376242758904	1	"1e-05 to 1"	0.000251085609203006	-0.00556140807911554	174	"success"	"pgls5_castespolymorphic"
"OG0006790_00"	-0.00571693907882898	0.707767548844379	1	"1e-05 to 1"	0.00091499648030509	-0.00489363726108838	174	"success"	"pgls5_castespolymorphic"
"OG0006791_00"	-0.00525709362377797	0.524384152717144	1	"1e-05 to 1"	0.0025375885731057	-0.00326161149332971	174	"success"	"pgls5_castespolymorphic"
"OG0006792_00"	0.0148181221914131	0.0384872484791887	1e-05	"1e-05 to 1"	0.0264972083702544	0.0208373084189186	174	"success"	"pgls5_castespolymorphic"
"OG0006794_00"	-0.00597400987159002	0.53887103050487	0.641029860671717	"1e-05 to 1"	0.00236481133294104	-0.00343539325233255	174	"success"	"pgls5_castespolymorphic"
"OG0006795_00"	0.0077227749601871	0.192164402776485	0.702240303161586	"1e-05 to 1"	0.01067405583996	0.00492216081577368	174	"success"	"pgls5_castespolymorphic"
"OG0006796_00"	-0.00490997292347998	0.67005589056946	1	"1e-05 to 1"	0.0011446806107426	-0.00466261775779975	174	"success"	"pgls5_castespolymorphic"
"OG0006797_00"	0.00752077491408866	0.397338671397294	0.66111591796506	"1e-05 to 1"	0.00453799628865673	-0.00124957350036259	174	"success"	"pgls5_castespolymorphic"
"OG0006798_00"	0.0241504311943566	0.0474551800350218	0.754024506249847	"1e-05 to 1"	0.0243331130786292	0.0186606311779236	174	"success"	"pgls5_castespolymorphic"
"OG0006799_00"	-0.00147543611224619	0.536719461082571	1e-05	"1e-05 to 1"	0.00238994026096623	-0.00341011822588877	174	"success"	"pgls5_castespolymorphic"
"OG0006800_00"	-0.002758627445851	0.374020815144176	1e-05	"1e-05 to 1"	0.00497344212869165	-0.000811595998467141	174	"success"	"pgls5_castespolymorphic"
"OG0006801_00"	0.00412715056575599	0.610364882063713	0.766045316064037	"1e-05 to 1"	0.00162652873424201	-0.00417796819172178	174	"success"	"pgls5_castespolymorphic"
"OG0006802_00"	-0.00294769867747364	0.447512698555934	1	"1e-05 to 1"	0.00361064806648322	-0.00218231328196739	174	"success"	"pgls5_castespolymorphic"
"OG0006803_00"	0.00805068158706754	0.411053743425796	0.653841229975036	"1e-05 to 1"	0.00420141012455875	-0.00158811656076363	174	"success"	"pgls5_castespolymorphic"
"OG0006804_00"	0.00823713649417438	0.443668809915385	0.957060583419614	"1e-05 to 1"	0.0036951862196225	-0.00209728362793782	174	"success"	"pgls5_castespolymorphic"
"OG0006805_00"	-0.00687631261088054	0.342890158968753	0.930037283966931	"1e-05 to 1"	0.00565956949452618	-0.000121479520040602	174	"success"	"pgls5_castespolymorphic"
"OG0006806_00"	-9.26017901469907e-05	0.993745521209519	1e-05	"1e-05 to 1"	3.85254851274783e-07	-0.00581356599366711	174	"success"	"pgls5_castespolymorphic"
"OG0006807_00"	0.0027233816711532	0.811799328248208	0.838038132805114	"1e-05 to 1"	0.000355384540914922	-0.00545650275826581	174	"success"	"pgls5_castespolymorphic"
"OG0006808_00"	0.0202768582613289	0.00472580013677382	1e-05	"1e-05 to 1"	0.0491086714908884	0.04358023353444	174	"success"	"pgls5_castespolymorphic"
"OG0006809_00"	-0.00207765253680228	0.453235141347156	1	"1e-05 to 1"	0.00352071836365256	-0.00227276583190772	174	"success"	"pgls5_castespolymorphic"
"OG0006810_00"	0.00057696757066108	0.909010561566679	1	"1e-05 to 1"	8.18861448190354e-05	-0.00573159126131562	174	"success"	"pgls5_castespolymorphic"
"OG0006811_00"	-0.00325194969300503	0.714901342127083	0.926044610258974	"1e-05 to 1"	0.000830993123413099	-0.00497812900959027	174	"success"	"pgls5_castespolymorphic"
"OG0006812_00"	-0.00870014826538249	0.387357776355997	0.961122244861471	"1e-05 to 1"	0.0046737808356287	-0.00111299950835009	174	"success"	"pgls5_castespolymorphic"
"OG0006813_00"	-0.00240789144618002	0.696288065710556	1	"1e-05 to 1"	0.000954788094039131	-0.00485361430076292	174	"success"	"pgls5_castespolymorphic"
"OG0006814_00"	0.0258753374178417	0.187850891706238	0.973844886838997	"1e-05 to 1"	0.0107479255471001	0.00499645999795528	174	"success"	"pgls5_castespolymorphic"
"OG0006815_00"	0.00775616561994204	0.226651792051212	1e-05	"1e-05 to 1"	0.00912264724642187	0.00336173240483129	174	"success"	"pgls5_castespolymorphic"
"OG0006816_00"	0.00699453588587942	0.551574881552141	1	"1e-05 to 1"	0.00224827125141048	-0.00355261089247683	174	"success"	"pgls5_castespolymorphic"
"OG0006817_00"	0.00227372417367903	0.83143019022406	0.991668405799323	"1e-05 to 1"	0.000284050016134035	-0.0055282520186557	174	"success"	"pgls5_castespolymorphic"
"OG0006818_00"	0.00400418924031154	0.708258654612887	1	"1e-05 to 1"	0.000883027954160566	-0.00492579165075702	174	"success"	"pgls5_castespolymorphic"
"OG0006819_00"	-0.0018576777625564	0.540232827117506	0.79565028788518	"1e-05 to 1"	0.00234900066318121	-0.00345129584459092	174	"success"	"pgls5_castespolymorphic"
"OG0006820_00"	0.00785602365900456	0.262764824341486	0.686017434696877	"1e-05 to 1"	0.00788122552157586	0.00211309311181762	174	"success"	"pgls5_castespolymorphic"
"OG0006821_00"	0.00261993999275921	0.723149984090633	1	"1e-05 to 1"	0.000796469128439513	-0.00501285372546501	174	"success"	"pgls5_castespolymorphic"
"OG0006822_00"	-0.00504449998567645	0.671265275792094	1	"1e-05 to 1"	0.00113578798172053	-0.00467156208815322	174	"success"	"pgls5_castespolymorphic"
"OG0006823_00"	0.0363469295339597	0.000660394695871869	0.710205130059227	"1e-05 to 1"	0.0709877055181855	0.0655864712479424	174	"success"	"pgls5_castespolymorphic"
"OG0006824_00"	0.000883129119679188	0.905807978342804	1	"1e-05 to 1"	8.83329066026657e-05	-0.00572510701835904	174	"success"	"pgls5_castespolymorphic"
"OG0006825_00"	-0.00179745220855935	0.71204512552942	0.978447620263043	"1e-05 to 1"	0.000859202204782222	-0.00494975592193425	174	"success"	"pgls5_castespolymorphic"
"OG0006826_00"	0.000139330558208659	0.98334007740319	0.789392338874711	"1e-05 to 1"	2.76850689515706e-06	-0.0058111688855067	174	"success"	"pgls5_castespolymorphic"
"OG0006827_00"	-0.00286520809490878	0.344366756002058	1	"1e-05 to 1"	0.0055899687781551	-0.00019148489173948	174	"success"	"pgls5_castespolymorphic"
"OG0006828_00"	0.00112400158946318	0.930164529448941	1	"1e-05 to 1"	4.81515202029366e-05	-0.00576552201747038	174	"success"	"pgls5_castespolymorphic"
"OG0006829_00"	0.00175376957674968	0.804281076754763	1	"1e-05 to 1"	0.000387367871388321	-0.00542433347819671	174	"success"	"pgls5_castespolymorphic"
"OG0006830_00"	0.00903744499935445	0.0919381814059583	1e-05	"1e-05 to 1"	0.0179837846881258	0.0122743880874754	174	"success"	"pgls5_castespolymorphic"
"OG0006831_00"	-0.000126779527821197	0.927264263215714	1	"1e-05 to 1"	5.25748959978324e-05	-0.00576107292437422	174	"success"	"pgls5_castespolymorphic"
"OG0006832_00"	0.00147430408856908	0.771996261523173	1e-05	"1e-05 to 1"	0.000526276216733173	-0.00528461752619291	174	"success"	"pgls5_castespolymorphic"
"OG0006833_00"	0.000963461139938096	0.853525510889601	1e-05	"1e-05 to 1"	0.000215024954042026	-0.00559767838924841	174	"success"	"pgls5_castespolymorphic"
"OG0006834_00"	0.00481610829343416	0.626841734765076	0.578156301378163	"1e-05 to 1"	0.00149016133363778	-0.00431512842605031	174	"success"	"pgls5_castespolymorphic"
"OG0006835_00"	0.0160358112514202	0.313580085045449	0.89978446254373	"1e-05 to 1"	0.00642706542628319	0.000650478597366333	174	"success"	"pgls5_castespolymorphic"
"OG0006836_00"	-0.000845130809101778	0.778501954962981	0.711375175978792	"1e-05 to 1"	0.000499013678018893	-0.00531203856803919	174	"success"	"pgls5_castespolymorphic"
"OG0006837_00"	0.0205555005683949	0.103828602743623	0.608108445105921	"1e-05 to 1"	0.0166578102758826	0.0109407045216726	174	"success"	"pgls5_castespolymorphic"
"OG0006838_00"	-0.0268287766834582	0.0572471453001799	0.874704375819145	"1e-05 to 1"	0.0226931770411119	0.0170111606285603	174	"success"	"pgls5_castespolymorphic"
"OG0006839_00"	0.029307974040642	0.116722064753438	0.747233780349509	"1e-05 to 1"	0.0153094442202287	0.00958449912848591	174	"success"	"pgls5_castespolymorphic"
"OG0006840_00"	0.00752978085115138	0.71122099262079	0.981388460274889	"1e-05 to 1"	0.000858939629263807	-0.00495002002405442	174	"success"	"pgls5_castespolymorphic"
"OG0006841_00"	-0.0148536873350547	0.16282558429004	1	"1e-05 to 1"	0.0122135738884624	0.00647062955060462	174	"success"	"pgls5_castespolymorphic"
"OG0006842_00"	0.0077562039276288	0.245258994112717	1e-05	"1e-05 to 1"	0.00837655681164714	0.0026113042349708	174	"success"	"pgls5_castespolymorphic"
"OG0006843_00"	-0.0014556654476536	0.856915248216496	1	"1e-05 to 1"	0.000203795900405394	-0.00560897272808059	174	"success"	"pgls5_castespolymorphic"
"OG0006844_00"	0.0181930879384165	0.236132039079811	0.920269022420405	"1e-05 to 1"	0.00876094705525669	0.00299792930557785	174	"success"	"pgls5_castespolymorphic"
"OG0006845_00"	0.00972889155974807	0.169579295294207	0.786037057516407	"1e-05 to 1"	0.0117588035504165	0.00601321519896536	174	"success"	"pgls5_castespolymorphic"
"OG0006846_00"	-0.00141808732105826	0.728213464535766	0.950703369971368	"1e-05 to 1"	0.000752101615289389	-0.0050574791892728	174	"success"	"pgls5_castespolymorphic"
"OG0006847_00"	0.0041588600098349	0.662789434797227	0.902999570170337	"1e-05 to 1"	0.00119897680905571	-0.00460800588391508	174	"success"	"pgls5_castespolymorphic"
"OG0006848_00"	0.00518521691629852	0.677241718721741	0.975121569109003	"0.001 to 1"	0.00109244064592756	-0.00471516144334028	174	"success"	"pgls5_castespolymorphic"
"OG0006849_00"	-0.000729335613991198	0.880880403312584	1	"1e-05 to 1"	0.000142566851233994	-0.00567055776009595	174	"success"	"pgls5_castespolymorphic"
"OG0006850_00"	0.0101123560034512	0.434779812212391	0.921018012334894	"1e-05 to 1"	0.00384129469771342	-0.00195032568195108	174	"success"	"pgls5_castespolymorphic"
"OG0006851_00"	0.00657253514478666	0.591649037961497	0.483153245363821	"1e-05 to 1"	0.00182547309131129	-0.00397786718141346	174	"success"	"pgls5_castespolymorphic"
"OG0006852_00"	0.00143847518315661	0.880907177212509	0.819744086055487	"1e-05 to 1"	0.000154254018874479	-0.00565880264380647	174	"success"	"pgls5_castespolymorphic"
"OG0006853_00"	-0.00844311333361806	0.375846706469267	1	"1e-05 to 1"	0.0049047836789566	-0.000880653625235484	174	"success"	"pgls5_castespolymorphic"
"OG0006854_00"	0.00224897143119769	0.709720652195991	1	"1e-05 to 1"	0.000868308820501627	-0.00494059636077449	174	"success"	"pgls5_castespolymorphic"
"OG0006855_00"	-0.00233740428565063	0.778941935631692	1	"1e-05 to 1"	0.000500135450819203	-0.00531091027330399	174	"success"	"pgls5_castespolymorphic"
"OG0006856_00"	-0.00668749353734954	0.388641513185567	1	"1e-05 to 1"	0.00467787953717295	-0.0011088769771459	174	"success"	"pgls5_castespolymorphic"
"OG0006857_00"	0.0049976323676456	0.04184293034118	1	"1e-05 to 1"	0.0259525079115191	0.0202894410970513	174	"success"	"pgls5_castespolymorphic"
"OG0006858_00"	-0.00250855514982701	0.808394283722417	1e-05	"1e-05 to 1"	0.000375680137833793	-0.00543608916369043	174	"success"	"pgls5_castespolymorphic"
"OG0006859_00"	-0.00371695810760129	0.285467881148398	1e-05	"1e-05 to 1"	0.00717204628695725	0.00139979074211394	174	"success"	"pgls5_castespolymorphic"
"OG0006860_00"	0.00241189166917274	0.621597418238482	1	"1e-05 to 1"	0.00152627908263982	-0.00427880069013553	174	"success"	"pgls5_castespolymorphic"
"OG0006861_00"	0.0253634228001376	4.09748184999614e-05	1e-05	"1e-05 to 1"	0.101318174268141	0.0960932799324905	174	"success"	"pgls5_castespolymorphic"
"OG0006862_00"	0.00882387832019271	0.574634623494807	0.913139256147665	"1e-05 to 1"	0.00199792183975782	-0.00380441582396451	174	"success"	"pgls5_castespolymorphic"
"OG0006863_00"	-0.00117064523702751	0.775242349925484	1	"1e-05 to 1"	0.000510990522104889	-0.00529999209113874	174	"success"	"pgls5_castespolymorphic"
"OG0006864_00"	-0.00624499393458802	0.468378429837351	0.725793969601064	"1e-05 to 1"	0.00327062723860326	-0.00252431097512584	174	"success"	"pgls5_castespolymorphic"
"OG0006865_00"	-0.00267917257358243	0.705718180564147	0.971755720304089	"1e-05 to 1"	0.000959745582050598	-0.00484862799014674	174	"success"	"pgls5_castespolymorphic"
"OG0006866_00"	0.00347781506965007	0.669671186123973	0.860464409184886	"1e-05 to 1"	0.00114751792739628	-0.00465976394511891	174	"success"	"pgls5_castespolymorphic"
"OG0006868_00"	-0.00733620213969022	0.405877524051405	1e-05	"1e-05 to 1"	0.00432191638027123	-0.00146690968728524	174	"success"	"pgls5_castespolymorphic"
"OG0006869_00"	-0.00118917109141417	0.826263818753397	1	"1e-05 to 1"	0.000300130571639997	-0.00551207797154807	174	"success"	"pgls5_castespolymorphic"
"OG0006870_00"	-7.10323319512503e-05	0.988950970905499	1	"1e-05 to 1"	1.19486398095901e-06	-0.0058127516775075	174	"success"	"pgls5_castespolymorphic"
"OG0006871_00"	0.0121365890862409	0.17054731336116	1	"1e-05 to 1"	0.0118536954654002	0.00610865881112932	174	"success"	"pgls5_castespolymorphic"
"OG0006872_00"	0.00568837283350276	0.367194209051668	0.31809074519779	"1e-05 to 1"	0.00511703705650032	-0.00066716621642704	174	"success"	"pgls5_castespolymorphic"
"OG0006873_00"	0.00748342004458073	0.458593160639651	0.983663688207094	"1e-05 to 1"	0.00343810718920825	-0.00235585730387777	174	"success"	"pgls5_castespolymorphic"
"OG0006874_00"	-0.0288956334479447	0.0470865294909668	0.880359183981361	"1e-05 to 1"	0.0248754560078213	0.0192061272636807	174	"success"	"pgls5_castespolymorphic"
"OG0006875_00"	-0.00867030913811189	0.0785547695669413	1	"1e-05 to 1"	0.035545221912046	0.0299379266906045	174	"success"	"pgls5_castespolymorphic"
"OG0006876_00"	0.00487176302397561	0.24994268891896	1	"1e-05 to 1"	0.0083161084857111	0.00255050446527916	174	"success"	"pgls5_castespolymorphic"
"OG0006877_00"	-0.000151394060678692	0.986047327727555	1	"1e-05 to 1"	1.9295102489368e-06	-0.00581201276004029	174	"success"	"pgls5_castespolymorphic"
"OG0006878_00"	0.0149153829031561	0.352508519441803	0.693947512290826	"1e-05 to 1"	0.00543878919622018	-0.000343543424732085	174	"success"	"pgls5_castespolymorphic"
"OG0006879_00"	0.00901213831658166	0.0766072610556907	1e-05	"1e-05 to 1"	0.019465839209994	0.0137650592054009	174	"success"	"pgls5_castespolymorphic"
"OG0006880_00"	-0.0120400765365276	0.456750185552068	1e-05	"1e-05 to 1"	0.00346635109967753	-0.0023274491846268	174	"success"	"pgls5_castespolymorphic"
"OG0006881_00"	0.0014566064851347	0.864581321080093	0.961700775810237	"1e-05 to 1"	0.000182337926598173	-0.00563055545754954	174	"success"	"pgls5_castespolymorphic"
"OG0006882_00"	0.0127706954797016	0.0823669486706824	0.920139675380738	"1e-05 to 1"	0.0187408933514372	0.0130358985453409	174	"success"	"pgls5_castespolymorphic"
"OG0006883_00"	-0.000577925180648761	0.880969587260629	1	"1e-05 to 1"	0.000140567033729639	-0.00567256920444636	174	"success"	"pgls5_castespolymorphic"
"OG0006884_00"	0.00839542822186469	0.568473690044977	0.639311092146705	"1e-05 to 1"	0.00203705245098117	-0.00376505770918745	174	"success"	"pgls5_castespolymorphic"
"OG0006885_00"	0.00347997931138048	0.723941095064224	0.974069958679822	"1e-05 to 1"	0.000781808107267053	-0.00502759998513258	174	"success"	"pgls5_castespolymorphic"
"OG0006886_00"	0.00542875010321538	0.541014908361713	1e-05	"1e-05 to 1"	0.00236963157693402	-0.00343054498366513	174	"success"	"pgls5_castespolymorphic"
"OG0006887_00"	0.00183822463126653	0.856910377895944	0.992424440767355	"1e-05 to 1"	0.000202540221496765	-0.0056102357074479	174	"success"	"pgls5_castespolymorphic"
"OG0006888_00"	-0.000658814943679277	0.941992865033217	0.912831455965236	"1e-05 to 1"	3.31954762895922e-05	-0.00578056501512725	174	"success"	"pgls5_castespolymorphic"
"OG0006889_00"	0.00385774537052892	0.610993482165684	0.99427964801322	"1e-05 to 1"	0.00162081284266285	-0.0041837173152286	174	"success"	"pgls5_castespolymorphic"
"OG0006890_00"	-0.00253172105027555	0.593539834338729	1	"1e-05 to 1"	0.00178429004928685	-0.00401928965972886	174	"success"	"pgls5_castespolymorphic"
"OG0006891_00"	-0.00632920031162268	0.495351279779464	1	"1e-05 to 1"	0.00289225255632242	-0.00290488551021051	174	"success"	"pgls5_castespolymorphic"
"OG0006892_00"	-0.0009152006934803	0.547212625639595	1e-05	"1e-05 to 1"	0.00228339770267086	-0.0035172802176624	174	"success"	"pgls5_castespolymorphic"
"OG0006893_00"	0.0485237551182184	0.00069314967137668	0.517532992136766	"1e-05 to 1"	0.0696047517799357	0.0641954770809817	174	"success"	"pgls5_castespolymorphic"
"OG0006894_00"	-0.00251924132854749	0.310245849399429	1e-05	"1e-05 to 1"	0.00643452010830367	0.000657976620561329	174	"success"	"pgls5_castespolymorphic"
"OG0006895_00"	-0.00538888237529265	0.396296912916301	0.883566673474851	"1e-05 to 1"	0.00444538035242436	-0.00134272790134071	174	"success"	"pgls5_castespolymorphic"
"OG0006896_00"	0.00532209098517586	0.490634752118057	0.394390433093056	"1e-05 to 1"	0.00293766603532132	-0.00285920799935702	174	"success"	"pgls5_castespolymorphic"
"OG0006897_00"	-0.00492383081462177	0.770248684077307	0.554684771816727	"1e-05 to 1"	0.000537978551505098	-0.00527284715459087	174	"success"	"pgls5_castespolymorphic"
"OG0006898_00"	0.0123425826675404	0.0669119096860837	1e-05	"1e-05 to 1"	0.0210897369798084	0.0153983982413189	174	"success"	"pgls5_castespolymorphic"
"OG0006899_00"	-0.00119706999980967	0.89110804710847	1	"1e-05 to 1"	0.000118990606458092	-0.00569427107606235	174	"success"	"pgls5_castespolymorphic"
"OG0006900_00"	-0.0246048035224543	0.155782136877751	0.47527548422157	"1e-05 to 1"	0.0125518001731141	0.00681082226714391	174	"success"	"pgls5_castespolymorphic"
"OG0006901_00"	-0.00408233083838198	0.52985894063351	1e-05	"1e-05 to 1"	0.00247129792163418	-0.00332828755556558	174	"success"	"pgls5_castespolymorphic"
"OG0006902_00"	-0.00278914220315745	0.85663323532564	0.956923723653826	"1e-05 to 1"	0.000204608757793464	-0.00560815514477753	174	"success"	"pgls5_castespolymorphic"
"OG0006903_00"	-8.02244553969848e-05	0.992042958183689	0.952039637370532	"1e-05 to 1"	6.23554760047112e-07	-0.00581332630829379	174	"success"	"pgls5_castespolymorphic"
"OG0006904_00"	0.0114195452056195	0.29423287290327	0.982052402343994	"1e-05 to 1"	0.00700502224804153	0.00123179563320464	174	"success"	"pgls5_castespolymorphic"
"OG0006905_00"	-0.00243415748822536	0.672582419290247	0.990456544645241	"1e-05 to 1"	0.00111212439608782	-0.0046953632527722	174	"success"	"pgls5_castespolymorphic"
"OG0006906_00"	-0.00016602909924535	0.97672128053893	1	"1e-05 to 1"	5.81192346925254e-06	-0.00580810777465013	174	"success"	"pgls5_castespolymorphic"
"OG0006907_00"	-0.00345611595334471	0.485442300297095	1	"1e-05 to 1"	0.00310449757377528	-0.00269140651009825	174	"success"	"pgls5_castespolymorphic"
"OG0006908_00"	0.00668089749380911	0.0849166253166387	1	"1e-05 to 1"	0.0186690190013677	0.0129636063211431	174	"success"	"pgls5_castespolymorphic"
"OG0006909_00"	0.0149798262125988	0.385180571008308	0.85895822185169	"1e-05 to 1"	0.00471672513789155	-0.00106980552991143	174	"success"	"pgls5_castespolymorphic"
"OG0006910_00"	-0.0121815188024346	0.0687298498983342	1	"1e-05 to 1"	0.0208156146110536	0.0151226821378622	174	"success"	"pgls5_castespolymorphic"
"OG0006911_00"	-0.00122918814338616	0.787575433048313	1e-05	"1e-05 to 1"	0.000455122274264431	-0.00535618515437353	174	"success"	"pgls5_castespolymorphic"
"OG0006912_00"	0.00616662368108031	0.174586461846763	1	"1e-05 to 1"	0.0116340082753095	0.00588769436993342	174	"success"	"pgls5_castespolymorphic"
"OG0006913_00"	0.036471924000183	0.0508950474474887	0.640658921958799	"1e-05 to 1"	0.0236143993792085	0.0179377389104829	174	"success"	"pgls5_castespolymorphic"
"OG0006914_00"	0.0052878174047645	0.284370974419592	1e-05	"1e-05 to 1"	0.00715966057642486	0.00138733302163652	174	"success"	"pgls5_castespolymorphic"
"OG0006915_00"	0.000769912493298111	0.924593721322969	1	"1e-05 to 1"	5.65180639072608e-05	-0.00575710683107	174	"success"	"pgls5_castespolymorphic"
"OG0006916_00"	0.0021996832559897	0.843642766500412	1	"1e-05 to 1"	0.000251760409615656	-0.00556072935544472	174	"success"	"pgls5_castespolymorphic"
"OG0006917_00"	0.00195009577591381	0.853002547282008	1e-05	"1e-05 to 1"	0.000216580674230034	-0.00559611362417556	174	"success"	"pgls5_castespolymorphic"
"OG0006918_00"	-0.00929493787988548	0.079522038205083	0.69505581666868	"1e-05 to 1"	0.01921125070144	0.0135089905310994	174	"success"	"pgls5_castespolymorphic"
"OG0006919_00"	0.0100948038882786	0.326950425797992	1e-05	"1e-05 to 1"	0.00596923306065784	0.000189984415661759	174	"success"	"pgls5_castespolymorphic"
"OG0006920_00"	-0.00985245378091454	0.32656896116769	1	"1e-05 to 1"	0.00609215575306705	0.000313621774887141	174	"success"	"pgls5_castespolymorphic"
"OG0006921_00"	0.0206359267393017	0.0211271208853292	1e-05	"1e-05 to 1"	0.0329844552047329	0.0273622718047605	174	"success"	"pgls5_castespolymorphic"
"OG0006923_00"	0.00666493695809151	0.161442079632062	1e-05	"1e-05 to 1"	0.0122172347589977	0.00647431170527091	174	"success"	"pgls5_castespolymorphic"
"OG0006924_00"	-0.00958807437819451	0.37344031617146	1	"1e-05 to 1"	0.00495433142841376	-0.000830817807467632	174	"success"	"pgls5_castespolymorphic"
"OG0006925_00"	-0.0070819885605473	0.529759615782331	1e-05	"1e-05 to 1"	0.0024880694062437	-0.00331141856232464	174	"success"	"pgls5_castespolymorphic"
"OG0006926_00"	0.00707569061567005	0.517862903365747	1e-05	"1e-05 to 1"	0.00263466219119947	-0.00316397349373543	174	"success"	"pgls5_castespolymorphic"
"OG0006927_00"	-0.00350750143215393	0.46646404654423	1e-05	"1e-05 to 1"	0.00331947335667704	-0.00247518086799348	174	"success"	"pgls5_castespolymorphic"
"OG0006928_00"	0.0109365275302363	0.1181148985515	1e-05	"1e-05 to 1"	0.0154834708886929	0.00975953757990622	174	"success"	"pgls5_castespolymorphic"
"OG0006929_00"	-0.0150227452973294	0.0482342977025505	1	"1e-05 to 1"	0.0241656617640453	0.018492206309185	174	"success"	"pgls5_castespolymorphic"
"OG0006930_00"	-0.0112936537086009	0.534642942163637	1	"1e-05 to 1"	0.00246059086485013	-0.00333905686267966	174	"success"	"pgls5_castespolymorphic"
"OG0006931_00"	0.0170401210359504	0.119287183823489	0.962495003458718	"1e-05 to 1"	0.0150988557375151	0.00937268629412857	174	"success"	"pgls5_castespolymorphic"
"OG0006932_00"	0.0022326625175893	0.833575790726504	0.696795753737361	"1e-05 to 1"	0.000280273307558996	-0.00553205068483886	174	"success"	"pgls5_castespolymorphic"
"OG0006933_00"	-0.000639033032242392	0.797622719816284	1	"1e-05 to 1"	0.000412162234597501	-0.00539939496171304	174	"success"	"pgls5_castespolymorphic"
"OG0006935_00"	0.0041922452700877	0.0843430474462046	1	"1e-05 to 1"	0.0187373420280502	0.013032326574725	174	"success"	"pgls5_castespolymorphic"
"OG0006936_00"	0.0142660358767128	0.00931462654648763	1e-05	"1e-05 to 1"	0.0417614412401078	0.0361902868287132	174	"success"	"pgls5_castespolymorphic"
"OG0006937_00"	0.0149899144013684	0.106125440981189	0.805304546318743	"1e-05 to 1"	0.0164409112201349	0.0107225444249032	174	"success"	"pgls5_castespolymorphic"
"OG0006938_00"	-0.00164247660784105	0.402549145734034	1	"1e-05 to 1"	0.00438343093153956	-0.00140503749327703	174	"success"	"pgls5_castespolymorphic"
"OG0006939_00"	-0.00345521428324793	0.520223566274729	0.980220383657722	"0.001 to 1"	0.0026051037582774	-0.00319370377801165	174	"success"	"pgls5_castespolymorphic"
"OG0006940_00"	-0.00293560939943123	0.832871006523503	0.905756189723814	"1e-05 to 1"	0.000277404365279185	-0.00553493630701563	174	"success"	"pgls5_castespolymorphic"
"OG0006941_00"	-0.00433275627260487	0.764203760147869	0.928232313833734	"1e-05 to 1"	0.00056397018062573	-0.00524670441134756	174	"success"	"pgls5_castespolymorphic"
"OG0006942_00"	-0.00229457109765504	0.661942949475701	1	"1e-05 to 1"	0.00119784633452106	-0.00460914293097603	174	"success"	"pgls5_castespolymorphic"
"OG0006943_00"	0.00108090464544667	0.834477807301345	0.833834509552159	"1e-05 to 1"	0.000273723980216378	-0.00553863808966604	174	"success"	"pgls5_castespolymorphic"
"OG0006944_00"	0.00927211561374828	0.335716169418717	1	"1e-05 to 1"	0.00579328557196972	1.30139764578097e-05	174	"success"	"pgls5_castespolymorphic"
"OG0006945_00"	0.0272413226747837	0.0300623888893845	1	"1e-05 to 1"	0.029071628251162	0.0234266958572735	174	"success"	"pgls5_castespolymorphic"
"OG0006946_00"	0.00893687931754905	0.439914695785134	0.133324554088435	"1e-05 to 1"	0.00375634238988948	-0.00203577189854132	174	"success"	"pgls5_castespolymorphic"
"OG0006947_00"	0.0226828411000973	0.00670860900828729	1	"1e-05 to 1"	0.0450313846390603	0.0394792415264967	174	"success"	"pgls5_castespolymorphic"
"OG0006948_00"	0.0240043768691916	0.147352964042084	1	"1e-05 to 1"	0.0129953455857323	0.00725694643216113	174	"success"	"pgls5_castespolymorphic"
"OG0006949_00"	-0.00515588787236805	0.534472560328968	1	"1e-05 to 1"	0.0024163784326625	-0.00338352634389172	174	"success"	"pgls5_castespolymorphic"
"OG0006950_00"	0.0164482824770113	0.0878780020390815	1e-05	"1e-05 to 1"	0.0182094117670948	0.0125013269517874	174	"success"	"pgls5_castespolymorphic"
"OG0006951_00"	-0.0196401190424897	0.117013172503817	1	"1e-05 to 1"	0.0152852914092286	0.00956020589416595	174	"success"	"pgls5_castespolymorphic"
"OG0006952_00"	0.0122854583661993	0.26224512261002	1e-05	"1e-05 to 1"	0.00794828936895527	0.00218054686528635	174	"success"	"pgls5_castespolymorphic"
"OG0006953_00"	0.0537885388384213	0.00138084421524187	0.336007587019364	"1e-05 to 1"	0.0621301536208242	0.0566774219558289	174	"success"	"pgls5_castespolymorphic"
"OG0006954_00"	-0.00419775051000354	0.586826927387585	1	"1e-05 to 1"	0.00186151672359547	-0.00394161399312787	174	"success"	"pgls5_castespolymorphic"
"OG0006955_00"	0.0145220394479552	0.109422502919766	1e-05	"1e-05 to 1"	0.0160373197564011	0.0103166064991709	174	"success"	"pgls5_castespolymorphic"
"OG0006956_00"	-0.00150232331155672	0.877363767818825	1	"1e-05 to 1"	0.000150222541807448	-0.00566285755969376	174	"success"	"pgls5_castespolymorphic"
"OG0006957_00"	0.00255334037838519	0.279451120259862	1	"1e-05 to 1"	0.00726166392528146	0.00148992941321913	174	"success"	"pgls5_castespolymorphic"
"OG0006958_00"	-0.00398506591911052	0.817134021175072	0.167987933799261	"1e-05 to 1"	0.000346013134994446	-0.00546592864910433	174	"success"	"pgls5_castespolymorphic"
"OG0006959_00"	-0.000382869477045638	0.908726484753205	1	"1e-05 to 1"	8.29203325466603e-05	-0.00573055106086873	174	"success"	"pgls5_castespolymorphic"
"OG0006960_00"	-0.00533701048462542	0.463768674680327	0.879101788415358	"1e-05 to 1"	0.00340232999489015	-0.00239184250513969	174	"success"	"pgls5_castespolymorphic"
"OG0006961_00"	0.0218038369284077	0.319165003593158	0.701036288923727	"1e-05 to 1"	0.00620236963863945	0.000424476438864119	174	"success"	"pgls5_castespolymorphic"
"OG0006963_00"	-0.000107098522891038	0.992367830689654	0.789189350832019	"1e-05 to 1"	5.73675323816636e-07	-0.00581337647772662	174	"success"	"pgls5_castespolymorphic"
"OG0006964_00"	0.0102894094748191	0.24617808965653	0.970059986706645	"1e-05 to 1"	0.00839623940396707	0.00263110126096688	174	"success"	"pgls5_castespolymorphic"
"OG0006965_00"	0.0223921999560003	0.148513872189702	0.569256061729163	"1e-05 to 1"	0.0130020791018262	0.00726371909660428	174	"success"	"pgls5_castespolymorphic"
"OG0006966_00"	0.0014994445490409	0.874626072780643	0.910877752720737	"1e-05 to 1"	0.000158057591589311	-0.00565497695729689	174	"success"	"pgls5_castespolymorphic"
"OG0006967_00"	0.00471116967080162	0.798550955349818	0.606827252692862	"1e-05 to 1"	0.000408307809789329	-0.00540327179596778	174	"success"	"pgls5_castespolymorphic"
"OG0006968_00"	0.0113531754308458	0.183297406541788	1	"1e-05 to 1"	0.0111092531656367	0.00535988835846024	174	"success"	"pgls5_castespolymorphic"
"OG0006969_00"	0.00978017012749974	0.430546969268328	1e-05	"1e-05 to 1"	0.0039623763986857	-0.00182854001760102	174	"success"	"pgls5_castespolymorphic"
"OG0006970_00"	0.018178685135144	0.0876599036878976	1	"1e-05 to 1"	0.0185827316906319	0.012876817339996	174	"success"	"pgls5_castespolymorphic"
"OG0006971_00"	0.0242390734992188	0.00724651709678081	1e-05	"1e-05 to 1"	0.0444740858930667	0.0389187026715146	174	"success"	"pgls5_castespolymorphic"
"OG0006972_00"	-0.0112423482047584	0.42990516228312	1e-05	"1e-05 to 1"	0.0038988121839861	-0.00189247379168833	174	"success"	"pgls5_castespolymorphic"
"OG0006973_00"	0.000629496587769929	0.939591516633171	1	"1e-05 to 1"	3.5781777022808e-05	-0.00577796367776195	174	"success"	"pgls5_castespolymorphic"
"OG0006974_00"	-0.0083843190943222	0.44647799050193	1	"1e-05 to 1"	0.00362709931054036	-0.00216576639114252	174	"success"	"pgls5_castespolymorphic"
"OG0006975_00"	-0.00281986520091957	0.767575948972327	0.976073738377879	"1e-05 to 1"	0.000547484363325388	-0.00526328607642279	174	"success"	"pgls5_castespolymorphic"
"OG0006976_00"	-4.35745206410378e-05	0.956239438931604	1	"1e-05 to 1"	1.88779367926621e-05	-0.00579496579613292	174	"success"	"pgls5_castespolymorphic"
"OG0006977_00"	0.069609186306008	0.00183575764656196	0.939022876184025	"1e-05 to 1"	0.0594035517457809	0.0539349677443028	174	"success"	"pgls5_castespolymorphic"
"OG0006978_00"	-0.00453774851190603	0.207674830477586	1	"1e-05 to 1"	0.00978187515506667	0.00402479303387526	174	"success"	"pgls5_castespolymorphic"
"OG0006979_00"	-0.00208972963500408	0.519928747703502	1e-05	"1e-05 to 1"	0.00262532414339431	-0.00317336583251615	174	"success"	"pgls5_castespolymorphic"
"OG0006980_00"	-0.00222721925250071	0.409731012585342	0.551870615434164	"1e-05 to 1"	0.00427837324380938	-0.00151070598151737	174	"success"	"pgls5_castespolymorphic"
"OG0006981_00"	0.0229857802075691	0.120194451688603	1e-05	"1e-05 to 1"	0.01511963433883	0.00939358570126503	174	"success"	"pgls5_castespolymorphic"
"OG0006982_00"	0.0123795909008757	0.198626838739051	1	"1e-05 to 1"	0.0103065806524595	0.004552549144625	174	"success"	"pgls5_castespolymorphic"
"OG0006983_00"	-0.0116976221553996	0.0438336627706215	0.979560377111969	"0.001 to 1"	0.0249963733797224	0.0193277476435579	174	"success"	"pgls5_castespolymorphic"
"OG0006984_00"	0.000708240656445836	0.953173362952104	1	"1e-05 to 1"	2.1619088268324e-05	-0.00579220870773001	174	"success"	"pgls5_castespolymorphic"
"OG0006985_00"	-0.0285344648130415	0.00594540749393557	1	"1e-05 to 1"	0.0460501807747422	0.0405039608955257	174	"success"	"pgls5_castespolymorphic"
"OG0006986_00"	-0.00118490396849384	0.909021289841982	1	"1e-05 to 1"	8.34360019290616e-05	-0.00573003239340864	174	"success"	"pgls5_castespolymorphic"
"OG0006987_00"	-0.000261314090037494	0.965388276076062	0.956624414378016	"1e-05 to 1"	1.18796838020311e-05	-0.00580200473664116	174	"success"	"pgls5_castespolymorphic"
"OG0006988_00"	-0.000405794417013847	0.946247145074618	0.988014991753838	"1e-05 to 1"	2.86776207975782e-05	-0.00578510913722119	174	"success"	"pgls5_castespolymorphic"
"OG0006989_00"	0.00782679303832227	0.232519063749603	1e-05	"1e-05 to 1"	0.00889670722488038	0.00313447877851336	174	"success"	"pgls5_castespolymorphic"
"OG0006990_00"	0.00627478847117596	0.450862012675702	0.743015451586753	"1e-05 to 1"	0.00355779740004221	-0.002235471219725	174	"success"	"pgls5_castespolymorphic"
"OG0006991_00"	0.00772227520944821	0.249079704695732	1	"1e-05 to 1"	0.00824278014608361	0.00247674979809576	174	"success"	"pgls5_castespolymorphic"
"OG0006992_00"	0.00595363954377714	0.0299159159760729	1	"1e-05 to 1"	0.0291227382312146	0.0234781029883727	174	"success"	"pgls5_castespolymorphic"
"OG0006993_00"	0.000903940990082557	0.899841810623144	1	"1e-05 to 1"	9.93114248055212e-05	-0.00571406467156188	174	"success"	"pgls5_castespolymorphic"
"OG0006994_00"	-0.000219830547891992	0.839387810940282	1	"1e-05 to 1"	0.000257506659019046	-0.00555494969761461	174	"success"	"pgls5_castespolymorphic"
"OG0006995_00"	-0.00540463129140711	0.563323267605438	0.966339689133041	"1e-05 to 1"	0.00207871456362471	-0.00372315337495888	174	"success"	"pgls5_castespolymorphic"
"OG0006996_00"	-0.00459204163626107	0.575372602671392	0.913657157812292	"1e-05 to 1"	0.00195306706539588	-0.00384953138189847	174	"success"	"pgls5_castespolymorphic"
"OG0006997_00"	0.00397588794338558	0.633392436688578	0.841145531402663	"1e-05 to 1"	0.00142523533537017	-0.00438043190105208	174	"success"	"pgls5_castespolymorphic"
"OG0006998_00"	-0.00476965885659974	0.467573763090688	1e-05	"1e-05 to 1"	0.00328245732825351	-0.0025124121058846	174	"success"	"pgls5_castespolymorphic"
"OG0006999_00"	0.0102099749876322	0.0563859064652252	1	"1e-05 to 1"	0.0224274323509969	0.0167438709111771	174	"success"	"pgls5_castespolymorphic"
"OG0007000_00"	0.0030688766967173	0.810984917643507	1	"1e-05 to 1"	0.000358525821665969	-0.00545334321425472	174	"success"	"pgls5_castespolymorphic"
"OG0007001_00"	0.00343702353257534	0.800145989462032	1	"1e-05 to 1"	0.000401729550376556	-0.00540988830107469	174	"success"	"pgls5_castespolymorphic"
"OG0007002_00"	-0.00233090324708993	0.786086191445326	1e-05	"1e-05 to 1"	0.000461684114667846	-0.00534958516373529	174	"success"	"pgls5_castespolymorphic"
"OG0007003_00"	0.00307190415763467	0.279914692091853	0.853395944045259	"1e-05 to 1"	0.00733884323353535	0.00156755743838155	174	"success"	"pgls5_castespolymorphic"
"OG0007004_00"	-0.0199837467788584	0.0381194000943104	0.730632218397004	"1e-05 to 1"	0.0265968637427219	0.0209375431830865	174	"success"	"pgls5_castespolymorphic"
"OG0007005_00"	-0.00145764119293399	0.737735260155593	0.249309253247835	"1e-05 to 1"	0.000698364156801772	-0.00511152907484469	174	"success"	"pgls5_castespolymorphic"
"OG0007006_00"	-0.00116849348305069	0.876807671332964	1	"1e-05 to 1"	0.000150648508413158	-0.00566242911653791	174	"success"	"pgls5_castespolymorphic"
"OG0007007_00"	0.0133773714816062	0.0172524329795181	1e-05	"1e-05 to 1"	0.035362328467381	0.0297539699119587	174	"success"	"pgls5_castespolymorphic"
"OG0007008_00"	-0.00601824619237698	0.597400696517773	1	"1e-05 to 1"	0.00176943312150709	-0.00403423296499583	174	"success"	"pgls5_castespolymorphic"
"OG0007009_00"	-0.00943848982769348	0.568928922644137	0.971357214528016	"1e-05 to 1"	0.00204507402196411	-0.00375698950116399	174	"success"	"pgls5_castespolymorphic"
"OG0007010_00"	0.0119028789498852	0.337989267324633	1	"1e-05 to 1"	0.00577529205939585	-5.08414956112979e-06	174	"success"	"pgls5_castespolymorphic"
"OG0007011_00"	0.0068816395215386	0.331311919860505	0.988139928182871	"1e-05 to 1"	0.00589950159775618	0.000119847537278117	174	"success"	"pgls5_castespolymorphic"
"OG0007012_00"	-0.0104243592979524	0.503106195782577	0.589987517252479	"1e-05 to 1"	0.00284277996359202	-0.00295464573429394	174	"success"	"pgls5_castespolymorphic"
"OG0007013_00"	-0.00823277331444802	0.549089215940826	1e-05	"1e-05 to 1"	0.00226210214452643	-0.00353869958719155	174	"success"	"pgls5_castespolymorphic"
"OG0007014_00"	-0.0133679852492614	0.359113832736487	0.78313256834342	"1e-05 to 1"	0.00525875441655884	-0.000524624918228689	174	"success"	"pgls5_castespolymorphic"
"OG0007015_00"	-0.003234507518521	0.703902878540888	1	"1e-05 to 1"	0.000905187627150826	-0.00490350314245869	174	"success"	"pgls5_castespolymorphic"
"OG0007016_00"	0.025407797507332	0.173933659846078	1	"1e-05 to 1"	0.0115959261593579	0.00584939084633085	174	"success"	"pgls5_castespolymorphic"
"OG0007017_00"	-0.00550625766160399	0.296311169056131	1	"1e-05 to 1"	0.00681501188018036	0.0010406805539025	174	"success"	"pgls5_castespolymorphic"
"OG0007018_00"	0.0076469106179925	0.541862322204459	1	"1e-05 to 1"	0.00235973172892503	-0.00344050238893012	174	"success"	"pgls5_castespolymorphic"
"OG0007019_00"	-0.00151979853498931	0.857876243616739	1	"1e-05 to 1"	0.000201038521390788	-0.00561174613836846	174	"success"	"pgls5_castespolymorphic"
"OG0007020_00"	0.0015606401654589	0.879513002665786	0.349428465931914	"1e-05 to 1"	0.000145883838687102	-0.00566722148783216	174	"success"	"pgls5_castespolymorphic"
"OG0007021_00"	-0.00072724133512914	0.91256075390845	1e-05	"1e-05 to 1"	7.55957914302361e-05	-0.00573791818652669	174	"success"	"pgls5_castespolymorphic"
"OG0007022_00"	-0.0315214606614763	0.100468145821342	1	"1e-05 to 1"	0.0167735373561229	0.0110571044337747	174	"success"	"pgls5_castespolymorphic"
"OG0007023_00"	0.00903274974512208	0.1661330327416	1	"1e-05 to 1"	0.0121006641313404	0.00635706334140629	174	"success"	"pgls5_castespolymorphic"
"OG0007024_00"	0.00395036638025041	0.200655942745378	1	"1e-05 to 1"	0.0103434738092165	0.00458965679647938	174	"success"	"pgls5_castespolymorphic"
"OG0007025_00"	-0.00955559958468169	0.427901393587933	1	"1e-05 to 1"	0.00395750425465404	-0.00183344048805134	174	"success"	"pgls5_castespolymorphic"
"OG0007026_00"	0.0315449220836837	0.197971054448896	1	"1e-05 to 1"	0.0103365936058645	0.00458273659194519	174	"success"	"pgls5_castespolymorphic"
"OG0007027_00"	0.0218085148640671	0.0250765474196322	1e-05	"1e-05 to 1"	0.0307842914036205	0.0251493163536416	174	"success"	"pgls5_castespolymorphic"
"OG0007028_00"	0.00900855279638098	0.257940521650347	1e-05	"1e-05 to 1"	0.00789294678696597	0.00212488252409948	174	"success"	"pgls5_castespolymorphic"
"OG0007029_00"	-0.00501993112793398	0.513408359238109	0.862674715520285	"1e-05 to 1"	0.0026910842140319	-0.00310722343588665	174	"success"	"pgls5_castespolymorphic"
"OG0007030_00"	0.0311720723514621	0.0850396822877322	1	"1e-05 to 1"	0.0184226865292496	0.0127158416834894	174	"success"	"pgls5_castespolymorphic"
"OG0007031_00"	-0.00209197926740483	0.834824409375328	1	"1e-05 to 1"	0.000300851319649733	-0.00551135303314298	174	"success"	"pgls5_castespolymorphic"
"OG0007032_00"	-0.0146674510794524	0.190494118241272	0.756217653224165	"1e-05 to 1"	0.0106871763368691	0.00493535759464159	174	"success"	"pgls5_castespolymorphic"
"OG0007036_00"	-0.000885174544538478	0.699898245097445	0.110805987744842	"1e-05 to 1"	0.000931083334842493	-0.00487745687832697	174	"success"	"pgls5_castespolymorphic"
"OG0007037_00"	0.0153701823953018	0.029682957836378	1	"1e-05 to 1"	0.0293860773296602	0.0237429731280886	174	"success"	"pgls5_castespolymorphic"
"OG0007038_00"	0.00401542285168869	0.797834322855024	0.651816824638727	"1e-05 to 1"	0.000421859128558009	-0.00538964169046197	174	"success"	"pgls5_castespolymorphic"
"OG0007039_00"	-0.0135763575288083	0.0863239446382134	1	"1e-05 to 1"	0.0182735752056554	0.0125658634335952	174	"success"	"pgls5_castespolymorphic"
"OG0007040_00"	-0.00434421449490905	0.689049638201317	0.956365499118543	"1e-05 to 1"	0.00100335387649407	-0.00480476615910774	174	"success"	"pgls5_castespolymorphic"
"OG0007041_00"	-0.00359350633734236	0.694973361358887	1	"1e-05 to 1"	0.000969581672554782	-0.00483873471306984	174	"success"	"pgls5_castespolymorphic"
"OG0007043_00"	0.0175379773845151	0.211010385351296	0.89703632668973	"1e-05 to 1"	0.00982191187719281	0.00406506252764172	174	"success"	"pgls5_castespolymorphic"
"OG0007044_00"	-0.00349804529011739	0.861389682607023	0.7741074333423	"1e-05 to 1"	0.000193548889601866	-0.00561927931452844	174	"success"	"pgls5_castespolymorphic"
"OG0007045_00"	0.00286893164989556	0.860898932931317	0.981436011287883	"1e-05 to 1"	0.000192491761615072	-0.00562034258860811	174	"success"	"pgls5_castespolymorphic"
"OG0007046_00"	-0.0296968931451507	0.00307424804956202	1	"1e-05 to 1"	0.0534567065910236	0.0479535479084133	174	"success"	"pgls5_castespolymorphic"
"OG0007047_00"	0.0286974802412659	0.00109129223997306	1	"1e-05 to 1"	0.0642928129125717	0.0588526548481099	174	"success"	"pgls5_castespolymorphic"
"OG0007048_00"	0.00390891746955815	0.774455318439632	1	"1e-05 to 1"	0.000517920527633408	-0.00529302179488034	174	"success"	"pgls5_castespolymorphic"
"OG0007049_00"	0.0141425859508953	0.284540527698572	1	"1e-05 to 1"	0.00715463918286565	0.00138228243392891	174	"success"	"pgls5_castespolymorphic"
"OG0007050_00"	0.00098392093515369	0.825138246788534	1e-05	"1e-05 to 1"	0.000315903083749291	-0.00549621375878706	174	"success"	"pgls5_castespolymorphic"
"OG0007051_00"	0.000147182079557181	0.987976527966831	0.749740288377402	"1e-05 to 1"	1.43278428237368e-06	-0.00581251237394853	174	"success"	"pgls5_castespolymorphic"
"OG0007052_00"	0.0228914145796901	0.00644173762065137	1e-05	"1e-05 to 1"	0.046319471026545	0.0407748167883273	174	"success"	"pgls5_castespolymorphic"
"OG0007054_00"	0.00351598661443177	0.382825645586634	1e-05	"1e-05 to 1"	0.00476356296486513	-0.00102269538999034	174	"success"	"pgls5_castespolymorphic"
"OG0007055_00"	0.00193548420139279	0.687155257976445	1	"1e-05 to 1"	0.0010227032473309	-0.0047853042919288	174	"success"	"pgls5_castespolymorphic"
"OG0007056_00"	0.0178311954504659	0.00566462341564078	1e-05	"1e-05 to 1"	0.0471420456026427	0.041602173774751	174	"success"	"pgls5_castespolymorphic"
"OG0007057_00"	0.028556712582132	0.0115328006645852	0.648051897824785	"1e-05 to 1"	0.0392178864393866	0.0336319439186853	174	"success"	"pgls5_castespolymorphic"
"OG0007058_00"	0.0200622905522887	0.00781819031843511	1e-05	"1e-05 to 1"	0.0439238172874101	0.0383652348297786	174	"success"	"pgls5_castespolymorphic"
"OG0007059_00"	0.0277687590292425	0.0552806749951409	1e-05	"1e-05 to 1"	0.023199860385362	0.0175207898062072	174	"success"	"pgls5_castespolymorphic"
"OG0007061_00"	-0.00405845311072529	0.85192488894699	0.949266978354897	"1e-05 to 1"	0.000226963676628266	-0.0055856702554844	174	"success"	"pgls5_castespolymorphic"
"OG0007062_00"	0.00548100692327192	0.107036505554981	1e-05	"1e-05 to 1"	0.0160530325740574	0.0103324106704181	174	"success"	"pgls5_castespolymorphic"
"OG0007064_00"	-0.000741918520867839	0.709254926720497	1	"1e-05 to 1"	0.000882287124427468	-0.00492653678763988	174	"success"	"pgls5_castespolymorphic"
"OG0007065_00"	0.00448879597390554	0.11270681787045	1e-05	"1e-05 to 1"	0.0156494686286218	0.00992650042297438	174	"success"	"pgls5_castespolymorphic"
"OG0007067_00"	0.00961224397715998	0.106087099205951	1	"1e-05 to 1"	0.0165486903563826	0.010830950184036	174	"success"	"pgls5_castespolymorphic"
"OG0007068_00"	0.00879880511777867	0.267254528003387	0.901744607042117	"1e-05 to 1"	0.0077839957263545	0.00201529802708922	174	"success"	"pgls5_castespolymorphic"
"OG0007069_00"	-0.00291852579164259	0.790327682718834	1	"1e-05 to 1"	0.000451620222092889	-0.00535970756731352	174	"success"	"pgls5_castespolymorphic"
"OG0007070_00"	-0.0100891956279423	0.293887863350692	0.948250474876423	"1e-05 to 1"	0.00697062251484374	0.00119719590155798	174	"success"	"pgls5_castespolymorphic"
"OG0007071_00"	-0.00114505047773652	0.510733415827304	1	"1e-05 to 1"	0.002851119179693	-0.00294625803437842	174	"success"	"pgls5_castespolymorphic"
"OG0007072_00"	0.016192463361179	0.208209228741319	0.776428095325528	"1e-05 to 1"	0.0100056219589419	0.00424984069126133	174	"success"	"pgls5_castespolymorphic"
"OG0007073_00"	0.00688718829081377	0.354269391442936	0.680332146056731	"1e-05 to 1"	0.00536549197973094	-0.000417266787828829	174	"success"	"pgls5_castespolymorphic"
"OG0007074_00"	-0.00103048931210106	0.621833700553793	0.831247745131252	"1e-05 to 1"	0.00157350074687253	-0.00423130448134335	174	"success"	"pgls5_castespolymorphic"
"OG0007075_00"	-0.000551276896312375	0.981922154482608	0.841266055836888	"1e-05 to 1"	3.21902258136719e-06	-0.00581071575054315	174	"success"	"pgls5_castespolymorphic"
"OG0007076_00"	0.00659035154355125	0.552685262495263	0.865417676426404	"1e-05 to 1"	0.00222167089480704	-0.00357936590231622	174	"success"	"pgls5_castespolymorphic"
"OG0007077_00"	0.0044526218939207	0.406437780604209	1e-05	"1e-05 to 1"	0.00433877713305078	-0.00144995090687328	174	"success"	"pgls5_castespolymorphic"
"OG0007078_00"	-0.0274574118105048	0.0478951651816162	1	"1e-05 to 1"	0.02423819975278	0.0185651660304125	174	"success"	"pgls5_castespolymorphic"
"OG0007079_00"	0.00446767246231803	0.796068173752841	1	"1e-05 to 1"	0.000418660587303747	-0.00539285882788643	174	"success"	"pgls5_castespolymorphic"
"OG0007080_00"	-0.00508465659411963	0.198018515437151	1	"1e-05 to 1"	0.0106670693864652	0.00491513374336328	174	"success"	"pgls5_castespolymorphic"
"OG0007081_00"	0.00207797154162178	0.442284351569321	1e-05	"1e-05 to 1"	0.00369438224963864	-0.00209809227216562	174	"success"	"pgls5_castespolymorphic"
"OG0007082_00"	-0.00214080159429203	0.694361893549086	1	"1e-05 to 1"	0.000973677474295748	-0.00483461509852812	174	"success"	"pgls5_castespolymorphic"
"OG0007083_00"	0.0113240710432721	0.305665275295196	1	"1e-05 to 1"	0.00664011817935442	0.000864770029234463	174	"success"	"pgls5_castespolymorphic"
"OG0007084_00"	-1.70728503686723e-05	0.998759937901767	1	"1e-05 to 1"	1.52396737171652e-08	-0.00581393816009546	174	"success"	"pgls5_castespolymorphic"
"OG0007085_00"	-0.021413644040077	0.253688443690644	0.620617111198414	"1e-05 to 1"	0.00813517677275723	0.00236852082376171	174	"success"	"pgls5_castespolymorphic"
"OG0007087_00"	0.00536019229220298	0.332907949154845	1e-05	"1e-05 to 1"	0.00593499585402608	0.000155548155503005	174	"success"	"pgls5_castespolymorphic"
"OG0007088_00"	0.0150608997425164	0.16594955680855	1	"1e-05 to 1"	0.0119601411197826	0.00621572333559528	174	"success"	"pgls5_castespolymorphic"
"OG0007089_00"	-0.00558169630844938	0.536334543015619	0.554179062119751	"1e-05 to 1"	0.00255441270041651	-0.0032446895513254	174	"success"	"pgls5_castespolymorphic"
"OG0007090_00"	0.0107555204854278	0.102755769446205	1e-05	"1e-05 to 1"	0.0261415912899312	0.0204796237974308	174	"success"	"pgls5_castespolymorphic"
"OG0007091_00"	-0.00828573785198081	0.518374145391414	0.484537209057277	"1e-05 to 1"	0.00321584803804044	-0.00257940865941286	174	"success"	"pgls5_castespolymorphic"
"OG0007092_00"	0.000958170333930305	0.923380633465457	0.567111629198504	"1e-05 to 1"	7.14244154554153e-05	-0.00574211381468737	174	"success"	"pgls5_castespolymorphic"
"OG0007094_00"	0.00282397157319544	0.519480914228555	1	"1e-05 to 1"	0.00261437730614051	-0.00318437631417257	174	"success"	"pgls5_castespolymorphic"
"OG0007095_00"	0.0105060463342391	0.230381970957422	1e-05	"1e-05 to 1"	0.00909169362013589	0.00333059881560172	174	"success"	"pgls5_castespolymorphic"
"OG0007096_00"	-0.00437399262721877	0.740901005886919	0.93359919189222	"1e-05 to 1"	0.000693954271703201	-0.00511596459881014	174	"success"	"pgls5_castespolymorphic"
"OG0007097_00"	-0.0110470014158155	0.125292168909629	1	"1e-05 to 1"	0.0149029447459652	0.00917563628518581	174	"success"	"pgls5_castespolymorphic"
"OG0007098_00"	-0.00153734928586896	0.689693283769891	1	"1e-05 to 1"	0.00100527838214352	-0.00480283046447183	174	"success"	"pgls5_castespolymorphic"
"OG0007099_00"	-0.00216211699791261	0.618057145026083	1e-05	"1e-05 to 1"	0.0015672649817893	-0.00423757650087486	174	"success"	"pgls5_castespolymorphic"
"OG0007100_00"	-0.00352979522278263	0.564040535053637	1e-05	"1e-05 to 1"	0.00217961704850533	-0.00362166424772425	174	"success"	"pgls5_castespolymorphic"
"OG0007101_00"	0.0092979821574219	0.199404187403572	0.899557814687572	"1e-05 to 1"	0.0104008979196616	0.00464741476803165	174	"success"	"pgls5_castespolymorphic"
"OG0007102_00"	-0.0041743095311064	0.711031533025649	0.848461136586944	"1e-05 to 1"	0.000865543780532023	-0.00494337747655771	174	"success"	"pgls5_castespolymorphic"
"OG0007103_00"	-0.000941996958407004	0.958738945562909	1e-05	"1e-05 to 1"	1.94660634639e-05	-0.00579437425012075	174	"success"	"pgls5_castespolymorphic"
"OG0007104_00"	-0.0112417113537384	0.442635349742984	1e-05	"1e-05 to 1"	0.00378341888883752	-0.00200853797808787	174	"success"	"pgls5_castespolymorphic"
"OG0007105_00"	-0.00720742729216783	0.539265857392226	0.913372051085218	"1e-05 to 1"	0.00239015469488568	-0.0034099025452603	174	"success"	"pgls5_castespolymorphic"
"OG0007106_00"	0.00161442838810406	0.859154267736974	0.770561158985099	"1e-05 to 1"	0.000232361102438617	-0.00558024144929137	174	"success"	"pgls5_castespolymorphic"
"OG0007107_00"	-0.0075429161638265	0.478278837143631	1e-05	"1e-05 to 1"	0.00316710266691329	-0.00262843743386054	174	"success"	"pgls5_castespolymorphic"
"OG0007108_00"	-0.00587776007583909	0.535074799748917	0.971229356565852	"1e-05 to 1"	0.00243982871073244	-0.00335993972699589	174	"success"	"pgls5_castespolymorphic"
"OG0007109_00"	-0.00487507267963743	0.4495337460614	0.910261700806447	"1e-05 to 1"	0.00362404438077636	-0.00216883908212617	174	"success"	"pgls5_castespolymorphic"
"OG0007110_00"	0.006502763574329	0.627336473561331	1	"1e-05 to 1"	0.00151453505813248	-0.00429061299385514	174	"success"	"pgls5_castespolymorphic"
"OG0007111_00"	-0.00424118521128155	0.740639100420555	1	"1e-05 to 1"	0.000695409819957897	-0.00511450058806573	174	"success"	"pgls5_castespolymorphic"
"OG0007112_00"	-0.00855616077802279	0.312017295788671	0.717766915409167	"1e-05 to 1"	0.00634805632782734	0.000571010143686768	174	"success"	"pgls5_castespolymorphic"
"OG0007113_00"	-0.0250230579573044	0.00100078983083973	1	"1e-05 to 1"	0.0664264918007459	0.0609987388460991	174	"success"	"pgls5_castespolymorphic"
"OG0007114_00"	-0.00379999777358584	0.747550161638449	0.550544088194018	"1e-05 to 1"	0.000653418164386478	-0.00515673638116931	174	"success"	"pgls5_castespolymorphic"
"OG0007115_00"	0.024279469297443	0.00126398634495906	1e-05	"1e-05 to 1"	0.0642587892187299	0.0588184333420946	174	"success"	"pgls5_castespolymorphic"
"OG0007116_00"	-0.015317878872608	0.279123155348413	1	"1e-05 to 1"	0.00740953074113017	0.00163865591985757	174	"success"	"pgls5_castespolymorphic"
"OG0007117_00"	-0.0022442570070448	0.763756002638461	0.803169486789931	"1e-05 to 1"	0.000600026544363099	-0.00521043841758839	174	"success"	"pgls5_castespolymorphic"
"OG0007118_00"	-0.00678535313091369	0.518915424447147	0.708351577344163	"1e-05 to 1"	0.00263807621163468	-0.00316053962434415	174	"success"	"pgls5_castespolymorphic"
"OG0007119_00"	-0.0118681250145007	0.352455808885788	1	"1e-05 to 1"	0.00543997685831413	-0.000342348857625963	174	"success"	"pgls5_castespolymorphic"
"OG0007120_00"	-0.00131115366834963	0.885544140105631	0.855673743117165	"1e-05 to 1"	0.000129897351205702	-0.00568330092000835	174	"success"	"pgls5_castespolymorphic"
"OG0007121_00"	-0.0105229463557315	0.221115773358056	1	"1e-05 to 1"	0.00934231972507503	0.00358268204905798	174	"success"	"pgls5_castespolymorphic"
"OG0007122_00"	0.000404278325970114	0.935887103383157	1	"1e-05 to 1"	4.10823538319495e-05	-0.00577263228364577	174	"success"	"pgls5_castespolymorphic"
"OG0007123_00"	-0.00584053190349801	0.152264851539655	1	"1e-05 to 1"	0.0130098116559462	0.0072714966074342	174	"success"	"pgls5_castespolymorphic"
"OG0007124_00"	0.0161424915521777	0.00133119494102685	0.671026667113846	"1e-05 to 1"	0.0625272927962855	0.0570768700799849	174	"success"	"pgls5_castespolymorphic"
"OG0007125_00"	-0.00063544588656873	0.848054504631732	1	"1e-05 to 1"	0.000231587582019658	-0.00558101946692191	174	"success"	"pgls5_castespolymorphic"
"OG0007126_00"	-0.000653935153188991	0.941255709116403	0.980720934986853	"1e-05 to 1"	3.40460588939233e-05	-0.00577970948727535	174	"success"	"pgls5_castespolymorphic"
"OG0007127_00"	-0.00492553385242948	0.309035568551648	1e-05	"1e-05 to 1"	0.00650735401146147	0.00073123397664443	174	"success"	"pgls5_castespolymorphic"
"OG0007128_00"	-0.0135919466967274	0.233579181953281	0.672561511420444	"1e-05 to 1"	0.00902561580693832	0.00326413682907167	174	"success"	"pgls5_castespolymorphic"
"OG0007129_00"	-0.00188908045138207	0.486440865214632	1	"1e-05 to 1"	0.00303229912545308	-0.00276402471684078	174	"success"	"pgls5_castespolymorphic"
"OG0007130_00"	0.0500900888890592	0.0310330284459082	0.417187278308051	"1e-05 to 1"	0.0294675488293517	0.0238249182992898	174	"success"	"pgls5_castespolymorphic"
"OG0007131_00"	-0.00506433548899135	0.373929174051345	1	"1e-05 to 1"	0.00497534559581125	-0.000809681464678302	174	"success"	"pgls5_castespolymorphic"
"OG0007132_00"	0.00973639571713117	0.564566956286608	1	"1e-05 to 1"	0.00211824101047939	-0.00368339712318067	174	"success"	"pgls5_castespolymorphic"
"OG0007133_00"	-0.00845526111397835	0.305768671901802	1	"1e-05 to 1"	0.00659555250728815	0.000819945254423526	174	"success"	"pgls5_castespolymorphic"
"OG0007134_00"	0.00029978235848583	0.979581654850474	1	"1e-05 to 1"	4.21232842794407e-06	-0.00580971666966268	174	"success"	"pgls5_castespolymorphic"
"OG0007135_00"	0.0133332136045956	0.17736828999888	1	"1e-05 to 1"	0.0114860539297868	0.00573887982472743	174	"success"	"pgls5_castespolymorphic"
"OG0007136_00"	0.00831117798259596	0.596398632993405	0.867682019064888	"1e-05 to 1"	0.00181363034441252	-0.0039897787814922	174	"success"	"pgls5_castespolymorphic"
"OG0007137_00"	0.00795707343767899	0.686636689583151	0.96933907750213	"1e-05 to 1"	0.0010327975297537	-0.00477515132181749	174	"success"	"pgls5_castespolymorphic"
"OG0007138_00"	-0.00323147966311982	0.767188018620937	0.801141439361491	"1e-05 to 1"	0.000552832374942384	-0.00525790697171491	174	"success"	"pgls5_castespolymorphic"
"OG0007139_00"	-0.00671956219406679	0.409232403694152	1	"1e-05 to 1"	0.00434214522084808	-0.0014465632371703	174	"success"	"pgls5_castespolymorphic"
"OG0007140_00"	-0.000463173026789421	0.894758163487172	1	"1e-05 to 1"	0.000110400658950735	-0.00570291096512521	174	"success"	"pgls5_castespolymorphic"
"OG0007141_00"	0.0166194821319901	0.361648804747511	0.697227974702778	"1e-05 to 1"	0.0052695856806284	-0.00051373068169358	174	"success"	"pgls5_castespolymorphic"
"OG0007142_00"	0.0151068218095508	0.100920166994521	0.581154931980512	"1e-05 to 1"	0.0172661262172001	0.0115525571835792	174	"success"	"pgls5_castespolymorphic"
"OG0007143_00"	-0.00522959150554644	0.613442635126697	1	"1e-05 to 1"	0.0016189467312596	-0.00418559427611687	174	"success"	"pgls5_castespolymorphic"
"OG0007144_00"	-0.00220146864025595	0.920606594572119	1	"1e-05 to 1"	6.3070959183266e-05	-0.0057505158375657	174	"success"	"pgls5_castespolymorphic"
"OG0007145_00"	0.0146727994957966	0.0401220768092221	0.955301891634856	"1e-05 to 1"	0.0263925361885459	0.0207320276780142	174	"success"	"pgls5_castespolymorphic"
"OG0007146_00"	-0.00407295114511215	0.524150518743475	0.936996676234322	"1e-05 to 1"	0.00255645220502535	-0.00324263818913151	174	"success"	"pgls5_castespolymorphic"
"OG0007147_00"	0.0170286883207125	0.0986594020178413	0.961225708742088	"1e-05 to 1"	0.0171656019939158	0.0114514485171362	174	"success"	"pgls5_castespolymorphic"
"OG0007148_00"	-0.00881879400750684	0.21148774175182	1	"1e-05 to 1"	0.00980149719411456	0.00404452915454545	174	"success"	"pgls5_castespolymorphic"
"OG0007149_00"	0.0130188222920751	0.0647132934892336	0.725722568171644	"1e-05 to 1"	0.0214319851303473	0.0157426362066866	174	"success"	"pgls5_castespolymorphic"
"OG0007150_00"	0.00182439576840227	0.771582308651588	1e-05	"1e-05 to 1"	0.000531574887395032	-0.00527928804930622	174	"success"	"pgls5_castespolymorphic"
"OG0007151_00"	-0.000724721800269917	0.878885319311684	1	"1e-05 to 1"	0.000146489499771961	-0.00566661230546206	174	"success"	"pgls5_castespolymorphic"
"OG0007152_00"	-0.00251243165946937	0.713645452176282	0.914235021952352	"1e-05 to 1"	0.000854633200409326	-0.00495435149028589	174	"success"	"pgls5_castespolymorphic"
"OG0007154_00"	0.0068090831590387	0.124409212016628	1e-05	"1e-05 to 1"	0.0148780126699403	0.00915055925523067	174	"success"	"pgls5_castespolymorphic"
"OG0007155_00"	-0.00553210192392803	0.335356670955723	1e-05	"1e-05 to 1"	0.00587534290035744	9.55483823362746e-05	174	"success"	"pgls5_castespolymorphic"
"OG0007156_00"	0.00675544736163227	0.599788809844885	0.59537307246181	"1e-05 to 1"	0.00173548311324576	-0.00406838035702606	174	"success"	"pgls5_castespolymorphic"
"OG0007157_00"	-0.00427934483743563	0.799100391369733	1	"1e-05 to 1"	0.000411190292661035	-0.00540037255447468	174	"success"	"pgls5_castespolymorphic"
"OG0007158_00"	0.00148499898188497	0.912087933052709	0.68883536845879	"1e-05 to 1"	7.88918452073446e-05	-0.00573460296964612	174	"success"	"pgls5_castespolymorphic"
"OG0007159_00"	0.00816927935769994	0.375701020578485	0.532389401326108	"1e-05 to 1"	0.00493865764181088	-0.000846582720736677	174	"success"	"pgls5_castespolymorphic"
"OG0007160_00"	-0.00523693970773238	0.617183793515759	1	"1e-05 to 1"	0.00166980244351848	-0.00413444289111231	174	"success"	"pgls5_castespolymorphic"
"OG0007161_00"	0.00728643469436381	0.473794446554725	0.855191098958392	"1e-05 to 1"	0.00323205148261578	-0.0025631110087645	174	"success"	"pgls5_castespolymorphic"
"OG0007162_00"	-0.00238068739555876	0.721346868584294	1	"1e-05 to 1"	0.000802234539770907	-0.00500705479430019	174	"success"	"pgls5_castespolymorphic"
"OG0007163_00"	0.00257658363099357	0.827304973793125	0.645644756755544	"1e-05 to 1"	0.00029834579705584	-0.00551387312272866	174	"success"	"pgls5_castespolymorphic"
"OG0007164_00"	0.0182708322688917	0.0051988528316822	1e-05	"1e-05 to 1"	0.0483706334742195	0.0428379045990696	174	"success"	"pgls5_castespolymorphic"
"OG0007165_00"	0.00818733466019959	0.514997528184109	0.925329750433142	"1e-05 to 1"	0.00267085811874546	-0.00312756712475015	174	"success"	"pgls5_castespolymorphic"
"OG0007166_00"	-0.0211989485658482	0.158115569991836	0.744455570764147	"1e-05 to 1"	0.0126486518591392	0.00690823704436683	174	"success"	"pgls5_castespolymorphic"
"OG0007167_00"	-0.00165219321417339	0.862274768989026	1	"1e-05 to 1"	0.000188664874983582	-0.00562419172458051	174	"success"	"pgls5_castespolymorphic"
"OG0007168_00"	-0.00218363303030822	0.535203080450982	1e-05	"1e-05 to 1"	0.00242293305769583	-0.00337693361057334	174	"success"	"pgls5_castespolymorphic"
"OG0007169_00"	0.0452912644565136	0.00716099621507493	1e-05	"1e-05 to 1"	0.0446025460637925	0.0390479097036983	174	"success"	"pgls5_castespolymorphic"
"OG0007170_00"	-0.0024765154044806	0.429002881263058	1e-05	"1e-05 to 1"	0.00396366390678043	-0.00182724502399401	174	"success"	"pgls5_castespolymorphic"
"OG0007171_00"	-0.00137196027885371	0.551351357811443	1e-05	"1e-05 to 1"	0.00223661080393048	-0.00356433913325582	174	"success"	"pgls5_castespolymorphic"
"OG0007172_00"	0.00687612597301314	0.162791780018543	1e-05	"1e-05 to 1"	0.012215525837551	0.00647259284823454	174	"success"	"pgls5_castespolymorphic"
"OG0007173_00"	-0.0157857983746835	0.415952181274152	0.887911300578899	"1e-05 to 1"	0.00421931170418728	-0.00157011090218373	174	"success"	"pgls5_castespolymorphic"
"OG0007174_00"	-0.0118454230457249	0.423123703189022	1	"1e-05 to 1"	0.00401461043086493	-0.00177600229918817	174	"success"	"pgls5_castespolymorphic"
"OG0007175_00"	-0.00851801124752011	0.296070719724981	0.8403307741508	"1e-05 to 1"	0.0068217775128249	0.00104748552162037	174	"success"	"pgls5_castespolymorphic"
"OG0007176_00"	-0.000656364312378754	0.870833223825146	1	"1e-05 to 1"	0.000166791733393661	-0.00564619203559835	174	"success"	"pgls5_castespolymorphic"
"OG0007177_00"	-0.00434855963411167	0.690371559059493	0.951533706938367	"1e-05 to 1"	0.00098818814398205	-0.00482002006448323	174	"success"	"pgls5_castespolymorphic"
"OG0007178_00"	-0.0139004930067198	0.0624335844216284	0.900471038888823	"1e-05 to 1"	0.0215296949144592	0.0158409140709387	174	"success"	"pgls5_castespolymorphic"
"OG0007179_00"	0.00145556863969	0.883522922247896	0.855783560333139	"1e-05 to 1"	0.000136267156635904	-0.00567689408082539	174	"success"	"pgls5_castespolymorphic"
"OG0007180_00"	-0.0271971754077917	0.0179362760354389	0.976837930938567	"1e-05 to 1"	0.0347282689727921	0.0291162240249595	174	"success"	"pgls5_castespolymorphic"
"OG0007181_00"	-0.0123353471829429	0.0751597026355675	1e-05	"1e-05 to 1"	0.0200301981776429	0.0143326993298385	174	"success"	"pgls5_castespolymorphic"
"OG0007182_00"	-0.00512586863450378	0.639193077639269	0.923736931074534	"1e-05 to 1"	0.00137709411486563	-0.0044288530123735	174	"success"	"pgls5_castespolymorphic"
"OG0007183_00"	0.00891226713271024	0.490476659223768	0.909395185717857	"1e-05 to 1"	0.00299536416539195	-0.0028011744150418	174	"success"	"pgls5_castespolymorphic"
"OG0007184_00"	-0.0095295856669542	0.435205168190089	0.534501198746023	"1e-05 to 1"	0.00381020694976994	-0.00198159417261512	174	"success"	"pgls5_castespolymorphic"
"OG0007186_00"	0.0023168882551815	0.755776637457687	1	"1e-05 to 1"	0.000614034397094782	-0.00519634912385247	174	"success"	"pgls5_castespolymorphic"
"OG0007187_00"	-0.0146871043913141	0.350460062000474	1	"1e-05 to 1"	0.00551985195615448	-0.000262009369681904	174	"success"	"pgls5_castespolymorphic"
"OG0007188_00"	0.00713383045820369	0.673278239555858	1	"1e-05 to 1"	0.00112819098977372	-0.004679203248658	174	"success"	"pgls5_castespolymorphic"
"OG0007189_00"	0.0152312361580242	0.181115827470215	1	"1e-05 to 1"	0.0112908844795978	0.00554257566843264	174	"success"	"pgls5_castespolymorphic"
"OG0007190_00"	0.0180846436388212	0.0847155428423707	1	"1e-05 to 1"	0.0184607027036897	0.0127540788821995	174	"success"	"pgls5_castespolymorphic"
"OG0007191_00"	0.0261454718717294	0.0486310531991601	0.646596547543238	"1e-05 to 1"	0.0267302503010682	0.0210717052446792	174	"success"	"pgls5_castespolymorphic"
"OG0007192_00"	-0.00201256703224884	0.568483501580398	1	"1e-05 to 1"	0.00203694919852781	-0.00376516156194584	174	"success"	"pgls5_castespolymorphic"
"OG0007193_00"	0.00857402950895798	0.375956942912118	1	"1e-05 to 1"	0.00499626626456305	-0.000788639164131411	174	"success"	"pgls5_castespolymorphic"
"OG0007194_00"	0.0156081684521375	0.0573141749038497	1	"1e-05 to 1"	0.0225396290529105	0.0168567199194971	174	"success"	"pgls5_castespolymorphic"
"OG0007195_00"	-0.000405244162900169	0.914003105139668	1e-05	"1e-05 to 1"	7.45142959061622e-05	-0.00573900596981525	174	"success"	"pgls5_castespolymorphic"
"OG0007196_00"	-0.00604097039721259	0.468360823362217	1e-05	"1e-05 to 1"	0.00331208984075865	-0.00248260731132977	174	"success"	"pgls5_castespolymorphic"
"OG0007197_00"	0.00134318867810059	0.875448646490855	0.901937190681375	"1e-05 to 1"	0.000156970072383976	-0.00565607079928809	174	"success"	"pgls5_castespolymorphic"
"OG0007198_00"	0.00239569999244583	0.857136141314136	0.76149007380048	"1e-05 to 1"	0.000204442002413861	-0.00560832286966506	174	"success"	"pgls5_castespolymorphic"
"OG0007199_00"	-0.0108678315740016	0.401557694411163	0.877760989855272	"1e-05 to 1"	0.00445766908232371	-0.00133036772533734	174	"success"	"pgls5_castespolymorphic"
"OG0007200_00"	-0.00332862085592362	0.560493352382646	0.984813908233237	"1e-05 to 1"	0.00216282582494117	-0.00363855309468142	174	"success"	"pgls5_castespolymorphic"
"OG0007201_00"	-0.00352895913131639	0.233585664715832	1e-05	"1e-05 to 1"	0.00891199255702029	0.0031498529788635	174	"success"	"pgls5_castespolymorphic"
"OG0007202_00"	0.00110455290062943	0.751986781252138	0.786779653287978	"1e-05 to 1"	0.000629887228267801	-0.00518040412505605	174	"success"	"pgls5_castespolymorphic"
"OG0007203_00"	-0.00764715884284285	0.497667905636793	1	"1e-05 to 1"	0.00291576203551401	-0.00288123934800044	174	"success"	"pgls5_castespolymorphic"
"OG0007204_00"	0.00164477135636725	0.899010967944806	1	"1e-05 to 1"	0.000103571981908762	-0.0057097793437777	174	"success"	"pgls5_castespolymorphic"
"OG0007205_00"	-0.00139309951820893	0.945027213281005	1	"1e-05 to 1"	3.01865959845747e-05	-0.00578359138892259	174	"success"	"pgls5_castespolymorphic"
"OG0007206_00"	0.0274451888219416	0.0229604583847873	1	"1e-05 to 1"	0.0321007537460729	0.0264734325469221	174	"success"	"pgls5_castespolymorphic"
"OG0007207_00"	0.00701868699158061	0.336186630617057	1e-05	"1e-05 to 1"	0.00581842206050745	3.8296607370869e-05	174	"success"	"pgls5_castespolymorphic"
"OG0007208_00"	-0.00136889315229924	0.696208993296026	1	"1e-05 to 1"	0.000961335365899506	-0.00484702896336864	174	"success"	"pgls5_castespolymorphic"
"OG0007209_00"	-0.00171957390136246	0.818565664866107	0.462054969268541	"1e-05 to 1"	0.000344986830529568	-0.00546696092045584	174	"success"	"pgls5_castespolymorphic"
"OG0007210_00"	-0.00742791238590745	0.374119611276304	1	"1e-05 to 1"	0.00500287567133671	-0.000781991330574217	174	"success"	"pgls5_castespolymorphic"
"OG0007211_00"	-0.000169843075502524	0.987329898021564	0.93059727066998	"1e-05 to 1"	1.59105367675867e-06	-0.00581235318438322	174	"success"	"pgls5_castespolymorphic"
"OG0007212_00"	-0.0062958280878053	0.318378161036994	0.779227126452935	"1e-05 to 1"	0.00626164360290701	0.00048409501920299	174	"success"	"pgls5_castespolymorphic"
"OG0007213_00"	-0.00624116155642496	0.410724219022947	1e-05	"1e-05 to 1"	0.00428728611687002	-0.00150174128942737	174	"success"	"pgls5_castespolymorphic"
"OG0007214_00"	-0.00347121492640597	0.794189811755047	0.935695844458078	"1e-05 to 1"	0.000432000636441057	-0.00537944122032386	174	"success"	"pgls5_castespolymorphic"
"OG0007215_00"	-0.0254263339266961	0.294053973624638	1	"1e-05 to 1"	0.00692204864217423	0.00114833962265204	174	"success"	"pgls5_castespolymorphic"
"OG0007216_00"	0.00468074551814574	0.635030523888432	0.966664159064458	"1e-05 to 1"	0.00142043706443653	-0.00438525806890988	174	"success"	"pgls5_castespolymorphic"
"OG0007217_00"	0.00367321905775908	0.576340833898654	0.972287339107284	"1e-05 to 1"	0.00199280988838235	-0.00380955749598755	174	"success"	"pgls5_castespolymorphic"
"OG0007218_00"	0.00832516971078991	0.3986408388111	0.769502950849069	"1e-05 to 1"	0.00451307330943343	-0.00127464138062794	174	"success"	"pgls5_castespolymorphic"
"OG0007219_00"	-0.00570248110063446	0.399451742496543	1e-05	"1e-05 to 1"	0.00441373136006807	-0.00137456089946641	174	"success"	"pgls5_castespolymorphic"
"OG0007220_00"	-0.00308460686400077	0.385565580001983	0.761315140006987	"1e-05 to 1"	0.00470910604852184	-0.00107746891631244	174	"success"	"pgls5_castespolymorphic"
"OG0007222_00"	-0.004551529981872	0.120126136415836	1	"1e-05 to 1"	0.0151251665021397	0.00939915002831493	174	"success"	"pgls5_castespolymorphic"
"OG0007223_00"	-0.00293924158710459	0.729827478221164	0.974863635860205	"1e-05 to 1"	0.000752205795961574	-0.00505737440289922	174	"success"	"pgls5_castespolymorphic"
"OG0007224_00"	0.0073190601880011	0.48489383317646	1	"1e-05 to 1"	0.00309256671315262	-0.00270340673618952	174	"success"	"pgls5_castespolymorphic"
"OG0007225_00"	0.0108313915599608	0.064957037979366	1e-05	"1e-05 to 1"	0.0211280449601624	0.0154369289424889	174	"success"	"pgls5_castespolymorphic"
"OG0007226_00"	-0.00378551545242274	0.605317092614786	1e-05	"1e-05 to 1"	0.00169411398504778	-0.00410999000341117	174	"success"	"pgls5_castespolymorphic"
"OG0007227_00"	0.0142893271123929	0.246860345216888	1	"1e-05 to 1"	0.00842472338310558	0.00265975084463532	174	"success"	"pgls5_castespolymorphic"
"OG0007228_00"	-0.00315333046126751	0.793301058852407	0.229249837910626	"1e-05 to 1"	0.000433076575252226	-0.00537835902605455	174	"success"	"pgls5_castespolymorphic"
"OG0007229_00"	-0.00675315948841369	0.39946340811822	0.673986601445518	"1e-05 to 1"	0.00452606178604186	-0.00126157738962074	174	"success"	"pgls5_castespolymorphic"
"OG0007230_00"	-0.000119565931313389	0.93157620631107	1	"1e-05 to 1"	4.68066953657227e-05	-0.00576687466105663	174	"success"	"pgls5_castespolymorphic"
"OG0007231_00"	0.00195531890690598	0.808433674965387	1	"1e-05 to 1"	0.000370785123590002	-0.00544101263731944	174	"success"	"pgls5_castespolymorphic"
"OG0007232_00"	0.00242972233350412	0.670523221109811	0.984834798489749	"1e-05 to 1"	0.00114123947360215	-0.00466607890155135	174	"success"	"pgls5_castespolymorphic"
"OG0007233_00"	-0.00163875566596279	0.908317381536742	1	"1e-05 to 1"	8.69602960151431e-05	-0.00572648760924044	174	"success"	"pgls5_castespolymorphic"
"OG0007234_00"	-0.00443515822834099	0.565485545364226	0.939154593971414	"1e-05 to 1"	0.00209490079420965	-0.00370687303838202	174	"success"	"pgls5_castespolymorphic"
"OG0007235_00"	-0.00356770748891786	0.600991717803375	1e-05	"1e-05 to 1"	0.00170260687230738	-0.00410144773890009	174	"success"	"pgls5_castespolymorphic"
"OG0007236_00"	0.00239478154227424	0.538206141566051	1e-05	"1e-05 to 1"	0.00240264844324084	-0.00339733615883353	174	"success"	"pgls5_castespolymorphic"
"OG0007237_00"	-0.0168239252892042	0.191071179731569	1	"1e-05 to 1"	0.0107941791426647	0.0050429825097732	174	"success"	"pgls5_castespolymorphic"
"OG0007238_00"	0.00201195190058234	0.775839609985483	1	"1e-05 to 1"	0.000508204570255376	-0.00530279424038271	174	"success"	"pgls5_castespolymorphic"
"OG0007239_00"	-0.0122770709548024	0.428267545662512	1e-05	"1e-05 to 1"	0.00566272293548913	-0.000118307745118562	174	"success"	"pgls5_castespolymorphic"
"OG0007240_00"	0.00983057039942135	0.335078344978111	1e-05	"1e-05 to 1"	0.00580855288774541	2.83700556973354e-05	174	"success"	"pgls5_castespolymorphic"
"OG0007241_00"	-0.0209342139642044	0.137617010963326	1e-05	"1e-05 to 1"	0.0138115293804784	0.00807787548152772	174	"success"	"pgls5_castespolymorphic"
"OG0007242_00"	-0.00253899306851872	0.764781676493822	1	"1e-05 to 1"	0.00056466517922803	-0.00524600537205555	174	"success"	"pgls5_castespolymorphic"
"OG0007243_00"	-0.00910774536523474	0.324745299446562	0.87362974822627	"1e-05 to 1"	0.00602373239858153	0.000244800610201268	174	"success"	"pgls5_castespolymorphic"
"OG0007244_00"	0.00231086032758536	0.70277143405006	1e-05	"1e-05 to 1"	0.000906779191810912	-0.00490190232451582	174	"success"	"pgls5_castespolymorphic"
"OG0007245_00"	-0.00152131916959055	0.694064007670911	1	"1e-05 to 1"	0.000981868076000201	-0.00482637687704623	174	"success"	"pgls5_castespolymorphic"
"OG0007246_00"	-0.00409626399655091	0.60475497545688	1	"1e-05 to 1"	0.00171024304064542	-0.00409376717423449	174	"success"	"pgls5_castespolymorphic"
"OG0007248_00"	-0.00211298763422226	0.522313758343127	1	"1e-05 to 1"	0.00257912781947636	-0.00321983073971266	174	"success"	"pgls5_castespolymorphic"
"OG0007249_00"	0.0120644197660581	0.111080744122358	1e-05	"1e-05 to 1"	0.0159898567879759	0.0102688675832547	174	"success"	"pgls5_castespolymorphic"
"OG0007250_00"	0.0012156593898942	0.934741856804754	0.831672544591444	"1e-05 to 1"	4.20327181052935e-05	-0.00577167639399878	174	"success"	"pgls5_castespolymorphic"
"OG0007251_00"	0.00885476825396694	0.365439198652775	1e-05	"1e-05 to 1"	0.00518719329585765	-0.000596602091957221	174	"success"	"pgls5_castespolymorphic"
"OG0007252_00"	-0.0106499352034695	0.374692384421579	1e-05	"1e-05 to 1"	0.00508758562787207	-0.000696788874291476	174	"success"	"pgls5_castespolymorphic"
"OG0007253_00"	0.0137467402895523	0.2189376936595	1	"1e-05 to 1"	0.00948975936581398	0.00373097889701057	174	"success"	"pgls5_castespolymorphic"
"OG0007254_00"	-0.00741160333595976	0.49667196810802	1	"1e-05 to 1"	0.00291081946417449	-0.00288621065521988	174	"success"	"pgls5_castespolymorphic"
"OG0007255_00"	0.0257653328460443	0.00565248135209329	1e-05	"1e-05 to 1"	0.047457548636663	0.0419195111287366	174	"success"	"pgls5_castespolymorphic"
"OG0007256_00"	-0.00694857370779971	0.299944712929659	0.958529379683233	"0.001 to 1"	0.00671361803436394	0.00093869720898232	174	"success"	"pgls5_castespolymorphic"
"OG0007257_00"	-0.00114917157940557	0.524927108630982	1e-05	"1e-05 to 1"	0.00254690706921275	-0.00325223881991965	174	"success"	"pgls5_castespolymorphic"
"OG0007258_00"	-0.0047935995217292	0.545311631718964	0.955947945400643	"1e-05 to 1"	0.00231972716251321	-0.00348073954003048	174	"success"	"pgls5_castespolymorphic"
"OG0007259_00"	-0.00857883453759148	0.305800326780939	0.908568043504741	"0.001 to 1"	0.00659469208294199	0.000819079827610203	174	"success"	"pgls5_castespolymorphic"
"OG0007260_00"	0.000413509880843012	0.91874263007676	1e-05	"1e-05 to 1"	6.77993602470679e-05	-0.00574575994579796	174	"success"	"pgls5_castespolymorphic"
"OG0007261_00"	-0.014337151418125	0.348893492176694	1	"1e-05 to 1"	0.00548628671799183	-0.000295769754578012	174	"success"	"pgls5_castespolymorphic"
"OG0007262_00"	0.0026278257074754	0.584378853964661	1	"1e-05 to 1"	0.00187414872849291	-0.00392890854634143	174	"success"	"pgls5_castespolymorphic"
"OG0007263_00"	-0.00708377384644286	0.409616093361267	0.851318468722736	"1e-05 to 1"	0.00428046912668371	-0.00150859791327762	174	"success"	"pgls5_castespolymorphic"
"OG0007264_00"	0.0027892662406502	0.788288582064821	1	"1e-05 to 1"	0.000454848891106697	-0.00535646012696822	174	"success"	"pgls5_castespolymorphic"
"OG0007265_00"	0.0300018529206497	0.0919549719045794	0.910802017864573	"1e-05 to 1"	0.0177570730543369	0.0120463583627924	174	"success"	"pgls5_castespolymorphic"
"OG0007266_00"	-0.00062372978907224	0.939081848295311	0.750188424344821	"1e-05 to 1"	3.75593182559919e-05	-0.00577617580198675	174	"success"	"pgls5_castespolymorphic"
"OG0007267_00"	0.00330650678555905	0.322838941369504	0.473400346789282	"1e-05 to 1"	0.00614761290580847	0.000369401352935173	174	"success"	"pgls5_castespolymorphic"
"OG0007268_00"	-0.00986431659145173	0.443215676918931	0.937848327865659	"1e-05 to 1"	0.00370252576506102	-0.00208990141072363	174	"success"	"pgls5_castespolymorphic"
"OG0007269_00"	-0.00468944233065542	0.701288120204836	0.978037787335742	"1e-05 to 1"	0.00093375134892964	-0.00487477335253028	174	"success"	"pgls5_castespolymorphic"
"OG0007270_00"	-0.000383366537820475	0.91807764275757	1	"1e-05 to 1"	7.07613623940176e-05	-0.0057427807227084	174	"success"	"pgls5_castespolymorphic"
"OG0007271_00"	0.000531089075362133	0.889420763232716	1e-05	"1e-05 to 1"	0.000120436641243654	-0.00569281663409793	174	"success"	"pgls5_castespolymorphic"
"OG0007272_00"	0.00520383667546642	0.53688108438481	0.764178345862098	"1e-05 to 1"	0.00240309450142989	-0.00339688750728273	174	"success"	"pgls5_castespolymorphic"
"OG0007273_00"	-0.00779761159688089	0.628083101745928	1	"1e-05 to 1"	0.00148884557717895	-0.00431645183225604	174	"success"	"pgls5_castespolymorphic"
"OG0007274_00"	-0.0439183666765713	0.0163139882248382	0.833444611120491	"1e-05 to 1"	0.0359635777577159	0.0303587148377026	174	"success"	"pgls5_castespolymorphic"
"OG0007275_00"	-0.00693833052148381	0.255376607929761	1e-05	"1e-05 to 1"	0.0081285472885369	0.00236185279602841	174	"success"	"pgls5_castespolymorphic"
"OG0007276_00"	0.00782756945983783	0.212088749467841	1e-05	"1e-05 to 1"	0.0097758714079582	0.0040187543812602	174	"success"	"pgls5_castespolymorphic"
"OG0007277_00"	-0.00706940241537153	0.2034473595159	0.718063768815553	"1e-05 to 1"	0.0101527788073173	0.00439785310270868	174	"success"	"pgls5_castespolymorphic"
"OG0007278_00"	0.0101878982595964	0.318319682070134	0.982055787877229	"1e-05 to 1"	0.00622400789796631	0.000446240502024131	174	"success"	"pgls5_castespolymorphic"
"OG0007279_00"	-0.000905687254620979	0.933189469826605	0.877263578428724	"1e-05 to 1"	4.40609886519206e-05	-0.00576963633118144	174	"success"	"pgls5_castespolymorphic"
"OG0007280_00"	-0.00157221304967741	0.901460532960512	0.844552450096634	"1e-05 to 1"	9.6717465933331e-05	-0.00571667371159035	174	"success"	"pgls5_castespolymorphic"
"OG0007281_00"	-0.00182927062932988	0.826344706490446	1	"1e-05 to 1"	0.000305557119467806	-0.00550661987402368	174	"success"	"pgls5_castespolymorphic"
"OG0007282_00"	-0.00116913172116475	0.934401684310171	1	"1e-05 to 1"	4.19470880563188e-05	-0.00577176252189693	174	"success"	"pgls5_castespolymorphic"
"OG0007283_00"	0.00470465310396468	0.691122333829943	1e-05	"1e-05 to 1"	0.000995543456431486	-0.00481262198858934	174	"success"	"pgls5_castespolymorphic"
"OG0007284_00"	-0.00222696878644307	0.504483823855035	1	"1e-05 to 1"	0.00280670911390315	-0.00299092629822528	174	"success"	"pgls5_castespolymorphic"
"OG0007285_00"	0.00399804124387622	0.533363187335824	0.919985469986406	"1e-05 to 1"	0.00244481528418005	-0.00335492416184224	174	"success"	"pgls5_castespolymorphic"
"OG0007286_00"	-0.00199769040083378	0.655105010356578	1	"1e-05 to 1"	0.00127409700636936	-0.00453244894126792	174	"success"	"pgls5_castespolymorphic"
"OG0007287_00"	0.0266211596960788	0.0246085699837204	0.398046285596918	"1e-05 to 1"	0.0319613795082038	0.0263332479937166	174	"success"	"pgls5_castespolymorphic"
"OG0007288_00"	0.000673648398313525	0.889931101165344	1	"1e-05 to 1"	0.000120068541546017	-0.00569318687391007	174	"success"	"pgls5_castespolymorphic"
"OG0007289_00"	0.0110089791106258	0.312051047128738	1e-05	"1e-05 to 1"	0.00638683996219304	0.000610019264298711	174	"success"	"pgls5_castespolymorphic"
"OG0007290_00"	-0.00640867815844226	0.512316898663141	0.395512746146218	"1e-05 to 1"	0.00270503872572683	-0.0030931877933098	174	"success"	"pgls5_castespolymorphic"
"OG0007291_00"	-0.0086051154918199	0.173120178140761	0.336579105981184	"1e-05 to 1"	0.0114954127738998	0.00574829308072478	174	"success"	"pgls5_castespolymorphic"
"OG0007292_00"	-0.0158408514632764	0.151076838223306	0.662712944071276	"1e-05 to 1"	0.0129210152671749	0.00718218396058878	174	"success"	"pgls5_castespolymorphic"
"OG0007293_00"	-0.00824204153559587	0.359883163651629	1	"1e-05 to 1"	0.00527496929873617	-0.000508315763480649	174	"success"	"pgls5_castespolymorphic"
"OG0007294_00"	-0.00897766081597565	0.232079043708197	0.859515947301044	"1e-05 to 1"	0.00896939632208458	0.0032075904867479	174	"success"	"pgls5_castespolymorphic"
"OG0007295_00"	-0.0112177426960566	0.257665587267217	1	"1e-05 to 1"	0.0080007207182831	0.00223328304804049	174	"success"	"pgls5_castespolymorphic"
"OG0007296_00"	-0.00462252901576532	0.71815039293511	0.919066478364074	"1e-05 to 1"	0.000816413467594928	-0.00499279343084913	174	"success"	"pgls5_castespolymorphic"
"OG0007297_00"	-0.00773526169083312	0.339990824622057	1	"1e-05 to 1"	0.00572776074406752	-5.28918097459918e-05	174	"success"	"pgls5_castespolymorphic"
"OG0007298_00"	0.0146407907405011	0.594904791226869	1	"1e-05 to 1"	0.00180506432738829	-0.00399839460094098	174	"success"	"pgls5_castespolymorphic"
"OG0007299_00"	-0.00156043928680266	0.720414078806091	0.910812855593654	"1e-05 to 1"	0.000812974954290408	-0.00499625193551001	174	"success"	"pgls5_castespolymorphic"
"OG0007300_00"	0.00455472707860162	0.690311575729716	0.975298623479132	"1e-05 to 1"	0.00100105974724988	-0.00480707362631261	174	"success"	"pgls5_castespolymorphic"
"OG0007301_00"	0.00501168088228582	0.712206111986262	0.959608758732094	"1e-05 to 1"	0.000869159918530698	-0.00493974031450106	174	"success"	"pgls5_castespolymorphic"
"OG0007302_00"	0.0268176889232823	0.00357523625347156	0.724752312828114	"1e-05 to 1"	0.0534547664813825	0.0479515965190649	174	"success"	"pgls5_castespolymorphic"
"OG0007303_00"	-0.0106949185646275	0.26129302279192	0.933162002674321	"1e-05 to 1"	0.00808217191695486	0.0023152078001929	174	"success"	"pgls5_castespolymorphic"
"OG0007304_00"	-0.00389829359119341	0.810534242278118	0.765590221540188	"1e-05 to 1"	0.000358026158072941	-0.00545384578286856	174	"success"	"pgls5_castespolymorphic"
"OG0007305_00"	-0.0103255887718742	0.464827213633542	1e-05	"1e-05 to 1"	0.00338627140010897	-0.00240799446384399	174	"success"	"pgls5_castespolymorphic"
"OG0007306_00"	0.0403233167684389	0.0701314166302165	0.971740614034296	"1e-05 to 1"	0.0206094686173293	0.0149153376209185	174	"success"	"pgls5_castespolymorphic"
"OG0007307_00"	0.00713102793690299	0.477608979878558	1	"1e-05 to 1"	0.00317674155586541	-0.00261874250485628	174	"success"	"pgls5_castespolymorphic"
"OG0007308_00"	0.00264422046705342	0.720248179566287	1	"1e-05 to 1"	0.000808848562213279	-0.00500040231823906	174	"success"	"pgls5_castespolymorphic"
"OG0007309_00"	0.00754745684647692	0.251062518406985	1e-05	"1e-05 to 1"	0.00817433447021982	0.00240790618225606	174	"success"	"pgls5_castespolymorphic"
"OG0007310_00"	-0.00309492930124467	0.682851168127229	1e-05	"1e-05 to 1"	0.00105265133217204	-0.00475518209031534	174	"success"	"pgls5_castespolymorphic"
"OG0007311_00"	0.00892576532094122	0.576700156230366	0.934295140922006	"1e-05 to 1"	0.00193953786633156	-0.00386313923909665	174	"success"	"pgls5_castespolymorphic"
"OG0007312_00"	-0.00494160896590782	0.553571363121698	0.63228089316297	"1e-05 to 1"	0.00225440622050757	-0.00354644025495454	174	"success"	"pgls5_castespolymorphic"
"OG0007313_00"	0.00610706824021476	0.511658562252577	0.810400936962057	"1e-05 to 1"	0.00271348056297244	-0.00308469687561486	174	"success"	"pgls5_castespolymorphic"
"OG0007314_00"	0.0041190342359448	0.702416998279131	1	"1e-05 to 1"	0.000944336359127559	-0.004864126801575	174	"success"	"pgls5_castespolymorphic"
"OG0007315_00"	0.00515263039306392	0.655404121215277	1e-05	"1e-05 to 1"	0.00127173688292692	-0.00453482278635842	174	"success"	"pgls5_castespolymorphic"
"OG0007317_00"	0.00306031827631514	0.72243429079011	0.604046001581979	"1e-05 to 1"	0.000816310925947532	-0.00499289656866897	174	"success"	"pgls5_castespolymorphic"
"OG0007318_00"	0.00583549264068867	0.723034373511479	0.967147159319547	"1e-05 to 1"	0.000792135385434663	-0.00501721266465016	174	"success"	"pgls5_castespolymorphic"
"OG0007319_00"	-0.0205231154438055	0.156821041276039	0.953026368395855	"1e-05 to 1"	0.0124120429969358	0.00667025254924347	174	"success"	"pgls5_castespolymorphic"
"OG0007320_00"	0.0025424871156036	0.612712668382267	1	"1e-05 to 1"	0.00161536410816042	-0.00418919772842008	174	"success"	"pgls5_castespolymorphic"
"OG0007321_00"	0.00152146413977623	0.82859801979564	0.93244157470106	"1e-05 to 1"	0.000295678777602792	-0.00551655564810871	174	"success"	"pgls5_castespolymorphic"
"OG0007322_00"	0.0122226114158979	0.189609031396147	0.995134905342477	"1e-05 to 1"	0.0109342799585523	0.00518389786528806	174	"success"	"pgls5_castespolymorphic"
"OG0007323_00"	0.00968319366302566	0.190219256709161	1	"1e-05 to 1"	0.0107003667729166	0.00494862471927071	174	"success"	"pgls5_castespolymorphic"
"OG0007324_00"	0.0109209520013137	0.147957330608395	0.843335284194552	"1e-05 to 1"	0.0132020281036425	0.00746483059261716	174	"success"	"pgls5_castespolymorphic"
"OG0007325_00"	0.00376158983448545	0.360877910676327	1	"1e-05 to 1"	0.00525322293916987	-0.000530188555369904	174	"success"	"pgls5_castespolymorphic"
"OG0007326_00"	0.000444483523353818	0.978160990944504	0.854989838163829	"1e-05 to 1"	4.69818775152869e-06	-0.00580922798557548	174	"success"	"pgls5_castespolymorphic"
"OG0007327_00"	-0.0120439098616746	0.53472887259742	1	"1e-05 to 1"	0.0024133523777146	-0.00338656999218245	174	"success"	"pgls5_castespolymorphic"
"OG0007329_00"	0.0236252928578951	0.0854886874314329	0.937250590773275	"1e-05 to 1"	0.0183702813410777	0.0126631318139909	174	"success"	"pgls5_castespolymorphic"
"OG0007330_00"	-0.00108783002997949	0.870807805052403	1e-05	"1e-05 to 1"	0.000166857962218321	-0.00564612542172238	174	"success"	"pgls5_castespolymorphic"
"OG0007331_00"	0.00251617905666072	0.104343467048084	1e-05	"1e-05 to 1"	0.0165048243400176	0.0107868291326922	174	"success"	"pgls5_castespolymorphic"
"OG0007332_00"	-0.0024019724439799	0.364455059365393	1e-05	"1e-05 to 1"	0.00524166547708441	-0.000541813212002529	174	"success"	"pgls5_castespolymorphic"
"OG0007333_00"	-0.00937185260572828	0.301035016309663	1e-05	"1e-05 to 1"	0.0067255234520991	0.000950671844262452	174	"success"	"pgls5_castespolymorphic"
"OG0007334_00"	0.00768855563368361	0.0551987472506816	1	"1e-05 to 1"	0.0229257446656714	0.0172450803904718	174	"success"	"pgls5_castespolymorphic"
"OG0007335_00"	0.015783044575171	0.133386802818764	0.753803484612309	"1e-05 to 1"	0.0140237417713019	0.00829132166532121	174	"success"	"pgls5_castespolymorphic"
"OG0007336_00"	0.0526790576483416	0.00130469232699015	1e-05	"1e-05 to 1"	0.0631284832152108	0.0576815557920434	174	"success"	"pgls5_castespolymorphic"
"OG0007337_00"	-0.013656869176756	0.175069090769775	0.826992835678685	"1e-05 to 1"	0.0115353344715981	0.00578844688131674	174	"success"	"pgls5_castespolymorphic"
"OG0007338_00"	0.0163942238031631	0.030904300096589	1e-05	"1e-05 to 1"	0.0295120863558887	0.0238697147649346	174	"success"	"pgls5_castespolymorphic"
"OG0007339_00"	-0.016929005894195	0.236159359373454	1	"1e-05 to 1"	0.00881495258656061	0.00305224882252897	174	"success"	"pgls5_castespolymorphic"
"OG0007340_00"	0.00943199927270938	0.171812720234748	1	"1e-05 to 1"	0.0117103277461182	0.00596445755859565	174	"success"	"pgls5_castespolymorphic"
"OG0007341_00"	-0.00182354116262436	0.597334151012397	1	"1e-05 to 1"	0.00177007510997931	-0.00403358724403247	174	"success"	"pgls5_castespolymorphic"
"OG0007342_00"	-0.00591135995661934	0.459064050238091	0.751745319446836	"1e-05 to 1"	0.00345252786170281	-0.00234135279026404	174	"success"	"pgls5_castespolymorphic"
"OG0007343_00"	-0.00466044817293489	0.621228323810103	0.903359343807259	"1e-05 to 1"	0.00152951020700454	-0.00427555078016417	174	"success"	"pgls5_castespolymorphic"
"OG0007344_00"	0.00401666088864445	0.680327462905808	1e-05	"1e-05 to 1"	0.00109814421575865	-0.00470942471321956	174	"success"	"pgls5_castespolymorphic"
"OG0007345_00"	-0.00187961287365222	0.565224971680462	1	"1e-05 to 1"	0.00208448667738111	-0.00371734770240151	174	"success"	"pgls5_castespolymorphic"
"OG0007346_00"	0.00881469768136906	0.38784285781594	1	"1e-05 to 1"	0.00475345617313244	-0.00103286094214017	174	"success"	"pgls5_castespolymorphic"
"OG0007347_00"	0.000290225875943167	0.971370014299129	1e-05	"1e-05 to 1"	8.12672195796147e-06	-0.00580577951803063	174	"success"	"pgls5_castespolymorphic"
"OG0007348_00"	-0.00376383753942656	0.642697382300977	0.676612452841326	"1e-05 to 1"	0.00136560988484394	-0.00444040401117429	174	"success"	"pgls5_castespolymorphic"
"OG0007349_00"	-5.99640205447088e-05	0.984766332298194	1e-05	"1e-05 to 1"	2.30011569487725e-06	-0.00581163999991152	174	"success"	"pgls5_castespolymorphic"
"OG0007350_00"	0.023872786537833	0.162327488237018	0.850637712245477	"1e-05 to 1"	0.0125573329618971	0.00681638722330336	174	"success"	"pgls5_castespolymorphic"
"OG0007351_00"	-0.0236326737094562	0.06964426950933	0.34314974887238	"1e-05 to 1"	0.0205514960584132	0.0148570280122412	174	"success"	"pgls5_castespolymorphic"
"OG0007352_00"	-0.000482720930554221	0.969275153476622	0.993539412145681	"1e-05 to 1"	9.36010263499722e-06	-0.00580453896653577	174	"success"	"pgls5_castespolymorphic"
"OG0007353_00"	-0.0192957073663275	0.118652942506458	1	"1e-05 to 1"	0.0152453124098443	0.00951999445873875	174	"success"	"pgls5_castespolymorphic"
"OG0007354_00"	-0.0038287750561034	0.711813838223173	0.902914107809111	"1e-05 to 1"	0.00086064693054154	-0.00494830279660641	174	"success"	"pgls5_castespolymorphic"
"OG0007355_00"	0.00633123291422619	0.531385279755468	1	"1e-05 to 1"	0.00248414445867773	-0.00331536632935325	174	"success"	"pgls5_castespolymorphic"
"OG0007356_00"	0.0223032524457327	0.154255183600562	0.768812979867854	"1e-05 to 1"	0.0127236754456271	0.00698369681449706	174	"success"	"pgls5_castespolymorphic"
"OG0007357_00"	0.013097800210964	0.301810286175117	0.907828544038644	"1e-05 to 1"	0.00670405817249128	0.000929081766517403	174	"success"	"pgls5_castespolymorphic"
"OG0007358_00"	-0.000816888106112951	0.868453575514599	1	"1e-05 to 1"	0.000171965599306168	-0.00564098808906999	174	"success"	"pgls5_castespolymorphic"
"OG0007359_00"	0.0104733711718108	0.227599792619632	1e-05	"1e-05 to 1"	0.00920051041688172	0.00344004826814259	174	"success"	"pgls5_castespolymorphic"
"OG0007360_00"	-0.0003504551911633	0.961401021371869	1	"1e-05 to 1"	1.51592060478971e-05	-0.00579870614740519	174	"success"	"pgls5_castespolymorphic"
"OG0007361_00"	-0.010732459770784	0.306280413566444	1	"1e-05 to 1"	0.0065405281662089	0.00076460100438458	174	"success"	"pgls5_castespolymorphic"
"OG0007362_00"	0.00675399257475489	0.0960853577944831	0.645250722223652	"1e-05 to 1"	0.0172126525918548	0.0114987726650633	174	"success"	"pgls5_castespolymorphic"
"OG0007363_00"	0.0250777486343614	0.0603820824345078	0.295805646437839	"1e-05 to 1"	0.0221436575906115	0.0164584462975337	174	"success"	"pgls5_castespolymorphic"
"OG0007364_00"	0.004608191097794	0.554517588231213	1	"1e-05 to 1"	0.00227287842387791	-0.00352786065505306	174	"success"	"pgls5_castespolymorphic"
"OG0007365_00"	0.014196568585223	0.0142347098564926	0.503711359249896	"1e-05 to 1"	0.0372002566923654	0.0316025837661583	174	"success"	"pgls5_castespolymorphic"
"OG0007366_00"	0.00757989381836004	0.396595605557951	1	"1e-05 to 1"	0.00446737316542041	-0.00132060722315264	174	"success"	"pgls5_castespolymorphic"
"OG0007367_00"	-0.00216061434849534	0.537662022869043	1e-05	"1e-05 to 1"	0.00237890924959697	-0.00342121337104495	174	"success"	"pgls5_castespolymorphic"
"OG0007368_00"	-0.00770214534683088	0.375267703540582	1	"1e-05 to 1"	0.00494760759546021	-0.000837580732473198	174	"success"	"pgls5_castespolymorphic"
"OG0007369_00"	-0.00843429623501053	0.494146679778713	1	"1e-05 to 1"	0.00298264708138493	-0.00281396543558388	174	"success"	"pgls5_castespolymorphic"
"OG0007370_00"	-0.0123874786734455	0.42400432909973	1	"1e-05 to 1"	0.00399941671681942	-0.0017912843487804	174	"success"	"pgls5_castespolymorphic"
"OG0007371_00"	-0.00301114205670592	0.637318270266693	1	"1e-05 to 1"	0.0014660221424182	-0.00433940796140497	174	"success"	"pgls5_castespolymorphic"
"OG0007372_00"	0.00514379589348533	0.66120480261483	1e-05	"1e-05 to 1"	0.00121101606597013	-0.00459589663132065	174	"success"	"pgls5_castespolymorphic"
"OG0007373_00"	-0.0112060575169663	0.40382622428603	1	"1e-05 to 1"	0.0043326369824072	-0.0014561267560671	174	"success"	"pgls5_castespolymorphic"
"OG0007374_00"	-0.0129021058728488	0.168306432819523	1e-05	"1e-05 to 1"	0.0119781474177346	0.00623383432132607	174	"success"	"pgls5_castespolymorphic"
"OG0007375_00"	0.0202061364074605	0.00253913892284352	1e-05	"1e-05 to 1"	0.0558676329193968	0.0503784912503235	174	"success"	"pgls5_castespolymorphic"
"OG0007376_00"	0.000965336599254587	0.89855274869473	1	"1e-05 to 1"	0.000103191918546551	-0.0057101616168107	174	"success"	"pgls5_castespolymorphic"
"OG0007377_00"	0.00814562145732595	0.351580980990009	0.443012170805912	"1e-05 to 1"	0.00545972352798167	-0.000322487381739345	174	"success"	"pgls5_castespolymorphic"
"OG0007379_00"	0.0114898134357255	0.416869037948504	0.889944937437443	"1e-05 to 1"	0.00414985726060329	-0.00163996915067233	174	"success"	"pgls5_castespolymorphic"
"OG0007380_00"	0.00874886784774137	0.245478691721586	1	"1e-05 to 1"	0.00842104270785715	0.00265604877011216	174	"success"	"pgls5_castespolymorphic"
"OG0007381_00"	-0.00291212090512846	0.749020077844889	1e-05	"1e-05 to 1"	0.000649666866460128	-0.00516050948896751	174	"success"	"pgls5_castespolymorphic"
"OG0007382_00"	-0.0209254236578056	0.213699664647638	1	"1e-05 to 1"	0.00995767505737756	0.00420161502864136	174	"success"	"pgls5_castespolymorphic"
"OG0007383_00"	0.000702243421712489	0.901020701726873	1	"1e-05 to 1"	9.82067880464013e-05	-0.00571517573062774	174	"success"	"pgls5_castespolymorphic"
"OG0007384_00"	0.0147342147454267	0.246012018577353	0.984497120227008	"0.001 to 1"	0.0085083580516356	0.00274387176123814	174	"success"	"pgls5_castespolymorphic"
"OG0007385_00"	0.00564377833545675	0.658073854881876	0.907435402708798	"1e-05 to 1"	0.00123501437856157	-0.00457175879365601	174	"success"	"pgls5_castespolymorphic"
"OG0007386_00"	-0.00768183004533763	0.428812137387026	1e-05	"1e-05 to 1"	0.00396693451517087	-0.00182395540043867	174	"success"	"pgls5_castespolymorphic"
"OG0007387_00"	-0.0172235080486538	0.206599586081493	0.944141845327657	"1e-05 to 1"	0.0100764039955565	0.00432103425134456	174	"success"	"pgls5_castespolymorphic"
"OG0007388_00"	0.00189964236550687	0.772404531133157	1e-05	"1e-05 to 1"	0.000527647518376221	-0.00528323825186594	174	"success"	"pgls5_castespolymorphic"
"OG0007389_00"	-0.00089507628035716	0.722011837480187	1	"1e-05 to 1"	0.000803312469088271	-0.00500597059795194	174	"success"	"pgls5_castespolymorphic"
"OG0007390_00"	0.00230660861973894	0.696055012509033	1e-05	"1e-05 to 1"	0.000962360784511544	-0.0048459975830204	174	"success"	"pgls5_castespolymorphic"
"OG0007391_00"	-0.00998658509123174	0.490139893361362	0.974268202848804	"1e-05 to 1"	0.00298123031803024	-0.00281539043593471	174	"success"	"pgls5_castespolymorphic"
"OG0007392_00"	-0.0144956022139925	0.0730725350665828	0.717759175297903	"1e-05 to 1"	0.0201907346131991	0.0144941691167643	174	"success"	"pgls5_castespolymorphic"
"OG0007393_00"	0.00333926668513925	0.402584764482434	0.932753225485986	"1e-05 to 1"	0.00441035886529156	-0.00137795300177079	174	"success"	"pgls5_castespolymorphic"
"OG0007394_00"	0.0138996421432381	0.0399433679784524	0.926753888217302	"1e-05 to 1"	0.0266060224774795	0.0209467551663021	174	"success"	"pgls5_castespolymorphic"
"OG0007395_00"	-0.00741371597172326	0.135049370542454	1e-05	"1e-05 to 1"	0.0139924175741513	0.00825981535074516	174	"success"	"pgls5_castespolymorphic"
"OG0007396_00"	-0.00233303193273559	0.50754243062761	1	"1e-05 to 1"	0.00278423079627969	-0.00301353530374215	174	"success"	"pgls5_castespolymorphic"
"OG0007397_00"	0.000301850252821285	0.970295581741922	0.991935725126749	"0.001 to 1"	8.74841485590361e-06	-0.00580515421063921	174	"success"	"pgls5_castespolymorphic"
"OG0007398_00"	-0.0137833371249204	0.152193687883689	0.796444818064838	"1e-05 to 1"	0.0129322076311697	0.00719344139646727	174	"success"	"pgls5_castespolymorphic"
"OG0007399_00"	-0.00214981800440506	0.764206282023103	1	"1e-05 to 1"	0.000567514799209478	-0.00524313918451602	174	"success"	"pgls5_castespolymorphic"
"OG0007400_00"	0.0264435262367828	0.0658027276232365	1e-05	"1e-05 to 1"	0.021260886923353	0.0155705432426749	174	"success"	"pgls5_castespolymorphic"
"OG0007401_00"	0.0171913692005328	0.18852923389097	1	"1e-05 to 1"	0.0109874971854056	0.00523742449462317	174	"success"	"pgls5_castespolymorphic"
"OG0007402_00"	-0.00673114998814148	0.396437393848899	1	"1e-05 to 1"	0.00447036080647128	-0.00131760221209576	174	"success"	"pgls5_castespolymorphic"
"OG0007403_00"	-0.00107085235724085	0.897383269448474	1e-05	"1e-05 to 1"	0.000104931807048192	-0.00570841161267821	174	"success"	"pgls5_castespolymorphic"
"OG0007404_00"	0.00431318858980263	0.541155929931229	1e-05	"1e-05 to 1"	0.00233832464024025	-0.00346203393743294	174	"success"	"pgls5_castespolymorphic"
"OG0007405_00"	-0.002551103492332	0.567676870532988	0.910728262814316	"1e-05 to 1"	0.00205834101641558	-0.00374364537302374	174	"success"	"pgls5_castespolymorphic"
"OG0007406_00"	0.0028395195428842	0.312157238742805	1	"1e-05 to 1"	0.00642419398986975	0.000647590466555048	174	"success"	"pgls5_castespolymorphic"
"OG0007407_00"	-0.0126159542674412	0.323087203217465	1e-05	"1e-05 to 1"	0.00614132724995594	0.000363079152571943	174	"success"	"pgls5_castespolymorphic"
"OG0007409_00"	0.0113196725559739	0.430189155942975	1	"1e-05 to 1"	0.00389402263952004	-0.00189729118234316	174	"success"	"pgls5_castespolymorphic"
"OG0007410_00"	-0.00769988120549043	0.256900620776095	1e-05	"1e-05 to 1"	0.0080768177329105	0.0023098224871716	174	"success"	"pgls5_castespolymorphic"
"OG0007411_00"	0.0191300509477503	0.385315095683565	1	"1e-05 to 1"	0.00477377899915418	-0.00101241996015311	174	"success"	"pgls5_castespolymorphic"
"OG0007412_00"	0.00126107761383903	0.83564257480904	1	"1e-05 to 1"	0.000269830149705699	-0.00554255455872621	174	"success"	"pgls5_castespolymorphic"
"OG0007414_00"	0.0228251923351334	0.281500211693702	1	"1e-05 to 1"	0.00729079906481807	0.00151923394310194	174	"success"	"pgls5_castespolymorphic"
"OG0007415_00"	0.00221711923355513	0.654280516569206	0.981680382880651	"1e-05 to 1"	0.00129718283609677	-0.00450922889160044	174	"success"	"pgls5_castespolymorphic"
"OG0007416_00"	-0.00340654872559095	0.729173684510415	0.896191513901956	"1e-05 to 1"	0.000760796608336479	-0.00504873364394065	174	"success"	"pgls5_castespolymorphic"
"OG0007417_00"	0.0166989352427205	0.396043799077406	0.538026250848003	"1e-05 to 1"	0.00453417404785472	-0.00125341796349487	174	"success"	"pgls5_castespolymorphic"
"OG0007418_00"	0.0118089449520537	0.0858925619515909	1e-05	"1e-05 to 1"	0.0180985500591825	0.0123898206990615	174	"success"	"pgls5_castespolymorphic"
"OG0007419_00"	0.0067280257881015	0.507108727491316	0.962163981519688	"1e-05 to 1"	0.00275498152605184	-0.00304295462786652	174	"success"	"pgls5_castespolymorphic"
"OG0007420_00"	-0.0078505801080433	0.70391267861845	0.920813345503087	"1e-05 to 1"	0.000910832673453105	-0.00489782527611982	174	"success"	"pgls5_castespolymorphic"
"OG0007421_00"	-0.0052180345713674	0.665552685053094	0.67997446391561	"1e-05 to 1"	0.00115628135316301	-0.00465094956920242	174	"success"	"pgls5_castespolymorphic"
"OG0007422_00"	-0.0134231469863613	0.504316282269426	0.593075628864804	"1e-05 to 1"	0.0028267221905668	-0.00297079686646473	174	"success"	"pgls5_castespolymorphic"
"OG0007423_00"	0.0131301083804382	0.27707798846249	1e-05	"1e-05 to 1"	0.00742565697669335	0.00165487591260438	174	"success"	"pgls5_castespolymorphic"
"OG0007424_00"	-0.00374975076737947	0.487799882677644	1e-05	"1e-05 to 1"	0.00305166935581133	-0.00274454186886408	174	"success"	"pgls5_castespolymorphic"
"OG0007425_00"	0.00840911225638435	0.584067822981264	0.642021956808402	"1e-05 to 1"	0.00191320054640705	-0.00388962968297424	174	"success"	"pgls5_castespolymorphic"
"OG0007426_00"	-0.0014812544409228	0.883933368202367	0.815369124636538	"1e-05 to 1"	0.000135301708737888	-0.0056778651417928	174	"success"	"pgls5_castespolymorphic"
"OG0007427_00"	0.0113183646358961	0.379732866081771	0.67998064824028	"1e-05 to 1"	0.00488682457906262	-0.000898717138500871	174	"success"	"pgls5_castespolymorphic"
"OG0007428_00"	-0.00271060995517168	0.48832443477769	1	"1e-05 to 1"	0.00302515225549614	-0.00277121313836726	174	"success"	"pgls5_castespolymorphic"
"OG0007429_00"	-0.0033750455865337	0.729995100569962	0.978183239042862	"1e-05 to 1"	0.000760831820403277	-0.00504869822715248	174	"success"	"pgls5_castespolymorphic"
"OG0007430_00"	0.0447953246756197	0.00507041803228825	0.311783993031675	"1e-05 to 1"	0.048344429986242	0.0428115487652319	174	"success"	"pgls5_castespolymorphic"
"OG0007431_00"	0.00488807350517412	0.372029422304553	1e-05	"1e-05 to 1"	0.00504671211138847	-0.000737900027498739	174	"success"	"pgls5_castespolymorphic"
"OG0007432_00"	-0.00018461396405982	0.975670276172478	1	"1e-05 to 1"	5.94307242850426e-06	-0.00580797586319681	174	"success"	"pgls5_castespolymorphic"
"OG0007433_00"	0.00291618584400379	0.574703673673357	1e-05	"1e-05 to 1"	0.00200995009189312	-0.00379231764013066	174	"success"	"pgls5_castespolymorphic"
"OG0007434_00"	-0.00674458296331512	0.779136452144648	1	"1e-05 to 1"	0.00049923245923854	-0.00531181851483575	174	"success"	"pgls5_castespolymorphic"
"OG0007435_00"	0.00824164967445592	0.419944734631022	0.436744793802998	"1e-05 to 1"	0.00409547664727871	-0.00169466593035339	174	"success"	"pgls5_castespolymorphic"
"OG0007436_00"	0.0190250575836852	0.19973332547356	0.778010996164178	"1e-05 to 1"	0.01038575812564	0.00463218695195178	174	"success"	"pgls5_castespolymorphic"
"OG0007437_00"	0.0137459411100994	0.0134938835964595	0.784705256213596	"1e-05 to 1"	0.0377733824823327	0.0321790416828114	174	"success"	"pgls5_castespolymorphic"
"OG0007438_00"	0.0117586219259272	0.254854026290305	0.984578843425826	"1e-05 to 1"	0.00814637233995654	0.00237978148146778	174	"success"	"pgls5_castespolymorphic"
"OG0007439_00"	-0.00301816599621802	0.533606421644891	0.253639225664792	"1e-05 to 1"	0.0024266235901642	-0.00337322162152098	174	"success"	"pgls5_castespolymorphic"
"OG0007440_00"	0.00613497176589936	0.493127482196785	1	"1e-05 to 1"	0.00292215480603752	-0.00287480941020646	174	"success"	"pgls5_castespolymorphic"
"OG0007441_00"	0.00389025731575515	0.532205003556599	1e-05	"1e-05 to 1"	0.00249004079350938	-0.00330943571350506	174	"success"	"pgls5_castespolymorphic"
"OG0007442_00"	-0.00287090530988335	0.692341222477541	1	"1e-05 to 1"	0.000993548727967403	-0.00481462831431179	174	"success"	"pgls5_castespolymorphic"
"OG0007443_00"	-0.00744268365935723	0.189245309476947	1	"1e-05 to 1"	0.0108830099114459	0.00513232973651256	174	"success"	"pgls5_castespolymorphic"
"OG0007444_00"	-0.0171084402615995	0.343948392122591	1	"1e-05 to 1"	0.00570667685543936	-7.40982791220812e-05	174	"success"	"pgls5_castespolymorphic"
"OG0007445_00"	0.00315310253449041	0.756207269057931	0.939640157546738	"1e-05 to 1"	0.000611800700299091	-0.00519859580725734	174	"success"	"pgls5_castespolymorphic"
"OG0007446_00"	0.0038105584914097	0.504337156003205	0.554899929084489	"1e-05 to 1"	0.0028264457729781	-0.00297107489113246	174	"success"	"pgls5_castespolymorphic"
"OG0007447_00"	-0.00265500602041994	0.46917504978562	1	"1e-05 to 1"	0.00332091871105377	-0.00247372711039362	174	"success"	"pgls5_castespolymorphic"
"OG0007448_00"	0.00132670557183103	0.809718833913461	0.35175685835338	"1e-05 to 1"	0.000368052467343548	-0.00544376118110224	174	"success"	"pgls5_castespolymorphic"
"OG0007449_00"	-0.00252654584391286	0.430524250613998	1e-05	"1e-05 to 1"	0.00404005675860829	-0.0017504080276789	174	"success"	"pgls5_castespolymorphic"
"OG0007450_00"	-0.0103425513141455	0.304615663633041	1	"1e-05 to 1"	0.00671137497092789	0.000936441104479879	174	"success"	"pgls5_castespolymorphic"
"OG0007451_00"	-0.0101441894790978	0.403935038019093	1	"1e-05 to 1"	0.0043851606032449	-0.00140329776534087	174	"success"	"pgls5_castespolymorphic"
"OG0007452_00"	0.0169008701289714	0.172004570601979	1	"1e-05 to 1"	0.011773758357652	0.00602825695275444	174	"success"	"pgls5_castespolymorphic"
"OG0007453_00"	-0.00183399009052478	0.793820376612813	1	"1e-05 to 1"	0.000433588420840717	-0.00537784420461951	174	"success"	"pgls5_castespolymorphic"
"OG0007454_00"	0.0127018222972169	0.0640168874590332	1e-05	"1e-05 to 1"	0.0212757283688138	0.0155854709756091	174	"success"	"pgls5_castespolymorphic"
"OG0007455_00"	0.000584119644268218	0.962966679117622	1	"1e-05 to 1"	1.36013763178129e-05	-0.00580027303428499	174	"success"	"pgls5_castespolymorphic"
"OG0007456_00"	-0.00920362820946357	0.253397375273561	0.923508462646938	"1e-05 to 1"	0.00819629497079496	0.00242999436016	174	"success"	"pgls5_castespolymorphic"
"OG0007458_00"	-0.00524696648596242	0.624239104484033	1	"1e-05 to 1"	0.00152235128859397	-0.00428275132019329	174	"success"	"pgls5_castespolymorphic"
"OG0007459_00"	0.0153672561330152	0.0661219276817968	0.828775928218748	"1e-05 to 1"	0.0212113226136925	0.0155206907684233	174	"success"	"pgls5_castespolymorphic"
"OG0007460_00"	0.00394952429216735	0.248173957682423	1	"1e-05 to 1"	0.00837823413811292	0.00261299131333448	174	"success"	"pgls5_castespolymorphic"
"OG0007461_00"	-0.00129785338104269	0.799490054238777	0.820822980397003	"1e-05 to 1"	0.000406978935919945	-0.00540460839584811	174	"success"	"pgls5_castespolymorphic"
"OG0007463_00"	0.00154864529110964	0.779033087806091	1e-05	"1e-05 to 1"	0.000496560248275964	-0.00531450626190866	174	"success"	"pgls5_castespolymorphic"
"OG0007464_00"	0.0017148448480952	0.807899142299914	1	"1e-05 to 1"	0.000370560693696972	-0.00544123837203725	174	"success"	"pgls5_castespolymorphic"
"OG0007465_00"	-0.00609725502800397	0.579053319693733	0.673930534745771	"1e-05 to 1"	0.00196462263605908	-0.00383790862768474	174	"success"	"pgls5_castespolymorphic"
"OG0007466_00"	3.28669246460916e-05	0.99569218594649	1	"1e-05 to 1"	1.82757468464705e-07	-0.00581376966836022	174	"success"	"pgls5_castespolymorphic"
"OG0007467_00"	-0.00848816257861603	0.30488057434658	0.836132476574298	"1e-05 to 1"	0.00661973906555244	0.000844272432212634	174	"success"	"pgls5_castespolymorphic"
"OG0007470_00"	-0.00624616086268397	0.195543086235644	1e-05	"1e-05 to 1"	0.0105807042142465	0.00482826644805023	174	"success"	"pgls5_castespolymorphic"
"OG0007471_00"	-0.0027011202101772	0.771589377161836	1e-05	"1e-05 to 1"	0.000534914983440603	-0.00527592853409753	174	"success"	"pgls5_castespolymorphic"
"OG0007472_00"	0.00154133552408151	0.512900056897829	1	"1e-05 to 1"	0.00271468055584554	-0.00308348990603924	174	"success"	"pgls5_castespolymorphic"
"OG0007473_00"	-0.00831364479822457	0.468070766573611	0.633817868173007	"1e-05 to 1"	0.00338027735464742	-0.0024140233584069	174	"success"	"pgls5_castespolymorphic"
"OG0007474_00"	0.000902026434444765	0.876165722328216	1	"1e-05 to 1"	0.000154168303858999	-0.00565888885716515	174	"success"	"pgls5_castespolymorphic"
"OG0007475_00"	-0.0105482622446231	0.0722693331967639	0.655168656002083	"1e-05 to 1"	0.0201764946938925	0.0144798464072291	174	"success"	"pgls5_castespolymorphic"
"OG0007476_00"	-0.00681224212434668	0.458694310103764	1e-05	"1e-05 to 1"	0.00345820621779841	-0.00233564142047027	174	"success"	"pgls5_castespolymorphic"
"OG0007477_00"	-0.0119796633553327	0.522155185935481	1	"1e-05 to 1"	0.00259745846355349	-0.00320139352212356	174	"success"	"pgls5_castespolymorphic"
"OG0007478_00"	0.0144653667960681	0.236911719070224	0.924283117502843	"1e-05 to 1"	0.0087868250501381	0.00302395775391784	174	"success"	"pgls5_castespolymorphic"
"OG0007479_00"	0.00673517391262622	0.63309354513828	1	"1e-05 to 1"	0.00144586013387753	-0.00435968719092572	174	"success"	"pgls5_castespolymorphic"
"OG0007480_00"	0.0153817863038849	0.0633714792782853	1	"1e-05 to 1"	0.0215118601702614	0.0158229756363677	174	"success"	"pgls5_castespolymorphic"
"OG0007481_00"	-0.00687109215076126	0.573206702344302	0.973224656636725	"1e-05 to 1"	0.00201285844928828	-0.00378939237368092	174	"success"	"pgls5_castespolymorphic"
"OG0007482_00"	0.011358260195704	0.16495858254948	1	"1e-05 to 1"	0.0120913284671237	0.00634767340007203	174	"success"	"pgls5_castespolymorphic"
"OG0007484_00"	-0.00565905508214486	0.295267572454246	1	"1e-05 to 1"	0.006801928384375	0.00102752099126091	174	"success"	"pgls5_castespolymorphic"
"OG0007485_00"	0.0297905685674706	0.559467821985122	0.926958631748614	"1e-05 to 1"	0.0021467435764258	-0.00365472884464157	174	"success"	"pgls5_castespolymorphic"
"OG0007486_00"	0.0171876837729632	0.392501347846679	0.874845770291652	"1e-05 to 1"	0.00454524287375203	-0.00124228478395882	174	"success"	"pgls5_castespolymorphic"
"OG0007487_00"	-0.00576690945503951	0.487038055339784	0.821862827858966	"1e-05 to 1"	0.0030623517377136	-0.0027337973800905	174	"success"	"pgls5_castespolymorphic"
"OG0007488_00"	0.00320120182502418	0.795631179489183	0.724564843870411	"1e-05 to 1"	0.000439794133075722	-0.00537160241266221	174	"success"	"pgls5_castespolymorphic"
"OG0007489_00"	0.024769804636589	0.122648350432493	0.963374896092523	"1e-05 to 1"	0.0160271031047027	0.0103063304483347	174	"success"	"pgls5_castespolymorphic"
"OG0007491_00"	0.00569285763853516	0.709505604920152	0.730006471628206	"1e-05 to 1"	0.00100145000763885	-0.00480668109696802	174	"success"	"pgls5_castespolymorphic"
"OG0007492_00"	-0.0109622603145651	0.359687714797114	1	"1e-05 to 1"	0.00534653664894697	-0.00043633232402418	174	"success"	"pgls5_castespolymorphic"
"OG0007495_00"	-0.0124581544818262	0.235535637853901	1	"1e-05 to 1"	0.00883835269748421	0.00307578498060923	174	"success"	"pgls5_castespolymorphic"
"OG0007497_00"	-0.0180159258613261	0.468569547687554	1	"1e-05 to 1"	0.00330898780270863	-0.00248572738448494	174	"success"	"pgls5_castespolymorphic"
"OG0007498_00"	-0.0130229050391187	0.087833972961223	1e-05	"1e-05 to 1"	0.0184450265341091	0.0127383115720981	174	"success"	"pgls5_castespolymorphic"
"OG0007499_00"	0.0131486612389982	0.320431266032457	0.954378099165956	"1e-05 to 1"	0.00617009592352384	0.000392015085869835	174	"success"	"pgls5_castespolymorphic"
"OG0007500_00"	-0.00544357322809061	0.515044547455644	1	"1e-05 to 1"	0.00268719237983495	-0.00311113789702655	174	"success"	"pgls5_castespolymorphic"
"OG0007502_00"	-0.0133568671101987	0.235347467565593	0.98584422712528	"1e-05 to 1"	0.00901530412298044	0.00325376519346288	174	"success"	"pgls5_castespolymorphic"
"OG0007503_00"	0.00257737373853664	0.954095077442516	1e-05	"1e-05 to 1"	4.22114586988233e-05	-0.00577149661421572	174	"success"	"pgls5_castespolymorphic"
"OG0007504_00"	-0.00676350330146118	0.384280794963681	1e-05	"1e-05 to 1"	0.00553011806029489	-0.000251683578889494	174	"success"	"pgls5_castespolymorphic"
"OG0007505_00"	-0.0260840653888393	0.0990521252851988	0.259266766313943	"1e-05 to 1"	0.0174556413656227	0.0117431741642601	174	"success"	"pgls5_castespolymorphic"
"OG0007506_00"	-0.0066832183961577	0.426874050345035	1e-05	"1e-05 to 1"	0.0040002904535963	-0.00179040553213872	174	"success"	"pgls5_castespolymorphic"
"OG0007507_00"	0.0127016931377023	0.0443745878124364	0.649116318226851	"1e-05 to 1"	0.0253382428967291	0.0196716047740355	174	"success"	"pgls5_castespolymorphic"
"OG0007508_00"	-0.00485411690182666	0.597494241861783	0.857977818564915	"1e-05 to 1"	0.0017463745856038	-0.00405742556215438	174	"success"	"pgls5_castespolymorphic"
"OG0007509_00"	-0.005461061377976	0.286816578719558	1e-05	"1e-05 to 1"	0.00717727196098932	0.00140504679797171	174	"success"	"pgls5_castespolymorphic"
"OG0007510_00"	-0.00140609196453047	0.765608498815321	1	"1e-05 to 1"	0.000560584039360007	-0.00525011023948085	174	"success"	"pgls5_castespolymorphic"
"OG0007511_00"	-0.0560178819980376	0.00737166431071712	1	"1e-05 to 1"	0.0442888384339467	0.0387323781922836	174	"success"	"pgls5_castespolymorphic"
"OG0007512_00"	0.0139075271554618	0.273957060106164	0.34719204905596	"1e-05 to 1"	0.00757004103264726	0.00180009941074399	174	"success"	"pgls5_castespolymorphic"
"OG0007513_00"	0.00249562510241395	0.616284308505666	1	"1e-05 to 1"	0.00159316289472189	-0.00421152801868074	174	"success"	"pgls5_castespolymorphic"
"OG0007514_00"	0.00661880031148083	0.486779194350183	1	"1e-05 to 1"	0.00306598778534784	-0.00273014019264428	174	"success"	"pgls5_castespolymorphic"
"OG0007515_00"	-0.000326360273564069	0.963930124031831	0.971766422190289	"1e-05 to 1"	1.3067297820095e-05	-0.00580081021789014	174	"success"	"pgls5_castespolymorphic"
"OG0007516_00"	0.00593431399153783	0.383787632904075	1	"1e-05 to 1"	0.00471489084617007	-0.00107165048611968	174	"success"	"pgls5_castespolymorphic"
"OG0007517_00"	-0.00184536522393978	0.710196118798446	1e-05	"1e-05 to 1"	0.000870790498579874	-0.00493810025433539	174	"success"	"pgls5_castespolymorphic"
"OG0007518_00"	0.00500013639957708	0.658192769565156	1	"1e-05 to 1"	0.00124985896615492	-0.00455682790032097	174	"success"	"pgls5_castespolymorphic"
"OG0007519_00"	0.0159637983588542	0.274632800013617	1	"1e-05 to 1"	0.00754883198922478	0.00177876705892954	174	"success"	"pgls5_castespolymorphic"
"OG0007521_00"	0.00202815331529336	0.834425148516548	0.762717260996834	"1e-05 to 1"	0.000279150412642973	-0.00553318010821391	174	"success"	"pgls5_castespolymorphic"
"OG0007522_00"	-0.000149828713252927	0.990526205371169	1	"1e-05 to 1"	9.00889375282994e-07	-0.00581304736126786	174	"success"	"pgls5_castespolymorphic"
"OG0007523_00"	-0.00465647486363879	0.602295934215176	0.557933336866292	"1e-05 to 1"	0.00173361031453788	-0.00407026404409838	174	"success"	"pgls5_castespolymorphic"
"OG0007524_00"	-0.00573003460238321	0.565772264342121	0.659502466001149	"1e-05 to 1"	0.00207863167855933	-0.00372323674191422	174	"success"	"pgls5_castespolymorphic"
"OG0007525_00"	0.00239586935075511	0.81962527037933	1	"1e-05 to 1"	0.000330079064175695	-0.00548195535986973	174	"success"	"pgls5_castespolymorphic"
"OG0007526_00"	0.00368075604826726	0.422215486150534	1e-05	"1e-05 to 1"	0.00398051848478623	-0.00181029245425579	174	"success"	"pgls5_castespolymorphic"
"OG0007527_00"	-0.00159516475810604	0.8343868071274	1	"1e-05 to 1"	0.000284739029815006	-0.00552755899908131	174	"success"	"pgls5_castespolymorphic"
"OG0007528_00"	0.0119284133014704	0.414984745494995	0.914874457036087	"1e-05 to 1"	0.00437633620258867	-0.00141217347065203	174	"success"	"pgls5_castespolymorphic"
"OG0007529_00"	-0.00149498845870815	0.519850112753409	1e-05	"1e-05 to 1"	0.0039182313810822	-0.00187294169228358	174	"success"	"pgls5_castespolymorphic"
"OG0007530_00"	0.000150881506251681	0.976821315749228	1e-05	"1e-05 to 1"	5.35964125312641e-06	-0.00580856268641394	174	"success"	"pgls5_castespolymorphic"
"OG0007531_00"	-0.00917676825397347	0.46218391988738	0.65444741404584	"1e-05 to 1"	0.00344833698673133	-0.00234556803078756	174	"success"	"pgls5_castespolymorphic"
"OG0007532_00"	-0.00120444240247115	0.903718625724791	0.131279442445108	"1e-05 to 1"	9.23143401771962e-05	-0.00572110243691482	174	"success"	"pgls5_castespolymorphic"
"OG0007534_00"	0.0082798715758042	0.289561104294627	0.31100909037974	"1e-05 to 1"	0.00705169571090984	0.00127874045341514	174	"success"	"pgls5_castespolymorphic"
"OG0007535_00"	-0.00212199630857059	0.742737144800392	1e-05	"1e-05 to 1"	0.000688165042644036	-0.00512178748617775	174	"success"	"pgls5_castespolymorphic"
"OG0007536_00"	-0.00096171577505205	0.881298553169916	1e-05	"1e-05 to 1"	0.000168267195943232	-0.00564470799477812	174	"success"	"pgls5_castespolymorphic"
"OG0007537_00"	0.0074425407559155	0.695211670837179	0.764719998494279	"1e-05 to 1"	0.00118462610467124	-0.00462244002262713	174	"success"	"pgls5_castespolymorphic"
"OG0007538_00"	0.021151930438969	0.0204710748944765	1	"1e-05 to 1"	0.0367379776577727	0.0311376170627597	174	"success"	"pgls5_castespolymorphic"
"OG0007540_00"	0.0126076598096049	0.256631015504315	0.441300534176774	"1e-05 to 1"	0.00911710936953737	0.00335616233098823	174	"success"	"pgls5_castespolymorphic"
"OG0007541_00"	-0.00270324103711339	0.70819864419895	1e-05	"1e-05 to 1"	0.00089469293997088	-0.00491405884526186	174	"success"	"pgls5_castespolymorphic"
"OG0007542_00"	0.00493222876746716	0.502520981300445	1e-05	"1e-05 to 1"	0.00296329432647888	-0.00283343070650655	174	"success"	"pgls5_castespolymorphic"
"OG0007543_00"	0.0119259848536661	0.230564951939321	0.289808529455656	"1e-05 to 1"	0.00926016985145721	0.00350005455989577	174	"success"	"pgls5_castespolymorphic"
"OG0007544_00"	-0.00568800843785426	0.783526909604803	1	"1e-05 to 1"	0.000479084403557978	-0.00533208371037475	174	"success"	"pgls5_castespolymorphic"
"OG0007545_00"	0.00587319290242198	0.689314457100654	1	"1e-05 to 1"	0.00101426405905205	-0.00479379254525569	174	"success"	"pgls5_castespolymorphic"
"OG0007546_00"	-0.00656816333176073	0.739074959797731	0.649341749616565	"1e-05 to 1"	0.000699696896672849	-0.00511018858648615	174	"success"	"pgls5_castespolymorphic"
"OG0007547_00"	0.0080411252575746	0.346760724085047	1	"1e-05 to 1"	0.00560499549832373	-0.00017637080691868	174	"success"	"pgls5_castespolymorphic"
"OG0007549_00"	0.0494331205029794	0.0109871236392314	1e-05	"1e-05 to 1"	0.0409954832250814	0.0354198755694133	174	"success"	"pgls5_castespolymorphic"
"OG0007551_00"	-0.00725882638077799	0.552035106142264	0.654302010059	"1e-05 to 1"	0.00221498535418436	-0.00358609031236101	174	"success"	"pgls5_castespolymorphic"
"OG0007552_00"	0.0163208354276771	0.22428872338027	0.987432667447316	"1e-05 to 1"	0.00921562580171388	0.00345525153311921	174	"success"	"pgls5_castespolymorphic"
"OG0007553_00"	-0.00084995852779799	0.830345683571541	1	"1e-05 to 1"	0.000291426462875496	-0.00552083268559622	174	"success"	"pgls5_castespolymorphic"
"OG0007554_00"	0.00326827682856864	0.378951072664806	1	"1e-05 to 1"	0.00487198643251411	-0.000913641553343281	174	"success"	"pgls5_castespolymorphic"
"OG0007555_00"	-0.00192460515659423	0.683075989654016	1	"1e-05 to 1"	0.00105774444123696	-0.00475005937015127	174	"success"	"pgls5_castespolymorphic"
"OG0007556_00"	0.00989310973565843	0.140292480697649	0.889748387594068	"1e-05 to 1"	0.0137129142832442	0.00797868704070481	174	"success"	"pgls5_castespolymorphic"
"OG0007557_00"	0.00191477910444899	0.615774987182768	1e-05	"1e-05 to 1"	0.00157774653169085	-0.00422703401172964	174	"success"	"pgls5_castespolymorphic"
"OG0007558_00"	0.00108657466255462	0.842855354382934	1e-05	"1e-05 to 1"	0.0002510858965748	-0.00556140779007297	174	"success"	"pgls5_castespolymorphic"
"OG0007559_00"	-0.00512972665656111	0.639920943235486	0.795874825642557	"1e-05 to 1"	0.00143401549338581	-0.00437160069560605	174	"success"	"pgls5_castespolymorphic"
"OG0007560_00"	-0.00721184745900205	0.46510358701046	1e-05	"1e-05 to 1"	0.00338208823642655	-0.00241220194824532	174	"success"	"pgls5_castespolymorphic"
"OG0007561_00"	0.000683792325197132	0.924734944877355	0.799254596682121	"1e-05 to 1"	5.73921856216609e-05	-0.0057562276272527	174	"success"	"pgls5_castespolymorphic"
"OG0007562_00"	-0.0028350559759982	0.582600653060702	1	"1e-05 to 1"	0.00190384758523639	-0.00389903702182615	174	"success"	"pgls5_castespolymorphic"
"OG0007563_00"	-0.00650948741431738	0.533063443356413	1	"1e-05 to 1"	0.00246391911526597	-0.0033357092619708	174	"success"	"pgls5_castespolymorphic"
"OG0007564_00"	0.0175336482526794	0.328612036176202	1e-05	"1e-05 to 1"	0.00686693905174926	0.00109290962763164	174	"success"	"pgls5_castespolymorphic"
"OG0007565_00"	-0.00450551749763519	0.817813686514055	0.844265082748619	"1e-05 to 1"	0.000332637381097285	-0.00547938216901267	174	"success"	"pgls5_castespolymorphic"
"OG0007566_00"	-0.000619861986325865	0.879770109289262	1e-05	"1e-05 to 1"	0.000145257181783951	-0.00566785178808948	174	"success"	"pgls5_castespolymorphic"
"OG0007567_00"	-0.00493822328884394	0.247199667228932	1e-05	"1e-05 to 1"	0.00846587228221926	0.00270113898153457	174	"success"	"pgls5_castespolymorphic"
"OG0007568_00"	0.0163580146478533	0.223176911775509	1	"1e-05 to 1"	0.00937680568845344	0.00361736851222361	174	"success"	"pgls5_castespolymorphic"
"OG0007569_00"	0.00445461419516307	0.484804700738253	1	"1e-05 to 1"	0.00313355658200538	-0.00266217855414563	174	"success"	"pgls5_castespolymorphic"
"OG0007570_00"	0.0092200623040967	0.406059858607649	0.972724056065346	"1e-05 to 1"	0.00437328586792135	-0.00141524153982342	174	"success"	"pgls5_castespolymorphic"
"OG0007571_00"	0.00363540578292106	0.638557805233902	1	"1e-05 to 1"	0.00139985800005014	-0.00440595677901934	174	"success"	"pgls5_castespolymorphic"
"OG0007572_00"	0.0253932652264176	0.182644814941891	1e-05	"1e-05 to 1"	0.0111422373585246	0.00539306431991138	174	"success"	"pgls5_castespolymorphic"
"OG0007573_00"	0.0227069434538992	0.129716883641794	1	"1e-05 to 1"	0.0145630064806435	0.00883372163460061	174	"success"	"pgls5_castespolymorphic"
"OG0007574_00"	0.0134358400213715	0.363241979746307	1	"1e-05 to 1"	0.00537085378501648	-0.000411873809256669	174	"success"	"pgls5_castespolymorphic"
"OG0007575_00"	-0.00324995782423938	0.44138001769793	1e-05	"1e-05 to 1"	0.00375602959624692	-0.0020360865107516	174	"success"	"pgls5_castespolymorphic"
"OG0007576_00"	0.00546554517448955	0.707192262414884	1	"1e-05 to 1"	0.000912831287978667	-0.00489581504174219	174	"success"	"pgls5_castespolymorphic"
"OG0007577_00"	0.0134864820021276	0.447126899248794	0.961993784891583	"1e-05 to 1"	0.00366261771383851	-0.00213004148549967	174	"success"	"pgls5_castespolymorphic"
"OG0007579_00"	-0.0060596244503844	0.422256084885727	1e-05	"1e-05 to 1"	0.00413306607497311	-0.00165685795947468	174	"success"	"pgls5_castespolymorphic"
"OG0007580_00"	-0.00272373369163815	0.752754301618499	1e-05	"1e-05 to 1"	0.000629837023744883	-0.00518045462146599	174	"success"	"pgls5_castespolymorphic"
"OG0007581_00"	-0.0314084961304235	0.00935814316287664	0.896705325821246	"1e-05 to 1"	0.0419703470332852	0.0364004071904556	174	"success"	"pgls5_castespolymorphic"
"OG0007582_00"	0.0047281958328868	0.697137464324277	0.97353285648018	"1e-05 to 1"	0.000949180044781603	-0.00485925495495798	174	"success"	"pgls5_castespolymorphic"
"OG0007583_00"	-0.00860824936985182	0.191354456109229	0.795970894792767	"1e-05 to 1"	0.0106460311416066	0.00489397318312756	174	"success"	"pgls5_castespolymorphic"
"OG0007584_00"	0.0223628184989778	0.121770573702281	0.919685736695767	"1e-05 to 1"	0.0150874198506785	0.00936118391957785	174	"success"	"pgls5_castespolymorphic"
"OG0007585_00"	0.0501272906623907	0.0430587396572077	0.872350301026281	"1e-05 to 1"	0.0270068107873112	0.0213498736407258	174	"success"	"pgls5_castespolymorphic"
"OG0007586_00"	0.0268202105038757	0.124387355381059	0.826663272509015	"1e-05 to 1"	0.0148797271220423	0.00915228367507759	174	"success"	"pgls5_castespolymorphic"
"OG0007587_00"	0.00357743082443625	0.698371575891413	1e-05	"1e-05 to 1"	0.000947000255496591	-0.00486144741743666	174	"success"	"pgls5_castespolymorphic"
"OG0007588_00"	0.0012538845897386	0.902181022930804	1	"1e-05 to 1"	9.53012506398562e-05	-0.00571809816069369	174	"success"	"pgls5_castespolymorphic"
"OG0007589_00"	0.00309657475077356	0.839850056474193	1	"1e-05 to 1"	0.000262590891980192	-0.00554983590515934	174	"success"	"pgls5_castespolymorphic"
"OG0007590_00"	-0.00731645041472463	0.400783408511401	1	"1e-05 to 1"	0.00447231951162443	-0.00131563211912189	174	"success"	"pgls5_castespolymorphic"
"OG0007591_00"	0.00146597851013041	0.859870109771421	1e-05	"1e-05 to 1"	0.000197860046834165	-0.00561494309242838	174	"success"	"pgls5_castespolymorphic"
"OG0007592_00"	-0.00167092254597423	0.758456422720289	1	"1e-05 to 1"	0.00060020666539863	-0.00521025724933732	174	"success"	"pgls5_castespolymorphic"
"OG0007593_00"	0.00233511864523077	0.867592059593168	1	"1e-05 to 1"	0.00020066332158686	-0.00561212351956675	174	"success"	"pgls5_castespolymorphic"
"OG0007594_00"	0.0260046850389567	0.00421015934702718	1	"1e-05 to 1"	0.0506754841914597	0.0451561556111775	174	"success"	"pgls5_castespolymorphic"
"OG0007595_00"	0.00377240482267039	0.731602749643932	0.68028157824885	"1e-05 to 1"	0.000737311048752463	-0.00507235574747567	174	"success"	"pgls5_castespolymorphic"
"OG0007597_00"	0.00745124189996087	0.559724848889108	0.795297947019245	"1e-05 to 1"	0.00313036050702817	-0.00266539321095416	174	"success"	"pgls5_castespolymorphic"
"OG0007598_00"	-0.00344114607909084	0.756875149993651	0.621535901777307	"1e-05 to 1"	0.000608345203158461	-0.00520207139449758	174	"success"	"pgls5_castespolymorphic"
"OG0007599_00"	-0.000134351071259521	0.953006398997245	1e-05	"1e-05 to 1"	2.20501951020902e-05	-0.00579177509446116	174	"success"	"pgls5_castespolymorphic"
"OG0007600_00"	0.0288970604169264	0.230209392553257	0.448267578699668	"1e-05 to 1"	0.00915626661927628	0.00339554723915581	174	"success"	"pgls5_castespolymorphic"
"OG0007601_00"	0.00988114807554841	0.481439284166593	0.930476785783283	"1e-05 to 1"	0.00310237791891138	-0.00269353848853671	174	"success"	"pgls5_castespolymorphic"
"OG0007602_00"	0.00628440099411036	0.371882050400442	1e-05	"1e-05 to 1"	0.005147616380563	-0.000636409105596591	174	"success"	"pgls5_castespolymorphic"
"OG0007603_00"	-0.0143306475818538	0.435990736375878	0.326541193775672	"1e-05 to 1"	0.00382112388428864	-0.00197061376754681	174	"success"	"pgls5_castespolymorphic"
"OG0007604_00"	-0.00583250766822224	0.471065530370972	0.890485119561357	"1e-05 to 1"	0.00331380918220153	-0.00248087797371599	174	"success"	"pgls5_castespolymorphic"
"OG0007605_00"	0.00312620859311021	0.842398394775965	1	"1e-05 to 1"	0.000250964131134348	-0.00556153026345219	174	"success"	"pgls5_castespolymorphic"
"OG0007606_00"	-0.00119293603761957	0.838875718972381	1e-05	"1e-05 to 1"	0.000262464602685158	-0.00554996292869459	174	"success"	"pgls5_castespolymorphic"
"OG0007607_00"	-0.0215996262455173	0.174888235906183	1	"1e-05 to 1"	0.0115449555934055	0.00579812393987877	174	"success"	"pgls5_castespolymorphic"
"OG0007609_00"	-0.00126018961498792	0.942163590127317	0.900755676528549	"1e-05 to 1"	3.38488764147533e-05	-0.00577990781616422	174	"success"	"pgls5_castespolymorphic"
"OG0007610_00"	-0.0111146587845517	0.0727538760674866	0.479657675001296	"1e-05 to 1"	0.0201088582383266	0.0144118167164565	174	"success"	"pgls5_castespolymorphic"
"OG0007611_00"	-0.013732509556256	0.164050252352399	0.857989135482278	"1e-05 to 1"	0.0122197912791417	0.00647688308890415	174	"success"	"pgls5_castespolymorphic"
"OG0007612_00"	0.00458279009217471	0.766342243163408	0.930212821606184	"1e-05 to 1"	0.000560511136810845	-0.00525018356588225	174	"success"	"pgls5_castespolymorphic"
"OG0007614_00"	0.0178269174062687	0.0804625213463184	1	"1e-05 to 1"	0.0190930008451947	0.0133900531756901	174	"success"	"pgls5_castespolymorphic"
"OG0007615_00"	-0.0367995567720569	0.192542447687989	0.62251413061004	"1e-05 to 1"	0.011001199410279	0.00525120638359455	174	"success"	"pgls5_castespolymorphic"
"OG0007616_00"	-0.00349885821038906	0.641042239261096	0.923459553299326	"1e-05 to 1"	0.00138804840715752	-0.00441783503233584	174	"success"	"pgls5_castespolymorphic"
"OG0007617_00"	0.019731163182491	0.3484858048563	0.949611553754084	"1e-05 to 1"	0.00567289178715128	-0.000108079772225711	174	"success"	"pgls5_castespolymorphic"
"OG0007618_00"	-0.00557915778299494	0.775249689487743	1	"1e-05 to 1"	0.000537929871305702	-0.00527289611781456	174	"success"	"pgls5_castespolymorphic"
"OG0007619_00"	-0.012244933857473	0.391640026055256	1e-05	"1e-05 to 1"	0.00461920051274911	-0.00116789715868837	174	"success"	"pgls5_castespolymorphic"
"OG0007620_00"	-0.00425337580873983	0.586390883990882	0.595557823817385	"1e-05 to 1"	0.00186585569240651	-0.00393724979775389	174	"success"	"pgls5_castespolymorphic"
"OG0007621_00"	-0.0011259169981707	0.780632835768799	1	"1e-05 to 1"	0.000501872299064133	-0.00530916332710407	174	"success"	"pgls5_castespolymorphic"
"OG0007622_00"	0.00234717947336724	0.456099086659159	1e-05	"1e-05 to 1"	0.00354289286549266	-0.0022504624085451	174	"success"	"pgls5_castespolymorphic"
"OG0007623_00"	-0.00113113887526149	0.559504412806306	1e-05	"1e-05 to 1"	0.00221617917000588	-0.00358488955574998	174	"success"	"pgls5_castespolymorphic"
"OG0007624_00"	-0.00248492599512589	0.400058858332474	1e-05	"1e-05 to 1"	0.0044578262186222	-0.00133020967545572	174	"success"	"pgls5_castespolymorphic"
"OG0007625_00"	-0.00111322186924584	0.575996711219123	1	"1e-05 to 1"	0.00195889197064933	-0.00384367261091678	174	"success"	"pgls5_castespolymorphic"
"OG0007626_00"	-0.000372651386733107	0.908247599627584	0.805250455627379	"1e-05 to 1"	8.32712248152476e-05	-0.00573019812852893	174	"success"	"pgls5_castespolymorphic"
"OG0007627_00"	-0.00134847112042596	0.920298579211635	0.776550591678793	"1e-05 to 1"	6.35629137371549e-05	-0.00575002102281097	174	"success"	"pgls5_castespolymorphic"
"OG0007628_00"	-3.38636137789645e-05	0.996621292273114	0.936460057150167	"1e-05 to 1"	1.11032236485364e-07	-0.0058138418105993	174	"success"	"pgls5_castespolymorphic"
"OG0007629_00"	0.00664563424698278	0.450982544051476	1e-05	"1e-05 to 1"	0.00362394670306282	-0.00216893732773338	174	"success"	"pgls5_castespolymorphic"
"OG0007630_00"	0.00560005951599889	0.737272398607343	0.410670417073385	"1e-05 to 1"	0.000723454527224775	-0.00508629283017514	174	"success"	"pgls5_castespolymorphic"
"OG0007631_00"	0.00525612027661363	0.619013073054884	0.972024118259905	"1e-05 to 1"	0.00155875736287784	-0.00424613358268688	174	"success"	"pgls5_castespolymorphic"
"OG0007632_00"	0.0163507557415927	0.0470795926434291	1	"1e-05 to 1"	0.025194934027852	0.0195274627140605	174	"success"	"pgls5_castespolymorphic"
"OG0007633_00"	-0.0109446360346054	0.0534959389019607	0.898575192811546	"1e-05 to 1"	0.0236911566447927	0.0180149424392392	174	"success"	"pgls5_castespolymorphic"
"OG0007634_00"	0.00251618034932409	0.107276344091842	1e-05	"1e-05 to 1"	0.016437643860048	0.0107192580685366	174	"success"	"pgls5_castespolymorphic"
"OG0007635_00"	-0.00719146424662655	0.68484945668208	1	"1e-05 to 1"	0.00105195141480696	-0.00475588607696742	174	"success"	"pgls5_castespolymorphic"
"OG0007636_00"	-0.0100251936850691	0.343202388025586	1e-05	"1e-05 to 1"	0.00615572124444233	0.000377556833072723	174	"success"	"pgls5_castespolymorphic"
"OG0007637_00"	-0.0199534580023499	0.197250868797703	1	"1e-05 to 1"	0.0103696875717619	0.00461602296462105	174	"success"	"pgls5_castespolymorphic"
"OG0007638_00"	0.0138631811283365	0.178471570418808	1	"1e-05 to 1"	0.0112157047898309	0.00546695888744619	174	"success"	"pgls5_castespolymorphic"
"OG0007639_00"	0.00558264436483283	0.407220935721955	1	"1e-05 to 1"	0.00437948946795669	-0.00140900187234583	174	"success"	"pgls5_castespolymorphic"
"OG0007640_00"	0.00367051342885998	0.666025827261149	0.445785984767122	"1e-05 to 1"	0.00118206323250677	-0.00462501779521118	174	"success"	"pgls5_castespolymorphic"
"OG0007641_00"	0.00517512432050451	0.496373521864641	1e-05	"1e-05 to 1"	0.00293333132931484	-0.00286356790714271	174	"success"	"pgls5_castespolymorphic"
"OG0007642_00"	-0.00243441605211047	0.34998102678289	1	"1e-05 to 1"	0.00553080877373979	-0.000250988849668676	174	"success"	"pgls5_castespolymorphic"
"OG0007643_00"	-0.00846194776293219	0.461330337750576	0.8854754095144	"1e-05 to 1"	0.00346148260826343	-0.00233234598122345	174	"success"	"pgls5_castespolymorphic"
"OG0007644_00"	0.00249755155465147	0.695410366155171	1e-05	"1e-05 to 1"	0.000966660572585398	-0.00484167279617864	174	"success"	"pgls5_castespolymorphic"
"OG0007645_00"	0.0280836672188593	0.33031815575064	0.90651887187333	"1e-05 to 1"	0.00599872178726218	0.000219644588350887	174	"success"	"pgls5_castespolymorphic"
"OG0007646_00"	-0.00244538737729036	0.831870369221824	0.141745355369199	"1e-05 to 1"	0.000284328604333281	-0.00552797181075793	174	"success"	"pgls5_castespolymorphic"
"OG0007647_00"	0.0143052429686767	0.18999073436254	0.806818807355938	"1e-05 to 1"	0.0109853600199756	0.0052352749038127	174	"success"	"pgls5_castespolymorphic"
"OG0007648_00"	0.00792925755855169	0.0637027750010193	1e-05	"1e-05 to 1"	0.0214586712342435	0.0157694774623495	174	"success"	"pgls5_castespolymorphic"
"OG0007649_00"	-0.00235989490427945	0.627599224430289	1	"1e-05 to 1"	0.00148362522011814	-0.00432170254023001	174	"success"	"pgls5_castespolymorphic"
"OG0007650_00"	0.00187440078180247	0.854970537394901	1e-05	"1e-05 to 1"	0.000213449450923926	-0.00559926305226832	174	"success"	"pgls5_castespolymorphic"
"OG0007651_00"	0.0124371276432222	0.219245726923824	1e-05	"1e-05 to 1"	0.00972130345556117	0.00396386917332603	174	"success"	"pgls5_castespolymorphic"
"OG0007652_00"	0.00798275990200327	0.300258594322079	1	"1e-05 to 1"	0.00705773135788157	0.00128481119135759	174	"success"	"pgls5_castespolymorphic"
"OG0007653_00"	-0.0340041421521658	0.0050475732948021	1	"1e-05 to 1"	0.0496147055131792	0.0440892096150002	174	"success"	"pgls5_castespolymorphic"
"OG0007654_00"	-0.00944265418579555	0.517141903127204	0.801661312243324	"1e-05 to 1"	0.00266050015182082	-0.00313798531241272	174	"success"	"pgls5_castespolymorphic"
"OG0007655_00"	0.0062343896237282	0.63229455747716	1	"1e-05 to 1"	0.00145266298507053	-0.00435284478827214	174	"success"	"pgls5_castespolymorphic"
"OG0007657_00"	0.000752228969014996	0.844713630018281	1	"1e-05 to 1"	0.000243551319157304	-0.00556898617317314	174	"success"	"pgls5_castespolymorphic"
"OG0007658_00"	0.0137849950362847	0.197250020623427	1e-05	"1e-05 to 1"	0.0104348072353567	0.00468152123091115	174	"success"	"pgls5_castespolymorphic"
"OG0007659_00"	0.00744590584217449	0.230894834196749	1	"1e-05 to 1"	0.00884811747229046	0.00308560652736189	174	"success"	"pgls5_castespolymorphic"
"OG0007660_00"	0.00545764749105574	0.107740196008211	1e-05	"1e-05 to 1"	0.0159893949874724	0.0102684030978648	174	"success"	"pgls5_castespolymorphic"
"OG0007661_00"	-0.00273141551180034	0.848492575843184	0.597595920957647	"1e-05 to 1"	0.000231699593177274	-0.00558090680453693	174	"success"	"pgls5_castespolymorphic"
"OG0007662_00"	-0.00027124310068048	0.978416538038781	0.979457522840859	"1e-05 to 1"	4.73735853562698e-06	-0.00580918858705415	174	"success"	"pgls5_castespolymorphic"
"OG0007663_00"	0.00409083764058077	0.577315877702939	0.586249067728441	"1e-05 to 1"	0.0019576544776111	-0.00384491729868186	174	"success"	"pgls5_castespolymorphic"
"OG0007664_00"	0.0073901829179783	0.560151007963363	1e-05	"1e-05 to 1"	0.00213929172416268	-0.00366222402162686	174	"success"	"pgls5_castespolymorphic"
"OG0007665_00"	-0.00406419404610864	0.675814054896312	1	"1e-05 to 1"	0.00109579589253464	-0.00471178668948546	174	"success"	"pgls5_castespolymorphic"
"OG0007666_00"	0.00197924862689861	0.820295022575668	0.677913115734216	"1e-05 to 1"	0.000329683115609045	-0.0054823536104629	174	"success"	"pgls5_castespolymorphic"
"OG0007667_00"	0.0255803465853804	0.0495917230740748	0.552432539416288	"1e-05 to 1"	0.0241801026052592	0.0185067311087781	174	"success"	"pgls5_castespolymorphic"
"OG0007668_00"	0.0184354898473285	0.0763742685898254	1	"1e-05 to 1"	0.0198663647246794	0.0141679133567997	174	"success"	"pgls5_castespolymorphic"
"OG0007669_00"	0.0176321825316947	0.0663116810274571	1e-05	"1e-05 to 1"	0.021049757239029	0.015358186060186	174	"success"	"pgls5_castespolymorphic"
"OG0007670_00"	-0.0107588765228249	0.364262476894127	0.689027041258104	"1e-05 to 1"	0.00524586527229668	-0.000537588999375949	174	"success"	"pgls5_castespolymorphic"
"OG0007671_00"	-0.00823865413129858	0.27298521436741	0.910027974546868	"1e-05 to 1"	0.00774766855457427	0.00197875965082184	174	"success"	"pgls5_castespolymorphic"
"OG0007672_00"	-0.00819694995032968	0.395551768897331	0.59180575585581	"1e-05 to 1"	0.00454360668947983	-0.00124393048093019	174	"success"	"pgls5_castespolymorphic"
"OG0007673_00"	-0.000754429135996137	0.928819207156142	1	"1e-05 to 1"	5.06648039437499e-05	-0.00576299412161485	174	"success"	"pgls5_castespolymorphic"
"OG0007675_00"	0.010142830851462	0.256123454597287	0.796009119615458	"1e-05 to 1"	0.00815438748070193	0.0023878432218688	174	"success"	"pgls5_castespolymorphic"
"OG0007676_00"	0.00520068428594054	0.335833589543301	1e-05	"1e-05 to 1"	0.00586379207542578	8.39304014456088e-05	174	"success"	"pgls5_castespolymorphic"
"OG0007677_00"	0.0048683023903375	0.769305879955031	0.898932239675824	"1e-05 to 1"	0.000549462031802332	-0.00526129690987331	174	"success"	"pgls5_castespolymorphic"
"OG0007679_00"	-0.0125268307807804	0.132374303602871	0.582802627500318	"1e-05 to 1"	0.0142743920478782	0.00854342921094742	174	"success"	"pgls5_castespolymorphic"
"OG0007680_00"	0.0195040197459969	0.247319671440457	1	"1e-05 to 1"	0.00851542919478656	0.00275098401568652	174	"success"	"pgls5_castespolymorphic"
"OG0007681_00"	0.0253997649582301	0.0697346032617923	0.848301355072024	"1e-05 to 1"	0.0202850333485647	0.0145890161005913	174	"success"	"pgls5_castespolymorphic"
"OG0007682_00"	0.0234469218301891	0.120600287250701	0.686729147686594	"1e-05 to 1"	0.0149929667828592	0.00926618170601545	174	"success"	"pgls5_castespolymorphic"
"OG0007683_00"	0.00263299071340318	0.604618981170072	1	"1e-05 to 1"	0.00172252711109942	-0.00408141168476628	174	"success"	"pgls5_castespolymorphic"
"OG0007684_00"	0.00129322241871709	0.830276523218326	1	"1e-05 to 1"	0.000291667751980542	-0.00552058999364746	174	"success"	"pgls5_castespolymorphic"
"OG0007685_00"	-0.0101174674981539	0.0760960909027131	1	"1e-05 to 1"	0.019778530523298	0.0140795684914566	174	"success"	"pgls5_castespolymorphic"
"OG0007686_00"	-0.00195567964386567	0.842934614254405	1	"1e-05 to 1"	0.000250829369647136	-0.00556166580843631	174	"success"	"pgls5_castespolymorphic"
"OG0007687_00"	-0.0204651508913315	0.213393737955471	1e-05	"1e-05 to 1"	0.00978193633894477	0.00402485457347346	174	"success"	"pgls5_castespolymorphic"
"OG0007688_00"	-0.00313554919441961	0.730985764405764	1e-05	"1e-05 to 1"	0.000755036293869255	-0.00505452744860824	174	"success"	"pgls5_castespolymorphic"
"OG0007689_00"	0.00866517758016199	0.264350442418364	1	"1e-05 to 1"	0.00803114081258826	0.00226388000335909	174	"success"	"pgls5_castespolymorphic"
"OG0007690_00"	0.000549532772441354	0.939486266057156	1e-05	"1e-05 to 1"	3.63598796751158e-05	-0.00577738221404767	174	"success"	"pgls5_castespolymorphic"
"OG0007691_00"	0.000904753044817703	0.961713298574733	0.566219622447619	"1e-05 to 1"	1.47241272118852e-05	-0.0057991437557694	174	"success"	"pgls5_castespolymorphic"
"OG0007692_00"	0.00286245561062695	0.863776761696438	0.878649617967697	"1e-05 to 1"	0.000186875270518102	-0.00562599173372313	174	"success"	"pgls5_castespolymorphic"
"OG0007693_00"	0.066624780139034	0.0283654178817145	0.89190678731267	"1e-05 to 1"	0.0300513096754503	0.024412073103796	174	"success"	"pgls5_castespolymorphic"
"OG0007694_00"	0.0177393724036581	0.33870848908753	0.652535325852808	"1e-05 to 1"	0.0058315402981511	5.14911138380647e-05	174	"success"	"pgls5_castespolymorphic"
"OG0007696_00"	0.00434726220124306	0.709529208955278	0.444640019869498	"1e-05 to 1"	0.000874991886308382	-0.00493387443993409	174	"success"	"pgls5_castespolymorphic"
"OG0007697_00"	0.0120894083844389	0.0636207942638725	0.482536814592362	"1e-05 to 1"	0.0216066483795488	0.0159183149398952	174	"success"	"pgls5_castespolymorphic"
"OG0007698_00"	0.00449484583466047	0.52939407213736	1e-05	"1e-05 to 1"	0.00252429881666269	-0.00327497851579839	174	"success"	"pgls5_castespolymorphic"
"OG0007699_00"	0.00110364114074368	0.931066865742008	1	"1e-05 to 1"	4.72081450617219e-05	-0.00576647087735083	174	"success"	"pgls5_castespolymorphic"
"OG0007700_00"	0.00689327001919518	0.267776378305769	1e-05	"1e-05 to 1"	0.00776709965814448	0.00199830372592447	174	"success"	"pgls5_castespolymorphic"
"OG0007701_00"	0.0107768311158365	0.217434165104282	0.682621335642613	"1e-05 to 1"	0.00961200639260741	0.0038539366623318	174	"success"	"pgls5_castespolymorphic"
"OG0007702_00"	-0.00259116178728553	0.667110816601993	0.850772989581653	"1e-05 to 1"	0.00117390922379169	-0.00463321921095372	174	"success"	"pgls5_castespolymorphic"
"OG0007703_00"	0.00286190872989895	0.601382314092774	1	"1e-05 to 1"	0.00173129057768451	-0.00407259726779419	174	"success"	"pgls5_castespolymorphic"
"OG0007704_00"	-0.00151927820934401	0.866496470736231	1e-05	"1e-05 to 1"	0.000180564799329642	-0.00563233889369763	174	"success"	"pgls5_castespolymorphic"
"OG0007705_00"	-0.00651355150238541	0.208549349820456	1e-05	"1e-05 to 1"	0.00999074770077308	0.0042348799548475	174	"success"	"pgls5_castespolymorphic"
"OG0007706_00"	0.029611479752932	0.0692858764725985	1	"1e-05 to 1"	0.0208643908951205	0.0151717420049758	174	"success"	"pgls5_castespolymorphic"
"OG0007707_00"	0.0140020953093896	0.0611886787979914	1e-05	"1e-05 to 1"	0.0218698113804257	0.0161830079582189	174	"success"	"pgls5_castespolymorphic"
"OG0007708_00"	-0.00391522845032617	0.676229236502695	1	"1e-05 to 1"	0.00109971458581139	-0.00470784521310819	174	"success"	"pgls5_castespolymorphic"
"OG0007709_00"	-0.00491206524941006	0.383862940674773	1	"1e-05 to 1"	0.00477273355418021	-0.00101347148329567	174	"success"	"pgls5_castespolymorphic"
"OG0007710_00"	-0.00615686755761562	0.545133252403061	1	"1e-05 to 1"	0.00229270497987731	-0.00350791882837931	174	"success"	"pgls5_castespolymorphic"
"OG0007711_00"	-0.00461485138547364	0.449037980800404	1e-05	"1e-05 to 1"	0.00365512825435762	-0.00213757448834961	174	"success"	"pgls5_castespolymorphic"
"OG0007712_00"	-0.000358951790848213	0.982827070863162	0.779975407341997	"1e-05 to 1"	2.94165892654947e-06	-0.00581099472677726	174	"success"	"pgls5_castespolymorphic"
"OG0007713_00"	0.0193867154493261	0.371578230059146	0.854382295222769	"1e-05 to 1"	0.00499297817076594	-0.000791946374752772	174	"success"	"pgls5_castespolymorphic"
"OG0007714_00"	0.0340885079812555	0.0215552660047873	1e-05	"1e-05 to 1"	0.0329758337297022	0.0273536002048748	174	"success"	"pgls5_castespolymorphic"
"OG0007715_00"	-0.000567348388573651	0.976425891075041	1	"1e-05 to 1"	5.54412355035053e-06	-0.00580837713154536	174	"success"	"pgls5_castespolymorphic"
"OG0007716_00"	0.000877789300798734	0.814216549855272	1	"1e-05 to 1"	0.000343990627690431	-0.00546796291517193	174	"success"	"pgls5_castespolymorphic"
"OG0007717_00"	-0.000757906862089261	0.951559640095977	0.908495168374574	"1e-05 to 1"	2.32826396456753e-05	-0.00579053548454245	174	"success"	"pgls5_castespolymorphic"
"OG0007718_00"	0.00885358696953596	0.409165370006425	0.636010537338103	"1e-05 to 1"	0.00439948590459989	-0.00138888917734992	174	"success"	"pgls5_castespolymorphic"
"OG0007719_00"	0.0259491642486502	0.0665234767466631	0.514503873834537	"1e-05 to 1"	0.021149329582321	0.0154583373124509	174	"success"	"pgls5_castespolymorphic"
"OG0007720_00"	0.0012824051157296	0.793326120263725	0.694028817583461	"1e-05 to 1"	0.000452969577194491	-0.00535835036712395	174	"success"	"pgls5_castespolymorphic"
"OG0007721_00"	0.00980176540837465	0.0215247883066489	1e-05	"1e-05 to 1"	0.0329909599972246	0.0273688144158133	174	"success"	"pgls5_castespolymorphic"
"OG0007722_00"	-0.0169101969151453	0.578903718739266	0.831250089105674	"1e-05 to 1"	0.00194138505944047	-0.0038612813064931	174	"success"	"pgls5_castespolymorphic"
"OG0007723_00"	0.00428101197735193	0.518288121745211	1	"1e-05 to 1"	0.0026459923257952	-0.00315257748626419	174	"success"	"pgls5_castespolymorphic"
"OG0007724_00"	0.00591531878971043	0.214612601945097	1e-05	"1e-05 to 1"	0.00960885684565337	0.00385076880405844	174	"success"	"pgls5_castespolymorphic"
"OG0007725_00"	-0.00234575422724581	0.829946915341262	0.926426288324365	"1e-05 to 1"	0.000287346720176448	-0.00552493614772942	174	"success"	"pgls5_castespolymorphic"
"OG0007726_00"	-0.00462068437318496	0.667087914511919	0.849984246578185	"1e-05 to 1"	0.00119686478457919	-0.00461013018760359	174	"success"	"pgls5_castespolymorphic"
"OG0007727_00"	0.039621547501706	0.0031781345951436	0.953709884451105	"1e-05 to 1"	0.0537528088669486	0.0482513717091982	174	"success"	"pgls5_castespolymorphic"
"OG0007728_00"	0.0116427420377912	0.199512493746931	0.757859452361655	"1e-05 to 1"	0.0103959127990036	0.00464240066411414	174	"success"	"pgls5_castespolymorphic"
"OG0007729_00"	-0.00224916820682933	0.671608093878654	1	"1e-05 to 1"	0.00112617357449705	-0.00468123239309293	174	"success"	"pgls5_castespolymorphic"
"OG0007730_00"	-0.000921983127336382	0.873374995611597	0.8406065502847	"1e-05 to 1"	0.000161254488102967	-0.00565176147417557	174	"success"	"pgls5_castespolymorphic"
"OG0007731_00"	-0.000228478177962272	0.98560937546635	1	"1e-05 to 1"	2.05255301644354e-06	-0.00581188900190788	174	"success"	"pgls5_castespolymorphic"
"OG0007732_00"	-0.000687841829791652	0.880522016110969	1	"1e-05 to 1"	0.000143432441741269	-0.00566968713708582	174	"success"	"pgls5_castespolymorphic"
"OG0007733_00"	-0.00060064803118308	0.894007160617421	1	"1e-05 to 1"	0.000111991213546147	-0.00570131116311923	174	"success"	"pgls5_castespolymorphic"
"OG0007734_00"	-0.00605058097943304	0.528978737031803	0.879689505220288	"1e-05 to 1"	0.00251334909018853	-0.00328599190347334	174	"success"	"pgls5_castespolymorphic"
"OG0007735_00"	-0.00127374208568966	0.940244440336431	0.897933502624599	"1e-05 to 1"	3.56778932616771e-05	-0.00577806816549842	174	"success"	"pgls5_castespolymorphic"
"OG0007736_00"	-0.000775209209938687	0.544296218901363	1e-05	"1e-05 to 1"	0.00233145528591189	-0.00346894322986779	174	"success"	"pgls5_castespolymorphic"
"OG0007737_00"	-0.00462604917171751	0.589285773104244	1	"1e-05 to 1"	0.00184882492991593	-0.00395437957630551	174	"success"	"pgls5_castespolymorphic"
"OG0007738_00"	-0.0034509501345135	0.62249058791265	0.901506209372092	"1e-05 to 1"	0.00152805051582496	-0.00427701895792021	174	"success"	"pgls5_castespolymorphic"
"OG0007739_00"	0.00845897923432417	0.529960899732835	0.940015631147896	"1e-05 to 1"	0.00250140136617799	-0.00329800909099531	174	"success"	"pgls5_castespolymorphic"
"OG0007740_00"	-0.0172778614720192	0.0608708032591365	0.990715414630253	"1e-05 to 1"	0.0222000876904196	0.0165152044793174	174	"success"	"pgls5_castespolymorphic"
"OG0007741_00"	0.00585563610182766	0.724128108251344	1	"1e-05 to 1"	0.000785628151112973	-0.00502375773172936	174	"success"	"pgls5_castespolymorphic"
"OG0007742_00"	0.0532944499835161	0.00140922428518553	1	"1e-05 to 1"	0.0630580059603784	0.0576106687857294	174	"success"	"pgls5_castespolymorphic"
"OG0007743_00"	0.022366739566565	0.00982155526537687	1	"1e-05 to 1"	0.0414459573893233	0.0358729687694938	174	"success"	"pgls5_castespolymorphic"
"OG0007744_00"	0.00147688086046706	0.894551868838457	1	"1e-05 to 1"	0.00011154009588148	-0.00570176490356111	174	"success"	"pgls5_castespolymorphic"
"OG0007745_00"	-0.00513997817046304	0.636697082275786	1e-05	"1e-05 to 1"	0.0014154209314137	-0.00439030336549684	174	"success"	"pgls5_castespolymorphic"
"OG0007746_00"	0.0290288468997417	0.0532114482339252	0.941144957251298	"1e-05 to 1"	0.0235971480568212	0.0179203872897096	174	"success"	"pgls5_castespolymorphic"
"OG0007747_00"	-0.0010123660438496	0.747808894246186	1	"1e-05 to 1"	0.000652032842577552	-0.005158129757175	174	"success"	"pgls5_castespolymorphic"
"OG0007748_00"	0.0314833281218128	0.0390838780214615	0.773751759615037	"1e-05 to 1"	0.0268356838059323	0.0211777517350364	174	"success"	"pgls5_castespolymorphic"
"OG0007749_00"	0.00651430442638843	0.579820410281404	1	"1e-05 to 1"	0.00194428753684316	-0.00385836195422162	174	"success"	"pgls5_castespolymorphic"
"OG0007750_00"	0.0181473249296462	0.0535502009001423	0.934428103914021	"1e-05 to 1"	0.0232375728720839	0.0175587215515727	174	"success"	"pgls5_castespolymorphic"
"OG0007751_00"	-0.00332351496896492	0.589152109696484	0.47199912122434	"1e-05 to 1"	0.0018501513962236	-0.00395304539798436	174	"success"	"pgls5_castespolymorphic"
"OG0007752_00"	-0.00398075194014774	0.401523877022065	0.85007451319657	"1e-05 to 1"	0.00445830809570461	-0.00132972499676232	174	"success"	"pgls5_castespolymorphic"
"OG0007753_00"	0.00821171722924358	0.516299710550797	0.949648789337328	"1e-05 to 1"	0.00265436531897039	-0.00314415581289618	174	"success"	"pgls5_castespolymorphic"
"OG0007754_00"	-0.00466056487983942	0.672543947729213	0.854527924023509	"1e-05 to 1"	0.0011335781066772	-0.0046737848113072	174	"success"	"pgls5_castespolymorphic"
"OG0007755_00"	0.0284124105302041	0.0820417632505044	1	"1e-05 to 1"	0.018780360938158	0.0130755955947752	174	"success"	"pgls5_castespolymorphic"
"OG0007756_00"	0.00316574347136085	0.689673566080693	1	"1e-05 to 1"	0.00100541308585487	-0.00480269497759944	174	"success"	"pgls5_castespolymorphic"
"OG0007757_00"	-0.0148850653108528	0.334227886589492	1	"1e-05 to 1"	0.00586563742143942	8.5786476215266e-05	174	"success"	"pgls5_castespolymorphic"
"OG0007758_00"	-0.000621019171353645	0.933210992899933	1	"1e-05 to 1"	4.45916640023414e-05	-0.00576910257050933	174	"success"	"pgls5_castespolymorphic"
"OG0007759_00"	0.00782034093766335	0.0376512737356753	1	"1e-05 to 1"	0.0270598637171331	0.021403235017814	174	"success"	"pgls5_castespolymorphic"
"OG0007760_00"	-0.011072816855249	0.282388383550294	0.967474997642958	"1e-05 to 1"	0.00730998517629865	0.00153853160174233	174	"success"	"pgls5_castespolymorphic"
"OG0007761_00"	-0.0183960156322266	0.193987283307719	0.992346918110942	"1e-05 to 1"	0.0105874639688758	0.00483506550357859	174	"success"	"pgls5_castespolymorphic"
"OG0007762_00"	-0.00435435052116962	0.652494475418002	0.94261233643148	"1e-05 to 1"	0.00127847916299302	-0.00452804130698947	174	"success"	"pgls5_castespolymorphic"
"OG0007763_00"	-0.00496279315529773	0.5358579320814	1e-05	"1e-05 to 1"	0.0024151775456241	-0.00338473421283148	174	"success"	"pgls5_castespolymorphic"
"OG0007764_00"	-0.0045267764475502	0.511832179509498	1	"1e-05 to 1"	0.00276348661837949	-0.00303440008732769	174	"success"	"pgls5_castespolymorphic"
"OG0007765_00"	0.00149012141916181	0.841877231710424	1	"1e-05 to 1"	0.000252648689128747	-0.00555983591151588	174	"success"	"pgls5_castespolymorphic"
"OG0007766_00"	-0.00399396806930275	0.75706736253124	1	"1e-05 to 1"	0.000607352715307929	-0.0052030696526264	174	"success"	"pgls5_castespolymorphic"
"OG0007767_00"	-0.00360770183532895	0.644179014302866	1	"1e-05 to 1"	0.00135347683401128	-0.00445260760300026	174	"success"	"pgls5_castespolymorphic"
"OG0007768_00"	0.00108514379290276	0.887549393673902	1	"1e-05 to 1"	0.000126146570094524	-0.00568707350798636	174	"success"	"pgls5_castespolymorphic"
"OG0007769_00"	0.000310221954984658	0.971483752451798	0.914615831854642	"1e-05 to 1"	8.16528359377183e-06	-0.00580574073219942	174	"success"	"pgls5_castespolymorphic"
"OG0007770_00"	0.014239852216188	0.00569088026109377	1e-05	"1e-05 to 1"	0.0473836803156305	0.0418452133407213	174	"success"	"pgls5_castespolymorphic"
"OG0007771_00"	-0.00889680341450285	0.182512914140353	1e-05	"1e-05 to 1"	0.0112193076248933	0.00547058266922418	174	"success"	"pgls5_castespolymorphic"
"OG0007772_00"	-0.00511766763198617	0.540601275161163	1	"1e-05 to 1"	0.00235951108022507	-0.00344072432047127	174	"success"	"pgls5_castespolymorphic"
"OG0007773_00"	-0.0192030238951977	0.299654352529972	0.505312300907882	"1e-05 to 1"	0.00685006840578523	0.00107594089651664	174	"success"	"pgls5_castespolymorphic"
"OG0007774_00"	0.00271422799928016	0.702481011943138	0.746931995771032	"1e-05 to 1"	0.000920100124256771	-0.00488850394478813	174	"success"	"pgls5_castespolymorphic"
"OG0007775_00"	0.00829980132308437	0.158016089243892	0.283523027475831	"1e-05 to 1"	0.0124959904091573	0.0067546880278152	174	"success"	"pgls5_castespolymorphic"
"OG0007776_00"	-0.000123185212339368	0.928103454543834	1	"1e-05 to 1"	5.16915953298103e-05	-0.00576196136051133	174	"success"	"pgls5_castespolymorphic"
"OG0007777_00"	0.0068273023042762	0.411281166168588	1	"1e-05 to 1"	0.00425018552119886	-0.00153905758623596	174	"success"	"pgls5_castespolymorphic"
"OG0007778_00"	-0.0109444509230518	0.482431425850605	1e-05	"1e-05 to 1"	0.00316769893226802	-0.00262783770184671	174	"success"	"pgls5_castespolymorphic"
"OG0007779_00"	0.0179522991204741	0.22275815518717	1	"1e-05 to 1"	0.00939371242943542	0.00363437354821117	174	"success"	"pgls5_castespolymorphic"
"OG0007780_00"	0.0208407973098131	0.189482983198534	0.867859051512648	"1e-05 to 1"	0.0106692783136052	0.00491735551310291	174	"success"	"pgls5_castespolymorphic"
"OG0007781_00"	0.00547411092092774	0.795697655642059	0.962543870209378	"1e-05 to 1"	0.000428270911833622	-0.00538319262937681	174	"success"	"pgls5_castespolymorphic"
"OG0007782_00"	0.0107888660336038	0.189491512021508	1	"1e-05 to 1"	0.0109400548348202	0.00518970631641791	174	"success"	"pgls5_castespolymorphic"
"OG0007783_00"	0.00508179443643146	0.649336193933845	0.881590080385544	"1e-05 to 1"	0.00131175433237149	-0.004494572677324	174	"success"	"pgls5_castespolymorphic"
"OG0007784_00"	0.000845201625293406	0.928778343445311	1	"1e-05 to 1"	5.07231460113207e-05	-0.00576293544034923	174	"success"	"pgls5_castespolymorphic"
"OG0007785_00"	0.00914847137279232	0.45334687316151	1	"1e-05 to 1"	0.00358631464200223	-0.00220678817984665	174	"success"	"pgls5_castespolymorphic"
"OG0007786_00"	-0.0189809166763776	0.209091764924296	1	"1e-05 to 1"	0.00996708549490647	0.00421108017801641	174	"success"	"pgls5_castespolymorphic"
"OG0007787_00"	-0.00241128396392495	0.681954383151634	1e-05	"1e-05 to 1"	0.00107248018023157	-0.00473523795825548	174	"success"	"pgls5_castespolymorphic"
"OG0007788_00"	-0.00301351360046529	0.620513536814601	0.922300875025787	"1e-05 to 1"	0.00155526624376801	-0.0042496449990006	174	"success"	"pgls5_castespolymorphic"
"OG0007789_00"	0.0104269692339364	0.318403145603523	1	"1e-05 to 1"	0.00626099911938863	0.000483446788687281	174	"success"	"pgls5_castespolymorphic"
"OG0007790_00"	-0.0136928295398782	0.092352888175224	1	"1e-05 to 1"	0.0178255438054027	0.0121152271996202	174	"success"	"pgls5_castespolymorphic"
"OG0007791_00"	-0.00724570624841808	0.647033511965731	0.887577786278524	"1e-05 to 1"	0.00133878039193867	-0.00446738948950354	174	"success"	"pgls5_castespolymorphic"
"OG0007792_00"	-0.00219170433244295	0.865725782188021	0.992316205448889	"1e-05 to 1"	0.000180370569533552	-0.00563253425273658	174	"success"	"pgls5_castespolymorphic"
"OG0007793_00"	-0.000802876021007445	0.52370656864089	1	"1e-05 to 1"	0.00253003662192591	-0.00326920735120262	174	"success"	"pgls5_castespolymorphic"
"OG0007794_00"	-0.00458819684285834	0.547658166429796	0.171346194708218	"1e-05 to 1"	0.00229277826025703	-0.00350784512195101	174	"success"	"pgls5_castespolymorphic"
"OG0007795_00"	-0.00141237403853015	0.545675236152011	1e-05	"1e-05 to 1"	0.00233031563433739	-0.00347008950732342	174	"success"	"pgls5_castespolymorphic"
"OG0007796_00"	-0.0126207643780962	0.186596566197364	1e-05	"1e-05 to 1"	0.0111545091983527	0.0054054075076454	174	"success"	"pgls5_castespolymorphic"
"OG0007797_00"	0.00447376831893354	0.215638002911014	1e-05	"1e-05 to 1"	0.00962626282190778	0.00386827597784922	174	"success"	"pgls5_castespolymorphic"
"OG0007798_00"	-0.000570224479825918	0.949927029018638	1	"1e-05 to 1"	2.50385492104506e-05	-0.0057887693662011	174	"success"	"pgls5_castespolymorphic"
"OG0007799_00"	4.71576948888762e-05	0.996253338769311	1	"1e-05 to 1"	1.44590484658965e-07	-0.00581380805724496	174	"success"	"pgls5_castespolymorphic"
"OG0007800_00"	0.00182084874881746	0.898977149548223	0.949089945937324	"1e-05 to 1"	0.000101680176961684	-0.00571168214759088	174	"success"	"pgls5_castespolymorphic"
"OG0007801_00"	-0.00157711634023985	0.896315268673366	1	"1e-05 to 1"	0.000107139716167862	-0.00570619086687785	174	"success"	"pgls5_castespolymorphic"
"OG0007802_00"	-0.00424986747568447	0.710847645440811	0.849713180075771	"1e-05 to 1"	0.000872197498639889	-0.00493668507404244	174	"success"	"pgls5_castespolymorphic"
"OG0007803_00"	-0.00412926579097711	0.519839380762387	0.847816401006654	"1e-05 to 1"	0.00260989820735858	-0.00318888145422647	174	"success"	"pgls5_castespolymorphic"
"OG0007804_00"	0.00102494614072376	0.875481869222896	1	"1e-05 to 1"	0.000154906204861564	-0.00565814666604036	174	"success"	"pgls5_castespolymorphic"
"OG0007805_00"	0.00279696834525	0.621722609106489	1e-05	"1e-05 to 1"	0.00153479922209119	-0.0042702310149898	174	"success"	"pgls5_castespolymorphic"
"OG0007806_00"	-0.00256881852424927	0.376949578106271	1e-05	"1e-05 to 1"	0.00494406543409132	-0.000841143487803508	174	"success"	"pgls5_castespolymorphic"
"OG0007807_00"	0.0295078637765927	0.0983887543075128	0.433326924383223	"1e-05 to 1"	0.0170854383648688	0.0113708188204786	174	"success"	"pgls5_castespolymorphic"
"OG0007808_00"	0.00404996965957755	0.792354606182916	0.989688621628359	"1e-05 to 1"	0.000439918775240563	-0.00537147704583374	174	"success"	"pgls5_castespolymorphic"
"OG0007809_00"	-0.00263033023571963	0.719528169164249	1	"1e-05 to 1"	0.000813199573221669	-0.00499602601065496	174	"success"	"pgls5_castespolymorphic"
"OG0007810_00"	-0.000296693355618312	0.838665753817391	1	"1e-05 to 1"	0.000261498470190989	-0.00555093467823808	174	"success"	"pgls5_castespolymorphic"
"OG0007811_00"	-0.000740653041210282	0.900016619657192	0.852980730624459	"1e-05 to 1"	0.000100219854614553	-0.00571315096018421	174	"success"	"pgls5_castespolymorphic"
"OG0007812_00"	-0.0337611542242988	0.141636085243738	0.956683782575694	"1e-05 to 1"	0.0136211407180968	0.00788637990831842	174	"success"	"pgls5_castespolymorphic"
"OG0007813_00"	0.0143719153173841	0.0751581465361348	1e-05	"1e-05 to 1"	0.0202870497236611	0.0145910441987988	174	"success"	"pgls5_castespolymorphic"
"OG0007814_00"	0.0208740320680072	0.147418915914968	0.933979685260516	"1e-05 to 1"	0.0133209533503609	0.00758444726518848	174	"success"	"pgls5_castespolymorphic"
"OG0007815_00"	-0.00189347111019833	0.806707208000467	1	"1e-05 to 1"	0.000382457830908881	-0.00542927206542321	174	"success"	"pgls5_castespolymorphic"
"OG0007816_00"	-0.00176926791322008	0.747676429955164	1	"1e-05 to 1"	0.000656884876819615	-0.00515324951343143	174	"success"	"pgls5_castespolymorphic"
"OG0007817_00"	0.0163622214392758	0.285429309245546	0.710475968284851	"1e-05 to 1"	0.00721856939400543	0.00144658433234257	174	"success"	"pgls5_castespolymorphic"
"OG0007818_00"	0.00141039218249663	0.876640249750755	0.790465425446396	"1e-05 to 1"	0.00015395702876211	-0.00565910136060555	174	"success"	"pgls5_castespolymorphic"
"OG0007819_00"	-0.0334368036613975	0.157996669726425	0.665276681379088	"1e-05 to 1"	0.0129856268077478	0.00724717114965345	174	"success"	"pgls5_castespolymorphic"
"OG0007820_00"	0.00979047230468099	0.374468890257159	1	"1e-05 to 1"	0.00502742356235656	-0.000757300719257614	174	"success"	"pgls5_castespolymorphic"
"OG0007821_00"	0.00516703674340302	0.676419052270284	1e-05	"1e-05 to 1"	0.00109834874368067	-0.00470921899618171	174	"success"	"pgls5_castespolymorphic"
"OG0007822_00"	0.0158487231469326	0.259760562535319	0.324430084305032	"1e-05 to 1"	0.00803121732713552	0.00226395696275827	174	"success"	"pgls5_castespolymorphic"
"OG0007823_00"	0.000326463704671082	0.96230556554381	0.784995570814557	"1e-05 to 1"	1.39160975986468e-05	-0.00579995648322917	174	"success"	"pgls5_castespolymorphic"
"OG0007824_00"	0.00565135825504738	0.484171181863711	1	"1e-05 to 1"	0.00310279946458762	-0.00269311449201348	174	"success"	"pgls5_castespolymorphic"
"OG0007826_00"	0.0108277478962043	0.225987635760702	0.950806829757906	"0.001 to 1"	0.00932321344526734	0.00356346468622815	174	"success"	"pgls5_castespolymorphic"
"OG0007827_00"	0.00170116586193712	0.899227981907466	1	"1e-05 to 1"	0.000102466064842554	-0.00571089169059458	174	"success"	"pgls5_castespolymorphic"
"OG0007828_00"	-0.00432259483501244	0.721508320894651	1	"1e-05 to 1"	0.00081150073273155	-0.0049977347281247	174	"success"	"pgls5_castespolymorphic"
"OG0007829_00"	0.0106967047390837	0.146130016092969	1	"1e-05 to 1"	0.0133210961959665	0.00758459094129182	174	"success"	"pgls5_castespolymorphic"
"OG0007832_00"	-0.0074159403233721	0.486612144925459	1	"1e-05 to 1"	0.0031077381843307	-0.00268814705878362	174	"success"	"pgls5_castespolymorphic"
"OG0007833_00"	-0.0108356641161483	0.41855094628468	0.987646227343216	"1e-05 to 1"	0.00417258826250652	-0.00161710599178111	174	"success"	"pgls5_castespolymorphic"
"OG0007834_00"	-0.00179677714644625	0.724135488016564	1	"1e-05 to 1"	0.000785584347196602	-0.00502380179031969	174	"success"	"pgls5_castespolymorphic"
"OG0007835_00"	0.0137081081258394	0.356380871247094	1	"1e-05 to 1"	0.00538608283729929	-0.000396556215972232	174	"success"	"pgls5_castespolymorphic"
"OG0007836_00"	0.00767484762508784	0.307681174562515	1	"1e-05 to 1"	0.00662712054172354	0.000851696823942927	174	"success"	"pgls5_castespolymorphic"
"OG0007838_00"	0.00059640240623356	0.955837564763669	1e-05	"1e-05 to 1"	1.94707546967729e-05	-0.00579436953161316	174	"success"	"pgls5_castespolymorphic"
"OG0007839_00"	0.00281412315534247	0.584366894630812	1	"1e-05 to 1"	0.00189804526844719	-0.00390487307301535	174	"success"	"pgls5_castespolymorphic"
"OG0007840_00"	0.0146785418943146	0.448109692170251	0.168474326377665	"1e-05 to 1"	0.00402992504718578	-0.00176059864440026	174	"success"	"pgls5_castespolymorphic"
"OG0007842_00"	0.00412899799155185	0.552861747763155	1	"1e-05 to 1"	0.00227710109805431	-0.00352361343044527	174	"success"	"pgls5_castespolymorphic"
"OG0007843_00"	0.000650805487975719	0.957809115745476	0.876278508180833	"1e-05 to 1"	1.83521119672156e-05	-0.0057954946780796	174	"success"	"pgls5_castespolymorphic"
"OG0007844_00"	-0.0165864262229091	0.211952963682796	0.587246825228169	"1e-05 to 1"	0.0140007228082715	0.00826816887111026	174	"success"	"pgls5_castespolymorphic"
"OG0007845_00"	0.0116193071453682	0.403865621048395	1e-05	"1e-05 to 1"	0.00712093653755826	0.00134838384300917	174	"success"	"pgls5_castespolymorphic"
"OG0007846_00"	-0.014078065798687	0.275925145307575	0.874368100790352	"1e-05 to 1"	0.0077536687934001	0.0019847947747571	174	"success"	"pgls5_castespolymorphic"
"OG0007847_00"	-0.00487293811380087	0.718263451072173	0.985299297435115	"0.001 to 1"	0.00121006901678904	-0.00459684918660175	174	"success"	"pgls5_castespolymorphic"
"OG0007848_00"	-0.00302295475575822	0.701202211329214	1	"1e-05 to 1"	0.000946326507054721	-0.00486212508302053	174	"success"	"pgls5_castespolymorphic"
"OG0007849_00"	3.54224456094315e-05	0.993796312738386	1e-05	"1e-05 to 1"	3.99037156176049e-07	-0.00581355213123236	174	"success"	"pgls5_castespolymorphic"
"OG0007850_00"	0.0130689329929344	0.31511122222262	1	"1e-05 to 1"	0.0063866530335992	0.000609831248910786	174	"success"	"pgls5_castespolymorphic"
"OG0007851_00"	-0.00334540840485491	0.720579204426849	1	"1e-05 to 1"	0.000866997868892231	-0.0049419149341956	174	"success"	"pgls5_castespolymorphic"
"OG0007852_00"	-0.00892471566074458	0.147891120360007	1e-05	"1e-05 to 1"	0.012961077404882	0.00722247901770123	174	"success"	"pgls5_castespolymorphic"
"OG0007853_00"	-0.0165029055464043	0.357195940690596	0.139249477830898	"1e-05 to 1"	0.00725013716339571	0.00147833563527588	174	"success"	"pgls5_castespolymorphic"
"OG0007854_00"	-0.00363162576583559	0.550211721667231	0.735105282654274	"1e-05 to 1"	0.00224942854781359	-0.00355144686760611	174	"success"	"pgls5_castespolymorphic"
"OG0007855_00"	-0.0049934485632595	0.670100077246242	1	"1e-05 to 1"	0.00117396457678605	-0.00463316353613963	174	"success"	"pgls5_castespolymorphic"
"OG0007856_00"	-0.00182526371120536	0.799638961564962	0.907433925356576	"1e-05 to 1"	0.000406361661114974	-0.00540522925945996	174	"success"	"pgls5_castespolymorphic"
"OG0007857_00"	-0.00411198383040723	0.400887827818714	1e-05	"1e-05 to 1"	0.00477268686931881	-0.00101351843958053	174	"success"	"pgls5_castespolymorphic"
"OG0007858_00"	-0.00294323856025814	0.587612877524206	1	"1e-05 to 1"	0.0018537123934835	-0.00394946369725191	174	"success"	"pgls5_castespolymorphic"
"OG0007859_00"	0.00260682482346646	0.0996433668873806	1e-05	"1e-05 to 1"	0.017066756093531	0.0113520279312842	174	"success"	"pgls5_castespolymorphic"
"OG0007860_00"	0.013243646050849	0.212301902246546	1	"1e-05 to 1"	0.00982850829263468	0.0040716972943361	174	"success"	"pgls5_castespolymorphic"
"OG0007861_00"	-0.00217483663154794	0.689731935623533	1	"1e-05 to 1"	0.00101785131597359	-0.00479018443218937	174	"success"	"pgls5_castespolymorphic"
"OG0007862_00"	0.0119292705507546	0.308852570427556	0.724491025169254	"1e-05 to 1"	0.00663748158373277	0.000862118104568488	174	"success"	"pgls5_castespolymorphic"
"OG0007863_00"	-0.020217578466312	0.507826983751117	0.986224313632864	"1e-05 to 1"	0.00276298697546647	-0.00303490263514128	174	"success"	"pgls5_castespolymorphic"
"OG0007864_00"	0.0157204907005029	0.190642511361215	0.841451345012753	"1e-05 to 1"	0.010814945928465	0.00506387003270026	174	"success"	"pgls5_castespolymorphic"
"OG0007865_00"	0.0140062434666047	0.330000041904517	1	"1e-05 to 1"	0.00612286860225926	0.000344513187156226	174	"success"	"pgls5_castespolymorphic"
"OG0007866_00"	0.000427999764093387	0.979265302273455	0.934268084976817	"1e-05 to 1"	4.34389674460868e-06	-0.00580958433641365	174	"success"	"pgls5_castespolymorphic"
"OG0007867_00"	-0.000955113625123191	0.93134528810621	0.650965717537115	"1e-05 to 1"	4.80389300832616e-05	-0.00576563526218354	174	"success"	"pgls5_castespolymorphic"
"OG0007868_00"	0.00432389410170781	0.475120620765601	1	"1e-05 to 1"	0.00340581769124209	-0.00238833453148324	174	"success"	"pgls5_castespolymorphic"
"OG0007869_00"	0.0688622715790815	0.124322074642754	0.901500698148708	"1e-05 to 1"	0.0149792429982344	0.00925237813194502	174	"success"	"pgls5_castespolymorphic"
"OG0007870_00"	0.0147156119491125	0.0333956023249908	1	"1e-05 to 1"	0.028501752714843	0.0228535070910921	174	"success"	"pgls5_castespolymorphic"
"OG0007871_00"	-0.00422841684838406	0.368956765411061	1	"1e-05 to 1"	0.00511177840606208	-0.000672455440414277	174	"success"	"pgls5_castespolymorphic"
"OG0007872_00"	0.00222201568653843	0.827652371197718	1e-05	"1e-05 to 1"	0.000440820320791115	-0.00537057025873922	174	"success"	"pgls5_castespolymorphic"
"OG0007873_00"	0.00243938465263987	0.805520046260073	1	"1e-05 to 1"	0.00040004399451436	-0.00541158365668037	174	"success"	"pgls5_castespolymorphic"
"OG0007874_00"	-0.00451014258251686	0.589245241224557	1	"1e-05 to 1"	0.00189736913164549	-0.00390555314084495	174	"success"	"pgls5_castespolymorphic"
"OG0007875_00"	-0.0082139002013489	0.34169757233296	1	"1e-05 to 1"	0.0059106306520464	0.000131041295372336	174	"success"	"pgls5_castespolymorphic"
"OG0007876_00"	-0.00573899361634474	0.21463048850381	1e-05	"1e-05 to 1"	0.00998178561943002	0.00422586576838013	174	"success"	"pgls5_castespolymorphic"
"OG0007877_00"	-0.00256463328578136	0.414331988866183	1e-05	"1e-05 to 1"	0.00424865988567566	-0.00154059209173307	174	"success"	"pgls5_castespolymorphic"
"OG0007878_00"	0.000440020414078451	0.957592973751734	0.918149195156229	"1e-05 to 1"	1.81831103163427e-05	-0.00579566466229808	174	"success"	"pgls5_castespolymorphic"
"OG0007879_00"	0.00263613820288039	0.638120799516858	0.768087204679703	"1e-05 to 1"	0.0014590467496567	-0.0043464239087756	174	"success"	"pgls5_castespolymorphic"
"OG0007880_00"	0.0156503918072722	0.158457669890535	1	"1e-05 to 1"	0.0127086913320461	0.00696862558397671	174	"success"	"pgls5_castespolymorphic"
"OG0007881_00"	0.00255812834028746	0.682291594517105	1e-05	"1e-05 to 1"	0.00106328668415083	-0.00474448490489499	174	"success"	"pgls5_castespolymorphic"
"OG0007882_00"	0.0160595992281325	0.161354340094796	0.62548413106034	"1e-05 to 1"	0.0124551441625642	0.00671360430304435	174	"success"	"pgls5_castespolymorphic"
"OG0007883_00"	0.0168621777471133	0.415137262362538	0.822456365866118	"1e-05 to 1"	0.00426122225297278	-0.0015279566874169	174	"success"	"pgls5_castespolymorphic"
"OG0007884_00"	0.0121060916110173	0.102196187381252	1e-05	"1e-05 to 1"	0.0169216833752004	0.0112061117669167	174	"success"	"pgls5_castespolymorphic"
"OG0007885_00"	0.0184178043557002	0.106134521980637	0.31507373538469	"1e-05 to 1"	0.0170855490850316	0.0113709301843631	174	"success"	"pgls5_castespolymorphic"
"OG0007886_00"	0.00696559054027373	0.356752472594016	1	"1e-05 to 1"	0.00544676621783113	-0.00033552002508852	174	"success"	"pgls5_castespolymorphic"
"OG0007887_00"	0.00916435253548297	0.535316571255855	1e-05	"1e-05 to 1"	0.00251674219837003	-0.00328257906791851	174	"success"	"pgls5_castespolymorphic"
"OG0007888_00"	0.0169969527428218	0.521399801642001	1	"1e-05 to 1"	0.0025742434600766	-0.00322474349655089	174	"success"	"pgls5_castespolymorphic"
"OG0007889_00"	0.00334070926811571	0.432369440722245	1	"1e-05 to 1"	0.0038816997098264	-0.00190968575697692	174	"success"	"pgls5_castespolymorphic"
"OG0007890_00"	0.00125246777021649	0.899924878112912	1e-05	"1e-05 to 1"	0.000100404819795821	-0.00571296491962392	174	"success"	"pgls5_castespolymorphic"
"OG0007891_00"	-0.00681418139700355	0.553874729184481	1e-05	"1e-05 to 1"	0.00226551571637802	-0.00353526616899202	174	"success"	"pgls5_castespolymorphic"
"OG0007893_00"	0.011583326726208	0.120845493428527	1e-05	"1e-05 to 1"	0.0152581562149077	0.00953291293708747	174	"success"	"pgls5_castespolymorphic"
"OG0007894_00"	0.00553215231367293	0.3281367781608	1	"1e-05 to 1"	0.00629187303746961	0.000514500206292068	174	"success"	"pgls5_castespolymorphic"
"OG0007895_00"	-0.00809542846961361	0.45008707800984	1	"1e-05 to 1"	0.0035477681955962	-0.00224555873349908	174	"success"	"pgls5_castespolymorphic"
"OG0007896_00"	0.0101864014789581	0.570877285379671	1	"1e-05 to 1"	0.0021753579017715	-0.00362594815693917	174	"success"	"pgls5_castespolymorphic"
"OG0007897_00"	-0.00520564616294945	0.39987302427533	1	"1e-05 to 1"	0.00448959744759067	-0.00129825373003944	174	"success"	"pgls5_castespolymorphic"
"OG0007898_00"	-0.00245525924502327	0.811866743062938	1	"1e-05 to 1"	0.000357365282336	-0.00545451050090628	174	"success"	"pgls5_castespolymorphic"
"OG0007899_00"	-0.00186288310528054	0.875518288071592	0.9166974168167	"1e-05 to 1"	0.000152885876268829	-0.00566017874072955	174	"success"	"pgls5_castespolymorphic"
"OG0007900_00"	-0.000207290148971567	0.957092370259047	1e-05	"1e-05 to 1"	1.86153504640229e-05	-0.0057952299091264	174	"success"	"pgls5_castespolymorphic"
"OG0007901_00"	0.0317292800373648	0.000270394579658273	1	"1e-05 to 1"	0.0827865230581936	0.0774538865643459	174	"success"	"pgls5_castespolymorphic"
"OG0007902_00"	0.0176881703830182	0.00464618072587264	1e-05	"1e-05 to 1"	0.0495982879938798	0.044072696645007	174	"success"	"pgls5_castespolymorphic"
"OG0007903_00"	-0.00483484872190343	0.632441627411205	0.654040424253816	"1e-05 to 1"	0.0014514093111635	-0.00435410575098083	174	"success"	"pgls5_castespolymorphic"
"OG0007904_00"	0.000159920590313174	0.963542146696278	1	"1e-05 to 1"	1.34359668392017e-05	-0.0058004394054465	174	"success"	"pgls5_castespolymorphic"
"OG0007905_00"	-0.0186340894460426	0.320378449179525	1	"1e-05 to 1"	0.0062495598002785	0.000471940961908057	174	"success"	"pgls5_castespolymorphic"
"OG0007906_00"	0.0117549071749442	0.175631205953019	0.64294411065564	"1e-05 to 1"	0.0116516762790313	0.00590546509460699	174	"success"	"pgls5_castespolymorphic"
"OG0007907_00"	-0.014550761979427	0.203417907727201	1	"1e-05 to 1"	0.0102831885846244	0.00452902107639541	174	"success"	"pgls5_castespolymorphic"
"OG0007908_00"	-0.00580160118853274	0.306743885157978	1e-05	"1e-05 to 1"	0.006738594408158	0.000963818794251892	174	"success"	"pgls5_castespolymorphic"
"OG0007909_00"	-0.00425759291964709	0.390696283345202	1e-05	"1e-05 to 1"	0.00466697570148328	-0.0011198442072291	174	"success"	"pgls5_castespolymorphic"
"OG0007910_00"	0.0069435546455796	0.55417400430032	0.941157309740423	"1e-05 to 1"	0.00223322455181184	-0.00356774507288704	174	"success"	"pgls5_castespolymorphic"
"OG0007911_00"	-0.000130232520343813	0.985318393399136	0.47006033411502	"1e-05 to 1"	2.16370990737889e-06	-0.00581177719875603	174	"success"	"pgls5_castespolymorphic"
"OG0007912_00"	0.002604167784206	0.681177275857154	1e-05	"1e-05 to 1"	0.00107802999136739	-0.0047296558807759	174	"success"	"pgls5_castespolymorphic"
"OG0007913_00"	0.0168100467353769	0.128949450366875	0.794556298403881	"1e-05 to 1"	0.0146210406054337	0.00889209316709327	174	"success"	"pgls5_castespolymorphic"
"OG0007914_00"	-0.0045020174841632	0.449173452954724	0.61744389891772	"1e-05 to 1"	0.00365294913765332	-0.00213976627433698	174	"success"	"pgls5_castespolymorphic"
"OG0007915_00"	0.00153056342663316	0.873003601176735	0.676408645783423	"1e-05 to 1"	0.000163246223628334	-0.00564975815879243	174	"success"	"pgls5_castespolymorphic"
"OG0007916_00"	0.0115275274605604	0.275021002492877	0.74580557871365	"1e-05 to 1"	0.00758465101179469	0.00181479433163068	174	"success"	"pgls5_castespolymorphic"
"OG0007917_00"	0.00906126367883558	0.609355844619258	0.954253074121322	"1e-05 to 1"	0.00169961269269751	-0.00410445932653114	174	"success"	"pgls5_castespolymorphic"
"OG0007918_00"	-0.0128249169236453	0.232138893265763	0.331683050045102	"1e-05 to 1"	0.0117781351504307	0.00603265919200302	174	"success"	"pgls5_castespolymorphic"
"OG0007919_00"	0.00677357309428779	0.110500162598133	1e-05	"1e-05 to 1"	0.0160415587755173	0.0103208701637471	174	"success"	"pgls5_castespolymorphic"
"OG0007920_00"	0.0108362993154707	0.0488984368149228	1e-05	"1e-05 to 1"	0.0240251383033332	0.0183508658516085	174	"success"	"pgls5_castespolymorphic"
"OG0007921_00"	0.00174856776550604	0.787671777021611	1	"1e-05 to 1"	0.000460472074208851	-0.00535080425094114	174	"success"	"pgls5_castespolymorphic"
"OG0007922_00"	0.00938073005419371	0.572251317360295	0.923497723207312	"1e-05 to 1"	0.00202289300853424	-0.00377929947397448	174	"success"	"pgls5_castespolymorphic"
"OG0007923_00"	-0.00104811280391741	0.930534246726339	1	"1e-05 to 1"	4.7641752202821e-05	-0.00576603474923787	174	"success"	"pgls5_castespolymorphic"
"OG0007924_00"	-0.0326845448050406	0.165496438297437	0.682086374617479	"1e-05 to 1"	0.0120607858178967	0.00631695317730308	174	"success"	"pgls5_castespolymorphic"
"OG0007925_00"	-0.0056068238598307	0.232470029898522	1	"1e-05 to 1"	0.00906836834375683	0.00330713792715076	174	"success"	"pgls5_castespolymorphic"
"OG0007926_00"	0.00148101715746914	0.875326864389588	0.991677949152108	"1e-05 to 1"	0.000156281177559393	-0.00565676369931523	174	"success"	"pgls5_castespolymorphic"
"OG0007927_00"	-0.0057267187193964	0.799584166020334	1e-05	"1e-05 to 1"	0.000711975645666584	-0.00509783844941669	174	"success"	"pgls5_castespolymorphic"
"OG0007928_00"	0.00206007570314773	0.772478258603405	1e-05	"1e-05 to 1"	0.000527296127440805	-0.00528359168577164	174	"success"	"pgls5_castespolymorphic"
"OG0007929_00"	-0.00210955686367041	0.772199946102138	0.933113014287439	"1e-05 to 1"	0.000531978661187228	-0.00527888192799186	174	"success"	"pgls5_castespolymorphic"
"OG0007930_00"	0.00619417944215211	0.397494461772813	0.94084636652891	"0.001 to 1"	0.00453500833917496	-0.00125257882164376	174	"success"	"pgls5_castespolymorphic"
"OG0007931_00"	0.0399016853362897	0.0472728005532193	0.795942310807138	"1e-05 to 1"	0.0245245921133774	0.0188532234628739	174	"success"	"pgls5_castespolymorphic"
"OG0007932_00"	-0.00756507696257334	0.315426351877318	1e-05	"1e-05 to 1"	0.00641899194666513	0.000642358178913227	174	"success"	"pgls5_castespolymorphic"
"OG0007933_00"	-0.000171073878339775	0.991420715196666	0.987478085866079	"1e-05 to 1"	7.43542821612463e-07	-0.00581320562262699	174	"success"	"pgls5_castespolymorphic"
"OG0007934_00"	-0.0116045439650791	0.381706801147601	1e-05	"1e-05 to 1"	0.00484658445879447	-0.000939191212956825	174	"success"	"pgls5_castespolymorphic"
"OG0007935_00"	-0.0166201048427343	0.241241076660968	1e-05	"1e-05 to 1"	0.00873679767537426	0.00297363952232399	174	"success"	"pgls5_castespolymorphic"
"OG0007936_00"	0.0021825248249311	0.809022583538976	0.74390813248776	"1e-05 to 1"	0.000375571725065154	-0.00543619820676589	174	"success"	"pgls5_castespolymorphic"
"OG0007937_00"	-0.00530135460408072	0.460504619561017	0.991946786257768	"1e-05 to 1"	0.00401158877889953	-0.00177904151889763	174	"success"	"pgls5_castespolymorphic"
"OG0007938_00"	0.0248660107278852	0.00437884396873134	0.914701045313012	"1e-05 to 1"	0.0505587763108757	0.0450387691964039	174	"success"	"pgls5_castespolymorphic"
"OG0007939_00"	0.00419675394398742	0.577752307240059	1	"1e-05 to 1"	0.00197810957356241	-0.00382434327775405	174	"success"	"pgls5_castespolymorphic"
"OG0007940_00"	0.00595245232165845	0.786709823110049	0.602452104299783	"1e-05 to 1"	0.000470732537120443	-0.00534048413417532	174	"success"	"pgls5_castespolymorphic"
"OG0007941_00"	0.00149439567757382	0.851210934262987	0.796701846567631	"1e-05 to 1"	0.0002233634358938	-0.00558929142785103	174	"success"	"pgls5_castespolymorphic"
"OG0007942_00"	-6.57114190306334e-05	0.947784935299361	1	"1e-05 to 1"	2.67207874986901e-05	-0.00578707734745776	174	"success"	"pgls5_castespolymorphic"
"OG0007943_00"	-0.00745267625458658	0.478785261991292	1	"1e-05 to 1"	0.00320014610189536	-0.00259520188588436	174	"success"	"pgls5_castespolymorphic"
"OG0007944_00"	0.00965455697846004	0.53564086706882	0.976923762194633	"1e-05 to 1"	0.00244860588484985	-0.00335111152279643	174	"success"	"pgls5_castespolymorphic"
"OG0007945_00"	-0.0102036790020203	0.440248408042804	0.935410138226429	"1e-05 to 1"	0.00387281362482423	-0.00191862350526395	174	"success"	"pgls5_castespolymorphic"
"OG0007946_00"	0.00892550009738433	0.175184582864728	1e-05	"1e-05 to 1"	0.01167566855737	0.00592959686293604	174	"success"	"pgls5_castespolymorphic"
"OG0007947_00"	0.00724438296782709	0.555755303033098	0.594640903491398	"1e-05 to 1"	0.00221546648772259	-0.00358560638153471	174	"success"	"pgls5_castespolymorphic"
"OG0007948_00"	0.0007296512733862	0.966103138800047	0.617549210280808	"1e-05 to 1"	1.16135525321742e-05	-0.00580227241518561	174	"success"	"pgls5_castespolymorphic"
"OG0007949_00"	0.0269049395558688	0.127303599336571	0.511557647308465	"1e-05 to 1"	0.0146538582199806	0.00892510158172466	174	"success"	"pgls5_castespolymorphic"
"OG0007950_00"	-0.00288487768017015	0.724107940111979	0.886180862099091	"1e-05 to 1"	0.000795785273447471	-0.00501354155635791	174	"success"	"pgls5_castespolymorphic"
"OG0007951_00"	-0.00411733813242461	0.642327989280948	0.635807781043196	"1e-05 to 1"	0.00138623581862648	-0.00441965815917222	174	"success"	"pgls5_castespolymorphic"
"OG0007952_00"	0.0079376195765661	0.025232434510476	1e-05	"1e-05 to 1"	0.0314921487011473	0.0258612891005726	174	"success"	"pgls5_castespolymorphic"
"OG0007953_00"	-0.00579121245013169	0.446416981073585	1e-05	"1e-05 to 1"	0.00369748928237658	-0.0020949671752839	174	"success"	"pgls5_castespolymorphic"
"OG0007954_00"	0.00320178962855154	0.837658460617853	1e-05	"1e-05 to 1"	0.000266500938568832	-0.00554590312574188	174	"success"	"pgls5_castespolymorphic"
"OG0007955_00"	-0.0058269115659232	0.768610236320311	0.780994098640357	"1e-05 to 1"	0.00054936790657129	-0.00526139158234407	174	"success"	"pgls5_castespolymorphic"
"OG0007956_00"	-0.00352333410394633	0.646680294246353	0.567235632927478	"1e-05 to 1"	0.00134165514680241	-0.00446449802094873	174	"success"	"pgls5_castespolymorphic"
"OG0007957_00"	0.0317273442102836	0.0661703863275096	0.859890537470863	"1e-05 to 1"	0.0210714644940584	0.0153800195201866	174	"success"	"pgls5_castespolymorphic"
"OG0007958_00"	0.00460997911809133	0.650646215459814	0.911035420110714	"1e-05 to 1"	0.00128497499135821	-0.00452150771218029	174	"success"	"pgls5_castespolymorphic"
"OG0007959_00"	-0.00719959658632777	0.567866798601366	0.553365025067639	"1e-05 to 1"	0.00208257608214504	-0.00371926940574951	174	"success"	"pgls5_castespolymorphic"
"OG0007960_00"	-0.00444449207141995	0.649228731460506	0.856347152493175	"1e-05 to 1"	0.00132099737496928	-0.00448527589610648	174	"success"	"pgls5_castespolymorphic"
"OG0007961_00"	-0.00807638284283774	0.646565541513603	0.669445217117866	"1e-05 to 1"	0.00135995768152025	-0.00444608907614552	174	"success"	"pgls5_castespolymorphic"
"OG0007962_00"	-0.0158257115944281	0.478299755666079	1	"1e-05 to 1"	0.00324865610868879	-0.00254640984416765	174	"success"	"pgls5_castespolymorphic"
"OG0007963_00"	0.0030323381518733	0.814687347475077	0.896547645951357	"1e-05 to 1"	0.000350962621782629	-0.0054609503862304	174	"success"	"pgls5_castespolymorphic"
"OG0007964_00"	-0.012979766057669	0.326886559080701	1e-05	"1e-05 to 1"	0.00612294295843617	0.000344587975636412	174	"success"	"pgls5_castespolymorphic"
"OG0007965_00"	-0.00550139959623298	0.393933302859723	1	"1e-05 to 1"	0.0046330799951397	-0.00115393698163269	174	"success"	"pgls5_castespolymorphic"
"OG0007966_00"	-0.00173799786266606	0.800504761228678	1e-05	"1e-05 to 1"	0.000407928754043187	-0.00540365305552637	174	"success"	"pgls5_castespolymorphic"
"OG0007967_00"	0.012592398244046	0.467493713654644	1	"1e-05 to 1"	0.00336742032243891	-0.00242695514080271	174	"success"	"pgls5_castespolymorphic"
"OG0007968_00"	-0.00368517890996004	0.489980993279187	1	"1e-05 to 1"	0.00306003620372223	-0.00273612637648868	174	"success"	"pgls5_castespolymorphic"
"OG0007969_00"	-0.00563477061217942	0.682359006308674	1e-05	"1e-05 to 1"	0.00106959712475952	-0.00473813777567789	174	"success"	"pgls5_castespolymorphic"
"OG0007970_00"	-0.00304183598079328	0.553622802263554	0.785821783444308	"1e-05 to 1"	0.00223943702706208	-0.00356149647859461	174	"success"	"pgls5_castespolymorphic"
"OG0007971_00"	-0.0100038716849909	0.259577550467569	1e-05	"1e-05 to 1"	0.00803736431852329	0.00227013969246825	174	"success"	"pgls5_castespolymorphic"
"OG0007972_00"	-0.000610956565380033	0.924046910492521	1	"1e-05 to 1"	5.77072635316574e-05	-0.00575591071749448	174	"success"	"pgls5_castespolymorphic"
"OG0007973_00"	-0.0180788678932947	0.0911988872486784	1	"1e-05 to 1"	0.0178393112817839	0.0121290747194686	174	"success"	"pgls5_castespolymorphic"
"OG0007974_00"	-0.010135974466448	0.265121954296542	1	"1e-05 to 1"	0.00780411495986193	0.00203553423288438	174	"success"	"pgls5_castespolymorphic"
"OG0007975_00"	0.00792183534424007	0.421555360152183	1	"1e-05 to 1"	0.0040930050379781	-0.0016971519094755	174	"success"	"pgls5_castespolymorphic"
"OG0007976_00"	0.0076393989070694	0.43061033961608	1e-05	"1e-05 to 1"	0.0039612892790708	-0.00182963345767884	174	"success"	"pgls5_castespolymorphic"
"OG0007977_00"	-0.00194081305828527	0.654744025044257	0.930764581540136	"1e-05 to 1"	0.00126084625374894	-0.00454577673314782	174	"success"	"pgls5_castespolymorphic"
"OG0007978_00"	0.00263018643787053	0.725556049353011	1e-05	"1e-05 to 1"	0.000787105855297118	-0.00502227143624201	174	"success"	"pgls5_castespolymorphic"
"OG0007979_00"	-7.55384355178888e-05	0.964706926874665	1	"1e-05 to 1"	1.25906122045358e-05	-0.00580128967493376	174	"success"	"pgls5_castespolymorphic"
"OG0007980_00"	0.0187790773340931	0.0647144485790352	1	"1e-05 to 1"	0.0214318021130526	0.0157424521253379	174	"success"	"pgls5_castespolymorphic"
"OG0007981_00"	0.0187905274955444	0.0848183765200967	0.765940952564832	"1e-05 to 1"	0.0186806869895088	0.0129753421464247	174	"success"	"pgls5_castespolymorphic"
"OG0007982_00"	-0.00498900778798197	0.653113216321273	1	"1e-05 to 1"	0.00130656648955675	-0.00449979068201567	174	"success"	"pgls5_castespolymorphic"
"OG0007983_00"	-0.00998174960845869	0.134789502707037	1	"1e-05 to 1"	0.0140992641000207	0.00836728307734635	174	"success"	"pgls5_castespolymorphic"
"OG0007984_00"	-0.0182119753264456	0.0313068989193543	0.515442484308323	"1e-05 to 1"	0.0293734257855449	0.0237302480284842	174	"success"	"pgls5_castespolymorphic"
"OG0007985_00"	0.000138861112760166	0.993066727391943	0.844981959017281	"1e-05 to 1"	4.82492645768374e-07	-0.00581346819053663	174	"success"	"pgls5_castespolymorphic"
"OG0007986_00"	0.00620691690292481	0.423375126737326	0.354893554769213	"1e-05 to 1"	0.00411321202859697	-0.001676827436353	174	"success"	"pgls5_castespolymorphic"
"OG0007987_00"	-0.00313866925025255	0.734758884377313	0.901557106577098	"1e-05 to 1"	0.000737902459990408	-0.00507176089780037	174	"success"	"pgls5_castespolymorphic"
"OG0007988_00"	0.00475868818143901	0.522654744694188	1e-05	"1e-05 to 1"	0.00259123479226733	-0.00320765337754514	174	"success"	"pgls5_castespolymorphic"
"OG0007989_00"	-9.38681928721648e-05	0.989739247186287	1e-05	"1e-05 to 1"	1.04344753063594e-06	-0.00581290397428602	174	"success"	"pgls5_castespolymorphic"
"OG0007990_00"	-0.000887738827904831	0.898615431535894	0.242561448995197	"1e-05 to 1"	0.000103722264213492	-0.00570962818773868	174	"success"	"pgls5_castespolymorphic"
"OG0007991_00"	0.00778934031603759	0.60648535082011	1	"1e-05 to 1"	0.001672563852667	-0.0041316654272594	174	"success"	"pgls5_castespolymorphic"
"OG0007992_00"	0.00872835799842491	0.492031704948217	0.858708195153327	"1e-05 to 1"	0.00297397615103596	-0.00282268677831832	174	"success"	"pgls5_castespolymorphic"
"OG0007993_00"	0.0211391796011733	0.0365487526764519	0.904059761183467	"1e-05 to 1"	0.0272021173258023	0.0215463156823477	174	"success"	"pgls5_castespolymorphic"
"OG0007994_00"	-0.00310679180396972	0.851637640346829	0.592611825304214	"1e-05 to 1"	0.000220668346019345	-0.00559200218685252	174	"success"	"pgls5_castespolymorphic"
"OG0007995_00"	0.00496746979616029	0.728040301528061	0.834770234195419	"1e-05 to 1"	0.000757819295667682	-0.00505172826656675	174	"success"	"pgls5_castespolymorphic"
"OG0007996_00"	-0.00108555574036172	0.877811513527289	0.899665766052053	"1e-05 to 1"	0.000150065738358752	-0.00566301527479052	174	"success"	"pgls5_castespolymorphic"
"OG0007997_00"	0.0523914976339215	0.0193392208299801	1	"1e-05 to 1"	0.0339253856766703	0.0283086728026974	174	"success"	"pgls5_castespolymorphic"
"OG0007998_00"	0.0011815725203953	0.866976955912203	1	"1e-05 to 1"	0.000179255332285285	-0.00563365597392251	174	"success"	"pgls5_castespolymorphic"
"OG0007999_00"	-0.00434171784615251	0.654698809445388	1	"1e-05 to 1"	0.00127730631705115	-0.0045292209718033	174	"success"	"pgls5_castespolymorphic"
"OG0008000_00"	0.0500201218315696	0.102086237951295	0.559604595051204	"1e-05 to 1"	0.0170404012184959	0.0113255198302312	174	"success"	"pgls5_castespolymorphic"
"OG0008001_00"	0.00388192614809426	0.712017681148702	0.844854505159914	"1e-05 to 1"	0.00088161266574381	-0.00492721516759498	174	"success"	"pgls5_castespolymorphic"
"OG0008002_00"	0.0134960089949724	0.0168759341829776	1e-05	"1e-05 to 1"	0.0362779802380908	0.0306749452394751	174	"success"	"pgls5_castespolymorphic"
"OG0008003_00"	0.0131202292722306	0.0189817693795118	1e-05	"1e-05 to 1"	0.0341241561448357	0.0285085989131196	174	"success"	"pgls5_castespolymorphic"
"OG0008005_00"	-0.00665769142215944	0.542311918763417	1	"1e-05 to 1"	0.00238473722040661	-0.00341535151668415	174	"success"	"pgls5_castespolymorphic"
"OG0008006_00"	0.0154833985417734	0.232500595928747	1e-05	"1e-05 to 1"	0.00906718689485259	0.00330594960935748	174	"success"	"pgls5_castespolymorphic"
"OG0008007_00"	0.0011775562234118	0.820336321182285	1e-05	"1e-05 to 1"	0.000329528995150547	-0.00548250862697053	174	"success"	"pgls5_castespolymorphic"
"OG0008008_00"	-0.00375674064747068	0.547951114662252	0.86432984039778	"1e-05 to 1"	0.00230404080624991	-0.00349651709603926	174	"success"	"pgls5_castespolymorphic"
"OG0008009_00"	0.00311343849527226	0.717683216475407	0.726318630085283	"1e-05 to 1"	0.000824408728825342	-0.00498475168554191	174	"success"	"pgls5_castespolymorphic"
"OG0008010_00"	-0.0117793158702448	0.0985218032445905	1	"1e-05 to 1"	0.0168611258987428	0.0111452022121075	174	"success"	"pgls5_castespolymorphic"
"OG0008011_00"	0.00528543200312582	0.807310664296066	1	"1e-05 to 1"	0.00037523178903508	-0.00543654011916805	174	"success"	"pgls5_castespolymorphic"
"OG0008012_00"	0.00161616050385053	0.819358860120819	1	"1e-05 to 1"	0.000326921152270394	-0.00548513163172815	174	"success"	"pgls5_castespolymorphic"
"OG0008013_00"	-0.00991938009547022	0.280630991686794	0.224942787322418	"1e-05 to 1"	0.00745773203221139	0.00168713745100335	174	"success"	"pgls5_castespolymorphic"
"OG0008014_00"	0.00517879360225336	0.475151309583891	1	"1e-05 to 1"	0.00329532291930673	-0.00249947171488341	174	"success"	"pgls5_castespolymorphic"
"OG0008015_00"	0.00250816115295263	0.74310503701203	0.881614784565216	"1e-05 to 1"	0.000673226271448303	-0.00513681311069458	174	"success"	"pgls5_castespolymorphic"
"OG0008016_00"	-0.000963450760914492	0.872492217524234	1	"1e-05 to 1"	0.000164574836145802	-0.00564842182178338	174	"success"	"pgls5_castespolymorphic"
"OG0008017_00"	0.00758834975430409	0.545884994697871	0.712193165716921	"1e-05 to 1"	0.00234283810722492	-0.00345749422936104	174	"success"	"pgls5_castespolymorphic"
"OG0008018_00"	-0.00632656022546248	0.727967706139985	0.751375162580471	"1e-05 to 1"	0.000777737270321149	-0.00503169448973528	174	"success"	"pgls5_castespolymorphic"
"OG0008019_00"	-0.00503386436383859	0.486879700786301	1	"1e-05 to 1"	0.00300738074340351	-0.00278908797320465	174	"success"	"pgls5_castespolymorphic"
"OG0008020_00"	-0.00291155078302569	0.429384319549514	1	"1e-05 to 1"	0.00395713009168899	-0.00183381682638273	174	"success"	"pgls5_castespolymorphic"
"OG0008021_00"	0.0143895740081361	0.133759787412366	1e-05	"1e-05 to 1"	0.0140847125656131	0.00835264694099458	174	"success"	"pgls5_castespolymorphic"
"OG0008023_00"	-0.00197638125807396	0.886070881096487	0.96763442668417	"1e-05 to 1"	0.000131163210096631	-0.00568202770147264	174	"success"	"pgls5_castespolymorphic"
"OG0008024_00"	0.0185586733900917	0.05041333946128	0.84865273962606	"1e-05 to 1"	0.0238597323167074	0.0181844982022695	174	"success"	"pgls5_castespolymorphic"
"OG0008025_00"	-0.00414579017538277	0.628773738530218	0.888554883999393	"1e-05 to 1"	0.00152148626082455	-0.00428362137719396	174	"success"	"pgls5_castespolymorphic"
"OG0008026_00"	0.00682096822561362	0.215172091642996	1e-05	"1e-05 to 1"	0.0097066793514859	0.00394916004538992	174	"success"	"pgls5_castespolymorphic"
"OG0008027_00"	-0.00366456954696848	0.495046752409927	1e-05	"1e-05 to 1"	0.00300864237914082	-0.00278781900237579	174	"success"	"pgls5_castespolymorphic"
"OG0008028_00"	-0.00352268348515857	0.693081380654848	0.612226789197448	"1e-05 to 1"	0.000994833829827621	-0.00481333574092924	174	"success"	"pgls5_castespolymorphic"
"OG0008030_00"	0.00972817751860167	0.213027752386024	1	"1e-05 to 1"	0.00992289985229137	0.00416663764213032	174	"success"	"pgls5_castespolymorphic"
"OG0008032_00"	-0.00100815038119686	0.763203674836292	0.485986966364245	"1e-05 to 1"	0.000611038741749299	-0.00519936219579864	174	"success"	"pgls5_castespolymorphic"
"OG0008034_00"	-0.0121635556198529	0.292940518687849	0.957760437122559	"1e-05 to 1"	0.00877439163401205	0.00301145205048881	174	"success"	"pgls5_castespolymorphic"
"OG0008036_00"	-0.0206367708494134	0.191251233336979	0.945166397980864	"1e-05 to 1"	0.0108540128343711	0.00510316407178035	174	"success"	"pgls5_castespolymorphic"
"OG0008037_00"	-0.021939957745745	0.132689354121097	0.411737601000911	"1e-05 to 1"	0.0143417528426053	0.00861118163820185	174	"success"	"pgls5_castespolymorphic"
"OG0008039_00"	-6.42579042302608e-05	0.992888853118222	1e-05	"1e-05 to 1"	5.14138119690748e-07	-0.00581343636107734	174	"success"	"pgls5_castespolymorphic"
"OG0008040_00"	0.025304158241627	0.354678636732924	0.920371988006273	"1e-05 to 1"	0.00639623199449159	0.000619465901436245	174	"success"	"pgls5_castespolymorphic"
"OG0008041_00"	4.67300611101586e-05	0.993982384443438	1e-05	"1e-05 to 1"	3.65800480093765e-07	-0.00581358556114497	174	"success"	"pgls5_castespolymorphic"
"OG0008042_00"	0.00191614118462604	0.903371612402321	0.943210105757334	"1e-05 to 1"	9.47780283018338e-05	-0.00571862442502202	174	"success"	"pgls5_castespolymorphic"
"OG0008043_00"	-0.0144906277176613	0.283336425202237	1	"1e-05 to 1"	0.00966608143987226	0.00390832609940628	174	"success"	"pgls5_castespolymorphic"
"OG0008044_00"	-0.00122936266778422	0.914134540297161	0.951322827150965	"1e-05 to 1"	7.47635229315394e-05	-0.00573875529379553	174	"success"	"pgls5_castespolymorphic"
"OG0008045_00"	0.00287101349529211	0.82582745725615	0.950839975154114	"1e-05 to 1"	0.000317486812781621	-0.00549462082202767	174	"success"	"pgls5_castespolymorphic"
"OG0008046_00"	0.0100379393775376	0.416590601379916	0.905203885185694	"1e-05 to 1"	0.00426214648961742	-0.00152702707730334	174	"success"	"pgls5_castespolymorphic"
"OG0008047_00"	0.0226934457697026	0.19763787440921	1e-05	"1e-05 to 1"	0.0105492717130272	0.00479665119973094	174	"success"	"pgls5_castespolymorphic"
"OG0008048_00"	0.0146798064327677	0.42072976806706	0.945682739195335	"1e-05 to 1"	0.00408169113848493	-0.0017085315874541	174	"success"	"pgls5_castespolymorphic"
"OG0008049_00"	0.0250398137640719	0.0406904620391604	1e-05	"1e-05 to 1"	0.0267477875578936	0.0210893444622999	174	"success"	"pgls5_castespolymorphic"
"OG0008050_00"	0.00886520274910639	0.319090698338908	0.86672557941128	"1e-05 to 1"	0.00657406063268408	0.000798328427060069	174	"success"	"pgls5_castespolymorphic"
"OG0008051_00"	0.0012174994716007	0.813914213250544	1	"1e-05 to 1"	0.000349486030160728	-0.00546243556268711	174	"success"	"pgls5_castespolymorphic"
"OG0008053_00"	0.00253950507457708	0.67961772568735	1	"1e-05 to 1"	0.00108921820920317	-0.00471840261516188	174	"success"	"pgls5_castespolymorphic"
"OG0008054_00"	-0.00354562304402325	0.81801976062973	1	"1e-05 to 1"	0.000347102678333919	-0.00546483277121057	174	"success"	"pgls5_castespolymorphic"
"OG0008055_00"	-0.0118738686859417	0.53643432371885	1	"1e-05 to 1"	0.00253622083522527	-0.00326298718317442	174	"success"	"pgls5_castespolymorphic"
"OG0008056_00"	-0.000876848111375614	0.518872450051475	1e-05	"1e-05 to 1"	0.00302183112350069	-0.00277455357926959	174	"success"	"pgls5_castespolymorphic"
"OG0008057_00"	0.000686866700024002	0.925828541277081	1	"1e-05 to 1"	5.53756476137419e-05	-0.00575825588931878	174	"success"	"pgls5_castespolymorphic"
"OG0008058_00"	-0.00917649450114813	0.309716077832065	1	"1e-05 to 1"	0.00661390884414281	0.000838408314166816	174	"success"	"pgls5_castespolymorphic"
"OG0008059_00"	0.00876778806887406	0.445244589836571	1	"1e-05 to 1"	0.00383898378463033	-0.00195265003057532	174	"success"	"pgls5_castespolymorphic"
"OG0008060_00"	0.033866014575014	0.019399720182919	0.892034774003664	"1e-05 to 1"	0.0592333083213591	0.0537637345325298	174	"success"	"pgls5_castespolymorphic"
"OG0008061_00"	0.00774406004229267	0.483255127962186	0.97787389045977	"1e-05 to 1"	0.00375923349539387	-0.00203286398428393	174	"success"	"pgls5_castespolymorphic"
"OG0008062_00"	-0.00702656751584848	0.467322750339884	0.826039523491435	"1e-05 to 1"	0.00452444250531168	-0.0012632060847737	174	"success"	"pgls5_castespolymorphic"
"OG0008063_00"	-0.00552396629835413	0.699631724476166	1e-05	"1e-05 to 1"	0.00119489997352775	-0.00461210642197485	174	"success"	"pgls5_castespolymorphic"
"OG0008064_00"	-0.00690312109468997	0.247648473158973	1e-05	"1e-05 to 1"	0.00946741531280542	0.00370850493671704	174	"success"	"pgls5_castespolymorphic"
"OG0008065_00"	0.00209810054328782	0.790780632925861	1e-05	"1e-05 to 1"	0.000455444151907582	-0.00535586140534883	174	"success"	"pgls5_castespolymorphic"
"OG0008067_00"	0.00992881703290056	0.449059019330678	1	"1e-05 to 1"	0.00375047191582322	-0.0020416765032707	174	"success"	"pgls5_castespolymorphic"
"OG0008068_00"	0.00164741291450437	0.914636237026747	1e-05	"1e-05 to 1"	7.43673271237307e-05	-0.00573915379306733	174	"success"	"pgls5_castespolymorphic"
"OG0008069_00"	-0.00663364390223248	0.378811920407918	1e-05	"1e-05 to 1"	0.00493696780864875	-0.000848282378510312	174	"success"	"pgls5_castespolymorphic"
"OG0008070_00"	0.0018846767632498	0.906675039247942	0.878946622918859	"1e-05 to 1"	9.25452783668039e-05	-0.00572087015606138	174	"success"	"pgls5_castespolymorphic"
"OG0008071_00"	-0.0270441460795667	0.0714209338529734	0.306436602867432	"1e-05 to 1"	0.0206835678758747	0.0149898676891065	174	"success"	"pgls5_castespolymorphic"
"OG0008072_00"	-0.00106905629664109	0.760101730042541	0.711882032387026	"1e-05 to 1"	0.000627657272817917	-0.00518264704536331	174	"success"	"pgls5_castespolymorphic"
"OG0008073_00"	-0.00187291074321844	0.781758148705432	0.748902965712425	"1e-05 to 1"	0.000493411583672016	-0.00531767323270205	174	"success"	"pgls5_castespolymorphic"
"OG0008074_00"	0.0165885611807453	0.144754996526671	0.946249926956644	"1e-05 to 1"	0.0133277463970327	0.00759127980631791	174	"success"	"pgls5_castespolymorphic"
"OG0008075_00"	0.00614843823725502	0.535434397195558	0.530801589509996	"1e-05 to 1"	0.00239006982601054	-0.00340998790755909	174	"success"	"pgls5_castespolymorphic"
"OG0008076_00"	0.00360415097053546	0.577084114303812	1e-05	"1e-05 to 1"	0.0019978125960039	-0.0038045257028565	174	"success"	"pgls5_castespolymorphic"
"OG0008077_00"	-0.000905700758556813	0.741675607415331	1	"1e-05 to 1"	0.000681014553807361	-0.00512897954762415	174	"success"	"pgls5_castespolymorphic"
"OG0008078_00"	-0.000477788731959171	0.794155972788882	1	"1e-05 to 1"	0.000434906629243804	-0.00537651833221409	174	"success"	"pgls5_castespolymorphic"
"OG0008079_00"	-0.0031170794590994	0.7864782481302	0.920621076083561	"1e-05 to 1"	0.000477925845861967	-0.00533324900387133	174	"success"	"pgls5_castespolymorphic"
"OG0008080_00"	-0.0113787466870427	0.578380004742681	0.985923134417126	"1e-05 to 1"	0.00198426136405482	-0.00381815572103794	174	"success"	"pgls5_castespolymorphic"
"OG0008081_00"	0.0478061188656843	0.000208938041251994	1e-05	"1e-05 to 1"	0.0841019194766102	0.0787769306363579	174	"success"	"pgls5_castespolymorphic"
"OG0008082_00"	0.0292344719588564	0.0731781640050957	1e-05	"1e-05 to 1"	0.0205637341909876	0.0148693372967491	174	"success"	"pgls5_castespolymorphic"
"OG0008083_00"	-0.0037602570306458	0.303206773253394	1	"1e-05 to 1"	0.00666557068975495	0.000890370519346595	174	"success"	"pgls5_castespolymorphic"
"OG0008084_00"	0.0202248312360155	0.124995669624311	1e-05	"1e-05 to 1"	0.015414983511961	0.00969065202075148	174	"success"	"pgls5_castespolymorphic"
"OG0008085_00"	-0.00137373596628027	0.561416680691787	1e-05	"1e-05 to 1"	0.0025230635773516	-0.00327622093673363	174	"success"	"pgls5_castespolymorphic"
"OG0008086_00"	0.00393171595678124	0.446434525263523	1e-05	"1e-05 to 1"	0.00394907102088403	-0.00184192275225037	174	"success"	"pgls5_castespolymorphic"
"OG0008087_00"	0.00475305093615892	0.642433866597476	1	"1e-05 to 1"	0.00141258756470279	-0.0043931532052699	174	"success"	"pgls5_castespolymorphic"
"OG0008088_00"	0.010137637793492	0.426172212254749	0.463903543169911	"1e-05 to 1"	0.00398716153593503	-0.00180361078071645	174	"success"	"pgls5_castespolymorphic"
"OG0008089_00"	0.00134434380139412	0.674034788282774	1	"1e-05 to 1"	0.00113708730442792	-0.00467025521124409	174	"success"	"pgls5_castespolymorphic"
"OG0008090_00"	-0.0269498962715178	0.0467506747059439	1e-05	"1e-05 to 1"	0.0251089211941628	0.0194409498057567	174	"success"	"pgls5_castespolymorphic"
"OG0008091_00"	-0.0111054292979697	0.380465406438938	0.943134017354352	"1e-05 to 1"	0.00484119460555595	-0.00094461240255117	174	"success"	"pgls5_castespolymorphic"
"OG0008093_00"	-0.0165615012519678	0.32409235948496	1	"1e-05 to 1"	0.00615465377948673	0.000376483161925623	174	"success"	"pgls5_castespolymorphic"
"OG0008094_00"	-0.000351421007404233	0.97493041667494	1	"1e-05 to 1"	6.35072113161762e-06	-0.0058075658444432	174	"success"	"pgls5_castespolymorphic"
"OG0008095_00"	-0.000970118661140974	0.883183610251461	0.562511780232366	"1e-05 to 1"	0.000137067930559622	-0.00567608865123925	174	"success"	"pgls5_castespolymorphic"
"OG0008096_00"	-0.0034462849095041	0.656504932041958	0.809709820910389	"1e-05 to 1"	0.00124714579616283	-0.00455955684455711	174	"success"	"pgls5_castespolymorphic"
"OG0008097_00"	0.00197273341744899	0.861011058732138	1	"1e-05 to 1"	0.000195861934770242	-0.00561695282142294	174	"success"	"pgls5_castespolymorphic"
"OG0008098_00"	0.0216786453673497	0.247746226556459	0.997403055011537	"1e-05 to 1"	0.00839333881801742	0.00262818381114549	174	"success"	"pgls5_castespolymorphic"
"OG0008099_00"	0.00926421486359206	0.29717695287778	1e-05	"1e-05 to 1"	0.00687664164086245	0.00110266862714647	174	"success"	"pgls5_castespolymorphic"
"OG0008100_00"	-0.00143386359707298	0.597424912722852	1	"1e-05 to 1"	0.00181526005868348	-0.00398813959213817	174	"success"	"pgls5_castespolymorphic"
"OG0008101_00"	-0.00884366791797724	0.451521859190131	1e-05	"1e-05 to 1"	0.00361533563198604	-0.00217759846317689	174	"success"	"pgls5_castespolymorphic"
"OG0008102_00"	0.0108986012459152	0.378851184461976	0.939793991462094	"1e-05 to 1"	0.00484353994855293	-0.000942253423839245	174	"success"	"pgls5_castespolymorphic"
"OG0008103_00"	0.00198795936122416	0.846212086471573	0.859555365687013	"1e-05 to 1"	0.000241886272023664	-0.00557066090081326	174	"success"	"pgls5_castespolymorphic"
"OG0008104_00"	0.00432910697226656	0.691248970802826	0.872292258012239	"1e-05 to 1"	0.00101386352266162	-0.00479419541034631	174	"success"	"pgls5_castespolymorphic"
"OG0008105_00"	-0.000611145852143457	0.955232936715394	0.796168125949023	"1e-05 to 1"	2.01359563155283e-05	-0.00579370046254302	174	"success"	"pgls5_castespolymorphic"
"OG0008106_00"	-0.00255329441682296	0.856720803747077	1	"1e-05 to 1"	0.000206950881210705	-0.00560579940436368	174	"success"	"pgls5_castespolymorphic"
"OG0008107_00"	-0.00326563777135738	0.424237242645452	0.324714069793053	"1e-05 to 1"	0.00402056262187031	-0.00177001550242117	174	"success"	"pgls5_castespolymorphic"
"OG0008108_00"	0.00150101650913849	0.845687018636853	1	"1e-05 to 1"	0.000245137889851408	-0.00556739037823095	174	"success"	"pgls5_castespolymorphic"
"OG0008109_00"	0.00958486016643556	0.185378783039987	1e-05	"1e-05 to 1"	0.0117416430099849	0.00599595488795002	174	"success"	"pgls5_castespolymorphic"
"OG0008110_00"	0.0226137492693889	0.101965089239969	0.670502124093778	"1e-05 to 1"	0.0168376494914889	0.0111215893141139	174	"success"	"pgls5_castespolymorphic"
"OG0008111_00"	-0.000942575176344994	0.862863661602716	1	"1e-05 to 1"	0.00018941381179702	-0.00562343843348323	174	"success"	"pgls5_castespolymorphic"
"OG0008112_00"	-0.00490998584439772	0.432106286671668	1e-05	"1e-05 to 1"	0.00398654134734803	-0.00180423457505108	174	"success"	"pgls5_castespolymorphic"
"OG0008113_00"	0.00712776064404142	0.332139914306205	1	"1e-05 to 1"	0.00610849750636444	0.000330058538378197	174	"success"	"pgls5_castespolymorphic"
"OG0008114_00"	0.016768202593524	0.500580876070794	0.620434018844049	"1e-05 to 1"	0.00291344548093898	-0.00288356937091594	174	"success"	"pgls5_castespolymorphic"
"OG0008115_00"	-0.00864979387089139	0.27285836729293	1	"1e-05 to 1"	0.00780205372061466	0.00203346100968804	174	"success"	"pgls5_castespolymorphic"
"OG0008116_00"	0.00523712880727466	0.732466127771008	0.974456979328241	"1e-05 to 1"	0.000746422051335013	-0.00506319177394787	174	"success"	"pgls5_castespolymorphic"
"OG0008117_00"	-0.0152061564792081	0.400802956169414	0.628197057618341	"1e-05 to 1"	0.0046486414275655	-0.00113828507576264	174	"success"	"pgls5_castespolymorphic"
"OG0008118_00"	0.01051280434211	0.06355381815272	0.531073095388862	"1e-05 to 1"	0.0226114469660617	0.016928955378655	174	"success"	"pgls5_castespolymorphic"
"OG0008119_00"	-0.00407259874680675	0.704567973053114	0.48274174412731	"1e-05 to 1"	0.00091818932265635	-0.00489042585570032	174	"success"	"pgls5_castespolymorphic"
"OG0008120_00"	0.0117384240134888	0.117139463638138	1	"1e-05 to 1"	0.0156646547058839	0.00994177479138314	174	"success"	"pgls5_castespolymorphic"
"OG0008121_00"	-0.00943231677924044	0.104429569357352	1	"1e-05 to 1"	0.017365920245882	0.0116529314101023	174	"success"	"pgls5_castespolymorphic"
"OG0008122_00"	-0.00108648184244705	0.914850327422051	0.919104601008428	"1e-05 to 1"	7.44753809518058e-05	-0.0057390451110193	174	"success"	"pgls5_castespolymorphic"
"OG0008123_00"	-0.00127897143649246	0.796579264963661	1e-05	"1e-05 to 1"	0.000424500729320968	-0.00538698473155508	174	"success"	"pgls5_castespolymorphic"
"OG0008124_00"	-0.0196660186963687	0.129088178562486	0.894024809356286	"0.001 to 1"	0.0142490095481118	0.00851789913850787	174	"success"	"pgls5_castespolymorphic"
"OG0008125_00"	-0.00482769579640278	0.539261325350622	0.270529580217962	"1e-05 to 1"	0.00242091265951825	-0.00337896575525209	174	"success"	"pgls5_castespolymorphic"
"OG0008126_00"	-0.00569663732392681	0.80026900802685	0.835318232944217	"1e-05 to 1"	0.000430938156456264	-0.00538050987751792	174	"success"	"pgls5_castespolymorphic"
"OG0008127_00"	-0.000701082758034242	0.96717174045625	0.590472398623716	"1e-05 to 1"	1.08924547139487e-05	-0.00580299770543302	174	"success"	"pgls5_castespolymorphic"
"OG0008129_00"	0.0252072035882141	0.00522757592239742	0.931624806373014	"1e-05 to 1"	0.0483104782760776	0.0427773996614036	174	"success"	"pgls5_castespolymorphic"
"OG0008130_00"	0.00896193483003028	0.596460566492993	1e-05	"1e-05 to 1"	0.00180137063081257	-0.00400210977249671	174	"success"	"pgls5_castespolymorphic"
"OG0008131_00"	0.00431020748676702	0.606961220852186	1e-05	"1e-05 to 1"	0.00165769872268929	-0.00414661698241137	174	"success"	"pgls5_castespolymorphic"
"OG0008133_00"	-0.00354588656622449	0.815383072425796	1	"1e-05 to 1"	0.000346073526013718	-0.00546586790697456	174	"success"	"pgls5_castespolymorphic"
"OG0008134_00"	-0.00588338665171124	0.366496144724173	1e-05	"1e-05 to 1"	0.00529864683906793	-0.00048450056303051	174	"success"	"pgls5_castespolymorphic"
"OG0008135_00"	-0.010319942426775	0.332291757301044	0.588676023063431	"1e-05 to 1"	0.0059500985604599	0.000170738668369586	174	"success"	"pgls5_castespolymorphic"
"OG0008136_00"	-0.016047939082483	0.221373993802839	1	"0.1 to 1"	0.0095708222347865	0.00381251306173302	174	"success"	"pgls5_castespolymorphic"
"OG0008137_00"	-0.0122906589104605	0.0800668694313005	0.688082060472358	"1e-05 to 1"	0.0192629261348041	0.0135609664030296	174	"success"	"pgls5_castespolymorphic"
"OG0008138_00"	0.00899766966593763	0.62460760199969	0.823618263318876	"1e-05 to 1"	0.00153864260057334	-0.00426636529128377	174	"success"	"pgls5_castespolymorphic"
"OG0008139_00"	0.00561648471133295	0.165699951464807	1	"1e-05 to 1"	0.0121252947583228	0.00638183716970842	174	"success"	"pgls5_castespolymorphic"
"OG0008140_00"	0.00451202153271921	0.71770948713021	0.24990627780415	"1e-05 to 1"	0.000840143560182787	-0.00496892537260685	174	"success"	"pgls5_castespolymorphic"
"OG0008141_00"	-0.010869839252867	0.264137774875025	0.494955521009364	"1e-05 to 1"	0.00803826655394256	0.00227104717344218	174	"success"	"pgls5_castespolymorphic"
"OG0008142_00"	0.00721622316089973	0.562336797152426	1	"1e-05 to 1"	0.00215633659763919	-0.00364508005004893	174	"success"	"pgls5_castespolymorphic"
"OG0008143_00"	0.0276098646918064	0.195023486092361	0.326115994316417	"1e-05 to 1"	0.010672617076935	0.00492071368784741	174	"success"	"pgls5_castespolymorphic"
"OG0008144_00"	-0.00962012814011541	0.422946377403813	0.826561359963358	"1e-05 to 1"	0.00404297208869657	-0.00174747574799716	174	"success"	"pgls5_castespolymorphic"
"OG0008145_00"	0.0172035010252706	0.0106440882091112	1e-05	"1e-05 to 1"	0.043845923166788	0.0382868878363624	174	"success"	"pgls5_castespolymorphic"
"OG0008146_00"	0.00666364755692365	0.306958559275437	1e-05	"1e-05 to 1"	0.00677634724628085	0.00100179112561971	174	"success"	"pgls5_castespolymorphic"
"OG0008147_00"	0.00635991062334614	0.27935786126015	1e-05	"1e-05 to 1"	0.00744944870907015	0.00167880596900671	174	"success"	"pgls5_castespolymorphic"
"OG0008148_00"	-0.00843705306544024	0.0594069947874589	1	"1e-05 to 1"	0.022034644630526	0.0163487995411686	174	"success"	"pgls5_castespolymorphic"
"OG0008149_00"	0.00374225758409177	0.718206885205224	1e-05	"1e-05 to 1"	0.000847956481649709	-0.0049610670271778	174	"success"	"pgls5_castespolymorphic"
"OG0008150_00"	-0.00754570384666688	0.353562638792397	1	"1e-05 to 1"	0.00534779238251318	-0.000435069289681511	174	"success"	"pgls5_castespolymorphic"
"OG0008151_00"	0.00254025461618295	0.684059590395318	1e-05	"1e-05 to 1"	0.00103118738446313	-0.00477677082841788	174	"success"	"pgls5_castespolymorphic"
"OG0008152_00"	-0.0116460721920664	0.0647195740046878	0.316372881320462	"1e-05 to 1"	0.0219832566637233	0.016297112807117	174	"success"	"pgls5_castespolymorphic"
"OG0008153_00"	-0.0163537459358955	0.305845591463368	0.880031610947045	"1e-05 to 1"	0.00672023684955317	0.000945354505655138	174	"success"	"pgls5_castespolymorphic"
"OG0008154_00"	0.00654738591738625	0.55367665552086	0.215118498896235	"1e-05 to 1"	0.00219676665261397	-0.00360441493661501	174	"success"	"pgls5_castespolymorphic"
"OG0008155_00"	-0.0230713403227656	0.409279611472794	0.662523887752396	"1e-05 to 1"	0.0043973452349644	-0.00139104229273923	174	"success"	"pgls5_castespolymorphic"
"OG0008156_00"	0.00900110906884728	0.403821467468362	1	"1e-05 to 1"	0.00444321727968815	-0.00134490355008121	174	"success"	"pgls5_castespolymorphic"
"OG0008157_00"	0.0301122255072001	0.124116119681821	0.93206774403519	"1e-05 to 1"	0.0150912269043296	0.00936501310726179	174	"success"	"pgls5_castespolymorphic"
"OG0008158_00"	0.00408518486594345	0.756456548392635	0.91985929200126	"1e-05 to 1"	0.000618359423246911	-0.00519199895219935	174	"success"	"pgls5_castespolymorphic"
"OG0008159_00"	0.000394548735716477	0.97765858504033	0.867002741972599	"1e-05 to 1"	4.97933017243883e-06	-0.00580894520860564	174	"success"	"pgls5_castespolymorphic"
"OG0008160_00"	0.00118865435850225	0.765785159849151	1	"1e-05 to 1"	0.000566864934391421	-0.00524379282761789	174	"success"	"pgls5_castespolymorphic"
"OG0008161_00"	0.00475729325627354	0.230106708710615	1e-05	"1e-05 to 1"	0.00921891898996786	0.00345856386781651	174	"success"	"pgls5_castespolymorphic"
"OG0008162_00"	-0.00175629772984015	0.833461581390033	0.644223220760801	"1e-05 to 1"	0.000284273056448478	-0.00552802768159544	174	"success"	"pgls5_castespolymorphic"
"OG0008163_00"	-0.00515432144429434	0.572134467515599	1	"1e-05 to 1"	0.00206338487806977	-0.00373857218659257	174	"success"	"pgls5_castespolymorphic"
"OG0008164_00"	0.0200900341193443	0.0467872153145525	1e-05	"1e-05 to 1"	0.0259236643274382	0.020260429817714	174	"success"	"pgls5_castespolymorphic"
"OG0008165_00"	0.0016976120646702	0.869097938975824	1	"1e-05 to 1"	0.000174649372802903	-0.00563828871223904	174	"success"	"pgls5_castespolymorphic"
"OG0008166_00"	-0.00215820283961584	0.790349094055662	1	"1e-05 to 1"	0.000451525806911411	-0.00535980253142054	174	"success"	"pgls5_castespolymorphic"
"OG0008167_00"	0.0134263971930332	0.107251784792282	1	"1e-05 to 1"	0.0164399235423708	0.0107215510048266	174	"success"	"pgls5_castespolymorphic"
"OG0008168_00"	0.0244902490586367	0.146637821654692	1	"1e-05 to 1"	0.0136317272128333	0.00789702795244274	174	"success"	"pgls5_castespolymorphic"
"OG0008169_00"	0.00973773444552031	0.531152250591421	1e-05	"1e-05 to 1"	0.00255168532728107	-0.00324743278128126	174	"success"	"pgls5_castespolymorphic"
"OG0008171_00"	0.00446480812475141	0.308494528359117	1e-05	"1e-05 to 1"	0.00686735735117295	0.0010933303590287	174	"success"	"pgls5_castespolymorphic"
"OG0008173_00"	-0.00975579396451741	0.341101472353234	1	"1e-05 to 1"	0.00629563881524745	0.0005182878781268	174	"success"	"pgls5_castespolymorphic"
"OG0008174_00"	-0.00330484183085034	0.389724382676914	1e-05	"1e-05 to 1"	0.00474623790043191	-0.00104012118154229	174	"success"	"pgls5_castespolymorphic"
"OG0008176_00"	0.017632365569714	0.326202785167076	1	"1e-05 to 1"	0.00621945917002146	0.000441665327986618	174	"success"	"pgls5_castespolymorphic"
"OG0008177_00"	-0.00561872422840637	0.207823995509252	1e-05	"1e-05 to 1"	0.0102161147403343	0.00446155726789432	174	"success"	"pgls5_castespolymorphic"
"OG0008178_00"	-0.00749021265137169	0.21380858114905	1e-05	"1e-05 to 1"	0.00982639816212721	0.00406957489562787	174	"success"	"pgls5_castespolymorphic"
"OG0008179_00"	0.0520056355914766	0.010650371136484	1e-05	"1e-05 to 1"	0.0435464072291912	0.0379856305270354	174	"success"	"pgls5_castespolymorphic"
"OG0008181_00"	0.0197694703088276	0.257761013101869	0.885875851187622	"1e-05 to 1"	0.00815020449401884	0.00238363591549573	174	"success"	"pgls5_castespolymorphic"
"OG0008182_00"	-0.012584427100093	0.459716823043588	1e-05	"1e-05 to 1"	0.00360129194595724	-0.00219172379854293	174	"success"	"pgls5_castespolymorphic"
"OG0008183_00"	-0.0026291466227478	0.804412793987732	1	"1e-05 to 1"	0.000433300335154411	-0.00537813396522258	174	"success"	"pgls5_castespolymorphic"
"OG0008184_00"	-0.00784687488881022	0.555789212025407	0.532961354078622	"1e-05 to 1"	0.00221508673174782	-0.00358598834539325	174	"success"	"pgls5_castespolymorphic"
"OG0008186_00"	-0.00387431924916443	0.277647667515857	1e-05	"1e-05 to 1"	0.00755051294066184	0.00178045778334024	174	"success"	"pgls5_castespolymorphic"
"OG0008187_00"	-0.000285798566157889	0.907751459777913	1	"1e-05 to 1"	8.69022996767561e-05	-0.00572654594276689	174	"success"	"pgls5_castespolymorphic"
"OG0008188_00"	-0.00190530577936228	0.566675158814331	1e-05	"1e-05 to 1"	0.00209540910427431	-0.00370636177302641	174	"success"	"pgls5_castespolymorphic"
"OG0008189_00"	0.010572214629326	0.631143458000637	0.862961252819214	"1e-05 to 1"	0.00151041229306773	-0.00429475972848437	174	"success"	"pgls5_castespolymorphic"
"OG0008190_00"	0.00983690056202629	0.346395119005172	1	"1e-05 to 1"	0.00572216239556294	-5.85227067884109e-05	174	"success"	"pgls5_castespolymorphic"
"OG0008191_00"	-0.00612558156578217	0.596136739212055	0.975686574142605	"1e-05 to 1"	0.00185214668679081	-0.0039510385068906	174	"success"	"pgls5_castespolymorphic"
"OG0008192_00"	0.0359298519323669	2.14113795165005e-05	1e-05	"1e-05 to 1"	0.110989940158341	0.105821277019727	174	"success"	"pgls5_castespolymorphic"
"OG0008193_00"	-0.0229847077072762	0.317949924726561	1e-05	"1e-05 to 1"	0.0123128277031342	0.00657046042233844	174	"success"	"pgls5_castespolymorphic"
"OG0008194_00"	0.0105411652055453	0.299777371700928	0.831278755163439	"1e-05 to 1"	0.00702554184247495	0.00125243452760559	174	"success"	"pgls5_castespolymorphic"
"OG0008195_00"	0.00924839058052602	0.648016237876553	0.949249385541711	"1e-05 to 1"	0.00141194494367493	-0.00439379956246655	174	"success"	"pgls5_castespolymorphic"
"OG0008196_00"	0.0128536862127703	0.319385020216751	1	"1e-05 to 1"	0.00643818352124087	0.000661661332410857	174	"success"	"pgls5_castespolymorphic"
"OG0008197_00"	-0.0146574562956911	0.199570690301515	1e-05	"1e-05 to 1"	0.0109463310126008	0.00519601898360422	174	"success"	"pgls5_castespolymorphic"
"OG0008199_00"	0.0234598543054127	0.107862921949625	1	"1e-05 to 1"	0.0165936725695522	0.0108761939217008	174	"success"	"pgls5_castespolymorphic"
"OG0008200_00"	0.00322944211501002	0.790609400869478	0.913257031661869	"1e-05 to 1"	0.000481113635037208	-0.00533004268103809	174	"success"	"pgls5_castespolymorphic"
"OG0008201_00"	0.0117040235681752	0.215401927230713	1e-05	"1e-05 to 1"	0.0139179386309055	0.00818490339038747	174	"success"	"pgls5_castespolymorphic"
"OG0008202_00"	0.0428793382245571	0.0538336683345666	1e-05	"1e-05 to 1"	0.0239292732173865	0.0182544434105109	174	"success"	"pgls5_castespolymorphic"
"OG0008203_00"	0.00143919758942317	0.82447147214917	1e-05	"1e-05 to 1"	0.000312293509226881	-0.0054998443192078	174	"success"	"pgls5_castespolymorphic"
"OG0008204_00"	0.00788357436575559	0.466290850541239	1	"1e-05 to 1"	0.00334297359186478	-0.00245154400353154	174	"success"	"pgls5_castespolymorphic"
"OG0008205_00"	0.0251515935976695	0.28570161376419	0.812431993598431	"1e-05 to 1"	0.00739763816103425	0.00162669419685413	174	"success"	"pgls5_castespolymorphic"
"OG0008206_00"	-0.00745266985997048	0.601270272227128	1	"1e-05 to 1"	0.00177745886173148	-0.00402616056349103	174	"success"	"pgls5_castespolymorphic"
"OG0008207_00"	0.00472670762572369	0.691545235551755	0.766291314407968	"1e-05 to 1"	0.000992673082325911	-0.00481550905091632	174	"success"	"pgls5_castespolymorphic"
"OG0008209_00"	-0.00362056194056069	0.638625366855228	1	"1e-05 to 1"	0.00149409030700011	-0.00431117660981961	174	"success"	"pgls5_castespolymorphic"
"OG0008210_00"	-0.00240470777936358	0.93713626707262	0.985558223714776	"1e-05 to 1"	4.2459116839264e-05	-0.00577124751620217	174	"success"	"pgls5_castespolymorphic"
"OG0008211_00"	0.00988945906585792	0.217839278318953	0.376582516641951	"1e-05 to 1"	0.0102423413721085	0.00448793638008593	174	"success"	"pgls5_castespolymorphic"
"OG0008212_00"	0.00714340035585175	0.161279970154735	1	"1e-05 to 1"	0.0124595381845972	0.00671802387171694	174	"success"	"pgls5_castespolymorphic"
"OG0008213_00"	0.00161060038231567	0.850653599982379	1	"1e-05 to 1"	0.000227953978943995	-0.00558467419559694	174	"success"	"pgls5_castespolymorphic"
"OG0008214_00"	-0.0372870936129555	0.0831775596472379	1	"1e-05 to 1"	0.0188777169559032	0.0131735176358794	174	"success"	"pgls5_castespolymorphic"
"OG0008215_00"	-0.0109459457744985	0.0174117844982646	1	"1e-05 to 1"	0.0352635580586218	0.0296546252566371	174	"success"	"pgls5_castespolymorphic"
"OG0008216_00"	0.00995162128796046	0.236835718201599	1	"1e-05 to 1"	0.00878966151828828	0.00302681071316202	174	"success"	"pgls5_castespolymorphic"
"OG0008217_00"	0.00949827568671148	0.655939258645798	0.590222066071799	"1e-05 to 1"	0.00130074537729933	-0.00450564563794886	174	"success"	"pgls5_castespolymorphic"
"OG0008218_00"	0.0142535309459271	0.499470098522845	0.978705476007822	"1e-05 to 1"	0.00294748847389765	-0.00284932845357955	174	"success"	"pgls5_castespolymorphic"
"OG0008219_00"	-0.00557197633863115	0.751996543421846	0.976154881947028	"1e-05 to 1"	0.000650344910703778	-0.00515982750260591	174	"success"	"pgls5_castespolymorphic"
"OG0008220_00"	-0.00112814615002019	0.923824498557158	0.84802148871063	"1e-05 to 1"	5.91738241943299e-05	-0.0057544356303163	174	"success"	"pgls5_castespolymorphic"
"OG0008221_00"	-0.0130635734485531	0.30069816172045	0.755078057713545	"1e-05 to 1"	0.00686435664452574	0.00109031220641254	174	"success"	"pgls5_castespolymorphic"
"OG0008222_00"	0.0001522373335877	0.976304039839885	1e-05	"1e-05 to 1"	5.63739451393924e-06	-0.00580828331830863	174	"success"	"pgls5_castespolymorphic"
"OG0008223_00"	0.00317404586297219	0.514482694206693	0.621986019191692	"1e-05 to 1"	0.00274662044343078	-0.00305136432143294	174	"success"	"pgls5_castespolymorphic"
"OG0008224_00"	-0.0283296933541019	0.0282727737730679	0.78187255790798	"1e-05 to 1"	0.0298990795368352	0.0242589579062354	174	"success"	"pgls5_castespolymorphic"
"OG0008225_00"	-0.0138874304696065	0.338445147979116	0.341917416204063	"1e-05 to 1"	0.00595163733980778	0.000172286394109045	174	"success"	"pgls5_castespolymorphic"
"OG0008226_00"	-0.0022488432369556	0.743895831654185	1	"1e-05 to 1"	0.000668938894102321	-0.00514112541465273	174	"success"	"pgls5_castespolymorphic"
"OG0008227_00"	0.00857164954768712	0.369628195326495	0.205255687651405	"1e-05 to 1"	0.00516288851349059	-0.000621048181198347	174	"success"	"pgls5_castespolymorphic"
"OG0008228_00"	-0.00452538470760776	0.727864026075353	0.275515186689808	"1e-05 to 1"	0.000763628022958166	-0.00504588576760612	174	"success"	"pgls5_castespolymorphic"
"OG0008229_00"	0.0313788986294826	0.0887270224076595	1	"1e-05 to 1"	0.0182273284299521	0.012519347781289	174	"success"	"pgls5_castespolymorphic"
"OG0008230_00"	-0.000725118842211358	0.925303811231582	1e-05	"1e-05 to 1"	6.08281819585764e-05	-0.00575277165419275	174	"success"	"pgls5_castespolymorphic"
"OG0008231_00"	0.00444043715406735	0.777333030642647	0.551606487782289	"1e-05 to 1"	0.000517492513693875	-0.00529345229727296	174	"success"	"pgls5_castespolymorphic"
"OG0008232_00"	0.00781251901786914	0.396853547798658	0.583987118084902	"1e-05 to 1"	0.00451868702049571	-0.00126899503171063	174	"success"	"pgls5_castespolymorphic"
"OG0008233_00"	0.000996900030646763	0.877927262775234	1e-05	"1e-05 to 1"	0.000152687418453155	-0.00566037835236988	174	"success"	"pgls5_castespolymorphic"
"OG0008234_00"	0.00170628760457213	0.618537252099765	1	"1e-05 to 1"	0.00156298849392245	-0.00424187785204322	174	"success"	"pgls5_castespolymorphic"
"OG0008235_00"	-0.00458019774553023	0.630683569486734	0.625725301452717	"1e-05 to 1"	0.00149489205677238	-0.0043103701987115	174	"success"	"pgls5_castespolymorphic"
"OG0008236_00"	0.00677798594736277	0.495869167771792	1	"1e-05 to 1"	0.00299720292364441	-0.0027993249663345	174	"success"	"pgls5_castespolymorphic"
"OG0008237_00"	0.00520168427583968	0.311930487312538	1	"1e-05 to 1"	0.00655384441359544	0.000777994671814053	174	"success"	"pgls5_castespolymorphic"
"OG0008238_00"	0.00216779458089634	0.67479438543838	1e-05	"1e-05 to 1"	0.00111711552165732	-0.00469034310903083	174	"success"	"pgls5_castespolymorphic"
"OG0008239_00"	0.0114215461180356	0.0814728339636259	1e-05	"1e-05 to 1"	0.0187334804742428	0.0130284425700232	174	"success"	"pgls5_castespolymorphic"
"OG0008240_00"	-0.000354376921988828	0.959866537317101	1	"1e-05 to 1"	1.62840893831741e-05	-0.00579757472405062	174	"success"	"pgls5_castespolymorphic"
"OG0008241_00"	-0.00350643404028634	0.48907770538016	1e-05	"1e-05 to 1"	0.00309263059632024	-0.00270334248160808	174	"success"	"pgls5_castespolymorphic"
"OG0008242_00"	-0.00787149870119349	0.573378157234817	1	"1e-05 to 1"	0.00205007033109089	-0.00375196414372847	174	"success"	"pgls5_castespolymorphic"
"OG0008243_00"	-0.00301981931517548	0.629721147782636	0.671177975987373	"1e-05 to 1"	0.00147470728622238	-0.00433067232257867	174	"success"	"pgls5_castespolymorphic"
"OG0008244_00"	-0.00121793760386821	0.916600275353529	0.933744687542553	"1e-05 to 1"	7.00654012147542e-05	-0.0057434807301735	174	"success"	"pgls5_castespolymorphic"
"OG0008245_00"	-0.00299334631481135	0.675270902870962	0.68580210535789	"1e-05 to 1"	0.00112796301292713	-0.00467943255095116	174	"success"	"pgls5_castespolymorphic"
"OG0008246_00"	-3.19430974463028e-05	0.998413141017016	1	"1e-05 to 1"	2.5436917147454e-08	-0.00581392790356583	174	"success"	"pgls5_castespolymorphic"
"OG0008247_00"	0.00651196547210333	0.215280012436618	1	"1e-05 to 1"	0.0102870998839154	0.00453295511579865	174	"success"	"pgls5_castespolymorphic"
"OG0008248_00"	0.00995435761091832	0.175578927826408	1	"1e-05 to 1"	0.0115809156554249	0.00583429307202621	174	"success"	"pgls5_castespolymorphic"
"OG0008249_00"	3.68341452722385e-05	0.997576686122776	1	"1e-05 to 1"	5.89418805074615e-08	-0.0058138942038064	174	"success"	"pgls5_castespolymorphic"
"OG0008250_00"	0.000104986814098302	0.988357507446978	0.802819308795976	"1e-05 to 1"	1.3519467905475e-06	-0.00581259368142595	174	"success"	"pgls5_castespolymorphic"
"OG0008251_00"	0.013323348582634	0.267287462540393	1	"1e-05 to 1"	0.00778292819035161	0.00201422428448161	174	"success"	"pgls5_castespolymorphic"
"OG0008252_00"	0.00637409188574991	0.444594267688848	1e-05	"1e-05 to 1"	0.00377533185569527	-0.0020166720288648	174	"success"	"pgls5_castespolymorphic"
"OG0008253_00"	0.0206445814462304	0.0102362941379737	1e-05	"1e-05 to 1"	0.0407441770583348	0.0351671083203019	174	"success"	"pgls5_castespolymorphic"
"OG0008254_00"	-0.00382418301497226	0.290931819934268	1	"1e-05 to 1"	0.00710116164385603	0.0013284939789947	174	"success"	"pgls5_castespolymorphic"
"OG0008255_00"	-0.00121255264169513	0.889872775202724	0.83009853498459	"1e-05 to 1"	0.000122500558014486	-0.00569074071781106	174	"success"	"pgls5_castespolymorphic"
"OG0008256_00"	-0.000992617260255887	0.910336484179256	0.823575260496104	"1e-05 to 1"	8.20799647344102e-05	-0.00573139631454045	174	"success"	"pgls5_castespolymorphic"
"OG0008257_00"	-0.0217441682701859	0.239675627492525	1	"1e-05 to 1"	0.00868440994080146	0.00292094720789915	174	"success"	"pgls5_castespolymorphic"
"OG0008258_00"	0.00520669504989026	0.405520375865043	1e-05	"1e-05 to 1"	0.00443957667927865	-0.00134856531677197	174	"success"	"pgls5_castespolymorphic"
"OG0008260_00"	-0.000129772272473674	0.93664445473971	1	"1e-05 to 1"	4.08943951453604e-05	-0.00577282133511559	174	"success"	"pgls5_castespolymorphic"
"OG0008261_00"	0.050748481343402	0.00466245527769504	1e-05	"1e-05 to 1"	0.0514713935302611	0.0459566923298556	174	"success"	"pgls5_castespolymorphic"
"OG0008262_00"	0.0153429941434467	0.21535486456322	0.653541908703358	"1e-05 to 1"	0.0102837613288814	0.00452959715056089	174	"success"	"pgls5_castespolymorphic"
"OG0008263_00"	-0.0205831893542862	0.0487632619543623	1	"1e-05 to 1"	0.024822251097078	0.0191526130220611	174	"success"	"pgls5_castespolymorphic"
"OG0008264_00"	0.0129839334751138	0.30591558191419	0.710092325364297	"1e-05 to 1"	0.00676163491952926	0.000986993262084734	174	"success"	"pgls5_castespolymorphic"
"OG0008265_00"	-0.0132150122606012	0.0652618902350031	1	"1e-05 to 1"	0.0217553737959662	0.016067905038966	174	"success"	"pgls5_castespolymorphic"
"OG0008266_00"	-0.000848037670869092	0.948102862809862	1	"1e-05 to 1"	2.7599622409736e-05	-0.00578619340304143	174	"success"	"pgls5_castespolymorphic"
"OG0008267_00"	-0.00973748744123484	0.176574613782432	0.413279814682113	"1e-05 to 1"	0.0124727863410159	0.00673134905230088	174	"success"	"pgls5_castespolymorphic"
"OG0008268_00"	-0.0089470528787744	0.341435842536729	1	"1e-05 to 1"	0.0058406533700952	6.06571687584712e-05	174	"success"	"pgls5_castespolymorphic"
"OG0008269_00"	0.0121260945458457	0.0932506449935533	1e-05	"1e-05 to 1"	0.018424286367257	0.0127174508228806	174	"success"	"pgls5_castespolymorphic"
"OG0008270_00"	-0.00328521758904902	0.703810239529897	0.575482848209469	"1e-05 to 1"	0.000935081257396689	-0.00487343571203702	174	"success"	"pgls5_castespolymorphic"
"OG0008271_00"	-0.0222173039691846	0.0773273040418392	1	"1e-05 to 1"	0.0197397398655934	0.0140405523066726	174	"success"	"pgls5_castespolymorphic"
"OG0008272_00"	-0.00534425628325126	0.735477399685354	1	"1e-05 to 1"	0.000743312816336672	-0.00506631908589394	174	"success"	"pgls5_castespolymorphic"
"OG0008273_00"	-0.00385745433475277	0.363177885004628	1	"1e-05 to 1"	0.00520325607728426	-0.00058044592226647	174	"success"	"pgls5_castespolymorphic"
"OG0008274_00"	0.00827834878522997	0.659162088683789	0.816901810938332	"1e-05 to 1"	0.00126657135277308	-0.00454001834866435	174	"success"	"pgls5_castespolymorphic"
"OG0008275_00"	0.00295193299835805	0.692739479401281	0.935264833949333	"1e-05 to 1"	0.000997169450142297	-0.00481098654142675	174	"success"	"pgls5_castespolymorphic"
"OG0008276_00"	0.00633097546195193	0.214514492038597	0.945525411706358	"1e-05 to 1"	0.00985900252416464	0.00410236881790982	174	"success"	"pgls5_castespolymorphic"
"OG0008278_00"	-0.00653919873249756	0.648173022851912	0.988938965968441	"1e-05 to 1"	0.00133807577312205	-0.00446809820494121	174	"success"	"pgls5_castespolymorphic"
"OG0008281_00"	-0.00805365456817637	0.451741989736004	0.857964633075575	"1e-05 to 1"	0.00391117805955156	-0.00188003602149767	174	"success"	"pgls5_castespolymorphic"
"OG0008284_00"	0.0209927670641503	0.0362376744474293	1e-05	"1e-05 to 1"	0.0285343299997296	0.0228862737787977	174	"success"	"pgls5_castespolymorphic"
"OG0008285_00"	0.00219844083756813	0.841825367866153	1	"1e-05 to 1"	0.000257725026227064	-0.00555473006082963	174	"success"	"pgls5_castespolymorphic"
"OG0008286_00"	-0.00253711934635178	0.354511974128535	1e-05	"1e-05 to 1"	0.00556902799233559	-0.000212547426313714	174	"success"	"pgls5_castespolymorphic"
"OG0008287_00"	-0.000835635557481812	0.83158330780994	1e-05	"1e-05 to 1"	0.00029270062784193	-0.00551955111269398	174	"success"	"pgls5_castespolymorphic"
"OG0008288_00"	-0.0438739151093738	0.0323551007422163	1	"1e-05 to 1"	0.0292059336862821	0.0235617821379465	174	"success"	"pgls5_castespolymorphic"
"OG0008289_00"	0.0235162795137839	0.0707315223637646	0.873228689411918	"1e-05 to 1"	0.020267830479609	0.0145717132149557	174	"success"	"pgls5_castespolymorphic"
"OG0008291_00"	0.00959121296714752	0.510433006570706	0.929017479968554	"1e-05 to 1"	0.00281801998517067	-0.0029795496660785	174	"success"	"pgls5_castespolymorphic"
"OG0008292_00"	-0.0166234113929593	0.245866718339275	0.982899648495088	"1e-05 to 1"	0.0085677382831758	0.00280359722668266	174	"success"	"pgls5_castespolymorphic"
"OG0008293_00"	-0.015007370064952	0.0328667942846677	0.919138250112452	"1e-05 to 1"	0.0290370366157173	0.0233919031076693	174	"success"	"pgls5_castespolymorphic"
"OG0008294_00"	0.000166781707279831	0.977153185624506	1e-05	"1e-05 to 1"	5.27419424540976e-06	-0.00580864863020647	174	"success"	"pgls5_castespolymorphic"
"OG0008295_00"	0.0131380924955695	0.364377980915706	0.871191615569928	"1e-05 to 1"	0.00552503014267487	-0.000256801077425983	174	"success"	"pgls5_castespolymorphic"
"OG0008296_00"	-0.00429884687357142	0.697828231360407	0.718172023285183	"1e-05 to 1"	0.00103547774736257	-0.00477245552154826	174	"success"	"pgls5_castespolymorphic"
"OG0008297_00"	0.0117519027441206	0.158801574277051	1e-05	"1e-05 to 1"	0.0125277522332534	0.00678663451367933	174	"success"	"pgls5_castespolymorphic"
"OG0008299_00"	0.00926774899260022	0.0722462891619056	1	"1e-05 to 1"	0.0203065361800841	0.014610643948573	174	"success"	"pgls5_castespolymorphic"
"OG0008301_00"	0.00330057052166591	0.78712519218805	1e-05	"1e-05 to 1"	0.00061520264652565	-0.00519517408227355	174	"success"	"pgls5_castespolymorphic"
"OG0008302_00"	0.00278673057162785	0.654787880456222	1	"1e-05 to 1"	0.00146351066848232	-0.0043419340369335	174	"success"	"pgls5_castespolymorphic"
"OG0008303_00"	0.00960234335848447	0.383776538722002	0.0676797374170301	"1e-05 to 1"	0.00554182672888952	-0.000239906836640325	174	"success"	"pgls5_castespolymorphic"
"OG0008305_00"	-0.00183208286757954	0.693595963680674	0.0948459776640869	"1e-05 to 1"	0.00098503357486091	-0.00482319297412248	174	"success"	"pgls5_castespolymorphic"
"OG0008306_00"	-0.00176900131224391	0.795642927978599	0.986664900190989	"1e-05 to 1"	0.000434051273654841	-0.00537737866080068	174	"success"	"pgls5_castespolymorphic"
"OG0008307_00"	-0.0253535874563534	0.00503333610952605	1	"1e-05 to 1"	0.0502805447568192	0.0447589200170333	174	"success"	"pgls5_castespolymorphic"
"OG0008308_00"	5.9534058127266e-05	0.988811389078682	1e-05	"1e-05 to 1"	1.28111974998521e-06	-0.00581266492025145	174	"success"	"pgls5_castespolymorphic"
"OG0008309_00"	-0.00987327497685933	0.254950336444433	0.941533477152397	"1e-05 to 1"	0.00846210336339554	0.00269734815039202	174	"success"	"pgls5_castespolymorphic"
"OG0008310_00"	0.0135088050447445	0.183287297642322	1	"1e-05 to 1"	0.0115443285930553	0.00579749329417778	174	"success"	"pgls5_castespolymorphic"
"OG0008311_00"	0.00220949817696971	0.783626563091711	1e-05	"1e-05 to 1"	0.000491101571888006	-0.005319996674787	174	"success"	"pgls5_castespolymorphic"
"OG0008312_00"	0.00514482022259526	0.304618944868939	1	"1e-05 to 1"	0.006886707848677	0.00111279335942516	174	"success"	"pgls5_castespolymorphic"
"OG0008313_00"	-0.00306525525433027	0.298423620123734	1e-05	"1e-05 to 1"	0.00715842257673165	0.00138608782427074	174	"success"	"pgls5_castespolymorphic"
"OG0008314_00"	0.0101904305302763	0.061676113479971	1	"1e-05 to 1"	0.0227838850413198	0.0171023960008624	174	"success"	"pgls5_castespolymorphic"
"OG0008315_00"	0.00921811030010473	0.487970980474252	0.979307508138749	"1e-05 to 1"	0.00316984423856786	-0.00262567992283591	174	"success"	"pgls5_castespolymorphic"
"OG0008316_00"	-0.00289560090020836	0.389310193321721	1e-05	"1e-05 to 1"	0.00484782090250122	-0.000937947580623932	174	"success"	"pgls5_castespolymorphic"
"OG0008317_00"	-0.00242473466805848	0.664072588522379	1	"1e-05 to 1"	0.00122005167464994	-0.00458680849003223	174	"success"	"pgls5_castespolymorphic"
"OG0008318_00"	-0.00227420590734298	0.728579491988169	0.90014175329697	"0.001 to 1"	0.000779109085436047	-0.00503031469895077	174	"success"	"pgls5_castespolymorphic"
"OG0008319_00"	0.00917576074989703	0.47804244370119	0.67751399281498	"1e-05 to 1"	0.00325245130239923	-0.00254259258537748	174	"success"	"pgls5_castespolymorphic"
"OG0008320_00"	-0.00124239529957982	0.897930688811773	1	"1e-05 to 1"	0.000109326902252792	-0.00570399096459462	174	"success"	"pgls5_castespolymorphic"
"OG0008321_00"	0.0048764918841197	0.724970567280738	1	"1e-05 to 1"	0.000795690800545227	-0.00501363657852139	174	"success"	"pgls5_castespolymorphic"
"OG0008322_00"	0.0136914402488513	0.5141234930804	1	"1e-05 to 1"	0.00275130860771166	-0.00304664890038286	174	"success"	"pgls5_castespolymorphic"
"OG0008323_00"	-0.0144970798802599	0.385883753157502	1	"1e-05 to 1"	0.00482349675917718	-0.000962413143385854	174	"success"	"pgls5_castespolymorphic"
"OG0008324_00"	0.0168051756689486	0.122919543811184	0.682441476543662	"1e-05 to 1"	0.0153833655194098	0.00965885020266211	174	"success"	"pgls5_castespolymorphic"
"OG0008325_00"	-0.00670891930062983	0.202350710882779	1e-05	"1e-05 to 1"	0.0103316477397604	0.00457776197080551	174	"success"	"pgls5_castespolymorphic"
"OG0008326_00"	-0.00638209928872254	0.488445453257276	1	"1e-05 to 1"	0.00306205045813205	-0.00273410041129751	174	"success"	"pgls5_castespolymorphic"
"OG0008327_00"	0.0029131220508174	0.736407673396296	1e-05	"1e-05 to 1"	0.000742730965086349	-0.00506690432000023	174	"success"	"pgls5_castespolymorphic"
"OG0008328_00"	0.00725483560342649	0.134032945584749	1e-05	"1e-05 to 1"	0.0141537462120865	0.00842208194587768	174	"success"	"pgls5_castespolymorphic"
"OG0008329_00"	-0.00610531043053473	0.476401770107239	0.71795659483663	"1e-05 to 1"	0.00321441578933994	-0.00258084923514068	174	"success"	"pgls5_castespolymorphic"
"OG0008330_00"	0.00485514657011886	0.704942781428831	0.964725613660355	"1e-05 to 1"	0.000915747605487205	-0.00489288176889957	174	"success"	"pgls5_castespolymorphic"
"OG0008331_00"	-0.0182189955616893	0.053303420031922	0.844101457527109	"1e-05 to 1"	0.0235791480608608	0.01790228264261	174	"success"	"pgls5_castespolymorphic"
"OG0008332_00"	-0.00115345013839961	0.794661047506377	1	"1e-05 to 1"	0.000444074253860543	-0.00536729740745434	174	"success"	"pgls5_castespolymorphic"
"OG0008333_00"	-0.00700705008348401	0.497640791776602	1	"1e-05 to 1"	0.00297266822512627	-0.00282400230844848	174	"success"	"pgls5_castespolymorphic"
"OG0008334_00"	-0.00126253201663109	0.912867559904476	0.807983935361756	"1e-05 to 1"	7.69949396858025e-05	-0.00573651090368821	174	"success"	"pgls5_castespolymorphic"
"OG0008335_00"	-0.00290395716488754	0.742571004727103	0.709123734576964	"1e-05 to 1"	0.000702549127581261	-0.00510731977283974	174	"success"	"pgls5_castespolymorphic"
"OG0008336_00"	-0.0129621068412392	0.240011902117103	1	"1e-05 to 1"	0.0088955607309103	0.00313332561888069	174	"success"	"pgls5_castespolymorphic"
"OG0008337_00"	-0.000125890500506956	0.988255953966139	0.954811084001288	"1e-05 to 1"	1.40234757907002e-06	-0.00581254298760947	174	"success"	"pgls5_castespolymorphic"
"OG0008338_00"	-0.00623721114713689	0.360032594547709	0.885278709998314	"1e-05 to 1"	0.00540780988199985	-0.000374702851244191	174	"success"	"pgls5_castespolymorphic"
"OG0008339_00"	0.0145391243618265	0.246121365043708	1	"1e-05 to 1"	0.00845100839683214	0.00268618867820902	174	"success"	"pgls5_castespolymorphic"
"OG0008340_00"	0.00521352650438287	0.578829193826505	1	"1e-05 to 1"	0.00199237809625708	-0.00380999179853214	174	"success"	"pgls5_castespolymorphic"
"OG0008341_00"	0.00183704779361692	0.367042127871872	1	"1e-05 to 1"	0.0052188020828983	-0.000564809532898725	174	"success"	"pgls5_castespolymorphic"
"OG0008342_00"	-0.00306898866492951	0.718269627792164	1e-05	"1e-05 to 1"	0.000836665829956923	-0.00497242332219461	174	"success"	"pgls5_castespolymorphic"
"OG0008343_00"	-0.00870815513494084	0.733401626658703	1	"1e-05 to 1"	0.000750595419577409	-0.00505899414193678	174	"success"	"pgls5_castespolymorphic"
"OG0008344_00"	-0.000973503752048434	0.62371544930432	1	"1e-05 to 1"	0.00157697528790491	-0.004227809739491	174	"success"	"pgls5_castespolymorphic"
"OG0008345_00"	-0.0063473988285263	0.741091216831872	1e-05	"1e-05 to 1"	0.000706347664565296	-0.00510349915133834	174	"success"	"pgls5_castespolymorphic"
"OG0008346_00"	-0.00713771461740169	0.0710968412946587	1	"1e-05 to 1"	0.020863288286515	0.0151706329858552	174	"success"	"pgls5_castespolymorphic"
"OG0008347_00"	-0.00258449204335335	0.818044353215923	1	"1e-05 to 1"	0.000442810733310781	-0.00536856827405363	174	"success"	"pgls5_castespolymorphic"
"OG0008350_00"	-0.00466282297462667	0.760222697680697	1	"1e-05 to 1"	0.000926324390660156	-0.00488224349078958	174	"success"	"pgls5_castespolymorphic"
"OG0008352_00"	-0.00775806187579128	0.171522413835373	1e-05	"1e-05 to 1"	0.0127670710852113	0.00702734475431133	174	"success"	"pgls5_castespolymorphic"
"OG0008353_00"	-0.00164328399763278	0.906213861242263	1e-05	"1e-05 to 1"	0.000113302739198482	-0.00569999201231774	174	"success"	"pgls5_castespolymorphic"
"OG0008354_00"	-0.00231207684174967	0.410756815123659	1e-05	"1e-05 to 1"	0.00460781058893937	-0.00117935330298535	174	"success"	"pgls5_castespolymorphic"
"OG0008356_00"	0.000199261699901768	0.992392069477338	0.502618922148048	"1e-05 to 1"	6.24885463098439e-07	-0.00581332496985398	174	"success"	"pgls5_castespolymorphic"
"OG0008357_00"	-0.00301707974903114	0.687764305360218	0.55457823270099	"1e-05 to 1"	0.00101850598464742	-0.00478952595730231	174	"success"	"pgls5_castespolymorphic"
"OG0008358_00"	-8.96058096643975e-05	0.989743995436788	0.462677581774692	"1e-05 to 1"	1.12787198293573e-06	-0.00581281905899389	174	"success"	"pgls5_castespolymorphic"
"OG0008359_00"	0.0138651123613496	0.130255664018174	1e-05	"1e-05 to 1"	0.0171302673648379	0.0114159084541683	174	"success"	"pgls5_castespolymorphic"
"OG0008360_00"	-0.00397974201933897	0.481421689033751	0.972018346930217	"1e-05 to 1"	0.00342414223230305	-0.00236990345239296	174	"success"	"pgls5_castespolymorphic"
"OG0008361_00"	0.00915487404476323	0.203250292034975	1e-05	"1e-05 to 1"	0.0106285928782916	0.00487643353456069	174	"success"	"pgls5_castespolymorphic"
"OG0008362_00"	-0.00200727182242118	0.674160351687666	0.436198320875035	"1e-05 to 1"	0.00112173933676302	-0.00468569241127903	174	"success"	"pgls5_castespolymorphic"
"OG0008363_00"	0.015205916414689	0.0269371516983639	0.275145661853196	"1e-05 to 1"	0.0315871870037419	0.025956879951438	174	"success"	"pgls5_castespolymorphic"
"OG0008364_00"	-0.00412378582815855	0.703649374697601	1	"1e-05 to 1"	0.000967440958138452	-0.00484088787350023	174	"success"	"pgls5_castespolymorphic"
"OG0008365_00"	0.000564268879122572	0.951073512756009	0.983564531964922	"1e-05 to 1"	2.46873966521301e-05	-0.00578912256034392	174	"success"	"pgls5_castespolymorphic"
"OG0008366_00"	0.0047330890458679	0.380728143933495	1	"1e-05 to 1"	0.00516067136302521	-0.00062327822207342	174	"success"	"pgls5_castespolymorphic"
"OG0008367_00"	-0.000849935218438397	0.692627846209405	1	"1e-05 to 1"	0.000997932731586641	-0.00481021882229959	174	"success"	"pgls5_castespolymorphic"
"OG0008368_00"	-0.00180794514455245	0.845533172618735	1	"1e-05 to 1"	0.000242494431277419	-0.00557004920574999	174	"success"	"pgls5_castespolymorphic"
"OG0008369_00"	0.00686699101515201	0.336613850706084	1e-05	"1e-05 to 1"	0.00595809507462361	0.000178781673894735	174	"success"	"pgls5_castespolymorphic"
"OG0008370_00"	0.00401563487689775	0.584852274805231	1e-05	"1e-05 to 1"	0.00269728060591314	-0.00310099101847094	174	"success"	"pgls5_castespolymorphic"
"OG0008371_00"	0.00639217114876016	0.27271026177	1	"1e-05 to 1"	0.00765777976144688	0.00188834824843209	174	"success"	"pgls5_castespolymorphic"
"OG0008372_00"	0.00860300871796687	0.120588481673339	1e-05	"1e-05 to 1"	0.0157793768814036	0.0100571639562954	174	"success"	"pgls5_castespolymorphic"
"OG0008373_00"	-0.00251547020395204	0.367933803493044	1e-05	"1e-05 to 1"	0.0064898737332742	0.000713652068932591	174	"success"	"pgls5_castespolymorphic"
"OG0008374_00"	0.00962077400884039	0.725099940952534	1	"1e-05 to 1"	0.000879738622187942	-0.00492910010675285	174	"success"	"pgls5_castespolymorphic"
"OG0008375_00"	-0.0132999276412386	0.338014490297898	1	"1e-05 to 1"	0.00600120549525292	0.000222142736504449	174	"success"	"pgls5_castespolymorphic"
"OG0008376_00"	-0.00232127883361345	0.901876651517909	1	"1e-05 to 1"	0.000113855454183782	-0.00569943608387335	174	"success"	"pgls5_castespolymorphic"
"OG0008377_00"	-0.00074426501404054	0.849019955988565	0.934390304071463	"1e-05 to 1"	0.000236064491189027	-0.00557651652921098	174	"success"	"pgls5_castespolymorphic"
"OG0008378_00"	0.0238681854328659	0.247230972555475	1e-05	"1e-05 to 1"	0.00874106803717381	0.00297793471180841	174	"success"	"pgls5_castespolymorphic"
"OG0008379_00"	0.00508303209637302	0.764643878326147	0.113146717705612	"1e-05 to 1"	0.000591460534841181	-0.0052190542294912	174	"success"	"pgls5_castespolymorphic"
"OG0008380_00"	-0.00724777112418011	0.649178649266861	1e-05	"1e-05 to 1"	0.00140197186402225	-0.00440383062514038	174	"success"	"pgls5_castespolymorphic"
"OG0008381_00"	0.0113847808043705	0.503825094185978	0.6248064401824	"1e-05 to 1"	0.00286961983431682	-0.00292764981780924	174	"success"	"pgls5_castespolymorphic"
"OG0008382_00"	-0.000476304899690097	0.946826008480385	1e-05	"1e-05 to 1"	2.82405556766529e-05	-0.00578554874341841	174	"success"	"pgls5_castespolymorphic"
"OG0008383_00"	0.0104115457315083	0.306856714282505	0.894099694965928	"1e-05 to 1"	0.00677919163450957	0.00100465205098921	174	"success"	"pgls5_castespolymorphic"
"OG0008384_00"	-0.0278724951002278	0.155779129005955	0.916288507379624	"1e-05 to 1"	0.0133859200814751	0.0076497917098558	174	"success"	"pgls5_castespolymorphic"
"OG0008385_00"	0.0226224856539089	0.238551844422444	1	"1e-05 to 1"	0.00878103623485822	0.00301813528273531	174	"success"	"pgls5_castespolymorphic"
"OG0008386_00"	-0.0122844728286922	0.227111625225313	0.950989783316607	"1e-05 to 1"	0.0095206066676236	0.00376200554359807	174	"success"	"pgls5_castespolymorphic"
"OG0008387_00"	0.00532103391025558	0.501272747134383	0.5354972813446	"1e-05 to 1"	0.00310333778616201	-0.00269257304066262	174	"success"	"pgls5_castespolymorphic"
"OG0008388_00"	0.0200983696920747	0.00579026428722473	1e-05	"1e-05 to 1"	0.0496564431622843	0.0441311899248558	174	"success"	"pgls5_castespolymorphic"
"OG0008389_00"	-0.00529297081607102	0.61559954331832	0.737675560758583	"1e-05 to 1"	0.00163038213588164	-0.00417409238658428	174	"success"	"pgls5_castespolymorphic"
"OG0008390_00"	-0.00133819770087188	0.906784833395767	1	"1e-05 to 1"	9.10998025853516e-05	-0.00572232403577178	174	"success"	"pgls5_castespolymorphic"
"OG0008391_00"	0.0178748177319875	0.0362137759062853	1e-05	"1e-05 to 1"	0.0279951827352799	0.0223439919372292	174	"success"	"pgls5_castespolymorphic"
"OG0008392_00"	0.0223392332730289	0.306481648041102	0.628165668071488	"1e-05 to 1"	0.00670264470875924	0.000927660084972914	174	"success"	"pgls5_castespolymorphic"
"OG0008393_00"	0.00643347583107373	0.520949897209083	0.986560354774487	"1e-05 to 1"	0.00262918887676892	-0.00316947862976158	174	"success"	"pgls5_castespolymorphic"
"OG0008394_00"	-0.00206377687037776	0.53880227822236	1	"1e-05 to 1"	0.00254061703535873	-0.00325856542373804	174	"success"	"pgls5_castespolymorphic"
"OG0008395_00"	-0.017523211660881	0.238089424307538	1e-05	"1e-05 to 1"	0.00902650590812855	0.00326503210526885	174	"success"	"pgls5_castespolymorphic"
"OG0008396_00"	-0.00205522633802334	0.841068233757218	0.942854839269083	"1e-05 to 1"	0.000260231325501131	-0.0055522091900484	174	"success"	"pgls5_castespolymorphic"
"OG0008397_00"	-0.00869385791143628	0.132123461496095	1	"1e-05 to 1"	0.0161220322519681	0.0104018115092469	174	"success"	"pgls5_castespolymorphic"
"OG0008398_00"	-0.00934594833148344	0.330133919495142	0.857215002879079	"1e-05 to 1"	0.00596551849864367	0.000186248257356803	174	"success"	"pgls5_castespolymorphic"
"OG0008399_00"	0.0149233408050119	0.348963143149598	0.985597502897701	"1e-05 to 1"	0.00558954797234018	-0.000191908144099751	174	"success"	"pgls5_castespolymorphic"
"OG0008400_00"	0.00333928001073931	0.576785263166346	1	"1e-05 to 1"	0.00204026850148313	-0.00376182296071748	174	"success"	"pgls5_castespolymorphic"
"OG0008401_00"	-0.00268906141705917	0.850259528058209	1	"1e-05 to 1"	0.000229172817669631	-0.00558344827059964	174	"success"	"pgls5_castespolymorphic"
"OG0008402_00"	-0.00476971618107668	0.404806394669464	0.658802356713615	"1e-05 to 1"	0.00457036615341142	-0.00121701543871988	174	"success"	"pgls5_castespolymorphic"
"OG0008403_00"	0.0311772260164244	0.00130456705663518	1e-05	"1e-05 to 1"	0.101566838049099	0.0963433894331049	174	"success"	"pgls5_castespolymorphic"
"OG0008404_00"	0.0145675791318893	0.277329824991485	1	"1e-05 to 1"	0.00760921901104384	0.00183950516808484	174	"success"	"pgls5_castespolymorphic"
"OG0008405_00"	-0.00495541785074237	0.614597525720796	0.680789404084954	"1e-05 to 1"	0.00172910067472648	-0.00407479990274595	174	"success"	"pgls5_castespolymorphic"
"OG0008406_00"	-0.00572955027570568	0.599762892305134	1	"1e-05 to 1"	0.00176918622816469	-0.00403448129376449	174	"success"	"pgls5_castespolymorphic"
"OG0008407_00"	0.00564108910131408	0.482150320727095	1	"1e-05 to 1"	0.00319225735878791	-0.0026031364937773	174	"success"	"pgls5_castespolymorphic"
"OG0008408_00"	0.00935970407626579	0.214137974091385	0.192244370798337	"1e-05 to 1"	0.00987513508756296	0.00411859517528135	174	"success"	"pgls5_castespolymorphic"
"OG0008409_00"	0.00354913689185725	0.762669129261813	0.651692422670385	"1e-05 to 1"	0.000630872999275087	-0.00517941262282218	174	"success"	"pgls5_castespolymorphic"
"OG0008410_00"	0.00929194184146172	0.446216395504544	0.549120132342945	"1e-05 to 1"	0.00387368784424575	-0.00191774420317126	174	"success"	"pgls5_castespolymorphic"
"OG0008411_00"	0.00228954735319394	0.740127129418375	1	"1e-05 to 1"	0.000693856147283051	-0.00511606329372127	174	"success"	"pgls5_castespolymorphic"
"OG0008412_00"	-0.00325841803210527	0.82376962685486	1	"1e-05 to 1"	0.000350430580160958	-0.00546148552111725	174	"success"	"pgls5_castespolymorphic"
"OG0008413_00"	0.0284334659284561	0.127299539790714	1e-05	"1e-05 to 1"	0.0150331445598496	0.00930659307473247	174	"success"	"pgls5_castespolymorphic"
"OG0008414_00"	0.0076878986296823	0.444115309635778	1e-05	"1e-05 to 1"	0.00375898107477032	-0.00203311787246951	174	"success"	"pgls5_castespolymorphic"
"OG0008415_00"	-0.00276697583865992	0.734586047460854	1e-05	"1e-05 to 1"	0.000738901788673715	-0.00507075575906635	174	"success"	"pgls5_castespolymorphic"
"OG0008416_00"	-0.0023453309799354	0.690090445516301	0.80449743073556	"1e-05 to 1"	0.00113903821000958	-0.00466829296318805	174	"success"	"pgls5_castespolymorphic"
"OG0008418_00"	-0.0203910616652127	0.13793203717622	1e-05	"1e-05 to 1"	0.0214496957524822	0.0157604497975548	174	"success"	"pgls5_castespolymorphic"
"OG0008419_00"	-0.0392710815032481	0.126154407688899	1e-05	"1e-05 to 1"	0.0223470093376695	0.0166629803221908	174	"success"	"pgls5_castespolymorphic"
"OG0008421_00"	0.00805894932658745	0.0973044305434314	1e-05	"1e-05 to 1"	0.0176364791362738	0.0119250633172988	174	"success"	"pgls5_castespolymorphic"
"OG0008422_00"	-0.0333084402786198	0.0185757100671897	0.733859726406794	"1e-05 to 1"	0.0412608063417967	0.0356867412623886	174	"success"	"pgls5_castespolymorphic"
"OG0008424_00"	0.00639712174731046	0.727190703817559	1	"1e-05 to 1"	0.000792559229680909	-0.00501678635619296	174	"success"	"pgls5_castespolymorphic"
"OG0008425_00"	-0.00740407151033499	0.128893004190904	1	"1e-05 to 1"	0.0149090145160264	0.00918174134460792	174	"success"	"pgls5_castespolymorphic"
"OG0008426_00"	-0.00112414000194258	0.91617388630278	0.838266040772181	"1e-05 to 1"	7.31223683721338e-05	-0.00574040598995129	174	"success"	"pgls5_castespolymorphic"
"OG0008427_00"	0.0102474194496755	0.431156452877395	0.903240492295192	"1e-05 to 1"	0.00400298518852782	-0.00178769513014343	174	"success"	"pgls5_castespolymorphic"
"OG0008429_00"	-0.0116243147191405	0.280282166574212	0.566972035121608	"1e-05 to 1"	0.00761487518578865	0.00184519422756657	174	"success"	"pgls5_castespolymorphic"
"OG0008430_00"	-0.044718035725347	0.217168386703729	0.904409232369458	"1e-05 to 1"	0.0185128896365921	0.0128065692275026	174	"success"	"pgls5_castespolymorphic"
"OG0008431_00"	-0.00701578865281204	0.366871617043134	1	"1e-05 to 1"	0.00522250784554504	-0.000561082225120524	174	"success"	"pgls5_castespolymorphic"
"OG0008432_00"	0.0387370470221765	0.0568931703096101	0.702614665960828	"1e-05 to 1"	0.0252975792090243	0.0196307046695419	174	"success"	"pgls5_castespolymorphic"
"OG0008433_00"	-0.00850281267157869	0.408731719698324	0.75857030883416	"1e-05 to 1"	0.00452449871144593	-0.00126314955185958	174	"success"	"pgls5_castespolymorphic"
"OG0008434_00"	0.0176582256481386	0.200825748287518	1	"1e-05 to 1"	0.0104014134000071	0.00464793324535595	174	"success"	"pgls5_castespolymorphic"
"OG0008435_00"	-0.0277442112473414	0.0910914605358966	1	"1e-05 to 1"	0.0248398048817648	0.0191702688636354	174	"success"	"pgls5_castespolymorphic"
"OG0008436_00"	-0.00494163890086526	0.0416059478862214	1	"1e-05 to 1"	0.0265102965051324	0.020850472647604	174	"success"	"pgls5_castespolymorphic"
"OG0008438_00"	0.00119066758282351	0.863633987124737	1	"1e-05 to 1"	0.000209927517245308	-0.00560280546230563	174	"success"	"pgls5_castespolymorphic"
"OG0008440_00"	0.0153181162476016	0.308044564152351	0.550763660359516	"1e-05 to 1"	0.00674609207807792	0.000971360055276094	174	"success"	"pgls5_castespolymorphic"
"OG0008441_00"	-0.00267722166488766	0.668677627532577	1	"1e-05 to 1"	0.00119245982282643	-0.0046145607595991	174	"success"	"pgls5_castespolymorphic"
"OG0008442_00"	-0.0106560641125683	0.455996868435374	0.940158942099779	"1e-05 to 1"	0.00354449822791055	-0.00224884771262479	174	"success"	"pgls5_castespolymorphic"
"OG0008443_00"	-0.00799482282878117	0.371246827265155	0.978336474921422	"1e-05 to 1"	0.00536924520548571	-0.000413491740993921	174	"success"	"pgls5_castespolymorphic"
"OG0008444_00"	-0.0080698666985074	0.174816241089349	1e-05	"1e-05 to 1"	0.0120791514948229	0.00633542563142064	174	"success"	"pgls5_castespolymorphic"
"OG0008445_00"	0.0116690590087249	0.0437026462794932	1	"1e-05 to 1"	0.0258213162155314	0.0201574866586449	174	"success"	"pgls5_castespolymorphic"
"OG0008446_00"	-0.0221431931662292	0.347213189408212	0.204510836117478	"1e-05 to 1"	0.00585395927243897	7.40404309995668e-05	174	"success"	"pgls5_castespolymorphic"
"OG0008447_00"	0.0105496449931236	0.521813022351468	0.815349589891344	"1e-05 to 1"	0.00268691412118777	-0.00311141777345658	174	"success"	"pgls5_castespolymorphic"
"OG0008448_00"	-0.00155661901952252	0.920442829721248	1e-05	"1e-05 to 1"	6.49825616922359e-05	-0.00574859312108877	174	"success"	"pgls5_castespolymorphic"
"OG0008449_00"	0.0174165810843378	0.0154654926090783	0.122060031614724	"1e-05 to 1"	0.0372344622389758	0.0316369881822258	174	"success"	"pgls5_castespolymorphic"
"OG0008450_00"	0.00676093148327188	0.746134600201979	1	"1e-05 to 1"	0.000678134124145166	-0.00513187672397031	174	"success"	"pgls5_castespolymorphic"
"OG0008452_00"	0.00941110567555979	0.598320777740475	1	"1e-05 to 1"	0.00174947412259021	-0.00405430800460405	174	"success"	"pgls5_castespolymorphic"
"OG0008453_00"	-0.0310928432664922	0.0294565374735747	0.750748548966561	"1e-05 to 1"	0.0310084922203452	0.0253748206634867	174	"success"	"pgls5_castespolymorphic"
"OG0008454_00"	-0.00459134566346759	0.758327163370491	0.985490975418059	"1e-05 to 1"	0.000616522536045912	-0.00519384651897692	174	"success"	"pgls5_castespolymorphic"
"OG0008455_00"	0.0136987965530789	0.141634573295248	1e-05	"1e-05 to 1"	0.0133683545414112	0.00763212404455893	174	"success"	"pgls5_castespolymorphic"
"OG0008456_00"	-0.00803764966610305	0.596475260030443	1	"1e-05 to 1"	0.00187344801465797	-0.00392961333409403	174	"success"	"pgls5_castespolymorphic"
"OG0008457_00"	-0.00267263843559969	0.825782401598038	0.819016465280146	"1e-05 to 1"	0.000299954510448045	-0.00551225505635156	174	"success"	"pgls5_castespolymorphic"
"OG0008458_00"	-0.000149725135597124	0.947243374930141	1	"1e-05 to 1"	2.76229527347988e-05	-0.00578616993707493	174	"success"	"pgls5_castespolymorphic"
"OG0008459_00"	-0.00879040897260678	0.134095037441405	1	"1e-05 to 1"	0.0143299326426812	0.00859929271618509	174	"success"	"pgls5_castespolymorphic"
"OG0008461_00"	0.00649627212319927	0.558604176154542	0.913669774203333	"1e-05 to 1"	0.00219774089362168	-0.00360343503141536	174	"success"	"pgls5_castespolymorphic"
"OG0008462_00"	-1.38434663254161e-05	0.99792374996401	1	"1e-05 to 1"	4.29929663180969e-08	-0.00581391024544664	174	"success"	"pgls5_castespolymorphic"
"OG0008463_00"	0.0326768146764633	0.0389625943560983	1	"1e-05 to 1"	0.0273863610341078	0.0217316305750038	174	"success"	"pgls5_castespolymorphic"
"OG0008464_00"	-0.000563613136432749	0.890996454473798	1e-05	"1e-05 to 1"	0.000122343041282206	-0.00569089915033816	174	"success"	"pgls5_castespolymorphic"
"OG0008465_00"	-0.010896533323054	0.442866934746505	1	"1e-05 to 1"	0.00390490711966514	-0.00188634342033667	174	"success"	"pgls5_castespolymorphic"
"OG0008466_00"	0.00335791868988104	0.797288491508986	0.816860834565706	"1e-05 to 1"	0.000432533348232711	-0.00537890541137065	174	"success"	"pgls5_castespolymorphic"
"OG0008467_00"	-0.00866697006432396	0.183900005236457	1e-05	"1e-05 to 1"	0.0110098400764683	0.00525989728621523	174	"success"	"pgls5_castespolymorphic"
"OG0008468_00"	-0.0221538580439445	0.224087280216241	1	"1e-05 to 1"	0.00958239922911422	0.00382415736416719	174	"success"	"pgls5_castespolymorphic"
"OG0008469_00"	0.0750148165509076	0.00271566752557084	1	"1e-05 to 1"	0.0551353834936652	0.0496419845604887	174	"success"	"pgls5_castespolymorphic"
"OG0008470_00"	0.00654982667865346	0.351262091270872	1e-05	"1e-05 to 1"	0.0056814156763597	-9.95063255218032e-05	174	"success"	"pgls5_castespolymorphic"
"OG0008471_00"	0.00302856866295738	0.795678705235108	1e-05	"1e-05 to 1"	0.000436721932943747	-0.0053746924744229	174	"success"	"pgls5_castespolymorphic"
"OG0008472_00"	-0.0176535046640604	0.229116598481628	1	"1e-05 to 1"	0.00919912774793091	0.00343865756041872	174	"success"	"pgls5_castespolymorphic"
"OG0008475_00"	0.00541767060754424	0.755579908102197	1e-05	"1e-05 to 1"	0.000817393913230043	-0.00499180728494886	174	"success"	"pgls5_castespolymorphic"
"OG0008476_00"	-0.000548906651316217	0.947499623017438	0.691171190764346	"1e-05 to 1"	2.91969143654069e-05	-0.00578458682450456	174	"success"	"pgls5_castespolymorphic"
"OG0008478_00"	-0.0107831995612937	0.201410456167371	0.92253216887107	"1e-05 to 1"	0.0105762721632048	0.0048238086292699	174	"success"	"pgls5_castespolymorphic"
"OG0008479_00"	-0.0137594097403421	0.225668134252319	0.842656698115718	"1e-05 to 1"	0.00977098667701928	0.0040138412507229	174	"success"	"pgls5_castespolymorphic"
"OG0008480_00"	0.00258307209655844	0.543697416459939	1	"1e-05 to 1"	0.00246336592648688	-0.00333626566696377	174	"success"	"pgls5_castespolymorphic"
"OG0008481_00"	-0.00151294540636278	0.848728099109981	1	"1e-05 to 1"	0.000236989087802157	-0.00557558655703616	174	"success"	"pgls5_castespolymorphic"
"OG0008482_00"	-0.000880142077154835	0.930848343281887	1e-05	"1e-05 to 1"	5.07077924631865e-05	-0.00576295088316203	174	"success"	"pgls5_castespolymorphic"
"OG0008484_00"	0.00349505844872146	0.542874547863027	1	"1e-05 to 1"	0.00417466735724441	-0.00161501480928328	174	"success"	"pgls5_castespolymorphic"
"OG0008485_00"	-0.0050695349712128	0.781510730458925	0.944128189521747	"1e-05 to 1"	0.000943382957639901	-0.00486508574609479	174	"success"	"pgls5_castespolymorphic"
"OG0008487_00"	-0.0012112457477428	0.791553604529114	1	"1e-05 to 1"	0.000655657065774589	-0.00515448446291278	174	"success"	"pgls5_castespolymorphic"
"OG0008488_00"	0.0075335692219531	0.015789988147247	1	"1e-05 to 1"	0.0382204419728853	0.0326287003564485	174	"success"	"pgls5_castespolymorphic"
"OG0008489_00"	0.0316587098951042	0.000195621672418822	1	"1e-05 to 1"	0.0933843604828973	0.0881133393229142	174	"success"	"pgls5_castespolymorphic"
"OG0008490_00"	0.0065929722911039	0.576863356134842	0.377963949148435	"1e-05 to 1"	0.00198735958412331	-0.00381503948806183	174	"success"	"pgls5_castespolymorphic"
"OG0008491_00"	0.013996076148412	0.303135617223949	1	"1e-05 to 1"	0.00692894053701944	0.00115527158665329	174	"success"	"pgls5_castespolymorphic"
"OG0008492_00"	-0.00691847616542735	0.622313911310826	1	"1e-05 to 1"	0.00156917125197029	-0.0042356591477275	174	"success"	"pgls5_castespolymorphic"
"OG0008493_00"	0.00179379312666421	0.778252356340753	1	"1e-05 to 1"	0.000500168885873329	-0.00531087664385987	174	"success"	"pgls5_castespolymorphic"
"OG0008495_00"	-0.0111893747600175	0.177156108070234	1e-05	"1e-05 to 1"	0.0121087321300286	0.00636517824706362	174	"success"	"pgls5_castespolymorphic"
"OG0008496_00"	-0.00539093568574878	0.552035568696967	1	"1e-05 to 1"	0.00228657957333546	-0.00351407984774976	174	"success"	"pgls5_castespolymorphic"
"OG0008497_00"	-0.00327989344963198	0.665313381201126	0.969308215276558	"1e-05 to 1"	0.00117255507465183	-0.00463458123305371	174	"success"	"pgls5_castespolymorphic"
"OG0008498_00"	-0.00976006964439577	0.467019485391545	1e-05	"1e-05 to 1"	0.00386806788682247	-0.00192339683476561	174	"success"	"pgls5_castespolymorphic"
"OG0008499_00"	0.00523674785672393	0.614132749753478	1e-05	"1e-05 to 1"	0.0016333856219525	-0.00417107143838513	174	"success"	"pgls5_castespolymorphic"
"OG0008500_00"	0.0111185406765017	0.187858966811487	0.712470188385571	"1e-05 to 1"	0.0114575381308291	0.00571019823624097	174	"success"	"pgls5_castespolymorphic"
"OG0008501_00"	-0.00098406355552229	0.92512762911608	1e-05	"1e-05 to 1"	5.75330795409842e-05	-0.00575608591418253	174	"success"	"pgls5_castespolymorphic"
"OG0008502_00"	-0.00303626410873304	0.68442877076171	1e-05	"1e-05 to 1"	0.00115043164286312	-0.00465683328944588	174	"success"	"pgls5_castespolymorphic"
"OG0008503_00"	-0.0080742113759268	0.513494058292292	0.961411777786803	"1e-05 to 1"	0.00275953748350779	-0.00303837218228575	174	"success"	"pgls5_castespolymorphic"
"OG0008504_00"	0.0125725005465059	0.415356305898238	1	"1e-05 to 1"	0.0044876092191379	-0.00130025351796004	174	"success"	"pgls5_castespolymorphic"
"OG0008505_00"	-0.0092237694720218	0.00464175353885721	1	"1e-05 to 1"	0.0505471830805709	0.0450271085635974	174	"success"	"pgls5_castespolymorphic"
"OG0008506_00"	0.00439512452556744	0.758816916434274	1	"1e-05 to 1"	0.00059458567830995	-0.00521591091658369	174	"success"	"pgls5_castespolymorphic"
"OG0008507_00"	0.00967887792615171	0.326034476152359	0.165422136162124	"1e-05 to 1"	0.00647442087835333	0.000698109371832234	174	"success"	"pgls5_castespolymorphic"
"OG0008508_00"	0.023146658567146	0.0744498216474698	1e-05	"1e-05 to 1"	0.0209212103969492	0.0152288918527453	174	"success"	"pgls5_castespolymorphic"
"OG0008511_00"	-0.028522928153511	0.248442128693257	0.868650869116203	"1e-05 to 1"	0.013996530862517	0.00826395255357815	174	"success"	"pgls5_castespolymorphic"
"OG0008513_00"	0.0100550335602174	0.461210234040552	1e-05	"1e-05 to 1"	0.0056691804639756	-0.000111812672861866	174	"success"	"pgls5_castespolymorphic"
"OG0008514_00"	0.0110868662055446	0.318483847663166	1e-05	"1e-05 to 1"	0.0065471559577005	0.000771267329547576	174	"success"	"pgls5_castespolymorphic"
"OG0008515_00"	0.00898448214005585	0.669058290010321	1	"1e-05 to 1"	0.00119734557435862	-0.00460964660253471	174	"success"	"pgls5_castespolymorphic"
"OG0008516_00"	-0.0114635499633554	0.440083161194007	1e-05	"1e-05 to 1"	0.00442187175086099	-0.00136637318082	174	"success"	"pgls5_castespolymorphic"
"OG0008517_00"	-0.000715016630497512	0.574106009542801	1e-05	"1e-05 to 1"	0.00209652736067339	-0.0037052370151367	174	"success"	"pgls5_castespolymorphic"
"OG0008518_00"	-0.0112306912909826	0.535736421891641	0.113866686542198	"1e-05 to 1"	0.00284721228951404	-0.00295018763903543	174	"success"	"pgls5_castespolymorphic"
"OG0008519_00"	-0.00515191655455957	0.713952402491675	0.940833841219724	"1e-05 to 1"	0.000886474212813902	-0.00492232535571624	174	"success"	"pgls5_castespolymorphic"
"OG0008520_00"	-0.00246058065741334	0.850387822327215	1	"1e-05 to 1"	0.00023175605542907	-0.0055808500140162	174	"success"	"pgls5_castespolymorphic"
"OG0008521_00"	0.00515887403636179	0.490851439531777	1e-05	"1e-05 to 1"	0.00314889412400561	-0.00264675184038965	174	"success"	"pgls5_castespolymorphic"
"OG0008522_00"	-0.00273579752087374	0.628289321761018	1e-05	"1e-05 to 1"	0.00151591383258647	-0.00428922620327055	174	"success"	"pgls5_castespolymorphic"
"OG0008523_00"	-0.000397863490983244	0.805690863594642	1	"1e-05 to 1"	0.000404668395292993	-0.00540693236985068	174	"success"	"pgls5_castespolymorphic"
"OG0008524_00"	0.014213005181207	0.298260802878072	0.940896639441035	"1e-05 to 1"	0.00706962146395678	0.00129677042595644	174	"success"	"pgls5_castespolymorphic"
"OG0008526_00"	-0.00342182314399769	0.407345164334993	1e-05	"1e-05 to 1"	0.00541240879859639	-0.000370077196760743	174	"success"	"pgls5_castespolymorphic"
"OG0008528_00"	0.0167473841258987	0.308613706740027	0.865017309228061	"1e-05 to 1"	0.00917177384175705	0.00341114461990677	174	"success"	"pgls5_castespolymorphic"
"OG0008529_00"	0.00588359429413208	0.424493121519583	0.689561093279429	"1e-05 to 1"	0.00446605207480601	-0.00132193599452646	174	"success"	"pgls5_castespolymorphic"
"OG0008530_00"	-0.00353433897893261	0.639099626597027	0.992209365058838	"1e-05 to 1"	0.00160983880678618	-0.00419475515363943	174	"success"	"pgls5_castespolymorphic"
"OG0008531_00"	-0.00836931579097814	0.153188447321121	1	"1e-05 to 1"	0.013644715672685	0.00791009192659586	174	"success"	"pgls5_castespolymorphic"
"OG0008532_00"	-0.0057075341790305	0.655726657228277	1	"1e-05 to 1"	0.00131976000232486	-0.00448652046277798	174	"success"	"pgls5_castespolymorphic"
"OG0008534_00"	-0.008345168886897	0.128982813754237	1	"1e-05 to 1"	0.0158228255669019	0.0101008652504304	174	"success"	"pgls5_castespolymorphic"
"OG0008535_00"	-0.0180162081794689	0.11778454624773	1e-05	"1e-05 to 1"	0.0161244757549641	0.0104042692186557	174	"success"	"pgls5_castespolymorphic"
"OG0008536_00"	0.00115167331470018	0.866198744027483	1e-05	"1e-05 to 1"	0.000195089632874322	-0.00561772961344631	174	"success"	"pgls5_castespolymorphic"
"OG0008537_00"	-0.00288072333181379	0.743561113700581	1e-05	"1e-05 to 1"	0.000725300969394268	-0.00508443565287653	174	"success"	"pgls5_castespolymorphic"
"OG0008538_00"	-0.0103007881639352	0.331776611856292	0.959308605624356	"1e-05 to 1"	0.00588820662028413	0.000108486891332249	174	"success"	"pgls5_castespolymorphic"
"OG0008539_00"	-0.013226552145792	0.317354818851686	0.926152503089869	"1e-05 to 1"	0.00671010879979505	0.000935167571886941	174	"success"	"pgls5_castespolymorphic"
"OG0008540_00"	0.0265643980374479	0.0555934352805136	0.942508451071416	"1e-05 to 1"	0.023588055301576	0.0179112416696084	174	"success"	"pgls5_castespolymorphic"
"OG0008541_00"	0.0157356449451879	0.209294131840499	1	"1e-05 to 1"	0.0102830871370641	0.00452891903902364	174	"success"	"pgls5_castespolymorphic"
"OG0008542_00"	-0.00325410784274064	0.595660614671532	0.487505311078858	"1e-05 to 1"	0.00189442410278818	-0.00390851529196312	174	"success"	"pgls5_castespolymorphic"
"OG0008543_00"	0.0113907994852674	0.579634859904993	1	"1e-05 to 1"	0.00206401785533808	-0.00373793552922397	174	"success"	"pgls5_castespolymorphic"
"OG0008544_00"	0.00575764404140214	0.235993505338199	1e-05	"1e-05 to 1"	0.00910718539768992	0.00334618066163006	174	"success"	"pgls5_castespolymorphic"
"OG0008545_00"	0.0141009958031182	0.129338415573823	1	"1e-05 to 1"	0.0150694937511736	0.00934315359856408	174	"success"	"pgls5_castespolymorphic"
"OG0008546_00"	-0.00132185118904523	0.878233059590606	1	"1e-05 to 1"	0.000148083897306677	-0.00566500863817421	174	"success"	"pgls5_castespolymorphic"
"OG0008552_00"	0.037144685326266	0.120429092929753	0.73899497506349	"1e-05 to 1"	0.0298796699695143	0.0242394354925929	174	"success"	"pgls5_castespolymorphic"
"OG0008553_00"	-0.0034647019143437	0.807909973473727	1e-05	"1e-05 to 1"	0.000403389814119583	-0.00540821838463557	174	"success"	"pgls5_castespolymorphic"
"OG0008554_00"	0.0099550677714026	0.275809107129005	1e-05	"1e-05 to 1"	0.00824191128314787	0.0024758758836313	174	"success"	"pgls5_castespolymorphic"
"OG0008556_00"	0.00504716434052411	0.459230163619309	0.738540879788121	"1e-05 to 1"	0.00365728722875593	-0.00213540296177461	174	"success"	"pgls5_castespolymorphic"
"OG0008557_00"	0.00271833164985899	0.869107276599018	0.885989526305212	"1e-05 to 1"	0.000181631848962269	-0.00563126564028793	174	"success"	"pgls5_castespolymorphic"
"OG0008558_00"	-0.00491359122705153	0.760842337905175	1e-05	"1e-05 to 1"	0.000749866541565309	-0.00505972725761161	174	"success"	"pgls5_castespolymorphic"
"OG0008560_00"	-0.000657687223093169	0.929608615411845	1e-05	"1e-05 to 1"	5.47593819637936e-05	-0.00575887573790856	174	"success"	"pgls5_castespolymorphic"
"OG0008561_00"	0.00596907659141604	0.780081010034043	0.60387479188611	"1e-05 to 1"	0.000514453260596502	-0.00529650922044667	174	"success"	"pgls5_castespolymorphic"
"OG0008562_00"	-0.0293245310032778	0.030085647703757	1	"1e-05 to 1"	0.0329283297521973	0.0273058200414542	174	"success"	"pgls5_castespolymorphic"
"OG0008563_00"	0.00300484982575366	0.749601807703603	0.681738605558637	"1e-05 to 1"	0.000676617299704985	-0.0051334023671572	174	"success"	"pgls5_castespolymorphic"
"OG0008564_00"	-0.0054289573762537	0.324352714283535	1	"1e-05 to 1"	0.00630775547493395	0.000530474983509222	174	"success"	"pgls5_castespolymorphic"
"OG0008565_00"	1.04594057762294e-05	0.99932996438617	1e-05	"1e-05 to 1"	4.78102764376661e-09	-0.00581394867954765	174	"success"	"pgls5_castespolymorphic"
"OG0008566_00"	-0.00351556209725229	0.650171816001437	1	"1e-05 to 1"	0.00135671829646761	-0.00444934729483193	174	"success"	"pgls5_castespolymorphic"
"OG0008567_00"	-0.0015677650453669	0.821133273372621	1	"1e-05 to 1"	0.000335126339914487	-0.00547687873950475	174	"success"	"pgls5_castespolymorphic"
"OG0008568_00"	0.0071755349518924	0.51905228389876	1	"1e-05 to 1"	0.00304132075992674	-0.00275495063100384	174	"success"	"pgls5_castespolymorphic"
"OG0008570_00"	0.000820801998072744	0.897962215256736	1	"1e-05 to 1"	0.000126002398793004	-0.00568721851749299	174	"success"	"pgls5_castespolymorphic"
"OG0008571_00"	0.00213124845151894	0.892003940921591	0.79852219284836	"1e-05 to 1"	0.000142330167865377	-0.00567079581953078	174	"success"	"pgls5_castespolymorphic"
"OG0008572_00"	-0.00937704502551632	0.584331323361472	0.435542086001353	"1e-05 to 1"	0.00220628771786705	-0.00359483851633158	174	"success"	"pgls5_castespolymorphic"
"OG0008574_00"	0.0105264747603073	0.325708668758253	1e-05	"1e-05 to 1"	0.00675516378082815	0.000980484500484158	174	"success"	"pgls5_castespolymorphic"
"OG0008575_00"	-0.00466937255133835	0.762004386712433	1e-05	"1e-05 to 1"	0.000885760651427725	-0.00492304306571523	174	"success"	"pgls5_castespolymorphic"
"OG0008576_00"	-0.00257783933515827	0.7715399350696	0.919616955125023	"1e-05 to 1"	0.000560036738010851	-0.00525066072281466	174	"success"	"pgls5_castespolymorphic"
"OG0008577_00"	-0.00783310067907599	0.32761744177565	1	"1e-05 to 1"	0.00638943654864013	0.000612630947178672	174	"success"	"pgls5_castespolymorphic"
"OG0008578_00"	0.0166504559480848	0.256492455876811	1	"1e-05 to 1"	0.00857559501863952	0.00281149964084093	174	"success"	"pgls5_castespolymorphic"
"OG0008579_00"	-0.00528847824834383	0.749464586452895	1e-05	"1e-05 to 1"	0.00105623027618934	-0.00475158233848405	174	"success"	"pgls5_castespolymorphic"
"OG0008580_00"	0.022108825034871	0.00307368836293787	0.348339709713088	"1e-05 to 1"	0.0541187840965818	0.0486194747017944	174	"success"	"pgls5_castespolymorphic"
"OG0008581_00"	0.00385757006373677	0.396314879687336	1e-05	"1e-05 to 1"	0.00473774514857389	-0.00104866330986475	174	"success"	"pgls5_castespolymorphic"
"OG0008582_00"	-0.00253045315367338	0.358998403735449	1	"1e-05 to 1"	0.00539624544792485	-0.000386334520401155	174	"success"	"pgls5_castespolymorphic"
"OG0008583_00"	0.00793403902134595	0.350356662029572	0.603690852669788	"1e-05 to 1"	0.00577831545549906	-2.04317557361833e-06	174	"success"	"pgls5_castespolymorphic"
"OG0008584_00"	0.00407303154921521	0.51336226720196	1	"1e-05 to 1"	0.00274352993570328	-0.00305447279722881	174	"success"	"pgls5_castespolymorphic"
"OG0008585_00"	0.0219163945940709	0.301216900852479	0.875990614112659	"1e-05 to 1"	0.00702990002170927	0.00125681804509126	174	"success"	"pgls5_castespolymorphic"
"OG0008586_00"	0.0258839759641102	0.000943144210014291	1e-05	"1e-05 to 1"	0.070085355985476	0.0646788754970195	174	"success"	"pgls5_castespolymorphic"
"OG0008587_00"	-0.0050394304742324	0.639678424743256	0.274595076719642	"1e-05 to 1"	0.00149486528247814	-0.00431039712867021	174	"success"	"pgls5_castespolymorphic"
"OG0008588_00"	-0.00622084651420461	0.291111581498164	1e-05	"1e-05 to 1"	0.00773622110305039	0.00196724564434714	174	"success"	"pgls5_castespolymorphic"
"OG0008589_00"	0.00412413804228016	0.853906179189389	0.825727852168158	"1e-05 to 1"	0.000226771272959475	-0.00558586377777925	174	"success"	"pgls5_castespolymorphic"
"OG0008590_00"	0.0121239508745811	0.394253199250909	1	"1e-05 to 1"	0.00487547565886471	-0.000910132040793155	174	"success"	"pgls5_castespolymorphic"
"OG0008591_00"	0.00421440763460884	0.663895168623469	1	"1e-05 to 1"	0.00127074272011293	-0.00453582272918873	174	"success"	"pgls5_castespolymorphic"
"OG0008592_00"	0.0120549823039727	0.612691786782756	0.976629382662256	"1e-05 to 1"	0.00169013589785233	-0.00411399121902067	174	"success"	"pgls5_castespolymorphic"
"OG0008593_00"	-0.0149981357160093	0.270043824953063	1	"1e-05 to 1"	0.00821363849554295	0.00244743871935416	174	"success"	"pgls5_castespolymorphic"
"OG0008594_00"	-0.00253587193152366	0.773339782694085	1e-05	"1e-05 to 1"	0.000533290506643994	-0.0052775624555268	174	"success"	"pgls5_castespolymorphic"
"OG0008595_00"	0.00111034640018581	0.882538836582585	1	"1e-05 to 1"	0.000145041992658701	-0.00566806822831434	174	"success"	"pgls5_castespolymorphic"
"OG0008597_00"	0.0196827293618558	0.019375422278411	1e-05	"1e-05 to 1"	0.0366311424551577	0.0310301607252458	174	"success"	"pgls5_castespolymorphic"
"OG0008598_00"	-0.00702103669507025	0.391546499308619	1e-05	"1e-05 to 1"	0.00474037363848463	-0.00104601953803574	174	"success"	"pgls5_castespolymorphic"
"OG0008599_00"	0.00201084937051676	0.861245608239506	0.477262060945051	"1e-05 to 1"	0.000259973322026673	-0.00555246869354309	174	"success"	"pgls5_castespolymorphic"
"OG0008600_00"	-0.00417177629981925	0.419231924633803	0.718094068751669	"1e-05 to 1"	0.00498722723430534	-0.000797730746890712	174	"success"	"pgls5_castespolymorphic"
"OG0008602_00"	-0.00281847289628843	0.383286808858742	1e-05	"1e-05 to 1"	0.00517514789897438	-0.000608717520217628	174	"success"	"pgls5_castespolymorphic"
"OG0008603_00"	-0.00718645213880948	0.535333463255493	1	"1e-05 to 1"	0.00258423106433258	-0.00321469782482842	174	"success"	"pgls5_castespolymorphic"
"OG0008604_00"	-0.00473057571060743	0.766219681276297	1	"1e-05 to 1"	0.000583332498790714	-0.00522722952156518	174	"success"	"pgls5_castespolymorphic"
"OG0008605_00"	-0.0082435650096911	0.23954483833481	1	"1e-05 to 1"	0.00908887026062074	0.00332775904120586	174	"success"	"pgls5_castespolymorphic"
"OG0008606_00"	0.00843617509957885	0.362272303154812	1	"1e-05 to 1"	0.00597481494469521	0.000195598752513182	174	"success"	"pgls5_castespolymorphic"
"OG0008607_00"	-0.00321052308557178	0.672830423776137	1	"1e-05 to 1"	0.00120813746632985	-0.00459879196700541	174	"success"	"pgls5_castespolymorphic"
"OG0008608_00"	-0.00306920373575435	0.874802825077271	0.718584233530786	"1e-05 to 1"	0.000160668660798379	-0.00565235070745285	174	"success"	"pgls5_castespolymorphic"
"OG0008609_00"	0.0186963986939107	0.117492905586098	0.952587992263474	"1e-05 to 1"	0.0299804178139392	0.0243407690802993	174	"success"	"pgls5_castespolymorphic"
"OG0008610_00"	0.000849727667254975	0.965404797419133	0.993277901936666	"1e-05 to 1"	1.40908291892515e-05	-0.00579978073575727	174	"success"	"pgls5_castespolymorphic"
"OG0008611_00"	-0.00117398668068161	0.896865226032721	1	"1e-05 to 1"	0.000126798233975294	-0.00568641805536196	174	"success"	"pgls5_castespolymorphic"
"OG0008612_00"	-0.00935757588631903	0.629777310683307	0.678733518085671	"1e-05 to 1"	0.0015427388486	-0.00426224522786156	174	"success"	"pgls5_castespolymorphic"
"OG0008613_00"	-0.0149145534495091	0.50217782747221	0.979061816508895	"1e-05 to 1"	0.00296804958833039	-0.00282864779778413	174	"success"	"pgls5_castespolymorphic"
"OG0008614_00"	-0.00151793290851119	0.905060965217626	1	"1e-05 to 1"	9.64387179976668e-05	-0.00571695408015338	174	"success"	"pgls5_castespolymorphic"
"OG0008615_00"	0.00664159714626289	0.602110015216886	1	"1e-05 to 1"	0.00186645857593635	-0.00393664340908728	174	"success"	"pgls5_castespolymorphic"
"OG0008616_00"	-0.00235846351640666	0.785661968973765	0.393820968474005	"1e-05 to 1"	0.000481677680317574	-0.00532947535642481	174	"success"	"pgls5_castespolymorphic"
"OG0008617_00"	-0.00140222147748567	0.759697230771596	1e-05	"1e-05 to 1"	0.000638437989596379	-0.00517180364999903	174	"success"	"pgls5_castespolymorphic"
"OG0008618_00"	0.00367518364957717	0.759337541821661	0.622607636414795	"1e-05 to 1"	0.000644810985006191	-0.00516539360229018	174	"success"	"pgls5_castespolymorphic"
"OG0008619_00"	0.00399148487063888	0.727305560631303	0.692459419425487	"1e-05 to 1"	0.000835384806598202	-0.00497371179336348	174	"success"	"pgls5_castespolymorphic"
"OG0008620_00"	0.0172104717043259	0.284880700713945	1	"1e-05 to 1"	0.00772357071419235	0.00195452170671673	174	"success"	"pgls5_castespolymorphic"
"OG0008621_00"	0.0115092990169538	0.548589893187173	0.155859272042464	"1e-05 to 1"	0.00250450268294675	-0.00329488974331515	174	"success"	"pgls5_castespolymorphic"
"OG0008622_00"	-0.0079279576089506	0.419274788384016	1e-05	"1e-05 to 1"	0.00441289550640188	-0.00137540161274696	174	"success"	"pgls5_castespolymorphic"
"OG0008623_00"	0.00124292688391088	0.622440177581879	1e-05	"1e-05 to 1"	0.0016096753607179	-0.00419491954997553	174	"success"	"pgls5_castespolymorphic"
"OG0008624_00"	0.0162324625407632	0.209616579942244	0.829205241196846	"1e-05 to 1"	0.00994425958968533	0.00418812156404402	174	"success"	"pgls5_castespolymorphic"
"OG0008625_00"	-0.00165114435909251	0.884513280249444	1	"1e-05 to 1"	0.000142060745588303	-0.0056710668082165	174	"success"	"pgls5_castespolymorphic"
"OG0008626_00"	0.0116296946830182	0.64362972384053	0.899441760023438	"1e-05 to 1"	0.00141170959512047	-0.00439403627932644	174	"success"	"pgls5_castespolymorphic"
"OG0008628_00"	0.00131952142230069	0.844588476164002	1	"1e-05 to 1"	0.000264065704908843	-0.00554835251773689	174	"success"	"pgls5_castespolymorphic"
"OG0008629_00"	-0.0197776349598425	0.0606604100963928	1	"1e-05 to 1"	0.0231120744350098	0.0174324934724225	174	"success"	"pgls5_castespolymorphic"
"OG0008630_00"	0.0117827460153878	0.259763910490492	1	"1e-05 to 1"	0.00845903372383027	0.00269426066408518	174	"success"	"pgls5_castespolymorphic"
"OG0008631_00"	-0.00456898182678343	0.645890931667462	1e-05	"1e-05 to 1"	0.00143028974379911	-0.00437534810652762	174	"success"	"pgls5_castespolymorphic"
"OG0008632_00"	0.048428126691158	0.0303395529664501	1	"1e-05 to 1"	0.0375608910113858	0.0319653147963358	174	"success"	"pgls5_castespolymorphic"
"OG0008633_00"	0.00381815064103695	0.60776724499505	1e-05	"1e-05 to 1"	0.00173735056373279	-0.00406650204926873	174	"success"	"pgls5_castespolymorphic"
"OG0008636_00"	-0.000769472613278063	0.887304335858596	1	"1e-05 to 1"	0.000132554347354931	-0.00568062847620698	174	"success"	"pgls5_castespolymorphic"
"OG0008637_00"	-0.000469645671486329	0.943165599925332	0.954718095796445	"1e-05 to 1"	3.42248540439104e-05	-0.00577952965261863	174	"success"	"pgls5_castespolymorphic"
"OG0008638_00"	0.0148352544449145	0.0077098469803083	1e-05	"1e-05 to 1"	0.0479441900693221	0.0424089818720508	174	"success"	"pgls5_castespolymorphic"
"OG0008639_00"	0.018464806529763	0.434536420080968	0.94070523664134	"1e-05 to 1"	0.00695462919343205	0.00118110959571949	174	"success"	"pgls5_castespolymorphic"
"OG0008640_00"	0.00197594318329867	0.874625944073134	0.586440440334534	"1e-05 to 1"	0.000169924605995136	-0.00564304094862123	174	"success"	"pgls5_castespolymorphic"
"OG0008641_00"	0.00264979279536614	0.344877825316479	1	"1e-05 to 1"	0.00686594384723447	0.001091908637044	174	"success"	"pgls5_castespolymorphic"
"OG0008642_00"	-0.00212175294699323	0.727311178205092	1e-05	"1e-05 to 1"	0.000824027012745969	-0.00498513562090075	174	"success"	"pgls5_castespolymorphic"
"OG0008643_00"	-0.017763321644196	0.166513272990117	1e-05	"1e-05 to 1"	0.0147848173673304	0.00905682211946601	174	"success"	"pgls5_castespolymorphic"
"OG0008644_00"	0.00154039375162178	0.72974710348692	1	"1e-05 to 1"	0.00090029699705771	-0.00490842220644772	174	"success"	"pgls5_castespolymorphic"
"OG0008645_00"	-0.0010517844836602	0.8259240087651	1e-05	"1e-05 to 1"	0.000325669957846879	-0.00548639010053775	174	"success"	"pgls5_castespolymorphic"
"OG0008646_00"	-0.0208386082885678	0.0914720381430887	1e-05	"1e-05 to 1"	0.0303220613900336	0.0246843989562546	174	"success"	"pgls5_castespolymorphic"
"OG0008647_00"	-0.00240960254380478	0.382042966002087	1e-05	"1e-05 to 1"	0.00531066966865456	-0.000472407833271848	174	"success"	"pgls5_castespolymorphic"
"OG0008648_00"	-0.0349531611828913	0.116214720396757	0.28745176366974	"1e-05 to 1"	0.0185898635959034	0.012883990709833	174	"success"	"pgls5_castespolymorphic"
"OG0008649_00"	-0.000206165926269464	0.926466906787304	1	"1e-05 to 1"	6.19439462372239e-05	-0.0057516494029124	174	"success"	"pgls5_castespolymorphic"
"OG0008650_00"	0.00084618424489216	0.908543127890839	0.903104464088893	"1e-05 to 1"	0.000108606977919657	-0.00570471507453418	174	"success"	"pgls5_castespolymorphic"
"OG0008651_00"	-0.00220777571918471	0.570094321433247	1	"1e-05 to 1"	0.00243116948421852	-0.00336864929784997	174	"success"	"pgls5_castespolymorphic"
"OG0008652_00"	-0.00495023373792711	0.836404267172575	1	"1e-05 to 1"	0.000404086115965812	-0.00540751803452277	174	"success"	"pgls5_castespolymorphic"
"OG0008653_00"	-0.010604577022717	0.246865467354849	1	"1e-05 to 1"	0.0153824677979763	0.00965794726191804	174	"success"	"pgls5_castespolymorphic"
"OG0008654_00"	0.0118129446221755	0.509237299486613	1	"1e-05 to 1"	0.00341087688238469	-0.00238324592643857	174	"success"	"pgls5_castespolymorphic"
"OG0008655_00"	0.00783638127013957	0.24661849565298	0.723822506748762	"1e-05 to 1"	0.00924658169117277	0.00348638739867968	174	"success"	"pgls5_castespolymorphic"
"OG0008656_00"	0.000771439245367699	0.945205787432686	0.637443377837215	"1e-05 to 1"	4.60822637936198e-05	-0.00576760330444004	174	"success"	"pgls5_castespolymorphic"
"OG0008657_00"	-0.00800819876014698	0.0877348634365562	1	"1e-05 to 1"	0.0241014681310216	0.0184276394573648	174	"success"	"pgls5_castespolymorphic"
"OG0008658_00"	-0.00540862576403874	0.498699178506569	1e-05	"1e-05 to 1"	0.00309824492400137	-0.00269769551248711	174	"success"	"pgls5_castespolymorphic"
"OG0008659_00"	0.00557070247814973	0.709723503115043	1	"1e-05 to 1"	0.000920190859376921	-0.00488841268213847	174	"success"	"pgls5_castespolymorphic"
"OG0008660_00"	-0.0109031051819606	0.25796482039649	1	"1e-05 to 1"	0.00863797312788701	0.00287424041351425	174	"success"	"pgls5_castespolymorphic"
"OG0008661_00"	-0.00493492491651549	0.484205405988807	1	"1e-05 to 1"	0.00329002130411673	-0.00250480415341747	174	"success"	"pgls5_castespolymorphic"
"OG0008662_00"	0.000508968311258116	0.978386639366874	0.605732858416475	"1e-05 to 1"	4.84456371972451e-06	-0.00580908075858422	174	"success"	"pgls5_castespolymorphic"
"OG0008663_00"	0.00797855329978642	0.0994773157768103	1e-05	"1e-05 to 1"	0.017638493291013	0.0119270891822398	174	"success"	"pgls5_castespolymorphic"
"OG0008664_00"	-0.0218524159826862	0.207746657263703	1e-05	"1e-05 to 1"	0.0102858058571779	0.00453165356564977	174	"success"	"pgls5_castespolymorphic"
"OG0008665_00"	-0.00480604040843647	0.378579816170989	0.963776569888695	"1e-05 to 1"	0.00513826947278243	-0.000645810355864196	174	"success"	"pgls5_castespolymorphic"
"OG0008666_00"	0.0123526328769107	0.0711609808800953	1e-05	"1e-05 to 1"	0.0227478277376822	0.0170661290617385	174	"success"	"pgls5_castespolymorphic"
"OG0008667_00"	0.0045379007482014	0.764633817303932	0.575241153080314	"1e-05 to 1"	0.000591512626554558	-0.00521900183491897	174	"success"	"pgls5_castespolymorphic"
"OG0008668_00"	0.0292642974203921	0.0298962799238409	0.832436591623442	"1e-05 to 1"	0.0308443946767143	0.0252097690643697	174	"success"	"pgls5_castespolymorphic"
"OG0008669_00"	0.00570930890086263	0.521780411484949	0.840608842867735	"1e-05 to 1"	0.00274118633463951	-0.00305683002388002	174	"success"	"pgls5_castespolymorphic"
"OG0008670_00"	0.000487072321797231	0.960738950650897	0.884918820658217	"1e-05 to 1"	1.63178134560793e-05	-0.00579754080390749	174	"success"	"pgls5_castespolymorphic"
"OG0008672_00"	-0.00946432437332273	0.436476821785459	0.97593357128413	"1e-05 to 1"	0.00412473351474724	-0.00166523896481818	174	"success"	"pgls5_castespolymorphic"
"OG0008675_00"	0.00555756375517916	0.401802506905747	1e-05	"1e-05 to 1"	0.00492062522446173	-0.00086471997772164	174	"success"	"pgls5_castespolymorphic"
"OG0008676_00"	-0.00471182320498403	0.702706021857892	0.732375654878602	"1e-05 to 1"	0.00101461523448392	-0.00479343932810616	174	"success"	"pgls5_castespolymorphic"
"OG0008677_00"	0.00093158138648868	0.752193551193544	1e-05	"1e-05 to 1"	0.000680289989049231	-0.00512970832496795	174	"success"	"pgls5_castespolymorphic"
"OG0008678_00"	-0.0072427841420323	0.388286191111901	1e-05	"1e-05 to 1"	0.00503337066009847	-0.000751319045366072	174	"success"	"pgls5_castespolymorphic"
"OG0008679_00"	0.0514153441636369	0.0186036395318874	0.611572594986206	"1e-05 to 1"	0.0373486027453099	0.0317517922961549	174	"success"	"pgls5_castespolymorphic"
"OG0008680_00"	-0.0011544304531012	0.548432681106186	1e-05	"1e-05 to 1"	0.00252403714111536	-0.00327524171271532	174	"success"	"pgls5_castespolymorphic"
"OG0008681_00"	0.00432506691636578	0.545095397115058	1e-05	"1e-05 to 1"	0.00333846037911497	-0.00245608345588999	174	"success"	"pgls5_castespolymorphic"
"OG0008682_00"	0.0249647639860275	0.257446229855059	0.831136396039006	"1e-05 to 1"	0.0113345621080109	0.00558650723654597	174	"success"	"pgls5_castespolymorphic"
"OG0008683_00"	0.00438303879920795	0.316191159312051	1e-05	"1e-05 to 1"	0.00881225242898816	0.00304953296636612	174	"success"	"pgls5_castespolymorphic"
"OG0008684_00"	0.000118032407060778	0.995656893881069	0.516217158076867	"1e-05 to 1"	2.54328522429137e-07	-0.00581369768119533	174	"success"	"pgls5_castespolymorphic"
"OG0008685_00"	-0.0150596689974516	0.152534645617461	1e-05	"1e-05 to 1"	0.0151018670033892	0.00937571506736223	174	"success"	"pgls5_castespolymorphic"
"OG0008686_00"	0.0327270287005374	0.0939579751538386	1	"1e-05 to 1"	0.0194930228812815	0.0137924009212891	174	"success"	"pgls5_castespolymorphic"
"OG0008687_00"	-0.000712150169200616	0.962844149627469	1	"1e-05 to 1"	1.57826310401323e-05	-0.00579807909784913	174	"success"	"pgls5_castespolymorphic"
"OG0008688_00"	-0.0156946291324855	0.0317903117075677	1	"1e-05 to 1"	0.0387953236140071	0.0332069243326931	174	"success"	"pgls5_castespolymorphic"
"OG0008689_00"	0.0257671367604754	0.234329895021923	1e-05	"1e-05 to 1"	0.0100876365096441	0.00433233207074679	174	"success"	"pgls5_castespolymorphic"
"OG0008690_00"	0.00222054370929311	0.682547586940033	1e-05	"1e-05 to 1"	0.0011034910613851	-0.00470404678128133	174	"success"	"pgls5_castespolymorphic"
"OG0008691_00"	0.00232079122031696	0.730135645247054	1	"1e-05 to 1"	0.000823096229282272	-0.00498607181589628	174	"success"	"pgls5_castespolymorphic"
"OG0008692_00"	0.0210853791728284	0.0671100402119691	0.163209185675015	"1e-05 to 1"	0.0220281029067984	0.0163422197841636	174	"success"	"pgls5_castespolymorphic"
"OG0008693_00"	-0.0109584739789591	0.343186558986689	1e-05	"1e-05 to 1"	0.00680928069848425	0.00103491605138251	174	"success"	"pgls5_castespolymorphic"
"OG0008694_00"	0.0191742950578832	0.016808420068557	1e-05	"1e-05 to 1"	0.0370276165728692	0.0314289399250369	174	"success"	"pgls5_castespolymorphic"
"OG0008695_00"	-0.0172793368659662	0.406883813914342	1	"1e-05 to 1"	0.00465275411523004	-0.00113414847712323	174	"success"	"pgls5_castespolymorphic"
"OG0008696_00"	-0.00776789507003369	0.536951890452317	0.523002010682726	"1e-05 to 1"	0.00258117779578955	-0.00321776884493263	174	"success"	"pgls5_castespolymorphic"
"OG0008697_00"	-0.00112826849952067	0.833430858712696	0.973927964881814	"1e-05 to 1"	0.000286219856448392	-0.00552606956299084	174	"success"	"pgls5_castespolymorphic"
"OG0008698_00"	0.0135719010419327	0.285739443423453	0.975003817530997	"1e-05 to 1"	0.00785533993029507	0.00208705702291312	174	"success"	"pgls5_castespolymorphic"
"OG0008699_00"	-0.00573228035013451	0.708351825611437	0.978574763555752	"0.001 to 1"	0.000948214145797942	-0.00486022646963358	174	"success"	"pgls5_castespolymorphic"
"OG0008701_00"	0.00603835033590719	0.383041288163748	0.820766447625576	"1e-05 to 1"	0.00614227729099677	0.00036403471710722	174	"success"	"pgls5_castespolymorphic"
"OG0008703_00"	0.00392414637454816	0.631712692839422	1	"1e-05 to 1"	0.00175893830417927	-0.0040447887987034	174	"success"	"pgls5_castespolymorphic"
"OG0008704_00"	0.0257486357581143	0.0646760093603373	0.718110744449636	"1e-05 to 1"	0.0321339915532389	0.0265068635971529	174	"success"	"pgls5_castespolymorphic"
"OG0008706_00"	-0.00572377701885387	0.00933049951266973	1	"1e-05 to 1"	0.0456934615620358	0.0401451677339081	174	"success"	"pgls5_castespolymorphic"
"OG0008707_00"	-0.00304643547465432	0.44602680640892	1e-05	"1e-05 to 1"	0.00465358162964429	-0.00113331615157874	174	"success"	"pgls5_castespolymorphic"
"OG0008708_00"	0.00762993205060797	0.141422446376603	1e-05	"1e-05 to 1"	0.0147519030246296	0.00902371641430777	174	"success"	"pgls5_castespolymorphic"
"OG0008709_00"	0.000224971399423348	0.983050288051067	0.984744024723898	"0.001 to 1"	2.97916263892916e-06	-0.00581095700501999	174	"success"	"pgls5_castespolymorphic"
"OG0008710_00"	0.00264764903965571	0.67961151772794	1	"1e-05 to 1"	0.00113266354363483	-0.00467470469157649	174	"success"	"pgls5_castespolymorphic"
"OG0008712_00"	-0.00166968690582876	0.916289723111112	0.965918394391702	"1e-05 to 1"	8.40095080911929e-05	-0.00572945555290816	174	"success"	"pgls5_castespolymorphic"
"OG0008713_00"	0.00104082319859105	0.915069996406728	1	"1e-05 to 1"	9.59719456717352e-05	-0.00571742356627203	174	"success"	"pgls5_castespolymorphic"
"OG0008714_00"	0.0506833374523758	0.0302938654797944	0.70603219538533	"1e-05 to 1"	0.0366996078726106	0.0310990241974513	174	"success"	"pgls5_castespolymorphic"
"OG0008715_00"	-0.0162162923705014	0.0428274587869577	1	"1e-05 to 1"	0.0300387213209115	0.0243994115611493	174	"success"	"pgls5_castespolymorphic"
"OG0008716_00"	-0.0202891963982758	0.298570510670967	0.926386520113489	"1e-05 to 1"	0.0076613110650138	0.00189190008283358	174	"success"	"pgls5_castespolymorphic"
"OG0008717_00"	-0.0167786489153607	0.261065981325397	0.618905219356518	"1e-05 to 1"	0.00907827942480573	0.0033171066307639	174	"success"	"pgls5_castespolymorphic"
"OG0008719_00"	-0.0164279828306793	0.174681689931554	0.954276234207152	"1e-05 to 1"	0.0127561389986988	0.00701634910915638	174	"success"	"pgls5_castespolymorphic"
"OG0008720_00"	-0.00113737667035885	0.916988339542278	1	"1e-05 to 1"	7.78709862764847e-05	-0.00573562976380337	174	"success"	"pgls5_castespolymorphic"
"OG0008721_00"	0.00338776613297646	0.775982759321445	0.984843845511767	"1e-05 to 1"	0.000556359188895089	-0.00525435965302989	174	"success"	"pgls5_castespolymorphic"
"OG0008722_00"	-0.00235937239812118	0.807077202650254	0.978102421323776	"1e-05 to 1"	0.000409761224046623	-0.00540180993162753	174	"success"	"pgls5_castespolymorphic"
"OG0008723_00"	0.00113140188120904	0.885634585254731	1	"1e-05 to 1"	0.000152659737323	-0.00566040619443675	174	"success"	"pgls5_castespolymorphic"
"OG0008724_00"	-0.0221251083946878	0.0588736830937386	0.941941457425612	"1e-05 to 1"	0.0249056932172328	0.0192365402708213	174	"success"	"pgls5_castespolymorphic"
"OG0008725_00"	0.0114605081444651	0.530026835556992	0.938990237541731	"1e-05 to 1"	0.00272525849881767	-0.00307285046339856	174	"success"	"pgls5_castespolymorphic"
"OG0008726_00"	-0.00793543323663936	0.560944218542257	1	"1e-05 to 1"	0.00230498319966871	-0.00349556922358896	174	"success"	"pgls5_castespolymorphic"
"OG0008727_00"	-0.00621682831268355	0.287224451572214	1	"1e-05 to 1"	0.00744788389352798	0.00167723205569958	174	"success"	"pgls5_castespolymorphic"
"OG0008728_00"	0.0153296159005029	0.447993792303083	1	"1e-05 to 1"	0.00384355675134355	-0.00194805047684632	174	"success"	"pgls5_castespolymorphic"
"OG0008729_00"	0.00256596686301548	0.763900171360638	0.901699157555579	"1e-05 to 1"	0.000628495485160708	-0.00518180395969292	174	"success"	"pgls5_castespolymorphic"
"OG0008730_00"	0.00948858329379494	0.385667727047948	1	"1e-05 to 1"	0.00508905452885838	-0.000695311433183354	174	"success"	"pgls5_castespolymorphic"
"OG0008731_00"	0.00835103516921596	0.274866160851103	1	"1e-05 to 1"	0.00821719305687694	0.00245101394674252	174	"success"	"pgls5_castespolymorphic"
"OG0008732_00"	0.00616459408115946	0.699261829770801	0.184146352694319	"1e-05 to 1"	0.00101818435344473	-0.00478984945845395	174	"success"	"pgls5_castespolymorphic"
"OG0008733_00"	0.00493458036465809	0.590997465353496	1e-05	"1e-05 to 1"	0.00292753535856382	-0.00286939757539817	174	"success"	"pgls5_castespolymorphic"
"OG0008734_00"	-0.0107906442908483	0.383905775358857	1e-05	"1e-05 to 1"	0.00516173033018282	-0.000622213098129931	174	"success"	"pgls5_castespolymorphic"
"OG0008735_00"	-0.019599648851737	0.330672359669156	0.807027902060887	"1e-05 to 1"	0.00652708636346702	0.000751081051626579	174	"success"	"pgls5_castespolymorphic"
"OG0008738_00"	-0.0120024392280724	0.177203804215936	1e-05	"1e-05 to 1"	0.0127861176346556	0.0070465020395083	174	"success"	"pgls5_castespolymorphic"
"OG0008739_00"	0.00529467095401765	0.493223713600881	0.790116052717346	"1e-05 to 1"	0.00317787482270402	-0.00261760264925703	174	"success"	"pgls5_castespolymorphic"
"OG0008741_00"	-0.000839684913305158	0.909023324079503	1	"1e-05 to 1"	9.03604916510746e-05	-0.00572306764502528	174	"success"	"pgls5_castespolymorphic"
"OG0008742_00"	0.00304143112489781	0.612442085710077	0.54189308443598	"1e-05 to 1"	0.0017993080682477	-0.00400418432670424	174	"success"	"pgls5_castespolymorphic"
"OG0008744_00"	-0.0180599562145696	0.257291852958332	0.974889995044833	"1e-05 to 1"	0.00860425098273068	0.00284032220937436	174	"success"	"pgls5_castespolymorphic"
"OG0008746_00"	-0.0143255352614698	0.0638361379484726	1	"1e-05 to 1"	0.0234896879448052	0.0178123024096006	174	"success"	"pgls5_castespolymorphic"
"OG0008748_00"	0.00628136858099164	0.732649177969405	0.904332545684482	"1e-05 to 1"	0.000867223944057139	-0.00494168754464019	174	"success"	"pgls5_castespolymorphic"
"OG0008749_00"	0.00264076372350178	0.797843747899941	0.707959247158162	"1e-05 to 1"	0.000480518790502655	-0.00533064098397107	174	"success"	"pgls5_castespolymorphic"
"OG0008750_00"	0.0145076767135994	0.241668772819564	1e-05	"1e-05 to 1"	0.0103703310527913	0.00461667018681911	174	"success"	"pgls5_castespolymorphic"
"OG0008751_00"	0.00556623335267296	0.182208236545534	1e-05	"1e-05 to 1"	0.017211013873224	0.0114971244189985	174	"success"	"pgls5_castespolymorphic"
"OG0008752_00"	0.00914262423459053	0.483389059440165	0.84708839289701	"1e-05 to 1"	0.003728420665911	-0.00206385595812431	174	"success"	"pgls5_castespolymorphic"
"OG0008753_00"	0.0219148317444037	0.178177770138776	0.968943403315916	"1e-05 to 1"	0.0131923414450206	0.00745508761621261	174	"success"	"pgls5_castespolymorphic"
"OG0008755_00"	-0.00944222065617161	0.239072264558269	1	"1e-05 to 1"	0.0102522294535588	0.0044978819503817	174	"success"	"pgls5_castespolymorphic"
"OG0008756_00"	0.00038092712046327	0.976182144985406	0.672544652273932	"1e-05 to 1"	6.77834761217378e-06	-0.00580713573176217	174	"success"	"pgls5_castespolymorphic"
"OG0008757_00"	-3.04767660801331e-05	0.996959772176135	1e-05	"1e-05 to 1"	1.04077587451255e-07	-0.00581384880568248	174	"success"	"pgls5_castespolymorphic"
"OG0008758_00"	0.00121247810725972	0.860839780841536	1	"1e-05 to 1"	0.000217161855067867	-0.00559552906437943	174	"success"	"pgls5_castespolymorphic"
"OG0008759_00"	0.00395360243590765	0.789350784994094	0.645950443020871	"1e-05 to 1"	0.000504259176135955	-0.00530676257284002	174	"success"	"pgls5_castespolymorphic"
"OG0008760_00"	0.0181851559701434	0.140413507464702	1	"1e-05 to 1"	0.0155699146451453	0.00984648391633813	174	"success"	"pgls5_castespolymorphic"
"OG0008761_00"	0.0257445881707122	0.0273772456403854	1	"1e-05 to 1"	0.0331193119414267	0.027497912592249	174	"success"	"pgls5_castespolymorphic"
"OG0008762_00"	-0.00247297449833326	0.695222106086427	1	"1e-05 to 1"	0.00104715930493239	-0.00476070604794598	174	"success"	"pgls5_castespolymorphic"
"OG0008763_00"	0.00177017432543175	0.786403622131177	1e-05	"1e-05 to 1"	0.000511588059392715	-0.00529939107979693	174	"success"	"pgls5_castespolymorphic"
"OG0008764_00"	0.00503455778080435	0.244356795158794	1	"1e-05 to 1"	0.00927132813493792	0.00351127771711779	174	"success"	"pgls5_castespolymorphic"
"OG0008765_00"	-0.00168723855498948	0.708184568668303	0.35446455266459	"1e-05 to 1"	0.000962396845823648	-0.00484596131204951	174	"success"	"pgls5_castespolymorphic"
"OG0008766_00"	0.00417756162883428	0.550367357378569	0.900112376056499	"1e-05 to 1"	0.00248232890133565	-0.00331719244226125	174	"success"	"pgls5_castespolymorphic"
"OG0008767_00"	0.00437208000475787	0.138061652503794	1	"1e-05 to 1"	0.0172363000778662	0.0115225576364585	174	"success"	"pgls5_castespolymorphic"
"OG0008768_00"	0.00936454050922779	0.215273783008614	0.902151597873454	"1e-05 to 1"	0.0110260251569218	0.00527617646597367	174	"success"	"pgls5_castespolymorphic"
"OG0008769_00"	0.00712909001618543	0.455735379619898	1	"1e-05 to 1"	0.00389655773575932	-0.00189474134717238	174	"success"	"pgls5_castespolymorphic"
"OG0008770_00"	0.00493494189904059	0.687044692105705	0.926360227783187	"1e-05 to 1"	0.00111485792961385	-0.00469261382660946	174	"success"	"pgls5_castespolymorphic"
"OG0008771_00"	-0.0281181309750411	0.109238555360623	1e-05	"1e-05 to 1"	0.0203929229375305	0.0146975329546091	174	"success"	"pgls5_castespolymorphic"
"OG0008773_00"	0.0187667300782255	0.268597917280601	0.813423349787773	"1e-05 to 1"	0.0108199401365581	0.00506889327688698	174	"success"	"pgls5_castespolymorphic"
"OG0008774_00"	0.00626906752637296	0.3533982923768	1	"1e-05 to 1"	0.00606780774012273	0.00028913220372806	174	"success"	"pgls5_castespolymorphic"
"OG0008775_00"	-0.0105700409086542	0.370723664313098	1	"1e-05 to 1"	0.00560689709786107	-0.000174458151569912	174	"success"	"pgls5_castespolymorphic"
"OG0008776_00"	0.00442545868556203	0.507604035191128	0.989994203443747	"0.001 to 1"	0.00297184753191691	-0.00282482777312998	174	"success"	"pgls5_castespolymorphic"
"OG0008777_00"	-0.000927546028967043	0.730869505836548	1	"1e-05 to 1"	0.000807278360990123	-0.00500198164853893	174	"success"	"pgls5_castespolymorphic"
"OG0008778_00"	-0.00222466480721745	0.48826278855608	1	"1e-05 to 1"	0.00341301474949855	-0.00238109562986488	174	"success"	"pgls5_castespolymorphic"
"OG0008779_00"	0.0158645886125418	0.286144359428714	1e-05	"1e-05 to 1"	0.00902406874124032	0.00326258076880559	174	"success"	"pgls5_castespolymorphic"
"OG0008780_00"	-0.002603374526669	0.745741849613168	0.357030480538725	"1e-05 to 1"	0.000737575727307786	-0.00507208953009153	174	"success"	"pgls5_castespolymorphic"
"OG0008782_00"	0.00771736254095741	0.378418190168587	1	"1e-05 to 1"	0.00514174521111919	-0.00064231440974627	174	"success"	"pgls5_castespolymorphic"
"OG0008783_00"	-0.0141579604509296	0.10924592635924	1e-05	"1e-05 to 1"	0.0174748450924631	0.011762489540675	174	"success"	"pgls5_castespolymorphic"
"OG0008784_00"	-0.0111540909445322	0.222661197690498	1	"1e-05 to 1"	0.0104546702197785	0.00470149969780043	174	"success"	"pgls5_castespolymorphic"
"OG0008785_00"	-0.002893781558019	0.808396170254104	1e-05	"1e-05 to 1"	0.000437106663894001	-0.00537430550666484	174	"success"	"pgls5_castespolymorphic"
"OG0008786_00"	0.00489677346897828	0.733151170284005	0.753390548556082	"1e-05 to 1"	0.000826968392960671	-0.00498217713963833	174	"success"	"pgls5_castespolymorphic"
"OG0008788_00"	-0.00311120875855959	0.68560499458947	1	"1e-05 to 1"	0.00208547903085766	-0.00371634957942812	174	"success"	"pgls5_castespolymorphic"
"OG0008789_00"	-0.0164911190761369	0.368859978602024	1	"1e-05 to 1"	0.00589824784593199	0.000118586496199002	174	"success"	"pgls5_castespolymorphic"
"OG0008790_00"	0.0199944041027292	0.0883847960520141	0.289080478333552	"1e-05 to 1"	0.0225152454698174	0.0168321945713861	174	"success"	"pgls5_castespolymorphic"
"OG0008791_00"	-0.00384736999720548	0.470351474881167	1e-05	"1e-05 to 1"	0.00367623893343068	-0.00211634107277026	174	"success"	"pgls5_castespolymorphic"
"OG0008792_00"	-0.00123456869576331	0.65737353578857	1	"1e-05 to 1"	0.00149491381918237	-0.00431034830977595	174	"success"	"pgls5_castespolymorphic"
"OG0008793_00"	0.0106733814254924	0.0876498863341131	0.783072488920975	"1e-05 to 1"	0.0221043180673467	0.0164188780561103	174	"success"	"pgls5_castespolymorphic"
"OG0008794_00"	-0.00333965870157755	0.822813992000945	1	"1e-05 to 1"	0.000354305055023144	-0.00545758852023837	174	"success"	"pgls5_castespolymorphic"
"OG0008795_00"	-0.0133113728796455	0.29209912013369	1	"1e-05 to 1"	0.00853410707495758	0.00276977048818416	174	"success"	"pgls5_castespolymorphic"
"OG0008796_00"	0.00467830485598857	0.759151472410846	1	"1e-05 to 1"	0.000731249325322882	-0.00507845271348351	174	"success"	"pgls5_castespolymorphic"
"OG0008797_00"	0.00268332688886575	0.438519285462666	1	"1e-05 to 1"	0.00448540789761195	-0.00130246763786701	174	"success"	"pgls5_castespolymorphic"
"OG0008799_00"	0.00367992006325271	0.592218497034398	1	"1e-05 to 1"	0.00206927076014181	-0.00373265208427598	174	"success"	"pgls5_castespolymorphic"
"OG0008800_00"	0.0131371558509491	0.0947017534763046	0.455501594212577	"1e-05 to 1"	0.0194060375260376	0.0137049098372355	174	"success"	"pgls5_castespolymorphic"
"OG0008802_00"	-0.0161688980280886	0.220433060960437	1e-05	"1e-05 to 1"	0.0104817732283933	0.00472876028204683	174	"success"	"pgls5_castespolymorphic"
"OG0008803_00"	-0.0082474030858549	0.183801598630072	1e-05	"1e-05 to 1"	0.01206815609972	0.0063243663096022	174	"success"	"pgls5_castespolymorphic"
"OG0008804_00"	-0.00264963070325084	0.587013341094849	1e-05	"1e-05 to 1"	0.00199821020425799	-0.00380412578292666	174	"success"	"pgls5_castespolymorphic"
"OG0008805_00"	-0.0193473332944514	0.16441222493489	1	"1e-05 to 1"	0.0133810886589826	0.00764493219769768	174	"success"	"pgls5_castespolymorphic"
"OG0008806_00"	-0.0357031442421066	0.0915879007796794	0.922258908105586	"1e-05 to 1"	0.0188581064432225	0.01315379310859	174	"success"	"pgls5_castespolymorphic"
"OG0008808_00"	-0.00446250276910403	0.85490354949452	1	"1e-05 to 1"	0.000236294211179616	-0.00557628547363898	174	"success"	"pgls5_castespolymorphic"
"OG0008809_00"	-0.0134564974837035	0.543257188884586	1e-05	"1e-05 to 1"	0.0025718347334656	-0.00322716622738639	174	"success"	"pgls5_castespolymorphic"
"OG0008810_00"	-0.00482284071138551	0.682200215418704	1	"1e-05 to 1"	0.00114377256959209	-0.00466353107825923	174	"success"	"pgls5_castespolymorphic"
"OG0008811_00"	-0.0112009956382632	0.324617924985846	1e-05	"1e-05 to 1"	0.0070314621197092	0.00125838922505639	174	"success"	"pgls5_castespolymorphic"
"OG0008812_00"	0.0153459866968702	0.510897589932275	0.436207801412211	"1e-05 to 1"	0.00390388222224158	-0.00188737427646624	174	"success"	"pgls5_castespolymorphic"
"OG0008813_00"	-0.0159747526667045	0.425988975687501	0.930156375212931	"1e-05 to 1"	0.00440649477170862	-0.0013818395610139	174	"success"	"pgls5_castespolymorphic"
"OG0008815_00"	-0.0203179614333832	0.127368925362382	0.373695845983597	"1e-05 to 1"	0.0159561600591074	0.010234974943172	174	"success"	"pgls5_castespolymorphic"
"OG0008817_00"	-0.000594105025963877	0.90774280766053	0.756315200006584	"1e-05 to 1"	0.000100590407494989	-0.00571277825292649	174	"success"	"pgls5_castespolymorphic"
"OG0008820_00"	0.00668772849454278	0.170759334133567	1	"1e-05 to 1"	0.0124717245844861	0.00673028112276808	174	"success"	"pgls5_castespolymorphic"
"OG0008821_00"	-0.00984396698894153	0.0943182914362002	0.885182795936945	"1e-05 to 1"	0.0193165666802252	0.0136149188120869	174	"success"	"pgls5_castespolymorphic"
"OG0008823_00"	-0.00194752460852447	0.82957083558078	1	"1e-05 to 1"	0.000320593237619794	-0.00549149633658019	174	"success"	"pgls5_castespolymorphic"
"OG0008824_00"	0.00107353043213762	0.948920629556282	1	"1e-05 to 1"	3.12082362216376e-05	-0.00578256380891662	174	"success"	"pgls5_castespolymorphic"
"OG0008826_00"	0.000832765979371489	0.901166699643474	1e-05	"1e-05 to 1"	0.00010746794307268	-0.00570586073167689	174	"success"	"pgls5_castespolymorphic"
"OG0008827_00"	-0.00904853857445681	0.667263101937918	0.953238348340161	"0.001 to 1"	0.00131457300170592	-0.00449173762037725	174	"success"	"pgls5_castespolymorphic"
"OG0008828_00"	-0.0090671649893711	0.195663119364953	0.888506056223979	"1e-05 to 1"	0.0117637364944129	0.00601817682286876	174	"success"	"pgls5_castespolymorphic"
"OG0008830_00"	0.00905763705349356	0.380676227059976	0.905968884052426	"1e-05 to 1"	0.00591686450974437	0.00013731139642903	174	"success"	"pgls5_castespolymorphic"
"OG0008831_00"	0.0012175173085558	0.772214649122866	1	"1e-05 to 1"	0.000731587460892946	-0.00507811261200874	174	"success"	"pgls5_castespolymorphic"
"OG0008832_00"	-0.00937223527806747	0.644325088802455	1	"1e-05 to 1"	0.00192689870455476	-0.00387585188437223	174	"success"	"pgls5_castespolymorphic"
"OG0008833_00"	0.0108430505150612	0.172101290901936	0.666158548724792	"1e-05 to 1"	0.0132768412128181	0.0075400786617299	174	"success"	"pgls5_castespolymorphic"
"OG0008834_00"	0.00368253121153233	0.671083261209537	1e-05	"1e-05 to 1"	0.00172420968993703	-0.0040797193234936	174	"success"	"pgls5_castespolymorphic"
"OG0008835_00"	-0.0187227287341721	0.0316977936124596	0.948871436470951	"1e-05 to 1"	0.0327701029381108	0.02714667330403	174	"success"	"pgls5_castespolymorphic"
"OG0008836_00"	0.014462787250162	0.396130748514131	0.961688551222881	"1e-05 to 1"	0.0054605777547732	-0.000321628188513001	174	"success"	"pgls5_castespolymorphic"
"OG0008838_00"	-0.0104478714028671	0.277749020439037	1	"1e-05 to 1"	0.00872056242757222	0.00295730988354648	174	"success"	"pgls5_castespolymorphic"
"OG0008839_00"	-0.00558290323810853	0.602007726479726	1e-05	"1e-05 to 1"	0.00194775290572214	-0.00385487643784921	174	"success"	"pgls5_castespolymorphic"
"OG0008840_00"	0.0146233140415729	0.0459873095182699	0.702491287645791	"1e-05 to 1"	0.0289598141472535	0.0233142316713654	174	"success"	"pgls5_castespolymorphic"
"OG0008843_00"	0.00655703827131163	0.380741694384211	0.60647951027712	"1e-05 to 1"	0.00516037848961514	-0.000623572798235772	174	"success"	"pgls5_castespolymorphic"
"OG0008844_00"	0.00420262331443313	0.410578651446916	1e-05	"1e-05 to 1"	0.00467498644385491	-0.00111178689077374	174	"success"	"pgls5_castespolymorphic"
"OG0008845_00"	0.0163575021217086	0.348439231468315	0.604978659984555	"1e-05 to 1"	0.00661294318124907	0.000837437036953936	174	"success"	"pgls5_castespolymorphic"
"OG0008846_00"	0.00194391320850579	0.804475678719666	1	"1e-05 to 1"	0.000429978035301033	-0.00538147558077284	174	"success"	"pgls5_castespolymorphic"
"OG0008847_00"	0.0167857038513127	0.0818897149954143	1e-05	"1e-05 to 1"	0.0207299069762722	0.0150364762028784	174	"success"	"pgls5_castespolymorphic"
"OG0008848_00"	-0.00526183700916135	0.741833982664167	1	"1e-05 to 1"	0.000761257933796781	-0.00504826963635541	174	"success"	"pgls5_castespolymorphic"
"OG0008849_00"	0.00377583663206033	0.417112539630455	1	"1e-05 to 1"	0.00474273232252246	-0.0010436471407187	174	"success"	"pgls5_castespolymorphic"
"OG0008850_00"	0.00792671037666393	0.317390352015192	0.834711026276452	"1e-05 to 1"	0.00680040544519727	0.00102598919778563	174	"success"	"pgls5_castespolymorphic"
"OG0008851_00"	-0.00958784159423537	0.417302105040834	0.803437183267478	"1e-05 to 1"	0.0045425630153736	-0.00124498022290909	174	"success"	"pgls5_castespolymorphic"
"OG0008852_00"	-0.0214395005862151	0.360275220840824	1e-05	"1e-05 to 1"	0.00581527050693042	3.51267308079661e-05	174	"success"	"pgls5_castespolymorphic"
"OG0008853_00"	0.00723008858359456	0.381246064766333	0.583049069171508	"1e-05 to 1"	0.00511513165961475	-0.000669082691201472	174	"success"	"pgls5_castespolymorphic"
"OG0008854_00"	0.000758961278291098	0.959933622049243	0.622590002975542	"1e-05 to 1"	1.79623169288161e-05	-0.00579588673936793	174	"success"	"pgls5_castespolymorphic"
"OG0008855_00"	0.0282380311572096	0.0987540010888721	0.97972808108408	"1e-05 to 1"	0.0188139369263643	0.0131093667922152	174	"success"	"pgls5_castespolymorphic"
"OG0008858_00"	-0.00562904038445382	0.210289217628725	1e-05	"1e-05 to 1"	0.0132678967068724	0.00753108215284271	174	"success"	"pgls5_castespolymorphic"
"OG0008859_00"	0.000194942146939034	0.991244779705461	0.362386448635315	"1e-05 to 1"	8.6939807083719e-07	-0.00581307903566119	174	"success"	"pgls5_castespolymorphic"
"OG0008860_00"	-0.0336682274168244	0.141590461660231	0.656480355906066	"1e-05 to 1"	0.0169344925832677	0.011218995447124	174	"success"	"pgls5_castespolymorphic"
"OG0008862_00"	-0.0138310132169469	0.225855674691918	1	"1e-05 to 1"	0.0110088153308106	0.005258866582734	174	"success"	"pgls5_castespolymorphic"
"OG0008864_00"	-0.00963020649057515	0.328408525591472	0.95822861450903	"1e-05 to 1"	0.00697304531743596	0.00119963279021174	174	"success"	"pgls5_castespolymorphic"
"OG0008866_00"	0.0245158554354451	0.0215029203287098	0.33351762233308	"1e-05 to 1"	0.0369202131388266	0.0313209120524244	174	"success"	"pgls5_castespolymorphic"
"OG0008867_00"	-0.00482660536339048	0.621435659938684	1e-05	"1e-05 to 1"	0.00177190583941376	-0.00403174587082233	174	"success"	"pgls5_castespolymorphic"
"OG0008868_00"	-0.000626745071654317	0.814294729774714	1	"1e-05 to 1"	0.000446640933156635	-0.00536471580560427	174	"success"	"pgls5_castespolymorphic"
"OG0008870_00"	-0.000783744720557962	0.889603093320348	1e-05	"1e-05 to 1"	0.000137123046592974	-0.00567603321476406	174	"success"	"pgls5_castespolymorphic"
"OG0008871_00"	0.0158824167090668	0.029384901640416	1e-05	"1e-05 to 1"	0.0332072490233899	0.0275863609363165	174	"success"	"pgls5_castespolymorphic"
"OG0008872_00"	-0.00452940023757239	0.562281680541987	1	"1e-05 to 1"	0.00247491352846162	-0.00332465092776824	174	"success"	"pgls5_castespolymorphic"
"OG0008873_00"	-0.00744533975123753	0.31817978942225	0.912148074640057	"1e-05 to 1"	0.00706676644517255	0.00129389880822595	174	"success"	"pgls5_castespolymorphic"
"OG0008875_00"	-0.011222763389358	0.45468432669198	0.804759321732796	"1e-05 to 1"	0.0039703465934768	-0.00182052348446815	174	"success"	"pgls5_castespolymorphic"
"OG0008876_00"	-0.0244389615648428	0.00257254730449619	1	"1e-05 to 1"	0.0630704354280299	0.0576231705177278	174	"success"	"pgls5_castespolymorphic"
"OG0008877_00"	-0.0034774606112727	0.245793319479134	1	"1e-05 to 1"	0.00954169096727592	0.00378321242638802	174	"success"	"pgls5_castespolymorphic"
"OG0008878_00"	0.0141284137274358	0.222771397327103	1	"1e-05 to 1"	0.0105987337847228	0.0048464008416107	174	"success"	"pgls5_castespolymorphic"
"OG0008879_00"	0.0229089347086404	0.0171770257060397	0.414499001810986	"1e-05 to 1"	0.0398859060853485	0.0343038473997982	174	"success"	"pgls5_castespolymorphic"
"OG0008880_00"	-0.00974889578645444	0.0699373444604241	1	"1e-05 to 1"	0.0227851633176134	0.0171036817089949	174	"success"	"pgls5_castespolymorphic"
"OG0008881_00"	-0.00603971969307349	0.73605417124248	1e-05	"1e-05 to 1"	0.000890773113518027	-0.00491800146140342	174	"success"	"pgls5_castespolymorphic"
"OG0008882_00"	-0.00576454338593809	0.515817372219967	0.992302393108694	"0.001 to 1"	0.00297961693588162	-0.00281701319821193	174	"success"	"pgls5_castespolymorphic"
"OG0008885_00"	0.0251070644087244	0.14669448799857	0.278127287043136	"1e-05 to 1"	0.0150926554767568	0.00936644998534253	174	"success"	"pgls5_castespolymorphic"
"OG0008889_00"	-0.011175262178382	0.684865855347407	0.869846178391002	"1e-05 to 1"	0.00117993920359785	-0.00462715417312554	174	"success"	"pgls5_castespolymorphic"
"OG0008890_00"	0.00315208168307876	0.72407020322383	0.949669271431914	"1e-05 to 1"	0.000880356885981856	-0.00492847824840204	174	"success"	"pgls5_castespolymorphic"
"OG0008891_00"	0.00692342487611679	0.273066062194101	1e-05	"1e-05 to 1"	0.00983824299681655	0.00408148859563529	174	"success"	"pgls5_castespolymorphic"
"OG0008894_00"	0.000522416051554434	0.946789869577039	0.833235970517733	"1e-05 to 1"	4.81498099296216e-05	-0.00576552373768702	174	"success"	"pgls5_castespolymorphic"
"OG0008895_00"	-0.00348194680005272	0.496932612091395	1	"1e-05 to 1"	0.00358482003074258	-0.00220829148070667	174	"success"	"pgls5_castespolymorphic"
"OG0008896_00"	-0.00230301512149607	0.664390967969431	1	"1e-05 to 1"	0.00136802448859995	-0.00443797536902446	174	"success"	"pgls5_castespolymorphic"
"OG0008897_00"	-0.00411786761395107	0.659679359169331	1	"1e-05 to 1"	0.00145146898161328	-0.00435404573360998	174	"success"	"pgls5_castespolymorphic"
"OG0008898_00"	0.0162700740243553	0.0529509231380154	0.88687509503915	"1e-05 to 1"	0.0274627559288627	0.0218084696261236	174	"success"	"pgls5_castespolymorphic"
"OG0008899_00"	2.8010006929628e-05	0.998393625340584	0.927642152003375	"1e-05 to 1"	2.88492863103076e-08	-0.00581392447135731	174	"success"	"pgls5_castespolymorphic"
"OG0008901_00"	0.00434248288884603	0.32561179491607	1e-05	"1e-05 to 1"	0.00705385398352832	0.00128091127413021	174	"success"	"pgls5_castespolymorphic"
"OG0008902_00"	0.00924664948472413	0.46747166352537	0.935903154774205	"1e-05 to 1"	0.00380459975262064	-0.00198723396974776	174	"success"	"pgls5_castespolymorphic"
"OG0008903_00"	0.00315712455770021	0.124723684447582	1	"1e-05 to 1"	0.0168737027332234	0.0111578521677189	174	"success"	"pgls5_castespolymorphic"
"OG0008904_00"	0.00218225230965401	0.182870464821062	1	"1e-05 to 1"	0.0126371959132716	0.00689671449416274	174	"success"	"pgls5_castespolymorphic"
"OG0008905_00"	0.000473700901743895	0.95820251516192	0.931021511400674	"1e-05 to 1"	2.01223081978113e-05	-0.0057937141900104	174	"success"	"pgls5_castespolymorphic"
"OG0008906_00"	-0.0211656416111783	0.182462971079752	0.753029231352914	"1e-05 to 1"	0.0128435690182035	0.00710428744272784	174	"success"	"pgls5_castespolymorphic"
"OG0008907_00"	-0.00252839717013138	0.774354419526917	0.380819084391777	"1e-05 to 1"	0.00060192171898174	-0.00520853222451256	174	"success"	"pgls5_castespolymorphic"
"OG0008908_00"	0.0220023804819859	0.0212327921987849	1e-05	"1e-05 to 1"	0.0645788247082134	0.0591403295030286	174	"success"	"pgls5_castespolymorphic"
"OG0008909_00"	0.00556449699760898	0.439177828457837	1	"1e-05 to 1"	0.00434272382881455	-0.00144598126520412	174	"success"	"pgls5_castespolymorphic"
"OG0008910_00"	-0.0238442493718239	0.0103945185034033	0.97825142949945	"1e-05 to 1"	0.045976669235004	0.0404300219631145	174	"success"	"pgls5_castespolymorphic"
"OG0008912_00"	0.00795857630971215	0.185042111102682	1	"1e-05 to 1"	0.0124249322757633	0.00668321676573869	174	"success"	"pgls5_castespolymorphic"
"OG0008913_00"	0.0223673965413226	0.120494311904876	1e-05	"1e-05 to 1"	0.0172562747094036	0.0115426483995745	174	"success"	"pgls5_castespolymorphic"
"OG0008914_00"	0.00827997180968286	0.351463626851647	1e-05	"1e-05 to 1"	0.00620403336832416	0.000426149841395773	174	"success"	"pgls5_castespolymorphic"
"OG0008915_00"	-0.00120866448454228	0.565230186394206	1e-05	"1e-05 to 1"	0.00227045473034439	-0.00353029843982799	174	"success"	"pgls5_castespolymorphic"
"OG0008916_00"	0.00339851976880426	0.740735999472176	1	"1e-05 to 1"	0.000747025625135208	-0.00506258469099774	174	"success"	"pgls5_castespolymorphic"
"OG0008918_00"	0.0121783687190607	0.161463310410509	0.894782512274425	"1e-05 to 1"	0.0133835067789478	0.00764736437649971	174	"success"	"pgls5_castespolymorphic"
"OG0008919_00"	0.00404647299800273	0.676242423113585	1	"1e-05 to 1"	0.0012767322249498	-0.00452979840164924	174	"success"	"pgls5_castespolymorphic"
"OG0008922_00"	0.0155225108397676	0.296257192207566	0.659695683405917	"1e-05 to 1"	0.0077899785547965	0.00202131563941743	174	"success"	"pgls5_castespolymorphic"
"OG0008925_00"	0.000984712254847316	0.941346337454056	1	"1e-05 to 1"	5.60981118446526e-05	-0.00575752922471429	174	"success"	"pgls5_castespolymorphic"
"OG0008926_00"	-0.00785513580358406	0.427669007694124	1	"1e-05 to 1"	0.00443635293494705	-0.00135180780380328	174	"success"	"pgls5_castespolymorphic"
"OG0008927_00"	0.0281517960024747	0.0472551111430111	1e-05	"1e-05 to 1"	0.0301676021799998	0.0245290417275579	174	"success"	"pgls5_castespolymorphic"
"OG0008929_00"	-0.0151416579827256	0.169277392309415	1e-05	"1e-05 to 1"	0.0134521500704417	0.00771640675689789	174	"success"	"pgls5_castespolymorphic"
"OG0008930_00"	0.00662133134398037	0.615888259010685	0.543421610821181	"1e-05 to 1"	0.00212168389071532	-0.00367993422619906	174	"success"	"pgls5_castespolymorphic"
"OG0008932_00"	-0.00590036010248964	0.453196520227495	0.827892810284195	"1e-05 to 1"	0.0049018205257326	-0.00088363400609448	174	"success"	"pgls5_castespolymorphic"
"OG0008933_00"	-0.00234075047319399	0.891754609816935	0.658011853819186	"1e-05 to 1"	0.000146382969990447	-0.00566671945460251	174	"success"	"pgls5_castespolymorphic"
"OG0008936_00"	-0.0200396749797465	0.0538341773224109	1	"1e-05 to 1"	0.0270644795653479	0.0214078777023557	174	"success"	"pgls5_castespolymorphic"
"OG0008937_00"	-0.00324236426049053	0.668943135659074	1	"1e-05 to 1"	0.00136864678369947	-0.00443734945593022	174	"success"	"pgls5_castespolymorphic"
"OG0008938_00"	-0.00117944355833936	0.824252733382216	1	"1e-05 to 1"	0.00035861606147014	-0.00545325244980033	174	"success"	"pgls5_castespolymorphic"
"OG0008939_00"	-0.00123803512305385	0.703038848935575	1	"1e-05 to 1"	0.00109621981707006	-0.00471136030027242	174	"success"	"pgls5_castespolymorphic"
"OG0008940_00"	-0.00818255538502869	0.656743426012902	1e-05	"1e-05 to 1"	0.00143534888996451	-0.00437025954672166	174	"success"	"pgls5_castespolymorphic"
"OG0008942_00"	-0.016451916324526	0.329062405977914	1	"1e-05 to 1"	0.0069038820230395	0.00113006738363852	174	"success"	"pgls5_castespolymorphic"
"OG0008943_00"	0.0122084744581392	0.278026669969255	1	"1e-05 to 1"	0.00852130265232841	0.00275689162123738	174	"success"	"pgls5_castespolymorphic"
"OG0008944_00"	-0.0046871891147163	0.751793131538204	0.339752261691866	"1e-05 to 1"	0.000727224439881663	-0.00508250099942131	174	"success"	"pgls5_castespolymorphic"
"OG0008945_00"	0.00188937451152978	0.801264199625128	0.851666952967272	"1e-05 to 1"	0.000457355103756404	-0.00535393934331463	174	"success"	"pgls5_castespolymorphic"
"OG0008946_00"	-0.00198617459946678	0.906030646019119	0.525760385247876	"1e-05 to 1"	0.00010208220482209	-0.00571127778235914	174	"success"	"pgls5_castespolymorphic"
"OG0008947_00"	-0.00361042152324498	0.793074984122305	1	"1e-05 to 1"	0.000570882735812722	-0.00523975166688606	174	"success"	"pgls5_castespolymorphic"
"OG0008948_00"	-0.000613829580829673	0.705584280264034	1	"1e-05 to 1"	0.00102998668735429	-0.004777978506324	174	"success"	"pgls5_castespolymorphic"
"OG0008949_00"	0.00629984672547597	0.246754779224617	1	"1e-05 to 1"	0.00978021998515761	0.00402312824088524	174	"success"	"pgls5_castespolymorphic"
"OG0008950_00"	0.00346558388067844	0.362948012794224	1	"1e-05 to 1"	0.0059580651504465	0.000178751575739877	174	"success"	"pgls5_castespolymorphic"
"OG0008951_00"	-0.012054820807206	0.347773083763536	0.99042310692625	"1e-05 to 1"	0.00824333419142958	0.00247730706463556	174	"success"	"pgls5_castespolymorphic"
"OG0008952_00"	-0.000415692569080434	0.795990036287338	1	"1e-05 to 1"	0.000468960943043174	-0.00534226602821808	174	"success"	"pgls5_castespolymorphic"
"OG0008953_00"	-0.00330313261866319	0.849670917762442	0.428876969695157	"1e-05 to 1"	0.00025385152672189	-0.00555862608068081	174	"success"	"pgls5_castespolymorphic"
"OG0008954_00"	0.00321797802399601	0.805532781438356	0.885258009847281	"1e-05 to 1"	0.000431299384693284	-0.00538014654911656	174	"success"	"pgls5_castespolymorphic"
"OG0008955_00"	-0.00271339606866567	0.84729513685437	0.972524891056421	"1e-05 to 1"	0.000263902997744483	-0.00554851617087326	174	"success"	"pgls5_castespolymorphic"
"OG0008957_00"	-0.000847924247164876	0.929448586304305	1	"1e-05 to 1"	5.53980351288949e-05	-0.00575823337164372	174	"success"	"pgls5_castespolymorphic"
"OG0008958_00"	0.0246089620473965	0.0556881634931963	0.559531443626501	"1e-05 to 1"	0.0250194859802453	0.0193509946196653	174	"success"	"pgls5_castespolymorphic"
"OG0008959_00"	0.00304864278716594	0.44047860544809	1	"1e-05 to 1"	0.00402598328620287	-0.00176456332259822	174	"success"	"pgls5_castespolymorphic"
"OG0008960_00"	0.00135646652545461	0.935446715426021	1e-05	"1e-05 to 1"	4.80573485460678e-05	-0.00576561673663667	174	"success"	"pgls5_castespolymorphic"
"OG0008961_00"	0.000291779375980653	0.951371597787286	1e-05	"1e-05 to 1"	2.66597056049997e-05	-0.00578713878447856	174	"success"	"pgls5_castespolymorphic"
"OG0008962_00"	-0.0262233888741551	0.00568605812984169	1	"1e-05 to 1"	0.0518944357698203	0.0463821941173194	174	"success"	"pgls5_castespolymorphic"
"OG0008964_00"	0.00653629110070488	0.177280246775671	1	"1e-05 to 1"	0.0126046248403258	0.0068639540545139	174	"success"	"pgls5_castespolymorphic"
"OG0008969_00"	0.000278064749610719	0.976092822079161	1e-05	"1e-05 to 1"	6.43766107368425e-06	-0.0058074783990365	174	"success"	"pgls5_castespolymorphic"
"OG0008972_00"	-0.00282491752199499	0.522884670011891	0.612563291303582	"1e-05 to 1"	0.00296430074723458	-0.00283241843446769	174	"success"	"pgls5_castespolymorphic"
"OG0008973_00"	-0.00227631597610475	0.740725282092293	1	"1e-05 to 1"	0.000807713689609215	-0.00500154378893969	174	"success"	"pgls5_castespolymorphic"
"OG0008974_00"	-0.00742424982267267	0.246316617034296	1	"1e-05 to 1"	0.00979828824686781	0.00404130155062876	174	"success"	"pgls5_castespolymorphic"
"OG0008975_00"	-0.00675872553417449	0.7288098933	0.904983419349432	"1e-05 to 1"	0.000873846008295395	-0.00493502698002835	174	"success"	"pgls5_castespolymorphic"
"OG0008977_00"	0.00236391632171534	0.873471128805389	1	"1e-05 to 1"	0.000191383171456149	-0.00562145762405875	174	"success"	"pgls5_castespolymorphic"
"OG0008978_00"	-0.00140288220620603	0.878945104126116	1	"1e-05 to 1"	0.000169928048201524	-0.00564303748640205	174	"success"	"pgls5_castespolymorphic"
"OG0008979_00"	-0.00466157015824947	0.405861693674958	1	"1e-05 to 1"	0.00501201418775615	-0.000772799683245173	174	"success"	"pgls5_castespolymorphic"
"OG0008980_00"	-0.00564768495519122	0.666026079173114	0.972135928662679	"1e-05 to 1"	0.00137384826166901	-0.00443211773680963	174	"success"	"pgls5_castespolymorphic"
"OG0008981_00"	0.0156739279131922	0.31086025300412	0.57416468699576	"1e-05 to 1"	0.00789919215405434	0.00213116420146153	174	"success"	"pgls5_castespolymorphic"
"OG0008983_00"	-0.013900093410817	0.127839520238201	0.715498539256457	"1e-05 to 1"	0.0192147500425306	0.0135125102171965	174	"success"	"pgls5_castespolymorphic"
"OG0008984_00"	-0.00877392062597489	0.218547255065192	1e-05	"1e-05 to 1"	0.0114462937381007	0.00569888846913624	174	"success"	"pgls5_castespolymorphic"
"OG0008986_00"	0.00946467473937131	0.353785245469392	0.954081833398454	"1e-05 to 1"	0.00632548959157268	0.000548312205477131	174	"success"	"pgls5_castespolymorphic"
"OG0008987_00"	-0.00156659439859896	0.832133988346428	1	"1e-05 to 1"	0.000331524677533547	-0.00548050134178313	174	"success"	"pgls5_castespolymorphic"
"OG0008988_00"	0.00676782736299458	0.304604482302414	1e-05	"1e-05 to 1"	0.00763555228384843	0.00186599154131262	174	"success"	"pgls5_castespolymorphic"
"OG0008989_00"	-0.00946178751763807	0.393569307828399	1	"1e-05 to 1"	0.00531826074308928	-0.000464772624683363	174	"success"	"pgls5_castespolymorphic"
"OG0008990_00"	0.00166713454139096	0.85901078709211	0.949769582461176	"1e-05 to 1"	0.000231134152246723	-0.00558147553291466	174	"success"	"pgls5_castespolymorphic"
"OG0008991_00"	0.0178599453712479	0.0552214551584238	1	"1e-05 to 1"	0.0267596535415818	0.0211012794342655	174	"success"	"pgls5_castespolymorphic"
"OG0008992_00"	-0.000295069273058318	0.987523232468053	1	"1e-05 to 1"	1.72822354731608e-06	-0.00581221521701347	174	"success"	"pgls5_castespolymorphic"
"OG0008994_00"	-0.00779598846528255	0.223924806121626	0.778910099498431	"1e-05 to 1"	0.0106989025406857	0.00494715197406181	174	"success"	"pgls5_castespolymorphic"
"OG0008995_00"	0.02512249300846	0.134064932023374	1e-05	"1e-05 to 1"	0.0164300633046911	0.0107116334401836	174	"success"	"pgls5_castespolymorphic"
"OG0008996_00"	0.0132415050748665	0.221449012582184	0.921145832512228	"1e-05 to 1"	0.0101525043659237	0.00439757706572552	174	"success"	"pgls5_castespolymorphic"
"OG0008997_00"	-0.00536376310005437	0.641907389073494	0.714928920840589	"1e-05 to 1"	0.00157152548839931	-0.00423329122387739	174	"success"	"pgls5_castespolymorphic"
"OG0008998_00"	0.010884299345871	0.215412257731388	1e-05	"1e-05 to 1"	0.0116909499309278	0.00594496708168901	174	"success"	"pgls5_castespolymorphic"
"OG0008999_00"	0.00437739634642025	0.79689849895974	0.924180046776217	"1e-05 to 1"	0.000481595332167873	-0.0053295581833428	174	"success"	"pgls5_castespolymorphic"
"OG0009000_00"	0.0122576081805639	0.268790899604873	1e-05	"1e-05 to 1"	0.00891892952907478	0.00315683028215086	174	"success"	"pgls5_castespolymorphic"
"OG0009001_00"	-0.00187025259818085	0.888486837513656	1	"1e-05 to 1"	0.00015064969579146	-0.00566242792225613	174	"success"	"pgls5_castespolymorphic"
"OG0009005_00"	0.00332091003195091	0.893368057838743	1e-05	"1e-05 to 1"	0.000151613309931897	-0.00566145870570822	174	"success"	"pgls5_castespolymorphic"
"OG0009006_00"	-0.0344175826952767	0.0150378314382116	1	"1e-05 to 1"	0.0414938845259677	0.0359211745522815	174	"success"	"pgls5_castespolymorphic"
"OG0009007_00"	-0.00276982747617567	0.772794741112291	0.960657661452854	"1e-05 to 1"	0.000606066177254074	-0.00520436367055255	174	"success"	"pgls5_castespolymorphic"
"OG0009009_00"	-0.0025902014830543	0.66734071078353	1	"1e-05 to 1"	0.00132333350741862	-0.00448292618149182	174	"success"	"pgls5_castespolymorphic"
"OG0009010_00"	-0.000154092828222985	0.966759465609618	1	"1e-05 to 1"	1.24488015289261e-05	-0.00580143231009012	174	"success"	"pgls5_castespolymorphic"
"OG0009011_00"	-0.00513151601736999	0.812781411345519	1e-05	"1e-05 to 1"	0.000494083454609812	-0.00531699745553782	174	"success"	"pgls5_castespolymorphic"
"OG0009013_00"	-0.00514132772379664	0.721359410988122	1	"1e-05 to 1"	0.000952302723737592	-0.00485611412089182	174	"success"	"pgls5_castespolymorphic"
"OG0009014_00"	-0.0272057101852387	0.108023046562094	0.959092281611208	"0.001 to 1"	0.0187442661822388	0.013039290985624	174	"success"	"pgls5_castespolymorphic"
"OG0009016_00"	-0.00269621805269371	0.861200880319034	0.896863170415633	"1e-05 to 1"	0.000262375301990953	-0.005550052748579	174	"success"	"pgls5_castespolymorphic"
"OG0009019_00"	-0.0106145808950371	0.14238593232318	1	"1e-05 to 1"	0.0176999935435282	0.0119889469943627	174	"success"	"pgls5_castespolymorphic"
"OG0009020_00"	-0.00218714491522383	0.81846485538719	1e-05	"1e-05 to 1"	0.000383046837985116	-0.00542867963388716	174	"success"	"pgls5_castespolymorphic"
"OG0009021_00"	0.00536891721637631	0.754316641647297	1	"1e-05 to 1"	0.000738886410464029	-0.00507077122668442	174	"success"	"pgls5_castespolymorphic"
"OG0009022_00"	0.0192762516200462	0.221228052390314	1	"1e-05 to 1"	0.0109825831949942	0.00523248193449999	174	"success"	"pgls5_castespolymorphic"
"OG0009023_00"	0.00258256554618655	0.793927436903201	1e-05	"1e-05 to 1"	0.000503432715029686	-0.00530759383895263	174	"success"	"pgls5_castespolymorphic"
"OG0009024_00"	-0.00980752961785132	0.330394591871829	1	"1e-05 to 1"	0.00776671954057366	0.00199792139836763	174	"success"	"pgls5_castespolymorphic"
"OG0009025_00"	-0.000976039745812155	0.886497155800581	0.799734933910104	"1e-05 to 1"	0.000154923129466263	-0.00565812964303691	174	"success"	"pgls5_castespolymorphic"
"OG0009026_00"	-0.00580434374665005	0.560334767837199	0.968133509076441	"1e-05 to 1"	0.00261527775109608	-0.00318347063407187	174	"success"	"pgls5_castespolymorphic"
"OG0009027_00"	-0.00107586157283194	0.942590533147691	0.921094121431511	"1e-05 to 1"	3.82725003661757e-05	-0.00577545847346883	174	"success"	"pgls5_castespolymorphic"
"OG0009028_00"	0.0162023075723065	0.393958811766084	0.692291558477226	"1e-05 to 1"	0.00538827011934098	-0.00039435621717443	174	"success"	"pgls5_castespolymorphic"
"OG0009029_00"	-0.00147716082501826	0.861257070281044	0.630272772910902	"1e-05 to 1"	0.000225404903170893	-0.00558723809157802	174	"success"	"pgls5_castespolymorphic"
"OG0009031_00"	0.0136795166559119	0.0892349299258204	1	"1e-05 to 1"	0.0215610023830502	0.0158724035596959	174	"success"	"pgls5_castespolymorphic"
"OG0009032_00"	-0.00582305261936498	0.373585447821625	1	"1e-05 to 1"	0.00582574592096278	4.56630484102494e-05	174	"success"	"pgls5_castespolymorphic"
"OG0009033_00"	0.022357271537295	0.00762186911211216	0.97341149685865	"1e-05 to 1"	0.050824643821469	0.045306182448338	174	"success"	"pgls5_castespolymorphic"
"OG0009034_00"	0.00522568650895192	0.690883786140934	0.92288472374131	"0.001 to 1"	0.00118378652460776	-0.0046232844839702	174	"success"	"pgls5_castespolymorphic"
"OG0009035_00"	0.0158611329317818	0.147158694025754	1e-05	"1e-05 to 1"	0.0151669688773834	0.00944119544062394	174	"success"	"pgls5_castespolymorphic"
"OG0009036_00"	-0.0017946965192297	0.809090297124969	1e-05	"1e-05 to 1"	0.000427528009903306	-0.00538393985050423	174	"success"	"pgls5_castespolymorphic"
"OG0009037_00"	0.0345686850524968	0.0362180273351433	0.254301231625086	"1e-05 to 1"	0.0311768649725672	0.025544172327059	174	"success"	"pgls5_castespolymorphic"
"OG0009038_00"	0.00643537622567407	0.155261408659735	1e-05	"1e-05 to 1"	0.0141725405815679	0.00844098558494921	174	"success"	"pgls5_castespolymorphic"
"OG0009039_00"	-0.0516965001106084	0.00125390204029929	1	"1e-05 to 1"	0.0699676356385519	0.0645604707294737	174	"success"	"pgls5_castespolymorphic"
"OG0009040_00"	0.00627687912506405	0.724322158120255	1e-05	"1e-05 to 1"	0.000917572353129843	-0.0048910464122589	174	"success"	"pgls5_castespolymorphic"
"OG0009041_00"	0.0112795044056865	0.499601545971832	0.627179015572149	"1e-05 to 1"	0.00333347337973612	-0.00246109944945161	174	"success"	"pgls5_castespolymorphic"
"OG0009050_00"	-0.00718855032019296	0.694771415323218	1	"1e-05 to 1"	0.00110310043563339	-0.00470443967811285	174	"success"	"pgls5_castespolymorphic"
"OG0009051_00"	-0.00116110538722919	0.538941166960458	1e-05	"1e-05 to 1"	0.00274171031110093	-0.00305630300104398	174	"success"	"pgls5_castespolymorphic"
"OG0009053_00"	0.00505052616815574	0.611383419635918	1	"1e-05 to 1"	0.00188951980620275	-0.00391344810190053	174	"success"	"pgls5_castespolymorphic"
"OG0009055_00"	0.00216789126598125	0.822796444367339	1	"1e-05 to 1"	0.00034228386617345	-0.00546967959972089	174	"success"	"pgls5_castespolymorphic"
"OG0009056_00"	0.0144242836893174	0.0940701837172	1e-05	"1e-05 to 1"	0.0204757941877182	0.0147808860143911	174	"success"	"pgls5_castespolymorphic"
"OG0009057_00"	-0.0110894702814244	0.451521134998865	0.93061105817979	"1e-05 to 1"	0.00417447982261877	-0.0016152034342265	174	"success"	"pgls5_castespolymorphic"
"OG0009058_00"	0.00791453187036711	0.552328273492042	0.851393028310008	"1e-05 to 1"	0.00268202268255636	-0.00311633765068464	174	"success"	"pgls5_castespolymorphic"
"OG0009059_00"	-0.00880187671533239	0.118161231906677	1e-05	"1e-05 to 1"	0.019575018564725	0.0138748733238223	174	"success"	"pgls5_castespolymorphic"
"OG0009060_00"	-0.00155603656011429	0.709372222064532	1e-05	"1e-05 to 1"	0.00111506966825959	-0.00469240085692491	174	"success"	"pgls5_castespolymorphic"
"OG0009062_00"	0.00370577055828716	0.465435125849475	1e-05	"1e-05 to 1"	0.00389560449894151	-0.00189570012606466	174	"success"	"pgls5_castespolymorphic"
"OG0009063_00"	0.00279608610071462	0.883755790862299	0.471876735343068	"1e-05 to 1"	0.000157752508535142	-0.00565528381408953	174	"success"	"pgls5_castespolymorphic"
"OG0009064_00"	-0.00875924863415196	0.168022652469664	1e-05	"1e-05 to 1"	0.0141349231522313	0.00840314944962794	174	"success"	"pgls5_castespolymorphic"
"OG0009065_00"	0.0335101324254886	0.100009527747237	0.757766935369773	"1e-05 to 1"	0.0208332531740733	0.0151404232506669	174	"success"	"pgls5_castespolymorphic"
"OG0009066_00"	0.0494632621397511	0.00382188525592575	0.607629134815917	"1e-05 to 1"	0.0620979721571039	0.0566450533905755	174	"success"	"pgls5_castespolymorphic"
"OG0009067_00"	-0.00309587823518854	0.8438550827059	1	"1e-05 to 1"	0.00048180159817649	-0.00532935071811313	174	"success"	"pgls5_castespolymorphic"
"OG0009068_00"	-0.00492582685768528	0.418630655398632	1e-05	"1e-05 to 1"	0.00481604610283088	-0.000969907117501556	174	"success"	"pgls5_castespolymorphic"
"OG0009070_00"	0.0122452342972962	0.0166262275674822	1e-05	"1e-05 to 1"	0.0420512148833825	0.0364817452024719	174	"success"	"pgls5_castespolymorphic"
"OG0009071_00"	-0.00292327581054463	0.674062159286681	1e-05	"1e-05 to 1"	0.00134423463633781	-0.00446190353438114	174	"success"	"pgls5_castespolymorphic"
"OG0009072_00"	0.00199470862141763	0.58367141417873	1	"1e-05 to 1"	0.00221403584382852	-0.00358704534312593	174	"success"	"pgls5_castespolymorphic"
"OG0009074_00"	0.00934489100686133	0.319325819468814	0.788109185062666	"1e-05 to 1"	0.0074565620314017	0.0016859606478633	174	"success"	"pgls5_castespolymorphic"
"OG0009075_00"	0.0183500578490117	0.0127085958264868	0.375953656172098	"1e-05 to 1"	0.0454450599229811	0.0398953218992775	174	"success"	"pgls5_castespolymorphic"
"OG0009076_00"	0.00235981967539396	0.841297131724662	0.860312895124156	"1e-05 to 1"	0.00029585000180827	-0.00551638342841376	174	"success"	"pgls5_castespolymorphic"
"OG0009077_00"	-0.00324851615214068	0.765902420020108	1	"1e-05 to 1"	0.000663808321898915	-0.00514628581576448	174	"success"	"pgls5_castespolymorphic"
"OG0009078_00"	0.0348262433333884	0.0692917987520887	0.813127709657938	"1e-05 to 1"	0.0240576974909872	0.018383614336865	174	"success"	"pgls5_castespolymorphic"
"OG0009079_00"	-0.012236591107967	0.294944379741448	0.549143120774387	"1e-05 to 1"	0.00830677448850926	0.00254111620065178	174	"success"	"pgls5_castespolymorphic"
"OG0009080_00"	0.0242621905225269	0.241531804956364	0.94951050728983	"1e-05 to 1"	0.010071578168616	0.00431618036727066	174	"success"	"pgls5_castespolymorphic"
"OG0009081_00"	0.0133010555254467	0.000382883955210023	1e-05	"1e-05 to 1"	0.0876526271190516	0.0823482819278833	174	"success"	"pgls5_castespolymorphic"
"OG0009082_00"	0.00603596910746235	0.613568658515316	1	"1e-05 to 1"	0.00182635239453859	-0.00397698276595837	174	"success"	"pgls5_castespolymorphic"
"OG0009083_00"	0.0418068407740551	0.0113942653497296	1e-05	"1e-05 to 1"	0.0478781119784082	0.0423425196061897	174	"success"	"pgls5_castespolymorphic"
"OG0009084_00"	0.00834408604928196	0.119562654928357	0.612955954242448	"1e-05 to 1"	0.0177230644410259	0.0120121520249854	174	"success"	"pgls5_castespolymorphic"
"OG0009085_00"	-0.00434006503612428	0.648593213969991	1	"1e-05 to 1"	0.00145632080992963	-0.0043491656969894	174	"success"	"pgls5_castespolymorphic"
"OG0009086_00"	-0.00681227103259483	0.186496987798506	1e-05	"1e-05 to 1"	0.0124314589693009	0.00668978140516896	174	"success"	"pgls5_castespolymorphic"
"OG0009087_00"	0.00800970293916863	0.594687844385858	0.868470407562831	"1e-05 to 1"	0.00199857036447927	-0.00380376352875067	174	"success"	"pgls5_castespolymorphic"
"OG0009088_00"	0.00144294106516004	0.881603669362951	1e-05	"1e-05 to 1"	0.000158997853138048	-0.00565403122911112	174	"success"	"pgls5_castespolymorphic"
"OG0009089_00"	0.00543443206576127	0.506872208144466	1	"1e-05 to 1"	0.00302302085921108	-0.00277335692649117	174	"success"	"pgls5_castespolymorphic"
"OG0009090_00"	0.0181315369918633	0.205942801504388	0.849700157288587	"1e-05 to 1"	0.0110858692299598	0.0053363684696689	174	"success"	"pgls5_castespolymorphic"
"OG0009091_00"	-0.0257144212260058	0.255353143931024	0.764626808635362	"1e-05 to 1"	0.0092314250012189	0.00347114258843517	174	"success"	"pgls5_castespolymorphic"
"OG0009092_00"	0.00734811137859801	0.0707760967663746	1	"1e-05 to 1"	0.0231324393750161	0.0174529768132429	174	"success"	"pgls5_castespolymorphic"
"OG0009093_00"	0.0240288713417276	0.212445079213629	1e-05	"1e-05 to 1"	0.0115779136358143	0.0058312735988133	174	"success"	"pgls5_castespolymorphic"
"OG0009095_00"	0.000415658364663639	0.896969593953634	0.530909998811908	"1e-05 to 1"	0.000121939190022724	-0.00569130534957019	174	"success"	"pgls5_castespolymorphic"
"OG0009096_00"	-0.00534882750928679	0.745040882437845	1	"1e-05 to 1"	0.000822576740244952	-0.00498659432521875	174	"success"	"pgls5_castespolymorphic"
"OG0009097_00"	-0.0033448331745527	0.712547056263576	1e-05	"1e-05 to 1"	0.00107250798574025	-0.0047352099910869	174	"success"	"pgls5_castespolymorphic"
"OG0009101_00"	-0.00251554011644738	0.703219656017215	1	"1e-05 to 1"	0.00107059340933956	-0.00473713569874579	174	"success"	"pgls5_castespolymorphic"
"OG0009102_00"	0.0113809207607932	0.086532809374916	0.781308746560616	"1e-05 to 1"	0.0204042831468631	0.0147089592116705	174	"success"	"pgls5_castespolymorphic"
"OG0009103_00"	0.00433126362489237	0.396557550353335	0.723121733039781	"1e-05 to 1"	0.0051389665485617	-0.000645109227318752	174	"success"	"pgls5_castespolymorphic"
"OG0009104_00"	-0.0234789034035366	0.161765423558662	0.87242947845858	"1e-05 to 1"	0.0142392110675241	0.00850804369000979	174	"success"	"pgls5_castespolymorphic"
"OG0009106_00"	0.0368811961434864	0.0140878639199324	0.641594243960047	"1e-05 to 1"	0.0438210691970957	0.0382618893668463	174	"success"	"pgls5_castespolymorphic"
"OG0009107_00"	0.00886700468826009	0.482704903485398	0.965087915996692	"1e-05 to 1"	0.00355138510826568	-0.00224192079226748	174	"success"	"pgls5_castespolymorphic"
"OG0009108_00"	0.0353097217942442	0.0621902040110889	0.78255893489808	"1e-05 to 1"	0.0251575563979873	0.0194898677723941	174	"success"	"pgls5_castespolymorphic"
"OG0009110_00"	-0.00365282479528616	0.563644060569451	0.960187234197764	"1e-05 to 1"	0.00261172878072594	-0.00318704023799077	174	"success"	"pgls5_castespolymorphic"
"OG0009112_00"	-0.00757412856703576	0.423955257899078	0.89428088364206	"0.001 to 1"	0.00477746350313297	-0.00100871403463954	174	"success"	"pgls5_castespolymorphic"
"OG0009113_00"	0.00824252302850882	0.524482427842026	1	"1e-05 to 1"	0.00330120190087443	-0.00249355855319022	174	"success"	"pgls5_castespolymorphic"
"OG0009115_00"	-0.00516162914927696	0.588688302987427	1	"1e-05 to 1"	0.00222106647368453	-0.00357997383751507	174	"success"	"pgls5_castespolymorphic"
"OG0009116_00"	-0.00445858495460037	0.683942329591593	0.816809270919223	"1e-05 to 1"	0.00124058228869514	-0.00456615851195186	174	"success"	"pgls5_castespolymorphic"
"OG0009117_00"	-0.00390658654251645	0.718600528182142	1e-05	"1e-05 to 1"	0.00103401864970688	-0.0047739231023296	174	"success"	"pgls5_castespolymorphic"
"OG0009118_00"	-0.00169000448992491	0.877592917753054	1e-05	"1e-05 to 1"	0.000183167714849295	-0.00562972084494806	174	"success"	"pgls5_castespolymorphic"
"OG0009119_00"	-0.00823642233738357	0.228139353923008	1e-05	"1e-05 to 1"	0.0110678622521181	0.00531825680009557	174	"success"	"pgls5_castespolymorphic"
"OG0009120_00"	-0.008837768610078	0.278280573693972	1e-05	"1e-05 to 1"	0.00876626736958531	0.00300328055196664	174	"success"	"pgls5_castespolymorphic"
"OG0009121_00"	-0.00697592071072844	0.018365628587184	1	"1e-05 to 1"	0.0458424829645104	0.0402950555398855	174	"success"	"pgls5_castespolymorphic"
"OG0009122_00"	0.00270379249600098	0.733302171628806	1	"1e-05 to 1"	0.000875844983167252	-0.00493301638320953	174	"success"	"pgls5_castespolymorphic"
"OG0009123_00"	0.000124032793002888	0.968971832420192	1	"1e-05 to 1"	1.12492460910317e-05	-0.00580263883968746	174	"success"	"pgls5_castespolymorphic"
"OG0009124_00"	0.00762148656598232	0.546555402669179	1e-05	"1e-05 to 1"	0.00419369639907764	-0.00159587513348591	174	"success"	"pgls5_castespolymorphic"
"OG0009125_00"	-0.0196258017234939	0.183744038813227	1e-05	"1e-05 to 1"	0.0154481681705963	0.00972402961344876	174	"success"	"pgls5_castespolymorphic"
"OG0009126_00"	-0.0408909158063007	0.00772010217823071	1	"1e-05 to 1"	0.0525398470452484	0.0470313577838836	174	"success"	"pgls5_castespolymorphic"
"OG0009127_00"	-0.0258257265104498	0.0736946297674215	0.748016021382994	"1e-05 to 1"	0.023852078610536	0.0181767999978065	174	"success"	"pgls5_castespolymorphic"
"OG0009128_00"	0.00160653484672442	0.777560799332119	1e-05	"1e-05 to 1"	0.000593171237534928	-0.00521733358085164	174	"success"	"pgls5_castespolymorphic"
"OG0009130_00"	0.00529020798473836	0.677981991344463	0.968814402707158	"1e-05 to 1"	0.00131020591821315	-0.00449613009389016	174	"success"	"pgls5_castespolymorphic"
"OG0009131_00"	-0.00831028047593642	0.418760302523666	1e-05	"1e-05 to 1"	0.00661539628244517	0.000839904400366409	174	"success"	"pgls5_castespolymorphic"
"OG0009132_00"	-0.00714833440480034	0.261211187539648	1	"1e-05 to 1"	0.00934133064868342	0.00358168722222241	174	"success"	"pgls5_castespolymorphic"
"OG0009133_00"	-0.011134866698884	0.296959187782626	0.937212082117278	"1e-05 to 1"	0.0079958312057247	0.00222836510808355	174	"success"	"pgls5_castespolymorphic"
"OG0009136_00"	0.00447070835364236	0.740682457176919	0.834255570565286	"1e-05 to 1"	0.000807990382112779	-0.0050012654877587	174	"success"	"pgls5_castespolymorphic"
"OG0009137_00"	0.00103436981894791	0.921543117480729	1	"1e-05 to 1"	7.0544706207917e-05	-0.00574299863852357	174	"success"	"pgls5_castespolymorphic"
"OG0009138_00"	0.0108520802152422	0.270802475347777	0.529105837225122	"1e-05 to 1"	0.00871749527049625	0.00295422489416197	174	"success"	"pgls5_castespolymorphic"
"OG0009143_00"	0.000491120272023765	0.963550256990732	0.667090166702287	"1e-05 to 1"	1.61262946931064e-05	-0.00579773343615164	174	"success"	"pgls5_castespolymorphic"
"OG0009147_00"	-0.0227814382621082	0.106298747794385	0.917280414045571	"1e-05 to 1"	0.0183936608249721	0.0126866472251173	174	"success"	"pgls5_castespolymorphic"
"OG0009149_00"	-0.0114652427453336	0.490779379438674	0.903225642093615	"1e-05 to 1"	0.00360423537276477	-0.00218876325878892	174	"success"	"pgls5_castespolymorphic"
"OG0009150_00"	0.0242767263529811	0.0877663707030722	1	"1e-05 to 1"	0.0240967379481527	0.0184228817734327	174	"success"	"pgls5_castespolymorphic"
"OG0009151_00"	0.0450679511970002	0.0156041372239639	0.500258700812477	"1e-05 to 1"	0.050209115216936	0.0446870751891276	174	"success"	"pgls5_castespolymorphic"
"OG0009152_00"	-0.00525998330675713	0.467396474015025	1	"1e-05 to 1"	0.00394814082624395	-0.00184285835499876	174	"success"	"pgls5_castespolymorphic"
"OG0009153_00"	-0.00646765678858006	0.187778216594994	1	"1e-05 to 1"	0.0131068377849132	0.00736908684180215	174	"success"	"pgls5_castespolymorphic"
"OG0009154_00"	0.024798719225751	0.124080207668623	0.478927620008249	"1e-05 to 1"	0.0175594860806151	0.0118476226275954	174	"success"	"pgls5_castespolymorphic"
"OG0009155_00"	-0.00153803692766026	0.837125097781459	1e-05	"1e-05 to 1"	0.000344916591781724	-0.00546703156756845	174	"success"	"pgls5_castespolymorphic"
"OG0009156_00"	-0.0539199186585279	0.069563227228832	1e-05	"1e-05 to 1"	0.031618270388824	0.0259881440538753	174	"success"	"pgls5_castespolymorphic"
"OG0009157_00"	-0.0129623754463017	0.275729867314057	0.538655635385578	"1e-05 to 1"	0.00899357416610554	0.00323190889962932	174	"success"	"pgls5_castespolymorphic"
"OG0009158_00"	0.0103399766776323	0.253219126508424	1e-05	"1e-05 to 1"	0.00973093891851431	0.00397356065641263	174	"success"	"pgls5_castespolymorphic"
"OG0009159_00"	-0.00297012917749382	0.601734610470237	1	"1e-05 to 1"	0.00205362812381846	-0.00374838566615932	174	"success"	"pgls5_castespolymorphic"
"OG0009160_00"	-0.0027604375588226	0.723265897457729	1	"1e-05 to 1"	0.000938765420858025	-0.00486973012902081	174	"success"	"pgls5_castespolymorphic"
"OG0009161_00"	-0.00568869385091409	0.58598644079583	1	"1e-05 to 1"	0.00243861222171493	-0.0033611632886239	174	"success"	"pgls5_castespolymorphic"
"OG0009162_00"	0.0342300513443119	0.0377545847950391	1	"1e-05 to 1"	0.033284170898524	0.0276637300316551	174	"success"	"pgls5_castespolymorphic"
"OG0009163_00"	0.00697051647618266	0.524926873384408	0.939791925154147	"1e-05 to 1"	0.00295678770694957	-0.00283997515521928	174	"success"	"pgls5_castespolymorphic"
"OG0009164_00"	-0.000682429823799477	0.939412782687081	1e-05	"1e-05 to 1"	4.42684775001396e-05	-0.00576942763600274	174	"success"	"pgls5_castespolymorphic"
"OG0009165_00"	0.0171574595783128	0.0212945729384626	1e-05	"1e-05 to 1"	0.0389400542343555	0.0333524964101366	174	"success"	"pgls5_castespolymorphic"
"OG0009166_00"	-0.00432911922709911	0.362333484367444	1	"1e-05 to 1"	0.00619631711752699	0.00041838872867539	174	"success"	"pgls5_castespolymorphic"
"OG0009167_00"	0.029708651916994	0.226408736434751	1	"1e-05 to 1"	0.0107409153125806	0.00498940900625833	174	"success"	"pgls5_castespolymorphic"
"OG0009168_00"	0.0016166152615744	0.867911949681735	1	"1e-05 to 1"	0.000216911718749481	-0.00559578065497868	174	"success"	"pgls5_castespolymorphic"
"OG0009169_00"	0.017151236455302	0.54662120306389	0.542879088248372	"1e-05 to 1"	0.00263943689889344	-0.00315917102611296	174	"success"	"pgls5_castespolymorphic"
"OG0009170_00"	0.0177111685164881	0.167633084102303	0.726693954984517	"1e-05 to 1"	0.0142667728474484	0.00853576571284065	174	"success"	"pgls5_castespolymorphic"
"OG0009171_00"	-0.00828303734924383	0.267184548167344	1e-05	"1e-05 to 1"	0.00891373074924464	0.00315160127685654	174	"success"	"pgls5_castespolymorphic"
"OG0009172_00"	0.00167237197719032	0.497245165263998	1	"1e-05 to 1"	0.00327439751941501	-0.00252051877407666	174	"success"	"pgls5_castespolymorphic"
"OG0009173_00"	0.00326221374328257	0.629449752171156	0.424098217787417	"1e-05 to 1"	0.00163239340343199	-0.00417206942561776	174	"success"	"pgls5_castespolymorphic"
"OG0009174_00"	0.0156861022710489	0.686837782652463	1e-05	"1e-05 to 1"	0.00125426103377903	-0.00455240023928027	174	"success"	"pgls5_castespolymorphic"
"OG0009177_00"	0.000992935508876645	0.905821334205771	1	"1e-05 to 1"	0.000116153785503694	-0.00569712439016201	174	"success"	"pgls5_castespolymorphic"
"OG0009180_00"	0.0127042344384978	0.182285976267296	1	"1e-05 to 1"	0.0133356959577708	0.00759927558543227	174	"success"	"pgls5_castespolymorphic"
"OG0009181_00"	0.00666352869619718	0.28770819726861	1e-05	"1e-05 to 1"	0.0115258254911649	0.00577888261611359	174	"success"	"pgls5_castespolymorphic"
"OG0009182_00"	-0.000143464705771462	0.986055775811555	1e-05	"1e-05 to 1"	3.26688824883536e-06	-0.00581066760658699	174	"success"	"pgls5_castespolymorphic"
"OG0009184_00"	0.00764140323074962	0.571572086129315	1	"1e-05 to 1"	0.00246842743184086	-0.00333117473425304	174	"success"	"pgls5_castespolymorphic"
"OG0009185_00"	0.00525215151247074	0.338518216442939	1e-05	"1e-05 to 1"	0.00704860159028736	0.00127562834371919	174	"success"	"pgls5_castespolymorphic"
"OG0009186_00"	4.73109886083078e-05	0.994569405471103	1	"1e-05 to 1"	3.52283554663095e-07	-0.00581359915665725	174	"success"	"pgls5_castespolymorphic"
"OG0009187_00"	0.000600789839790415	0.934280917222484	1e-05	"1e-05 to 1"	5.17066785429422e-05	-0.00576194618960524	174	"success"	"pgls5_castespolymorphic"
"OG0009188_00"	-0.00328081039898988	0.582278501197022	1	"1e-05 to 1"	0.0021980415032534	-0.00360313267405332	174	"success"	"pgls5_castespolymorphic"
"OG0009189_00"	-0.00169586334108899	0.588747554614722	1	"1e-05 to 1"	0.002220361243933	-0.00358068316743942	174	"success"	"pgls5_castespolymorphic"
"OG0009190_00"	0.0245447344011244	0.0774538009345551	1	"1e-05 to 1"	0.0255394250494148	0.0198739565903999	174	"success"	"pgls5_castespolymorphic"
"OG0009191_00"	0.0259070325963306	0.060249221073466	1	"1e-05 to 1"	0.0273099690276636	0.0216547944289872	174	"success"	"pgls5_castespolymorphic"
"OG0009192_00"	0.00206951339005965	0.705645611912656	1	"1e-05 to 1"	0.00108431054902933	-0.00472333880824372	174	"success"	"pgls5_castespolymorphic"
"OG0009194_00"	-0.00464032649353013	0.651815488077888	0.745104601447136	"1e-05 to 1"	0.00153555462861792	-0.00426947121656474	174	"success"	"pgls5_castespolymorphic"
"OG0009195_00"	-2.96445184879838e-05	0.994558018722815	1	"1e-05 to 1"	3.56473229357806e-07	-0.0058135949426239	174	"success"	"pgls5_castespolymorphic"
"OG0009196_00"	0.0100831621204126	0.606432920893927	0.267243707906034	"1e-05 to 1"	0.00207940240747994	-0.0037224615320115	174	"success"	"pgls5_castespolymorphic"
"OG0009197_00"	0.00103949875261449	0.872643010933637	1e-05	"1e-05 to 1"	0.000203114539354849	-0.00560965805053271	174	"success"	"pgls5_castespolymorphic"
"OG0009198_00"	-0.00296543608103063	0.535479757334322	1	"1e-05 to 1"	0.00293804260089772	-0.0028588292444458	174	"success"	"pgls5_castespolymorphic"
"OG0009199_00"	0.0445493793660068	0.037296199059031	1	"1e-05 to 1"	0.032685741615483	0.0270618215085962	174	"success"	"pgls5_castespolymorphic"
"OG0009200_00"	-0.00187469206146314	0.897151578210687	0.997639636198908	"1e-05 to 1"	0.000127050013818048	-0.00568616481168305	174	"success"	"pgls5_castespolymorphic"
"OG0009201_00"	0.0150739021567892	0.133855169560405	0.753780997040463	"1e-05 to 1"	0.0169436801721052	0.0112282364521756	174	"success"	"pgls5_castespolymorphic"
"OG0009202_00"	-0.011753893888429	0.445678813981887	1	"1e-05 to 1"	0.00437991259377297	-0.00140857628649571	174	"success"	"pgls5_castespolymorphic"
"OG0009203_00"	0.0217322573192627	0.0987013299895065	1e-05	"1e-05 to 1"	0.020674968011847	0.0149812178258695	174	"success"	"pgls5_castespolymorphic"
"OG0009204_00"	0.00997367400969201	0.281923459303381	0.975130998922219	"1e-05 to 1"	0.00863503403815831	0.00287128423605465	174	"success"	"pgls5_castespolymorphic"
"OG0009205_00"	0.0139763882805942	0.161000746199702	0.732759232909823	"1e-05 to 1"	0.0147191141309716	0.00899073688754715	174	"success"	"pgls5_castespolymorphic"
"OG0009206_00"	0.021757007445589	0.239101018623206	0.457767554828669	"1e-05 to 1"	0.0105635152084845	0.00481097750620818	174	"success"	"pgls5_castespolymorphic"
"OG0009207_00"	-0.00200255507184455	0.874061555229988	0.851585456698335	"1e-05 to 1"	0.000185389356800567	-0.0056274862864738	174	"success"	"pgls5_castespolymorphic"
"OG0009208_00"	0.00963614369091228	0.556891790694842	1e-05	"1e-05 to 1"	0.00260122821507725	-0.00319760185343965	174	"success"	"pgls5_castespolymorphic"
"OG0009209_00"	-0.00566718275591446	0.323390487990573	1	"1e-05 to 1"	0.00727807314289082	0.00150643403325657	174	"success"	"pgls5_castespolymorphic"
"OG0009210_00"	-0.0119941020004624	0.293779729006079	0.237674380120805	"1e-05 to 1"	0.00828404657451192	0.00251825614761947	174	"success"	"pgls5_castespolymorphic"
"OG0009211_00"	-9.10691376785189e-05	0.980203301181458	1	"1e-05 to 1"	4.94561874518831e-06	-0.00580897911602962	174	"success"	"pgls5_castespolymorphic"
"OG0009212_00"	0.018669335871237	0.0110686773054103	1	"1e-05 to 1"	0.0465152775720023	0.0409717617439326	174	"success"	"pgls5_castespolymorphic"
"OG0009213_00"	-0.00492151598925377	0.429223623133889	0.915355206243611	"1e-05 to 1"	0.00460132337706867	-0.0011858782312042	174	"success"	"pgls5_castespolymorphic"
"OG0009214_00"	-0.00928500180151088	0.124323170766275	1	"1e-05 to 1"	0.0174077812354012	0.0116950357774674	174	"success"	"pgls5_castespolymorphic"
"OG0009216_00"	-0.00645760278966837	0.487724154348144	1	"1e-05 to 1"	0.00438794602730727	-0.00140049614695248	174	"success"	"pgls5_castespolymorphic"
"OG0009218_00"	-0.00702753648927891	0.548537737204728	0.224947132010974	"1e-05 to 1"	0.00316624881078081	-0.00262929625427288	174	"success"	"pgls5_castespolymorphic"
"OG0009219_00"	-0.000455910099109701	0.951389467316907	1	"1e-05 to 1"	3.00913344561698e-05	-0.00578368720429689	174	"success"	"pgls5_castespolymorphic"
"OG0009220_00"	0.00383114223319427	0.817531860369971	0.916367279925565	"0.001 to 1"	0.000407821818972092	-0.00540376061231296	174	"success"	"pgls5_castespolymorphic"
"OG0009221_00"	0.0134051011579834	0.152379940509101	0.638548920901489	"1e-05 to 1"	0.0194093910982117	0.0137082829069223	174	"success"	"pgls5_castespolymorphic"
"OG0009222_00"	-0.00387907472203441	0.240970810264184	1	"1e-05 to 1"	0.0105607561066456	0.00480820236307966	174	"success"	"pgls5_castespolymorphic"
"OG0009224_00"	0.00535933973421743	0.459948820622933	1e-05	"1e-05 to 1"	0.00420745117296124	-0.00158204038998666	174	"success"	"pgls5_castespolymorphic"
"OG0009225_00"	-0.0100228879585251	0.637363938843682	0.79263257240526	"1e-05 to 1"	0.00172772368692345	-0.00407618489629202	174	"success"	"pgls5_castespolymorphic"
"OG0009226_00"	-0.0113427972841757	0.660177662452457	0.626507478325578	"1e-05 to 1"	0.00148017811225846	-0.00432516968941443	174	"success"	"pgls5_castespolymorphic"
"OG0009227_00"	-0.0421170613570482	0.00241508191643058	1	"1e-05 to 1"	0.0661393998214906	0.0607099777274295	174	"success"	"pgls5_castespolymorphic"
"OG0009228_00"	0.00834862874659032	0.0648196723631043	0.458718845716293	"1e-05 to 1"	0.025403897372673	0.019737640962049	174	"success"	"pgls5_castespolymorphic"
"OG0009230_00"	-0.00314422135607684	0.518037884499773	0.4525774115964	"1e-05 to 1"	0.00317210262364183	-0.00262340840761599	174	"success"	"pgls5_castespolymorphic"
"OG0009231_00"	-0.00109461963452471	0.936758296759533	1e-05	"1e-05 to 1"	6.80573640917601e-05	-0.0057455004419309	174	"success"	"pgls5_castespolymorphic"
"OG0009232_00"	0.00197966007544924	0.770069650418479	1e-05	"1e-05 to 1"	0.000659467088954006	-0.0051506522884357	174	"success"	"pgls5_castespolymorphic"
"OG0009233_00"	-0.000616129518622747	0.905462812858361	0.659281079808567	"1e-05 to 1"	0.000109757679245258	-0.00570355768308461	174	"success"	"pgls5_castespolymorphic"
"OG0009234_00"	-0.000945225183980372	0.95115638350166	1	"1e-05 to 1"	2.85327382204093e-05	-0.00578525486213888	174	"success"	"pgls5_castespolymorphic"
"OG0009235_00"	-0.000822245145144671	0.52185020979295	1e-05	"1e-05 to 1"	0.00311477180651646	-0.00268107254344563	174	"success"	"pgls5_castespolymorphic"
"OG0009236_00"	0.00228446660005177	0.773195890832157	1e-05	"1e-05 to 1"	0.000636249041522091	-0.00517400532451551	174	"success"	"pgls5_castespolymorphic"
"OG0009237_00"	-0.0053645920284626	0.552752357204342	1	"1e-05 to 1"	0.00289625958799835	-0.0029008551818388	174	"success"	"pgls5_castespolymorphic"
"OG0009238_00"	0.00927222736099137	0.433090570155669	1e-05	"1e-05 to 1"	0.00473405348909805	-0.0010523764324768	174	"success"	"pgls5_castespolymorphic"
"OG0009239_00"	-0.00853621303441114	0.454793811230366	0.840885956167135	"1e-05 to 1"	0.00533185326247763	-0.000451101079019578	174	"success"	"pgls5_castespolymorphic"
"OG0009240_00"	0.00530846678933471	0.351931438766479	1e-05	"1e-05 to 1"	0.00656748482839972	0.000791714391355502	174	"success"	"pgls5_castespolymorphic"
"OG0009241_00"	0.0205747840077682	0.166468543149252	1e-05	"1e-05 to 1"	0.0146745670635069	0.0089459308255041	174	"success"	"pgls5_castespolymorphic"
"OG0009242_00"	0.024302318019681	0.0298572912306083	1	"1e-05 to 1"	0.0352379451377182	0.0296288634234025	174	"success"	"pgls5_castespolymorphic"
"OG0009243_00"	0.00216211337025675	0.861330332133617	0.479888125834966	"1e-05 to 1"	0.000235595461983759	-0.00557698828533049	174	"success"	"pgls5_castespolymorphic"
"OG0009244_00"	-0.0232985563159668	0.0900760758510193	1	"1e-05 to 1"	0.0216107682780418	0.0159224587912863	174	"success"	"pgls5_castespolymorphic"
"OG0009245_00"	0.00646282346318047	0.0977934721233815	1	"1e-05 to 1"	0.0198812431119703	0.0141828782463422	174	"success"	"pgls5_castespolymorphic"
"OG0009246_00"	0.00122174170621361	0.373908423361265	1	"1e-05 to 1"	0.00613384723118169	0.000355555645316419	174	"success"	"pgls5_castespolymorphic"
"OG0009247_00"	0.00314301614548373	0.787225767529436	1	"1e-05 to 1"	0.000545570218235721	-0.00526521135026292	174	"success"	"pgls5_castespolymorphic"
"OG0009248_00"	0.0212320194572753	0.105653413466667	0.769950627650108	"1e-05 to 1"	0.0203241460056372	0.0146283561568328	174	"success"	"pgls5_castespolymorphic"
"OG0009249_00"	-0.0238054534659114	0.203888981201678	1e-05	"1e-05 to 1"	0.012200836733733	0.00645781834265002	174	"success"	"pgls5_castespolymorphic"
"OG0009251_00"	0.0256565491794947	0.164334886534842	0.97920266892426	"1e-05 to 1"	0.0143813897427458	0.00865104898543623	174	"success"	"pgls5_castespolymorphic"
"OG0009252_00"	0.0187921709051351	0.0345549007163326	0.85288553196442	"1e-05 to 1"	0.0336503268107145	0.0280320147572886	174	"success"	"pgls5_castespolymorphic"
"OG0009253_00"	0.00670709383696257	0.487670546956111	1	"1e-05 to 1"	0.00389246319644281	-0.00189885969195003	174	"success"	"pgls5_castespolymorphic"
"OG0009255_00"	-0.0109366112145846	0.300290211523797	1e-05	"1e-05 to 1"	0.00812569935662897	0.00235898830637682	174	"success"	"pgls5_castespolymorphic"
"OG0009256_00"	0.00282518848691392	0.689934313250658	1	"1e-05 to 1"	0.00129838156500648	-0.00450802319333654	174	"success"	"pgls5_castespolymorphic"
"OG0009257_00"	-0.00172578104273607	0.871890410867038	1	"1e-05 to 1"	0.000193318676260183	-0.00561951086631973	174	"success"	"pgls5_castespolymorphic"
"OG0009258_00"	0.00980208149444712	0.431607411654339	0.987442190596419	"1e-05 to 1"	0.00452080643002684	-0.00126686330003123	174	"success"	"pgls5_castespolymorphic"
"OG0009259_00"	-1.72642913155614e-05	0.997719169506049	1e-05	"1e-05 to 1"	6.56348072683057e-08	-0.00581388747196709	174	"success"	"pgls5_castespolymorphic"
"OG0009261_00"	-0.0216278593992207	0.302832613707692	0.860630646518884	"1e-05 to 1"	0.00829223363238388	0.00252649080466505	174	"success"	"pgls5_castespolymorphic"
"OG0009262_00"	0.00436172045614057	0.0815065328537961	1	"1e-05 to 1"	0.0231604515147887	0.0174811518142932	174	"success"	"pgls5_castespolymorphic"
"OG0009263_00"	0.0130778305899458	0.213700862686656	1e-05	"1e-05 to 1"	0.011778049119876	0.00603257266127066	174	"success"	"pgls5_castespolymorphic"
"OG0009264_00"	0.0178625971493431	0.00400078204273369	1e-05	"1e-05 to 1"	0.0615005765832375	0.0560441845866284	174	"success"	"pgls5_castespolymorphic"
"OG0009265_00"	-0.000464143876521504	0.944228029318877	1	"1e-05 to 1"	3.93077969899967e-05	-0.00577441715767857	174	"success"	"pgls5_castespolymorphic"
"OG0009266_00"	0.0223181605613182	0.17654857001467	1e-05	"1e-05 to 1"	0.0141128375841144	0.00838093547704533	174	"success"	"pgls5_castespolymorphic"
"OG0009267_00"	-0.00314270293734275	0.535522993003926	1	"1e-05 to 1"	0.00293742095341223	-0.00285945450616087	174	"success"	"pgls5_castespolymorphic"
"OG0009268_00"	0.00106991116312692	0.912860017172482	0.984147982910749	"1e-05 to 1"	9.17599990050664e-05	-0.00572166000100083	174	"success"	"pgls5_castespolymorphic"
"OG0009269_00"	0.0072293719378973	0.398479374882381	1	"1e-05 to 1"	0.00544796972857648	-0.000334309517187492	174	"success"	"pgls5_castespolymorphic"
"OG0009270_00"	-0.00709228303018984	0.580587138106243	1	"1e-05 to 1"	0.00237293007806657	-0.00342722730520051	174	"success"	"pgls5_castespolymorphic"
"OG0009271_00"	-0.00514314179276598	0.384163463187235	0.900905275221316	"1e-05 to 1"	0.00729044514911988	0.00151887796975436	174	"success"	"pgls5_castespolymorphic"
"OG0009272_00"	-0.0144669452742412	0.0606586170858654	1e-05	"1e-05 to 1"	0.0268095726448487	0.0211514887648769	174	"success"	"pgls5_castespolymorphic"
"OG0009273_00"	-0.0102878355811761	0.443220854777045	0.816670239749615	"1e-05 to 1"	0.00452966628583484	-0.00125795193343348	174	"success"	"pgls5_castespolymorphic"
"OG0009275_00"	0.000844873556038103	0.957361786698818	1	"1e-05 to 1"	2.20726154134248e-05	-0.00579175254379916	174	"success"	"pgls5_castespolymorphic"
"OG0009276_00"	-0.0102398362452103	0.407485983316792	0.592275459340219	"1e-05 to 1"	0.00528419345092359	-0.000499037982501171	174	"success"	"pgls5_castespolymorphic"
"OG0009277_00"	0.00173008766100181	0.88702636390577	1e-05	"1e-05 to 1"	0.000155842218678821	-0.00565720521028235	174	"success"	"pgls5_castespolymorphic"
"OG0009278_00"	-0.00350608221104783	0.512254858031248	1e-05	"1e-05 to 1"	0.00328543192314484	-0.00250942021683698	174	"success"	"pgls5_castespolymorphic"
"OG0009279_00"	0.0382626012170699	0.0268486969367605	0.963719124758167	"1e-05 to 1"	0.0368548085095287	0.0312551271636538	174	"success"	"pgls5_castespolymorphic"
"OG0009280_00"	-0.00330641254698027	0.55205014018769	1e-05	"1e-05 to 1"	0.00270632594314209	-0.00309189309207203	174	"success"	"pgls5_castespolymorphic"
"OG0009281_00"	-0.00106593380872555	0.823091159307032	1	"1e-05 to 1"	0.000528783579636898	-0.00528209558559767	174	"success"	"pgls5_castespolymorphic"
"OG0009282_00"	0.0140513526711061	0.26007612921136	1e-05	"1e-05 to 1"	0.00967199105444588	0.00391427007220413	174	"success"	"pgls5_castespolymorphic"
"OG0009283_00"	-0.0121734030596464	0.260936551067095	1	"1e-05 to 1"	0.00986294099194623	0.00410633018375972	174	"success"	"pgls5_castespolymorphic"
"OG0009284_00"	-0.00915653477228827	0.621521096696378	0.496245031959857	"1e-05 to 1"	0.001797155563424	-0.00400634934609112	174	"success"	"pgls5_castespolymorphic"
"OG0009285_00"	0.00194197572766967	0.859767665265587	0.489351400815351	"1e-05 to 1"	0.000232032887706787	-0.00558057157224856	174	"success"	"pgls5_castespolymorphic"
"OG0009286_00"	0.0245654349633707	0.278490065551525	0.767884886748725	"1e-05 to 1"	0.008891277391077	0.00312901737590876	174	"success"	"pgls5_castespolymorphic"
"OG0009287_00"	-0.00267432247440304	0.669098368254714	1	"1e-05 to 1"	0.00135712481371597	-0.00444893841411131	174	"success"	"pgls5_castespolymorphic"
"OG0009289_00"	-0.000542121904935909	0.906205499663324	1	"1e-05 to 1"	0.000103213099484276	-0.00571014031272821	174	"success"	"pgls5_castespolymorphic"
"OG0009291_00"	-0.000721476974840541	0.975179790870764	0.911272260553142	"1e-05 to 1"	8.03301061319614e-06	-0.00580587377420883	174	"success"	"pgls5_castespolymorphic"
"OG0009292_00"	0.0215755975947204	0.107904615002108	0.726443546496242	"1e-05 to 1"	0.0197605200183735	0.0140614532742943	174	"success"	"pgls5_castespolymorphic"
"OG0009293_00"	-0.00969324364164046	0.195906325446715	1e-05	"1e-05 to 1"	0.0128328772025378	0.00709353346534336	174	"success"	"pgls5_castespolymorphic"
"OG0009294_00"	0.0035531802372597	0.186406685411008	1	"1e-05 to 1"	0.0175672737241706	0.0118554555481483	174	"success"	"pgls5_castespolymorphic"
"OG0009295_00"	-0.000649473914785913	0.780692750284356	1	"1e-05 to 1"	0.000584848623354334	-0.00522570458232385	174	"success"	"pgls5_castespolymorphic"
"OG0009297_00"	-0.00204926872234293	0.341933214305859	1e-05	"1e-05 to 1"	0.00679313368360048	0.00101867515850518	174	"success"	"pgls5_castespolymorphic"
"OG0009298_00"	0.0234932319406065	0.330315034630721	0.140785098052003	"1e-05 to 1"	0.00911422892253713	0.00335326513720302	174	"success"	"pgls5_castespolymorphic"
"OG0009299_00"	-0.0122595165591485	0.506764284489722	0.458191710569719	"1e-05 to 1"	0.00350570134788117	-0.00228787015591014	174	"success"	"pgls5_castespolymorphic"
"OG0009300_00"	-0.00436869148260821	0.051045608881402	1	"1e-05 to 1"	0.0291897128985542	0.0235454670433132	174	"success"	"pgls5_castespolymorphic"
"OG0009301_00"	0.000988085518833972	0.920580620185905	1	"1e-05 to 1"	7.92039000088486e-05	-0.0057342891005725	174	"success"	"pgls5_castespolymorphic"
"OG0009302_00"	-0.00133857865672645	0.938093847893112	1	"1e-05 to 1"	4.62207112153368e-05	-0.00576746405209172	174	"success"	"pgls5_castespolymorphic"
"OG0009303_00"	-0.000713927370556631	0.792272180858867	1	"1e-05 to 1"	0.00053544425233239	-0.00527539618806094	174	"success"	"pgls5_castespolymorphic"
"OG0009304_00"	-0.0054362504037906	0.608678320736359	1	"1e-05 to 1"	0.00203762460099365	-0.00376448223272163	174	"success"	"pgls5_castespolymorphic"
"OG0009305_00"	0.00137251195255566	0.889650025047167	1	"1e-05 to 1"	0.00014864226221218	-0.00566444702696089	174	"success"	"pgls5_castespolymorphic"
"OG0009306_00"	-0.002518164713664	0.754963988453752	1e-05	"1e-05 to 1"	0.000740456715153977	-0.00506919179231602	174	"success"	"pgls5_castespolymorphic"
"OG0009307_00"	0.00931368062319967	0.137798525967245	1	"1e-05 to 1"	0.0169928242688543	0.0112776662704174	174	"success"	"pgls5_castespolymorphic"
"OG0009308_00"	0.00307056673851892	0.890772058108321	0.925986257823965	"1e-05 to 1"	0.000183969158825172	-0.00562891474141436	174	"success"	"pgls5_castespolymorphic"
"OG0009309_00"	0.0050444387731453	0.504466151102398	1	"1e-05 to 1"	0.00335680396941229	-0.00243763321681212	174	"success"	"pgls5_castespolymorphic"
"OG0009310_00"	-0.00579742100067327	0.473766022475568	1	"1e-05 to 1"	0.00375246368334984	-0.00203967315570042	174	"success"	"pgls5_castespolymorphic"
"OG0009311_00"	0.012106020948298	0.498027868168758	0.972328916327983	"1e-05 to 1"	0.0034332886792402	-0.00236070382843856	174	"success"	"pgls5_castespolymorphic"
"OG0009316_00"	-0.00728443368172016	0.548560431106787	1e-05	"1e-05 to 1"	0.0027968548307475	-0.00300083787372496	174	"success"	"pgls5_castespolymorphic"
"OG0009317_00"	0.00889595620867462	0.750457229378517	0.533209862117415	"1e-05 to 1"	0.000867831541145323	-0.00494107641501085	174	"success"	"pgls5_castespolymorphic"
"OG0009318_00"	0.00292988654254523	0.831018908039792	1e-05	"1e-05 to 1"	0.000341043603114683	-0.0054709270736113	174	"success"	"pgls5_castespolymorphic"
"OG0009319_00"	-0.0110823350153495	0.282915154032902	0.87414817097047	"1e-05 to 1"	0.00914533697975325	0.00338455405521687	174	"success"	"pgls5_castespolymorphic"
"OG0009320_00"	0.0115027356610155	0.375740412044291	1	"1e-05 to 1"	0.00585980560365918	7.99207525177259e-05	174	"success"	"pgls5_castespolymorphic"
"OG0009321_00"	-0.014325629791305	0.129162519394092	0.730201037571164	"1e-05 to 1"	0.0174890259349534	0.011776752829924	174	"success"	"pgls5_castespolymorphic"
"OG0009322_00"	0.0375620512479075	0.0440882864122223	1	"1e-05 to 1"	0.0320308140584769	0.0264030862332355	174	"success"	"pgls5_castespolymorphic"
"OG0009323_00"	-0.00296455081350435	0.76611759372126	0.905761015720333	"1e-05 to 1"	0.000704771243815161	-0.00510508473732552	174	"success"	"pgls5_castespolymorphic"
"OG0009324_00"	-0.0110839159938058	0.362808262630995	0.841141252803905	"1e-05 to 1"	0.00642395596242506	0.00064735105522995	174	"success"	"pgls5_castespolymorphic"
"OG0009325_00"	-0.00750440474515313	0.447427577682687	0.859552653899301	"1e-05 to 1"	0.00462505192116667	-0.00116201173045449	174	"success"	"pgls5_castespolymorphic"
"OG0009326_00"	0.00373919875279103	0.435695302505942	1e-05	"1e-05 to 1"	0.00475405947474331	-0.00103225413296171	174	"success"	"pgls5_castespolymorphic"
"OG0009328_00"	-0.00628752991005098	0.40340642005613	1e-05	"1e-05 to 1"	0.00550370859797065	-0.000278246584599406	174	"success"	"pgls5_castespolymorphic"
"OG0009329_00"	0.00146157209278111	0.841327860017602	0.965346660771224	"1e-05 to 1"	0.000311841187696894	-0.00550029927051421	174	"success"	"pgls5_castespolymorphic"
"OG0009330_00"	0.016308994511402	0.237759974115493	0.968540525801213	"1e-05 to 1"	0.0108723131204308	0.00512157075485187	174	"success"	"pgls5_castespolymorphic"
"OG0009331_00"	-0.00471293216422495	0.604625548875859	0.896090051150336	"1e-05 to 1"	0.00205209496133915	-0.00374992774237404	174	"success"	"pgls5_castespolymorphic"
"OG0009332_00"	-0.0304388891628274	0.0385269367911549	0.700606102156891	"1e-05 to 1"	0.0325214200543978	0.0268965445895979	174	"success"	"pgls5_castespolymorphic"
"OG0009333_00"	0.0406219690450647	0.00102112481529182	0.979143775833043	"1e-05 to 1"	0.0811345327294862	0.0757922916407042	174	"success"	"pgls5_castespolymorphic"
"OG0009334_00"	-0.00437712992886412	0.708293191732302	1	"1e-05 to 1"	0.00110600140369431	-0.00470152184395856	174	"success"	"pgls5_castespolymorphic"
"OG0009335_00"	-0.00344961754545321	0.308625273294356	1e-05	"1e-05 to 1"	0.00803400617647098	0.00226676202633425	174	"success"	"pgls5_castespolymorphic"
"OG0009336_00"	0.0114149125274065	0.114494647505002	1e-05	"1e-05 to 1"	0.0190518900365566	0.0133487033507226	174	"success"	"pgls5_castespolymorphic"
"OG0009337_00"	0.00389029765654845	0.410120970350484	1e-05	"1e-05 to 1"	0.00510724614750431	-0.000677014049312419	174	"success"	"pgls5_castespolymorphic"
"OG0009338_00"	-0.0278058389703971	0.458880385248082	0.539752086496932	"1e-05 to 1"	0.0057281940086637	-5.24560261696561e-05	174	"success"	"pgls5_castespolymorphic"
"OG0009339_00"	0.025334261402039	0.0773951934375072	0.898983679629276	"1e-05 to 1"	0.0227535741701131	0.0170719089036603	174	"success"	"pgls5_castespolymorphic"
"OG0009340_00"	-0.00375470894389999	0.553620472590414	0.946103223630472	"1e-05 to 1"	0.00268503371642359	-0.00311330911080665	174	"success"	"pgls5_castespolymorphic"
"OG0009342_00"	0.00693345094012409	0.549729609201193	0.743001918880394	"1e-05 to 1"	0.00265668051324865	-0.00314182715818601	174	"success"	"pgls5_castespolymorphic"
"OG0009343_00"	-0.0309966313700693	0.0651283228866886	0.991533014586977	"1e-05 to 1"	0.0255365072601313	0.0198710218372251	174	"success"	"pgls5_castespolymorphic"
"OG0009344_00"	-0.00526856737350599	0.434303695174001	1e-05	"1e-05 to 1"	0.00537124740687203	-0.000411477898901946	174	"success"	"pgls5_castespolymorphic"
"OG0009347_00"	0.000593463607473761	0.918224989554584	1e-05	"1e-05 to 1"	8.26712518635899e-05	-0.0057308015896953	174	"success"	"pgls5_castespolymorphic"
"OG0009348_00"	-0.0486239948281236	0.0118729215589921	1e-05	"1e-05 to 1"	0.048064098094499	0.0425295870369088	174	"success"	"pgls5_castespolymorphic"
"OG0009349_00"	0.00521052872047271	0.728770684714505	0.730927072995775	"1e-05 to 1"	0.000997363659852815	-0.00481079120258987	174	"success"	"pgls5_castespolymorphic"
"OG0009350_00"	-0.00315165142017623	0.775808202301362	1	"1e-05 to 1"	0.000635894582671383	-0.00517436184417353	174	"success"	"pgls5_castespolymorphic"
"OG0009351_00"	0.0142669837198624	0.151452884660749	1	"1e-05 to 1"	0.0156428789296255	0.00991987241177461	174	"success"	"pgls5_castespolymorphic"
"OG0009352_00"	-0.0103671589357493	0.225617455448334	0.968527469855957	"1e-05 to 1"	0.0111033952803353	0.00535399641568612	174	"success"	"pgls5_castespolymorphic"
"OG0009354_00"	0.00379648089355922	0.796872016209327	1	"1e-05 to 1"	0.000523601120544583	-0.00528730817526624	174	"success"	"pgls5_castespolymorphic"
"OG0009356_00"	-0.000944671550629878	0.78604389037788	1	"1e-05 to 1"	0.000591674226554383	-0.00521883929538425	174	"success"	"pgls5_castespolymorphic"
"OG0009357_00"	0.00394984770886801	0.777640773966057	1e-05	"1e-05 to 1"	0.000702361591951288	-0.00510750839879326	174	"success"	"pgls5_castespolymorphic"
"OG0009358_00"	0.00305475699955711	0.783559954360791	0.824209589969639	"1e-05 to 1"	0.000582456241641526	-0.00522811087323261	174	"success"	"pgls5_castespolymorphic"
"OG0009359_00"	0.00884953725630422	0.248727686975065	1e-05	"1e-05 to 1"	0.0106292140626793	0.00487705833048546	174	"success"	"pgls5_castespolymorphic"
"OG0009360_00"	0.00786035274203213	0.396716693921519	1	"1e-05 to 1"	0.00561748631664036	-0.000163807367565161	174	"success"	"pgls5_castespolymorphic"
"OG0009361_00"	0.0208210693484752	0.0705320966868608	1e-05	"1e-05 to 1"	0.0251305241083691	0.0194626783183016	174	"success"	"pgls5_castespolymorphic"
"OG0009362_00"	-0.0308731302821243	0.0516415557347414	0.986692879047767	"1e-05 to 1"	0.0292673040634214	0.0236235093196041	174	"success"	"pgls5_castespolymorphic"
"OG0009363_00"	0.00393378293457661	0.0397626326675864	1e-05	"1e-05 to 1"	0.0326162807645009	0.0269919568154573	174	"success"	"pgls5_castespolymorphic"
"OG0009365_00"	0.00397670819128055	0.835043968869886	0.864606450868217	"1e-05 to 1"	0.000337392790654701	-0.0054745991117251	174	"success"	"pgls5_castespolymorphic"
"OG0009366_00"	-0.00164917909330111	0.527429737206816	1	"1e-05 to 1"	0.00312715997794296	-0.00266861234776661	174	"success"	"pgls5_castespolymorphic"
"OG0009369_00"	-0.0181605974707309	0.457106187458834	1e-05	"1e-05 to 1"	0.0041962394690753	-0.00159331727819745	174	"success"	"pgls5_castespolymorphic"
"OG0009370_00"	0.0244848077949762	0.0108778814618322	1	"1e-05 to 1"	0.0714325684862772	0.0660339206286392	174	"success"	"pgls5_castespolymorphic"
"OG0009371_00"	-0.00601889749060152	0.63887460701047	0.991543464527914	"0.1 to 1"	0.00171226962232072	-0.00409172881010766	174	"success"	"pgls5_castespolymorphic"
"OG0009372_00"	-0.00246942287829775	0.411630049210232	1e-05	"1e-05 to 1"	0.00519173943364229	-0.000592029523138971	174	"success"	"pgls5_castespolymorphic"
"OG0009373_00"	4.90438152098724e-05	0.993629446283498	0.954205543468474	"1e-05 to 1"	5.0796780451861e-07	-0.00581344256726646	174	"success"	"pgls5_castespolymorphic"
"OG0009374_00"	-0.000685684498274716	0.875953838857988	1e-05	"1e-05 to 1"	0.00018670419384827	-0.00562616380502479	174	"success"	"pgls5_castespolymorphic"
"OG0009375_00"	-0.000440784068620637	0.966538153624252	1	"1e-05 to 1"	1.46042901913873e-05	-0.00579926428951683	174	"success"	"pgls5_castespolymorphic"
"OG0009382_00"	0.00443156870688581	0.799247756083036	0.864552788501732	"1e-05 to 1"	0.00050715406240491	-0.00530385085583696	174	"success"	"pgls5_castespolymorphic"
"OG0009384_00"	0.00596023926316837	0.592294882401643	0.833549593443756	"1e-05 to 1"	0.00228242815376163	-0.00351825540348383	174	"success"	"pgls5_castespolymorphic"
"OG0009385_00"	-0.00371141016800869	0.650906841612066	1	"1e-05 to 1"	0.00161732336034649	-0.00418722708523278	174	"success"	"pgls5_castespolymorphic"
"OG0009389_00"	-0.00174352597462099	0.921113764467107	1	"1e-05 to 1"	7.69149745082889e-05	-0.00573659133377946	174	"success"	"pgls5_castespolymorphic"
"OG0009390_00"	-0.00403779651684415	0.252861191831695	1e-05	"1e-05 to 1"	0.0100450548941387	0.00428950288770913	174	"success"	"pgls5_castespolymorphic"
"OG0009391_00"	-0.00570160664025354	0.667347891151373	0.966233690942063	"1e-05 to 1"	0.00143646589423968	-0.00436913604823563	174	"success"	"pgls5_castespolymorphic"
"OG0009392_00"	-0.0014122736390327	0.473700384189488	1e-05	"1e-05 to 1"	0.00425090556734843	-0.00153833335377151	174	"success"	"pgls5_castespolymorphic"
"OG0009393_00"	-0.0034493220559598	0.691919144374824	1	"1e-05 to 1"	0.00123072725262801	-0.00457607084474043	174	"success"	"pgls5_castespolymorphic"
"OG0009395_00"	-0.0011562610018006	0.48263740822713	1e-05	"1e-05 to 1"	0.00388881044664208	-0.00190253367866822	174	"success"	"pgls5_castespolymorphic"
"OG0009396_00"	0.00207222587659567	0.798655518141885	1	"1e-05 to 1"	0.000483668671163637	-0.0053274727900503	174	"success"	"pgls5_castespolymorphic"
"OG0009397_00"	0.00431915110955398	0.694310270573522	0.617720957406445	"1e-05 to 1"	0.00122026304407075	-0.0045865958917195	174	"success"	"pgls5_castespolymorphic"
"OG0009398_00"	-0.00705107110645669	0.57340670353134	1	"1e-05 to 1"	0.00237181307847026	-0.00342835079898052	174	"success"	"pgls5_castespolymorphic"
"OG0009399_00"	-0.0103965843295689	0.138396918291436	1	"1e-05 to 1"	0.0161921373997029	0.01047232424505	174	"success"	"pgls5_castespolymorphic"
"OG0009400_00"	-0.0272535566060907	0.288753425817194	1e-05	"1e-05 to 1"	0.00929603345358774	0.00353612667134118	174	"success"	"pgls5_castespolymorphic"
"OG0009402_00"	-0.0021462444259792	0.568086394473498	1	"1e-05 to 1"	0.00263532231253596	-0.00316330953448429	174	"success"	"pgls5_castespolymorphic"
"OG0009403_00"	0.0092727978164103	0.490654923844526	1	"1e-05 to 1"	0.00374857259473828	-0.00204358686692019	174	"success"	"pgls5_castespolymorphic"
"OG0009404_00"	-0.00110675036995732	0.570014792768393	1	"1e-05 to 1"	0.00254738201878371	-0.00325176110901415	174	"success"	"pgls5_castespolymorphic"
"OG0009406_00"	-0.000363205375861524	0.946745412843633	1	"1e-05 to 1"	3.5267771192931e-05	-0.00577848067199782	174	"success"	"pgls5_castespolymorphic"
"OG0009407_00"	-0.00221074163783939	0.888436199479812	1e-05	"1e-05 to 1"	0.000151951713406509	-0.00566111833477145	174	"success"	"pgls5_castespolymorphic"
"OG0009408_00"	-0.00067914203260142	0.907187732115039	1	"1e-05 to 1"	0.000103358266442827	-0.00570999430177555	174	"success"	"pgls5_castespolymorphic"
"OG0009409_00"	0.00142818568836847	0.356992647479852	1	"1e-05 to 1"	0.00658087034015414	0.000805177725852646	174	"success"	"pgls5_castespolymorphic"
"OG0009410_00"	-0.00189705349938886	0.758844699757257	1e-05	"1e-05 to 1"	0.000695309948361336	-0.00511460104031114	174	"success"	"pgls5_castespolymorphic"
"OG0009412_00"	0.000747393928687596	0.973030384287845	0.702187321575771	"1e-05 to 1"	9.33024631765811e-06	-0.00580456899643633	174	"success"	"pgls5_castespolymorphic"
"OG0009413_00"	-0.018972039684273	0.0937445931802625	0.73996777113042	"1e-05 to 1"	0.0238216873602883	0.0181462320542434	174	"success"	"pgls5_castespolymorphic"
"OG0009414_00"	-0.0108010548958272	0.239459758952275	0.839203333213402	"1e-05 to 1"	0.0108791697477937	0.00512846724632732	174	"success"	"pgls5_castespolymorphic"
"OG0009415_00"	0.019799828394191	0.0988865393824376	1	"1e-05 to 1"	0.0212985272212996	0.015608402379563	174	"success"	"pgls5_castespolymorphic"
"OG0009416_00"	0.0167623202288255	0.0714370816256189	1e-05	"1e-05 to 1"	0.023871358740628	0.0181961922216782	174	"success"	"pgls5_castespolymorphic"
"OG0009417_00"	0.00206111586781475	0.584145258741938	1	"1e-05 to 1"	0.00236540636444919	-0.0034347947613389	174	"success"	"pgls5_castespolymorphic"
"OG0009418_00"	0.0257853305415229	0.110816286402125	1e-05	"1e-05 to 1"	0.020055162803474	0.014357809098843	174	"success"	"pgls5_castespolymorphic"
"OG0009419_00"	-0.00283373061474401	0.906846237887116	1e-05	"1e-05 to 1"	0.000113628079106998	-0.00569966478089823	174	"success"	"pgls5_castespolymorphic"
"OG0009422_00"	-0.0465790171695541	0.120186282054703	1e-05	"1e-05 to 1"	0.0281732168234136	0.0225230611072708	174	"success"	"pgls5_castespolymorphic"
"OG0009423_00"	0.00367855703896659	0.767630294944741	1e-05	"1e-05 to 1"	0.000712442495453187	-0.00509736888538725	174	"success"	"pgls5_castespolymorphic"
"OG0009424_00"	0.00145441510813261	0.69227177591324	1e-05	"1e-05 to 1"	0.00125732706862281	-0.00454931637865252	174	"success"	"pgls5_castespolymorphic"
"OG0009425_00"	-0.00444591179512741	0.868849417695861	1	"1e-05 to 1"	0.000255970603892406	-0.00555649468329444	174	"success"	"pgls5_castespolymorphic"
"OG0009426_00"	-0.00201287233328289	0.924189724016025	1	"1e-05 to 1"	7.21478227503645e-05	-0.00574138620153608	174	"success"	"pgls5_castespolymorphic"
"OG0009427_00"	-0.0117659765257247	0.462591605257522	1	"1e-05 to 1"	0.00429046426559974	-0.00149854466308863	174	"success"	"pgls5_castespolymorphic"
"OG0009429_00"	-0.00529810794463717	0.538901702625802	1	"1e-05 to 1"	0.00302814243825761	-0.00276820557082225	174	"success"	"pgls5_castespolymorphic"
"OG0009430_00"	-0.00517950115320348	0.664786846607974	1	"1e-05 to 1"	0.00150696941528276	-0.00429822262300039	174	"success"	"pgls5_castespolymorphic"
"OG0009431_00"	-0.0105779700129246	0.187307468500485	0.724720847962585	"1e-05 to 1"	0.0136502341665179	0.00791564250469523	174	"success"	"pgls5_castespolymorphic"
"OG0009432_00"	-0.0005598151277717	0.957678872043437	0.775565207046375	"1e-05 to 1"	2.26185190873806e-05	-0.0057912034662666	174	"success"	"pgls5_castespolymorphic"
"OG0009433_00"	-0.00043977438245637	0.964488816572082	0.822855750617628	"1e-05 to 1"	1.65867678152807e-05	-0.00579727028586041	174	"success"	"pgls5_castespolymorphic"
"OG0009434_00"	0.014296102321989	0.210992691468471	0.740843856368728	"1e-05 to 1"	0.0123894078735079	0.00664748582626096	174	"success"	"pgls5_castespolymorphic"
"OG0009435_00"	0.00536612966922224	0.406728928962247	0.694401810049295	"1e-05 to 1"	0.00564928901982512	-0.000131819764943364	174	"success"	"pgls5_castespolymorphic"
"OG0009436_00"	0.00220266534217551	0.360365875163992	1e-05	"1e-05 to 1"	0.00654016317921152	0.000764233895369615	174	"success"	"pgls5_castespolymorphic"
"OG0009437_00"	0.0131752899179056	0.0175104471489176	1e-05	"1e-05 to 1"	0.0420147317763003	0.0364450499843021	174	"success"	"pgls5_castespolymorphic"
"OG0009438_00"	0.0052573985647415	0.538878735998793	0.903903856411933	"1e-05 to 1"	0.00291172707610127	-0.0028852977664795	174	"success"	"pgls5_castespolymorphic"
"OG0009439_00"	0.0012302903971927	0.626413092799796	1e-05	"1e-05 to 1"	0.00177336623444829	-0.00403027698511904	174	"success"	"pgls5_castespolymorphic"
"OG0009440_00"	-0.00745888280056541	0.293891888335138	1e-05	"1e-05 to 1"	0.00880991445353837	0.00304718139803573	174	"success"	"pgls5_castespolymorphic"
"OG0009441_00"	-0.00963281307572296	0.530214988128564	0.87237185169191	"1e-05 to 1"	0.00321096269941301	-0.00258432240117168	174	"success"	"pgls5_castespolymorphic"
"OG0009442_00"	-0.0126413806241001	0.331165539963164	1e-05	"1e-05 to 1"	0.00858686400104083	0.00282283414058171	174	"success"	"pgls5_castespolymorphic"
"OG0009448_00"	-0.00179176016064309	0.844908506970457	1e-05	"1e-05 to 1"	0.000314900247419014	-0.00549722242556117	174	"success"	"pgls5_castespolymorphic"
"OG0009451_00"	0.00642102992470867	0.538775208579164	1e-05	"1e-05 to 1"	0.0033231916402926	-0.00247144096644991	174	"success"	"pgls5_castespolymorphic"
"OG0009452_00"	-0.00318207336114929	0.399244434296233	1	"1e-05 to 1"	0.00551465367079646	-0.000267237877629167	174	"success"	"pgls5_castespolymorphic"
"OG0009453_00"	-0.00520731005813854	0.38100613402911	0.424500760699433	"1e-05 to 1"	0.00614525909234691	0.000367033854511645	174	"success"	"pgls5_castespolymorphic"
"OG0009454_00"	-0.00105925661183238	0.851753515408421	1e-05	"1e-05 to 1"	0.000282748839841211	-0.00552956075992705	174	"success"	"pgls5_castespolymorphic"
"OG0009455_00"	-0.00205231184892066	0.784342210464037	1e-05	"1e-05 to 1"	0.000565062109591592	-0.00524560613395719	174	"success"	"pgls5_castespolymorphic"
"OG0009456_00"	0.0129780444760844	0.0179895487812822	1e-05	"1e-05 to 1"	0.042621799524179	0.0370556471958312	174	"success"	"pgls5_castespolymorphic"
"OG0009457_00"	-0.00795413027686054	0.248638354375069	1e-05	"1e-05 to 1"	0.0112630779923631	0.00551460751557453	174	"success"	"pgls5_castespolymorphic"
"OG0009458_00"	0.0126640306964144	0.083491374257735	0.820030553263607	"1e-05 to 1"	0.0245528130597441	0.0188816084845101	174	"success"	"pgls5_castespolymorphic"
"OG0009459_00"	0.0100582789289423	0.0855629193476977	1e-05	"1e-05 to 1"	0.0236501355365054	0.0179736828361363	174	"success"	"pgls5_castespolymorphic"
"OG0009460_00"	-0.00376118419925725	0.356242212685011	1e-05	"1e-05 to 1"	0.00709676800372711	0.00132407479444652	174	"success"	"pgls5_castespolymorphic"
"OG0009461_00"	-0.00356268894816306	0.759907946736873	0.964267802161317	"1e-05 to 1"	0.000829801580128838	-0.00497932748045193	174	"success"	"pgls5_castespolymorphic"
"OG0009462_00"	0.0120581589112692	0.0255593217202996	1e-05	"1e-05 to 1"	0.0392528450542506	0.0336671057813103	174	"success"	"pgls5_castespolymorphic"
"OG0009463_00"	0.00367714884394798	0.393260896526382	1e-05	"1e-05 to 1"	0.00583694051361419	5.69227259027416e-05	174	"success"	"pgls5_castespolymorphic"
"OG0009464_00"	-0.0137335682264628	0.37523078808374	1e-05	"1e-05 to 1"	0.00629544683434208	0.000518094781053247	174	"success"	"pgls5_castespolymorphic"
"OG0009465_00"	-0.00432815660171163	0.6992577464604	1	"1e-05 to 1"	0.00118848782682765	-0.00461855584859783	174	"success"	"pgls5_castespolymorphic"
"OG0009466_00"	-0.00741929755730847	0.473208293838048	0.92577987547892	"1e-05 to 1"	0.00405869554927724	-0.00173166087194776	174	"success"	"pgls5_castespolymorphic"
"OG0009467_00"	0.0101595307557636	0.518225965658061	1e-05	"1e-05 to 1"	0.00329431521713525	-0.00250048527578839	174	"success"	"pgls5_castespolymorphic"
"OG0009468_00"	-0.0027590687221054	0.743410575460978	1	"1e-05 to 1"	0.000846682884837069	-0.00496234802862316	174	"success"	"pgls5_castespolymorphic"
"OG0009469_00"	-0.00387706648520691	0.402566482509042	1e-05	"1e-05 to 1"	0.00535450480061972	-0.000428317845888371	174	"success"	"pgls5_castespolymorphic"
"OG0009472_00"	-0.013185532094103	0.280933618773813	1	"1e-05 to 1"	0.00976261158341191	0.00400541746471095	174	"success"	"pgls5_castespolymorphic"
"OG0009475_00"	-0.00635204799992743	0.448188354888499	1	"1e-05 to 1"	0.00457296958994513	-0.00121439686592728	174	"success"	"pgls5_castespolymorphic"
"OG0009478_00"	-0.000194766672099475	0.959699143756471	1	"1e-05 to 1"	2.10151977454229e-05	-0.00579281610924443	174	"success"	"pgls5_castespolymorphic"
"OG0009479_00"	-0.00105541161676515	0.918510417369409	1	"1e-05 to 1"	0.000109598641767846	-0.00570371764519861	174	"success"	"pgls5_castespolymorphic"
"OG0009480_00"	0.00943834489814075	0.309604372434393	1e-05	"1e-05 to 1"	0.00832428012143212	0.00255872361051035	174	"success"	"pgls5_castespolymorphic"
"OG0009481_00"	-0.000836828963383314	0.786364050472753	1	"1e-05 to 1"	0.000609435526955186	-0.00520097473160908	174	"success"	"pgls5_castespolymorphic"
"OG0009482_00"	0.00221504278287198	0.621923294479599	1	"1e-05 to 1"	0.00201598475748399	-0.00378624788927495	174	"success"	"pgls5_castespolymorphic"
"OG0009483_00"	-0.00477533796973436	0.752655037980909	1	"1e-05 to 1"	0.000797373966501435	-0.00501194362671664	174	"success"	"pgls5_castespolymorphic"
"OG0009484_00"	0.0104498538432712	0.351873659952447	0.892497431573375	"1e-05 to 1"	0.00704996513813331	0.00127699981916896	174	"success"	"pgls5_castespolymorphic"
"OG0009485_00"	0.000595316607800264	0.964659944967595	1	"1e-05 to 1"	1.60248982148458e-05	-0.0057978354221444	174	"success"	"pgls5_castespolymorphic"
"OG0009486_00"	-0.00906125393117663	0.145731470540334	1	"1e-05 to 1"	0.017127875843624	0.0114135030287614	174	"success"	"pgls5_castespolymorphic"
"OG0009487_00"	-0.00704690110514706	0.468981025930702	0.929991428282138	"1e-05 to 1"	0.00413664579574144	-0.00165325742637634	174	"success"	"pgls5_castespolymorphic"
"OG0009488_00"	0.0155347289373053	0.363468526836883	1	"1e-05 to 1"	0.00671907665679893	0.000944187567594179	174	"success"	"pgls5_castespolymorphic"
"OG0009489_00"	-0.00294760674190371	0.35209954732045	1e-05	"1e-05 to 1"	0.00676810935133034	0.000993505335931122	174	"success"	"pgls5_castespolymorphic"
"OG0009491_00"	-0.00233609056467993	0.931147319068852	0.836505249458191	"1e-05 to 1"	7.14339989113761e-05	-0.00574210417551346	174	"success"	"pgls5_castespolymorphic"
"OG0009492_00"	0.000452399684736264	0.963524315038163	0.625939115400571	"1e-05 to 1"	1.6402589442853e-05	-0.0057974555350373	174	"success"	"pgls5_castespolymorphic"
"OG0009493_00"	0.0210550673091724	0.108593238587914	1e-05	"1e-05 to 1"	0.0204666658373902	0.0147717045922588	174	"success"	"pgls5_castespolymorphic"
"OG0009498_00"	0.0107737435588551	0.348469685392713	1e-05	"1e-05 to 1"	0.00726816539628255	0.0014964686834702	174	"success"	"pgls5_castespolymorphic"
"OG0009499_00"	0.0250613798718984	0.236747189027766	0.958545030272965	"1e-05 to 1"	0.0129373211154827	0.00719858461034006	174	"success"	"pgls5_castespolymorphic"
"OG0009500_00"	0.019795890953401	0.254925690810514	1	"1e-05 to 1"	0.0106982975313461	0.004946543447226	174	"success"	"pgls5_castespolymorphic"
"OG0009501_00"	0.00956603772662188	0.282130483494202	1	"1e-05 to 1"	0.00939869802115926	0.00363938812593334	174	"success"	"pgls5_castespolymorphic"
"OG0009502_00"	-0.00331550245351895	0.747183738491141	0.475780205393481	"1e-05 to 1"	0.000814663643770969	-0.00499455342806754	174	"success"	"pgls5_castespolymorphic"
"OG0009503_00"	0.0142631887109374	0.0433966951133868	1e-05	"1e-05 to 1"	0.0327560136489052	0.0271325021003522	174	"success"	"pgls5_castespolymorphic"
"OG0009504_00"	0.0045310810824124	0.623585528082662	1e-05	"1e-05 to 1"	0.00187262749332692	-0.00393043862589781	174	"success"	"pgls5_castespolymorphic"
"OG0009505_00"	-0.00498765046759987	0.451806582013326	1e-05	"1e-05 to 1"	0.00464850355338729	-0.00113842375153483	174	"success"	"pgls5_castespolymorphic"
"OG0009506_00"	0.000157632847152143	0.980825466513202	1	"1e-05 to 1"	4.67715297812994e-06	-0.00580924914264402	174	"success"	"pgls5_castespolymorphic"
"OG0009507_00"	0.0142855963138423	0.0756213897296532	0.73746586567164	"1e-05 to 1"	0.0254384199444813	0.0197723642464841	174	"success"	"pgls5_castespolymorphic"
"OG0009508_00"	0.00502906711299281	0.507026720068169	0.933331462086326	"1e-05 to 1"	0.00367685525228012	-0.00211572117067171	174	"success"	"pgls5_castespolymorphic"
"OG0009509_00"	0.00245448880573046	0.747765903234253	1e-05	"1e-05 to 1"	0.000843864518219311	-0.00496518278109348	174	"success"	"pgls5_castespolymorphic"
"OG0009510_00"	-0.000276812832394155	0.980995982073739	1	"1e-05 to 1"	4.82892020713202e-06	-0.00580909649304751	174	"success"	"pgls5_castespolymorphic"
"OG0009511_00"	0.00146512482408023	0.929546360708009	0.965726480543183	"1e-05 to 1"	6.08328536464051e-05	-0.0057527669553441	174	"success"	"pgls5_castespolymorphic"
"OG0009512_00"	-0.00615573758189186	0.763889192612254	1	"1e-05 to 1"	0.000712994247110377	-0.00509681392587158	174	"success"	"pgls5_castespolymorphic"
"OG0009513_00"	-0.0092307087405261	0.443767786938558	1	"1e-05 to 1"	0.00612265486913843	0.000344298211400917	174	"success"	"pgls5_castespolymorphic"
"OG0009514_00"	0.0169359955954524	0.107538619451082	1e-05	"1e-05 to 1"	0.0205882114638325	0.0148939568793199	174	"success"	"pgls5_castespolymorphic"
"OG0009515_00"	0.0102829747362606	0.353932571961772	1	"1e-05 to 1"	0.0067169393709063	0.000942037855620859	174	"success"	"pgls5_castespolymorphic"
"OG0009517_00"	-0.00655868511637064	0.605429132862221	1e-05	"1e-05 to 1"	0.00239069767774207	-0.00340935640552686	174	"success"	"pgls5_castespolymorphic"
"OG0009522_00"	0.00381336615386169	0.756468672602416	0.946003063509602	"1e-05 to 1"	0.000759983636197613	-0.00504955134266183	174	"success"	"pgls5_castespolymorphic"
"OG0009523_00"	-0.013998896103641	0.47474145856532	0.610719446597025	"1e-05 to 1"	0.00445218117558054	-0.00133588753851499	174	"success"	"pgls5_castespolymorphic"
"OG0009524_00"	0.00167880589852796	0.830385015130983	1	"1e-05 to 1"	0.000380712405091816	-0.00543102763906456	174	"success"	"pgls5_castespolymorphic"
"OG0009525_00"	0.00411668084141282	0.717011439248432	1	"1e-05 to 1"	0.00106318414620274	-0.00474458803899358	174	"success"	"pgls5_castespolymorphic"
"OG0009526_00"	-0.018620891919897	0.149548477039839	1e-05	"1e-05 to 1"	0.0166757633111731	0.0109587619350753	174	"success"	"pgls5_castespolymorphic"
"OG0009527_00"	0.0259807874513682	0.0471752754562724	1e-05	"1e-05 to 1"	0.0353335527611677	0.0297250269051279	174	"success"	"pgls5_castespolymorphic"
"OG0009528_00"	0.00120400336299797	0.805176220951392	1e-05	"1e-05 to 1"	0.000517631930577069	-0.00529331206982642	174	"success"	"pgls5_castespolymorphic"
"OG0009530_00"	0.0130935099670414	0.326454167662986	1	"1e-05 to 1"	0.00795904189888073	0.00219136190992086	174	"success"	"pgls5_castespolymorphic"
"OG0009531_00"	-0.00925265693840498	0.389070389709909	0.232389721498776	"1e-05 to 1"	0.00603751792493986	0.000258666284968734	174	"success"	"pgls5_castespolymorphic"
"OG0009532_00"	0.00137690806715284	0.923297757962341	0.850104520078363	"1e-05 to 1"	7.69253756381851e-05	-0.00573658087217788	174	"success"	"pgls5_castespolymorphic"
"OG0009533_00"	0.0246815664660967	0.39181911918404	0.84675191004453	"1e-05 to 1"	0.00596809161925551	0.000188836337972176	174	"success"	"pgls5_castespolymorphic"
"OG0009534_00"	-0.00122691497000517	0.517779439367846	1e-05	"1e-05 to 1"	0.00340895345517103	-0.0023851805363686	174	"success"	"pgls5_castespolymorphic"
"OG0009535_00"	0.000640867357181077	0.967493501764316	0.824654638921263	"1e-05 to 1"	1.46317875554091e-05	-0.00579923663228432	174	"success"	"pgls5_castespolymorphic"
"OG0009537_00"	0.00783108026215418	0.0893294804610147	0.549332021891533	"1e-05 to 1"	0.023286767948097	0.0176082026454697	174	"success"	"pgls5_castespolymorphic"
"OG0009538_00"	0.0146323349181757	0.359102816681719	1e-05	"1e-05 to 1"	0.00945794111559201	0.00369897565696176	174	"success"	"pgls5_castespolymorphic"
"OG0009539_00"	-0.0214990614566766	0.375237984244314	0.678558531653302	"1e-05 to 1"	0.0082853910111636	0.00251960840076348	174	"success"	"pgls5_castespolymorphic"
"OG0009540_00"	0.0123400573338719	0.435319408418061	0.789837864603295	"1e-05 to 1"	0.00503775017404553	-0.000746914069128524	174	"success"	"pgls5_castespolymorphic"
"OG0009541_00"	0.0249870843543847	0.0432389139688809	0.646221885828184	"1e-05 to 1"	0.0333398860126546	0.0277197690708677	174	"success"	"pgls5_castespolymorphic"
"OG0009542_00"	-0.00849923738634701	0.628469858403514	1	"1e-05 to 1"	0.00184919316860832	-0.00395400919669053	174	"success"	"pgls5_castespolymorphic"
"OG0009544_00"	-0.00944776030999039	0.505760865743774	0.148518133525935	"1e-05 to 1"	0.00349446176271953	-0.00229917508749722	174	"success"	"pgls5_castespolymorphic"
"OG0009550_00"	0.0149984177909139	0.0146927026612178	0.286388050872661	"1e-05 to 1"	0.0474324714832379	0.0418942881779079	174	"success"	"pgls5_castespolymorphic"
"OG0009551_00"	0.00935800543049448	0.389209432618692	0.874921921917262	"1e-05 to 1"	0.00618499755155904	0.000407003351277413	174	"success"	"pgls5_castespolymorphic"
"OG0009552_00"	0.00396318872825288	0.843893428414634	1	"1e-05 to 1"	0.000341575584236513	-0.005470391999576	174	"success"	"pgls5_castespolymorphic"
"OG0009553_00"	-0.00153112114495265	0.887334011198625	0.846741484508109	"1e-05 to 1"	0.000165192997981775	-0.00564780006598342	174	"success"	"pgls5_castespolymorphic"
"OG0009554_00"	0.0109040667110497	0.166661325196417	0.984534107414861	"1e-05 to 1"	0.0157476672366907	0.010025269953183	174	"success"	"pgls5_castespolymorphic"
"OG0009555_00"	0.0236453273704594	0.2290420950041	1e-05	"1e-05 to 1"	0.0120339625758187	0.00628997398614317	174	"success"	"pgls5_castespolymorphic"
"OG0009556_00"	0.00364050359333178	0.839537488899694	0.990049825840176	"1e-05 to 1"	0.000331927764555242	-0.00548009591123222	174	"success"	"pgls5_castespolymorphic"
"OG0009565_00"	-0.0134346502882224	0.189747059019886	0.549734751471593	"1e-05 to 1"	0.0139391452770909	0.00820623333102743	174	"success"	"pgls5_castespolymorphic"
"OG0009566_00"	0.0508397495483091	0.000477591581296011	0.625218720421142	"1e-05 to 1"	0.115397720397493	0.110254683888176	174	"success"	"pgls5_castespolymorphic"
"OG0009567_00"	-0.000779292068216215	0.527588306004706	1e-05	"1e-05 to 1"	0.00317447978201181	-0.00262101742855791	174	"success"	"pgls5_castespolymorphic"
"OG0009568_00"	-0.000768877462083486	0.897398649622485	1	"1e-05 to 1"	0.000140306487911378	-0.00567283126506601	174	"success"	"pgls5_castespolymorphic"
"OG0009569_00"	0.0173331506811065	0.0367770853080316	1e-05	"1e-05 to 1"	0.0361295616644089	0.0305256637671089	174	"success"	"pgls5_castespolymorphic"
"OG0009570_00"	-0.00177162289520751	0.910258287352577	1e-05	"1e-05 to 1"	0.000109985691177228	-0.00570332834550191	174	"success"	"pgls5_castespolymorphic"
"OG0009571_00"	0.00213779111966433	0.845630327728544	1	"1e-05 to 1"	0.00029726203277605	-0.00551496318796363	174	"success"	"pgls5_castespolymorphic"
"OG0009573_00"	0.0169482073906589	0.336946060135154	0.227514719922373	"1e-05 to 1"	0.00878418405440046	0.00302130140355406	174	"success"	"pgls5_castespolymorphic"
"OG0009574_00"	0.0148104875182812	0.0943847228289423	1e-05	"1e-05 to 1"	0.0233344545988695	0.0176561665442116	174	"success"	"pgls5_castespolymorphic"
"OG0009575_00"	-0.000936223169252097	0.626011733287863	1	"1e-05 to 1"	0.00196906193788658	-0.00383344351596282	174	"success"	"pgls5_castespolymorphic"
"OG0009576_00"	-0.00675977877416788	0.390143735183064	1	"1e-05 to 1"	0.00697540319484985	0.00120200437621532	174	"success"	"pgls5_castespolymorphic"
"OG0009577_00"	-0.0107246873771901	0.20325147645225	1e-05	"1e-05 to 1"	0.0166354329398625	0.0109181970848617	174	"success"	"pgls5_castespolymorphic"
"OG0009578_00"	-0.00825718435454409	0.122343236232007	1e-05	"1e-05 to 1"	0.0196144348029225	0.0139145187261953	174	"success"	"pgls5_castespolymorphic"
"OG0009581_00"	-0.00206720148651927	0.677416865658474	1	"1e-05 to 1"	0.0014592428613192	-0.00434622665692896	174	"success"	"pgls5_castespolymorphic"
"OG0009582_00"	-0.00107324967960817	0.936846791201607	0.960193508362431	"1e-05 to 1"	5.08320479421402e-05	-0.00576282590526755	174	"success"	"pgls5_castespolymorphic"
"OG0009589_00"	0.00782219556210729	0.0866714677408564	1	"1e-05 to 1"	0.0234856977593091	0.0178082890253517	174	"success"	"pgls5_castespolymorphic"
"OG0009591_00"	0.00381435482449335	0.616984228053903	1e-05	"1e-05 to 1"	0.00209092120167856	-0.00371087576807927	174	"success"	"pgls5_castespolymorphic"
"OG0009592_00"	0.0128121579969483	0.384007458741802	0.941587383537739	"1e-05 to 1"	0.00632156545561951	0.000544365254780077	174	"success"	"pgls5_castespolymorphic"
"OG0009593_00"	0.0026804460638244	0.838653163756846	1e-05	"1e-05 to 1"	0.00034687981552307	-0.00546505692973565	174	"success"	"pgls5_castespolymorphic"
"OG0009594_00"	0.00218906529278396	0.653661526463627	1e-05	"1e-05 to 1"	0.00159014380983318	-0.00421456465638892	174	"success"	"pgls5_castespolymorphic"
"OG0009595_00"	-0.037402183821976	0.0855937287901503	0.201086985741903	"1e-05 to 1"	0.0307887520646682	0.0251538029487651	174	"success"	"pgls5_castespolymorphic"
"OG0009596_00"	0.0244835064038184	0.135079559224612	1	"1e-05 to 1"	0.018064254717582	0.01235532596594	174	"success"	"pgls5_castespolymorphic"
"OG0009597_00"	-0.00400594648128647	0.697636077782291	0.977939184035146	"1e-05 to 1"	0.00120199788762045	-0.00460496724093984	174	"success"	"pgls5_castespolymorphic"
"OG0009600_00"	-0.00405749465203374	0.299208237399668	1e-05	"1e-05 to 1"	0.00913003539425864	0.00336916350701599	174	"success"	"pgls5_castespolymorphic"
"OG0009601_00"	-0.0293530476399397	0.0935234513939347	0.77219278613243	"1e-05 to 1"	0.024690969001186	0.0190205676581697	174	"success"	"pgls5_castespolymorphic"
"OG0009604_00"	0.0144454186799118	0.00545531173918468	0.454979111522651	"1e-05 to 1"	0.0636038813971355	0.0581597179168862	174	"success"	"pgls5_castespolymorphic"
"OG0009605_00"	0.00672671182595247	0.659033865940134	1	"1e-05 to 1"	0.00164166757463809	-0.00416274133481176	174	"success"	"pgls5_castespolymorphic"
"OG0009606_00"	-0.0057650164295105	0.760340729861174	0.428532308694959	"1e-05 to 1"	0.000771855798380173	-0.00503761015628057	174	"success"	"pgls5_castespolymorphic"
"OG0009607_00"	-0.000190179875056654	0.946359532452126	1	"1e-05 to 1"	3.60665875573233e-05	-0.00577767721135225	174	"success"	"pgls5_castespolymorphic"
"OG0009608_00"	0.014650013640853	0.46504881707618	1e-05	"1e-05 to 1"	0.00486219850959852	-0.000923486382787608	174	"success"	"pgls5_castespolymorphic"
"OG0009609_00"	-0.00647546189379279	0.360289386258675	1e-05	"1e-05 to 1"	0.00680835320071756	0.00103398316118686	174	"success"	"pgls5_castespolymorphic"
"OG0009613_00"	-0.00417344691686646	0.665500413003658	1e-05	"1e-05 to 1"	0.00164541748528082	-0.00415896962236295	174	"success"	"pgls5_castespolymorphic"
"OG0009615_00"	0.012333219657882	0.487424067695394	0.783372378511977	"1e-05 to 1"	0.00389686518376949	-0.00189443211167362	174	"success"	"pgls5_castespolymorphic"
"OG0009616_00"	0.014597603704569	0.456648323831691	0.976696971278323	"0.001 to 1"	0.00466496303533435	-0.00112186857492547	174	"success"	"pgls5_castespolymorphic"
"OG0009618_00"	NA	NA	NA	"None"	NA	NA	NA	"fail"	NA
"OG0009619_00"	0.00403285418710926	0.849530053864173	0.811332428677157	"1e-05 to 1"	0.000319882954546424	-0.00549221074920614	174	"success"	"pgls5_castespolymorphic"
"OG0009620_00"	0.00307532040772942	0.460522128311799	1e-05	"1e-05 to 1"	0.00474520544616775	-0.00104115963844742	174	"success"	"pgls5_castespolymorphic"
"OG0009621_00"	0.0283213345525085	0.00176495120226106	1e-05	"1e-05 to 1"	0.0798551718604043	0.0745054926270345	174	"success"	"pgls5_castespolymorphic"
"OG0009622_00"	0.0104909013356988	0.608249102739103	0.891572588289432	"1e-05 to 1"	0.00223350093138434	-0.0035674670864565	174	"success"	"pgls5_castespolymorphic"
"OG0009623_00"	-0.00336424572064412	0.592763532515483	1e-05	"1e-05 to 1"	0.00249510168701892	-0.00330434539619606	174	"success"	"pgls5_castespolymorphic"
"OG0009624_00"	0.00437538471187072	0.22111793403383	0.558687738103461	"1e-05 to 1"	0.0127682615578891	0.00702854214834192	174	"success"	"pgls5_castespolymorphic"
"OG0009625_00"	0.0176903676334163	0.146942749248943	0.697886311787789	"1e-05 to 1"	0.0175958640740903	0.0118842121210327	174	"success"	"pgls5_castespolymorphic"
"OG0009626_00"	0.0180078438090578	0.194260190921519	0.835172487059855	"1e-05 to 1"	0.0142379677059285	0.00850679309956759	174	"success"	"pgls5_castespolymorphic"
"OG0009627_00"	0.00662150582558015	0.626243385079732	1	"1e-05 to 1"	0.00203387038204093	-0.00376825827852856	174	"success"	"pgls5_castespolymorphic"
"OG0009629_00"	-0.00631730639148652	0.329827080542012	0.690865889528456	"1e-05 to 1"	0.00791466931249389	0.00214673134338039	174	"success"	"pgls5_castespolymorphic"
"OG0009630_00"	0.0023069741862785	0.411544561629339	1e-05	"1e-05 to 1"	0.00562701260331317	-0.000154225695504717	174	"success"	"pgls5_castespolymorphic"
"OG0009637_00"	-1.05832188044656e-05	0.999263180754386	1	"1e-05 to 1"	8.83708003985733e-09	-0.00581394459991369	174	"success"	"pgls5_castespolymorphic"
"OG0009638_00"	0.00614636265715393	0.646735740098191	1	"1e-05 to 1"	0.00180127987364863	-0.00400220105731841	174	"success"	"pgls5_castespolymorphic"
"OG0009640_00"	-0.0156156606077905	0.193076872730861	0.283896441912965	"1e-05 to 1"	0.0134070122113892	0.00767100646843211	174	"success"	"pgls5_castespolymorphic"
"OG0009641_00"	0.00933186416965537	0.0226025842250521	1e-05	"1e-05 to 1"	0.0425707959758712	0.0370043471152658	174	"success"	"pgls5_castespolymorphic"
"OG0009642_00"	0.00956784861076652	0.453947492904254	0.472090523133552	"1e-05 to 1"	0.0051080935517716	-0.000676161718276225	174	"success"	"pgls5_castespolymorphic"
"OG0009643_00"	0.00338584418977819	0.831573579501843	0.895256274492862	"1e-05 to 1"	0.000375315581013273	-0.0054364558400275	174	"success"	"pgls5_castespolymorphic"
"OG0009644_00"	-0.0102173158372882	0.500857840011339	1e-05	"1e-05 to 1"	0.00445420764015043	-0.00133384929217417	174	"success"	"pgls5_castespolymorphic"
"OG0009645_00"	0.0071001735035665	0.514890194321428	0.988870909579458	"1e-05 to 1"	0.00379646529623781	-0.0019954157194817	174	"success"	"pgls5_castespolymorphic"
"OG0009646_00"	0.000440748134229592	0.955385708602986	1	"1e-05 to 1"	2.53422311306729e-05	-0.00578846391868826	174	"success"	"pgls5_castespolymorphic"
"OG0009647_00"	0.00440157708523427	0.754433215998962	1e-05	"1e-05 to 1"	0.00083235493863866	-0.00497675927683439	174	"success"	"pgls5_castespolymorphic"
"OG0009649_00"	-0.00271926754365767	0.575506660471232	1	"1e-05 to 1"	0.00353666652431369	-0.00225672494938212	174	"success"	"pgls5_castespolymorphic"
"OG0009650_00"	-0.00563608894309522	0.745170397203335	1	"1e-05 to 1"	0.000898601784027561	-0.00491012727536755	174	"success"	"pgls5_castespolymorphic"
"OG0009651_00"	0.001907901006979	0.801634860186665	1e-05	"1e-05 to 1"	0.000537020516518607	-0.00527381075954825	174	"success"	"pgls5_castespolymorphic"
"OG0009652_00"	-0.00268097219024178	0.305033433146089	1	"1e-05 to 1"	0.00891361735671032	0.00315148722506342	174	"success"	"pgls5_castespolymorphic"
"OG0009653_00"	-0.0279961559735788	0.204499427088525	1	"1e-05 to 1"	0.0170709052456939	0.0113562012064247	174	"success"	"pgls5_castespolymorphic"
"OG0009654_00"	0.00284444140935855	0.8508580325674	1	"1e-05 to 1"	0.000290925805375839	-0.00552133625389528	174	"success"	"pgls5_castespolymorphic"
"OG0009655_00"	0.0387620999915078	0.0251800046648607	1e-05	"1e-05 to 1"	0.038841056510881	0.0332529231185024	174	"success"	"pgls5_castespolymorphic"
"OG0009656_00"	0.00561409038933344	0.489561238949088	1	"1e-05 to 1"	0.00395469640962731	-0.00183626465775855	174	"success"	"pgls5_castespolymorphic"
"OG0009657_00"	0.00126861676279146	0.950011918451489	1	"1e-05 to 1"	3.76090355452478e-05	-0.00577612579564346	174	"success"	"pgls5_castespolymorphic"
"OG0009658_00"	0.0266715063207206	0.03365387620614	0.989769965704148	"1e-05 to 1"	0.0376728889635235	0.0320779638993579	174	"success"	"pgls5_castespolymorphic"
"OG0009664_00"	0.00909183102176424	0.0694328382750249	1e-05	"1e-05 to 1"	0.0278979989592555	0.0222462431392512	174	"success"	"pgls5_castespolymorphic"
"OG0009665_00"	0.0410662672647486	0.00930111978623094	0.975568341946619	"1e-05 to 1"	0.0573620885329596	0.051881635559314	174	"success"	"pgls5_castespolymorphic"
"OG0009667_00"	0.00360745414216764	0.643498988549764	1	"1e-05 to 1"	0.00185276616810681	-0.00395041542393892	174	"success"	"pgls5_castespolymorphic"
"OG0009668_00"	-0.00375259043506585	0.600122996957373	1	"1e-05 to 1"	0.0022970047344386	-0.00350359407524503	174	"success"	"pgls5_castespolymorphic"
"OG0009669_00"	0.0353084697315849	0.0412006938908842	1e-05	"1e-05 to 1"	0.0366880140184774	0.0310873629371895	174	"success"	"pgls5_castespolymorphic"
"OG0009670_00"	0.00270402660732132	0.823783585488863	0.979297553462471	"1e-05 to 1"	0.000421923632145805	-0.00538957681185348	174	"success"	"pgls5_castespolymorphic"
"OG0009671_00"	0.0291797617862628	0.0312652670966127	0.368624475994998	"1e-05 to 1"	0.0393621736296208	0.0337770699879326	174	"success"	"pgls5_castespolymorphic"
"OG0009672_00"	-0.00974024322907167	0.514803843205934	1e-05	"1e-05 to 1"	0.00360443492779358	-0.00218856254355648	174	"success"	"pgls5_castespolymorphic"
"OG0009673_00"	-0.00201828112462949	0.740942590366664	1	"1e-05 to 1"	0.000891838534861375	-0.00491692984574987	174	"success"	"pgls5_castespolymorphic"
"OG0009677_00"	-0.00140268830291271	0.814364780825464	0.645164542910637	"1e-05 to 1"	0.000494317099960284	-0.00531676245178425	174	"success"	"pgls5_castespolymorphic"
"OG0009678_00"	0.0127742851896493	0.397318915767897	1	"1e-05 to 1"	0.00597719262145007	0.000197990252970071	174	"success"	"pgls5_castespolymorphic"
"OG0009680_00"	-0.00792348708011902	0.237880109832783	0.369895050998515	"1e-05 to 1"	0.012198930313303	0.00645590083838032	174	"success"	"pgls5_castespolymorphic"
"OG0009681_00"	-0.0124298382221305	0.433948118365121	1	"1e-05 to 1"	0.00519688974726287	-0.000586849265834521	174	"success"	"pgls5_castespolymorphic"
"OG0009682_00"	0.0224931311806323	0.0149816259043711	1e-05	"1e-05 to 1"	0.049951363644714	0.0444278250612531	174	"success"	"pgls5_castespolymorphic"
"OG0009683_00"	0.00238117742962289	0.6882943015779	1	"1e-05 to 1"	0.00140457141451753	-0.00440121596097942	174	"success"	"pgls5_castespolymorphic"
"OG0009684_00"	-0.00343458544737037	0.412860973894807	1e-05	"1e-05 to 1"	0.00545884308991631	-0.000323372938630717	174	"success"	"pgls5_castespolymorphic"
"OG0009685_00"	0.0257445389637453	0.19064057116505	1e-05	"1e-05 to 1"	0.0147186160528993	0.00899023591367187	174	"success"	"pgls5_castespolymorphic"
"OG0009686_00"	0.00678514085956406	0.708606007047487	0.940629781088681	"1e-05 to 1"	0.00115843262400953	-0.00464878579096717	174	"success"	"pgls5_castespolymorphic"
"OG0009688_00"	-0.0182161383285537	0.165583154670934	1e-05	"1e-05 to 1"	0.0163663456290027	0.0106475453128922	174	"success"	"pgls5_castespolymorphic"
"OG0009689_00"	-0.0154278563346242	0.440391739325106	1	"1e-05 to 1"	0.00505318919723478	-0.0007313852841766	174	"success"	"pgls5_castespolymorphic"
"OG0009690_00"	0.0272952435371636	0.0754250978964579	0.545033630388128	"1e-05 to 1"	0.0272273767945224	0.021571722008444	174	"success"	"pgls5_castespolymorphic"
"OG0009691_00"	0.0216376650687424	0.189891508810316	0.821422796160055	"1e-05 to 1"	0.0152937896004429	0.00956875349346875	174	"success"	"pgls5_castespolymorphic"
"OG0009692_00"	-0.00528777912260309	0.759006696349879	0.630086876388905	"1e-05 to 1"	0.000821639358855392	-0.00498753715650002	174	"success"	"pgls5_castespolymorphic"
"OG0009693_00"	-0.00629714188967244	0.383262998811733	1e-05	"1e-05 to 1"	0.00639466419190208	0.000617888983715398	174	"success"	"pgls5_castespolymorphic"
"OG0009694_00"	0.00562739415050178	0.756043038413926	0.974589344223585	"1e-05 to 1"	0.000850050857587439	-0.00495896047463584	174	"success"	"pgls5_castespolymorphic"
"OG0009695_00"	0.00487955984981051	0.269579044264796	1e-05	"1e-05 to 1"	0.0104078794495565	0.00465443688821676	174	"success"	"pgls5_castespolymorphic"
"OG0009704_00"	-0.00255618771422199	0.508996627406695	1	"1e-05 to 1"	0.00373656111147156	-0.00205566818439196	174	"success"	"pgls5_castespolymorphic"
"OG0009705_00"	0.0173903042566689	0.419554817237709	0.322206977565009	"1e-05 to 1"	0.00741861878711044	0.00164779680331462	174	"success"	"pgls5_castespolymorphic"
"OG0009707_00"	-0.0263618710004234	0.165226943597935	0.849573982928719	"1e-05 to 1"	0.0215240110258627	0.0158351971364782	174	"success"	"pgls5_castespolymorphic"
"OG0009709_00"	-0.00295113830027968	0.766268932984487	1e-05	"1e-05 to 1"	0.000751734081259745	-0.00505784886012828	174	"success"	"pgls5_castespolymorphic"
"OG0009712_00"	-0.00470794038221324	0.252120223908902	1e-05	"1e-05 to 1"	0.0108248072492206	0.00507378868671604	174	"success"	"pgls5_castespolymorphic"
"OG0009713_00"	-0.00903043678153278	0.320833161948687	1e-05	"1e-05 to 1"	0.00864553232453125	0.00288184355897614	174	"success"	"pgls5_castespolymorphic"
"OG0009714_00"	0.0130205317228703	0.298667066651989	1	"1e-05 to 1"	0.00938902771578188	0.00362966159785039	174	"success"	"pgls5_castespolymorphic"
"OG0009715_00"	-0.00180899261037182	0.5302744987751	1	"1e-05 to 1"	0.00343392677351418	-0.00236006202431427	174	"success"	"pgls5_castespolymorphic"
"OG0009718_00"	0.00548680012610706	0.477632975531097	1	"1e-05 to 1"	0.00443294057274605	-0.00135524000531939	174	"success"	"pgls5_castespolymorphic"
"OG0009721_00"	0.0110919849339558	0.0471112156345592	1e-05	"1e-05 to 1"	0.0335483817931331	0.0279294770361165	174	"success"	"pgls5_castespolymorphic"
"OG0009726_00"	0.0173708383526556	0.383618122379377	0.61357505197516	"1e-05 to 1"	0.00643931849759572	0.000662802907465454	174	"success"	"pgls5_castespolymorphic"
"OG0009731_00"	0.00401604080120865	0.297051973866112	1	"1e-05 to 1"	0.00929021186864475	0.00353027123997407	174	"success"	"pgls5_castespolymorphic"
"OG0009735_00"	0.0013874428558568	0.893579314154882	1e-05	"1e-05 to 1"	0.000152294680302161	-0.00566077337388204	174	"success"	"pgls5_castespolymorphic"
"OG0009736_00"	0.0153271729752601	0.388730809170776	0.804529905582279	"1e-05 to 1"	0.00604614327228949	0.000267341779686459	174	"success"	"pgls5_castespolymorphic"
"OG0009738_00"	0.0331544732809682	0.00881227779320382	1e-05	"1e-05 to 1"	0.0586524319456597	0.0531794809685996	174	"success"	"pgls5_castespolymorphic"
"OG0009739_00"	0.00694105739329846	0.496757126111089	0.669221237381009	"1e-05 to 1"	0.00388990659449245	-0.00190143115786512	174	"success"	"pgls5_castespolymorphic"
"OG0009740_00"	0.00626332404532206	0.680665592093982	0.373027687381962	"1e-05 to 1"	0.00149118499602927	-0.00431409881213329	174	"success"	"pgls5_castespolymorphic"
"OG0009742_00"	0.0215333717463134	0.0343895269944516	0.802517318710528	"1e-05 to 1"	0.0415310167608747	0.0359585226722753	174	"success"	"pgls5_castespolymorphic"
"OG0009744_00"	0.0133066815616217	0.186578992224589	1e-05	"1e-05 to 1"	0.0158043485385275	0.0100822807974724	174	"success"	"pgls5_castespolymorphic"
"OG0009746_00"	-0.0135095190014183	0.130160137432563	0.695308697465868	"1e-05 to 1"	0.0201546022053699	0.0144578266367964	174	"success"	"pgls5_castespolymorphic"
"OG0009747_00"	-0.00516515732772691	0.62507658101985	1	"1e-05 to 1"	0.00230452558057442	-0.00349602950325956	174	"success"	"pgls5_castespolymorphic"
"OG0009750_00"	0.0104962247596825	0.669575508483855	0.993011362124539	"1e-05 to 1"	0.00177497669021054	-0.00402865716624179	174	"success"	"pgls5_castespolymorphic"
"OG0009752_00"	0.000158933510496	0.992315697150892	1	"1e-05 to 1"	9.51331149690167e-07	-0.00581299662622725	174	"success"	"pgls5_castespolymorphic"
"OG0009755_00"	-0.0119551961029531	0.0901937627547023	0.167992736008789	"1e-05 to 1"	0.0258771334605371	0.0202136284225169	174	"success"	"pgls5_castespolymorphic"
"OG0009756_00"	-0.000722999235003852	0.952956714500788	1e-05	"1e-05 to 1"	2.98732491857389e-05	-0.00578390655750516	174	"success"	"pgls5_castespolymorphic"
"OG0009757_00"	0.00377410359392277	0.788997465996927	1	"1e-05 to 1"	0.00069844550183268	-0.00511144725687762	174	"success"	"pgls5_castespolymorphic"
"OG0009758_00"	0.00757754573303551	0.683945993938907	0.397230883115385	"1e-05 to 1"	0.00140935599108249	-0.00439640356710891	174	"success"	"pgls5_castespolymorphic"
"OG0009759_00"	0.02615983158354	0.0290184179261943	0.916214467606206	"1e-05 to 1"	0.0437680632336647	0.0382085752292093	174	"success"	"pgls5_castespolymorphic"
"OG0009760_00"	0.00863229335229726	0.391823376516657	1e-05	"1e-05 to 1"	0.00655480671030205	0.000778962563268926	174	"success"	"pgls5_castespolymorphic"
"OG0009762_00"	0.0230246056561614	0.124673560499388	1e-05	"1e-05 to 1"	0.0202049018692942	0.0145084187406272	174	"success"	"pgls5_castespolymorphic"
"OG0009763_00"	0.00306187296457631	0.874183302772813	1e-05	"1e-05 to 1"	0.000303873057574224	-0.00550831372697469	174	"success"	"pgls5_castespolymorphic"
"OG0009764_00"	-0.00237147373722183	0.693999740678598	0.614096498829924	"1e-05 to 1"	0.00138726865366161	-0.00441861931928234	174	"success"	"pgls5_castespolymorphic"
"OG0009765_00"	0.0413594557019928	0.0821335790002227	1e-05	"1e-05 to 1"	0.0290534568274698	0.023408418785769	174	"success"	"pgls5_castespolymorphic"
"OG0009766_00"	-0.00629351446494404	0.719912361095932	0.775571241138076	"1e-05 to 1"	0.00119533378512703	-0.00461167008821528	174	"success"	"pgls5_castespolymorphic"
"OG0009767_00"	-0.0110627109193375	0.0936396874950176	1e-05	"1e-05 to 1"	0.023636295555413	0.0179597623900376	174	"success"	"pgls5_castespolymorphic"
"OG0009768_00"	-0.00832974525609448	0.52758575447804	1	"1e-05 to 1"	0.00344888900290787	-0.00234501280521471	174	"success"	"pgls5_castespolymorphic"
"OG0009769_00"	0.00535206838482228	0.69700169940411	0.713764138360232	"1e-05 to 1"	0.00134672103010741	-0.00445940268483391	174	"success"	"pgls5_castespolymorphic"
"OG0009770_00"	-0.00522809335674991	0.420941000851385	0.851907606089057	"1e-05 to 1"	0.00574060438266087	-3.99734988354439e-05	174	"success"	"pgls5_castespolymorphic"
"OG0009771_00"	0.0420012329858702	0.0607524042551961	1e-05	"1e-05 to 1"	0.0302462584095303	0.0246081552607483	174	"success"	"pgls5_castespolymorphic"
"OG0009772_00"	0.000791394533568007	0.96868287821982	0.60082712308431	"1e-05 to 1"	1.34615205902436e-05	-0.00580041370312734	174	"success"	"pgls5_castespolymorphic"
"OG0009774_00"	-0.0067137964211184	0.378048454857313	1e-05	"1e-05 to 1"	0.00707102917926458	0.0012981863256557	174	"success"	"pgls5_castespolymorphic"
"OG0009775_00"	0.0255882974797146	0.126571601259243	1	"1e-05 to 1"	0.0205330764466406	0.0148385013097024	174	"success"	"pgls5_castespolymorphic"
"OG0009776_00"	-0.00217063823730748	0.943054267816562	1	"1e-05 to 1"	5.51595330623686e-05	-0.00575847326034995	174	"success"	"pgls5_castespolymorphic"
"OG0009777_00"	-0.00450009726065064	0.416822149677996	1	"1e-05 to 1"	0.0058428609483783	6.28775817990146e-05	174	"success"	"pgls5_castespolymorphic"
"OG0009779_00"	0.00828632123205886	0.48346895672741	0.256144725587491	"1e-05 to 1"	0.00420592035589255	-0.00158358010715465	174	"success"	"pgls5_castespolymorphic"
"OG0009785_00"	0.00148931924937136	0.695201001680463	1	"1e-05 to 1"	0.00160614670866866	-0.00419846871744367	174	"success"	"pgls5_castespolymorphic"
"OG0009786_00"	0.00653768986109858	0.561417504293905	1	"1e-05 to 1"	0.00299330781481878	-0.00280324272114152	174	"success"	"pgls5_castespolymorphic"
"OG0009788_00"	0.00820338958191781	0.593744444986339	0.296224881038057	"1e-05 to 1"	0.00297493997974083	-0.00282171734595837	174	"success"	"pgls5_castespolymorphic"
"OG0009789_00"	0.0184669641573415	0.323211992167791	0.765791637477701	"1e-05 to 1"	0.00887265121751309	0.0031102829106382	174	"success"	"pgls5_castespolymorphic"
"OG0009790_00"	-0.000748919439199781	0.928991037378509	1e-05	"1e-05 to 1"	8.58476673716041e-05	-0.00572760670665518	174	"success"	"pgls5_castespolymorphic"
"OG0009791_00"	-0.00694558267614644	0.363714720899431	1	"1e-05 to 1"	0.00693798733018511	0.0011643709774537	174	"success"	"pgls5_castespolymorphic"
"OG0009792_00"	-0.00538948836793437	0.643070706101646	0.984772865778351	"1e-05 to 1"	0.00182596063675232	-0.0039773768014062	174	"success"	"pgls5_castespolymorphic"
"OG0009795_00"	0.00464952144701486	0.269000635935023	1	"1e-05 to 1"	0.013264361040702	0.00752752593047346	174	"success"	"pgls5_castespolymorphic"
"OG0009796_00"	0.00363015661267425	0.374460694213882	1e-05	"1e-05 to 1"	0.00737918731122467	0.00160813607466204	174	"success"	"pgls5_castespolymorphic"
"OG0009799_00"	0.00349777110995516	0.811038543731101	1	"1e-05 to 1"	0.000494784806403378	-0.00531629202611739	174	"success"	"pgls5_castespolymorphic"
"OG0009801_00"	0.0150647042412428	0.335961626104402	1	"1e-05 to 1"	0.00805272468265412	0.00228558936104173	174	"success"	"pgls5_castespolymorphic"
"OG0009803_00"	-0.00386108333028602	0.814026862450095	0.938873229193675	"1e-05 to 1"	0.00050521117108136	-0.00530580504304012	174	"success"	"pgls5_castespolymorphic"
"OG0009805_00"	-0.003041845658058	0.674457163488172	0.55147270955064	"1e-05 to 1"	0.00155324813279082	-0.00425167484318134	174	"success"	"pgls5_castespolymorphic"
"OG0009806_00"	0.00383366681472333	0.768284107857956	1e-05	"1e-05 to 1"	0.000778173333121448	-0.00503125589168607	174	"success"	"pgls5_castespolymorphic"
"OG0009808_00"	-0.0110990036082771	0.572103871141107	1	"1e-05 to 1"	0.00288426119040115	-0.00291292333756155	174	"success"	"pgls5_castespolymorphic"
"OG0009809_00"	0.0167008782583081	0.486731127550553	1	"1e-05 to 1"	0.0043290667496502	-0.00145971774599141	174	"success"	"pgls5_castespolymorphic"
"OG0009810_00"	0.0133196277833157	0.0584438827157308	1	"1e-05 to 1"	0.0313291848887683	0.0256973778241681	174	"success"	"pgls5_castespolymorphic"
"OG0009811_00"	0.00591678668534185	0.597536763086086	0.976276770879939	"1e-05 to 1"	0.00254218675632665	-0.00325698657648554	174	"success"	"pgls5_castespolymorphic"
"OG0009815_00"	0.0237621769048004	0.366839284812643	1	"1e-05 to 1"	0.00747727118894313	0.00170679020748354	174	"success"	"pgls5_castespolymorphic"
"OG0009817_00"	-0.00455480856798014	0.444042841181496	0.316548494375879	"1e-05 to 1"	0.00611529066119522	0.000336891188295163	174	"success"	"pgls5_castespolymorphic"
"OG0009820_00"	-0.0036589038360156	0.74038238373263	1	"1e-05 to 1"	0.000975432570043056	-0.00483284979873577	174	"success"	"pgls5_castespolymorphic"
"OG0009821_00"	-0.00275519999739718	0.724857387607638	1	"1e-05 to 1"	0.00109090053343418	-0.00471671050997613	174	"success"	"pgls5_castespolymorphic"
"OG0009822_00"	-0.0167770516836756	0.0730812161208918	0.975907854943792	"1e-05 to 1"	0.029172936310865	0.0235285929173235	174	"success"	"pgls5_castespolymorphic"
"OG0009823_00"	0.00358648458023279	0.840522612130524	0.800990649224988	"1e-05 to 1"	0.000347503032983964	-0.00546443008891728	174	"success"	"pgls5_castespolymorphic"
"OG0009824_00"	0.00362711012915036	0.133907072432714	1e-05	"1e-05 to 1"	0.0227782391126809	0.017096717247057	174	"success"	"pgls5_castespolymorphic"
"OG0009825_00"	-0.000526677196813419	0.959819924077654	1	"1e-05 to 1"	2.27627415902671e-05	-0.00579105840526095	174	"success"	"pgls5_castespolymorphic"
"OG0009826_00"	0.00280252010832262	0.722949620972199	1e-05	"1e-05 to 1"	0.00123748452675214	-0.004569274284139	174	"success"	"pgls5_castespolymorphic"
"OG0009833_00"	0.00532857815627214	0.841773783042228	0.551464131822554	"1e-05 to 1"	0.000360566417124052	-0.00545129075486961	174	"success"	"pgls5_castespolymorphic"
"OG0009834_00"	-0.00619002740918206	0.242585742076191	1e-05	"1e-05 to 1"	0.0122812863396552	0.00653873567883922	174	"success"	"pgls5_castespolymorphic"
"OG0009835_00"	0.00560670866934839	0.758936089775948	1	"1e-05 to 1"	0.000836745420208775	-0.00497234326920881	174	"success"	"pgls5_castespolymorphic"
"OG0009836_00"	-0.00156509654024706	0.547892685849528	1e-05	"1e-05 to 1"	0.00312154303789184	-0.0026742619444462	174	"success"	"pgls5_castespolymorphic"
"OG0009838_00"	0.0353007128468025	0.0384331313562412	0.456918028577352	"1e-05 to 1"	0.0457571646943208	0.0402092412332412	174	"success"	"pgls5_castespolymorphic"
"OG0009839_00"	-4.50735890621598e-05	0.99510406479878	1e-05	"1e-05 to 1"	3.50254249219716e-07	-0.00581360119776098	174	"success"	"pgls5_castespolymorphic"
"OG0009841_00"	0.00854135707473579	0.352286641698917	1	"1e-05 to 1"	0.00746286163000233	0.0016922968720372	174	"success"	"pgls5_castespolymorphic"
"OG0009842_00"	-0.0101680310366162	0.329826988943391	1e-05	"1e-05 to 1"	0.00871355451903255	0.00295026123135256	174	"success"	"pgls5_castespolymorphic"
"OG0009846_00"	0.00843884610031591	0.599490869059796	1e-05	"1e-05 to 1"	0.0028243170046372	-0.0029732160360334	174	"success"	"pgls5_castespolymorphic"
"OG0009848_00"	-0.0072503435015049	0.716050369880422	1e-05	"1e-05 to 1"	0.0012775111129285	-0.00452901498525216	174	"success"	"pgls5_castespolymorphic"
"OG0009849_00"	0.0603035616797373	0.0629381811521696	0.170870174616538	"1e-05 to 1"	0.0370882357404188	0.0314899115296071	174	"success"	"pgls5_castespolymorphic"
"OG0009850_00"	-0.000476068217157158	0.966552935411526	0.627525520941409	"1e-05 to 1"	1.62051304848447e-05	-0.00579765414201239	174	"success"	"pgls5_castespolymorphic"
"OG0009857_00"	-0.00062833731671004	0.938112232807136	1	"1e-05 to 1"	5.45535825097425e-05	-0.00575908273387093	174	"success"	"pgls5_castespolymorphic"
"OG0009859_00"	-0.000718231764708792	0.903701095458985	1	"1e-05 to 1"	0.000132459786343133	-0.00568072358699201	174	"success"	"pgls5_castespolymorphic"
"OG0009862_00"	-0.0119697277831319	0.192381326338624	1e-05	"1e-05 to 1"	0.0183996232946454	0.0126926443603119	174	"success"	"pgls5_castespolymorphic"
"OG0009863_00"	-0.00353700405577952	0.46823390415829	1e-05	"1e-05 to 1"	0.00488231288044733	-0.000903255067922215	174	"success"	"pgls5_castespolymorphic"
"OG0009866_00"	-0.0013577598649407	0.812676994651852	1e-05	"1e-05 to 1"	0.000620313415162927	-0.00519003359986514	174	"success"	"pgls5_castespolymorphic"
"OG0009871_00"	-0.00107823775451277	0.638845683892723	1	"1e-05 to 1"	0.00208552229615744	-0.00371630606258577	174	"success"	"pgls5_castespolymorphic"
"OG0009873_00"	0.00842501504923606	0.564522888020083	0.468560773826308	"1e-05 to 1"	0.00308295267590471	-0.00271307666900267	174	"success"	"pgls5_castespolymorphic"
"OG0009876_00"	0.0139351971669136	0.227066254963822	1	"1e-05 to 1"	0.0134815201684457	0.00774594761128555	174	"success"	"pgls5_castespolymorphic"
"OG0009878_00"	-0.0235373026519087	0.287406188558462	1e-05	"1e-05 to 1"	0.0108748699440897	0.00512414244376469	174	"success"	"pgls5_castespolymorphic"
"OG0009879_00"	-0.00231574146563791	0.778475437814005	0.839678894157363	"1e-05 to 1"	0.000771724487800598	-0.00503774223029363	174	"success"	"pgls5_castespolymorphic"
"OG0009880_00"	0.00651815936931046	0.056203678503375	1	"1e-05 to 1"	0.0342875604165087	0.028672953209628	174	"success"	"pgls5_castespolymorphic"
"OG0009882_00"	-0.00153523319322992	0.898300742629255	1e-05	"1e-05 to 1"	0.000160920474932632	-0.00565209742928285	174	"success"	"pgls5_castespolymorphic"
"OG0009883_00"	-0.00121428293266412	0.59749577635972	1	"1e-05 to 1"	0.00268995875360551	-0.00310835543968735	174	"success"	"pgls5_castespolymorphic"
"OG0009884_00"	0.00616069393446125	0.672869676926652	0.972852566969451	"1e-05 to 1"	0.0016724177262725	-0.00413181240322591	174	"success"	"pgls5_castespolymorphic"
"OG0009885_00"	-0.00696432938647846	0.785923917570301	1e-05	"1e-05 to 1"	0.000852460853331801	-0.00495653646728833	174	"success"	"pgls5_castespolymorphic"
"OG0009886_00"	-0.0323221502106085	0.27712556761556	0.901998701766869	"1e-05 to 1"	0.0108268159884861	0.00507580910469818	174	"success"	"pgls5_castespolymorphic"
"OG0009887_00"	-0.0198820923114023	0.00445847593624271	1	"1e-05 to 1"	0.0705687477105314	0.065165077639081	174	"success"	"pgls5_castespolymorphic"
"OG0009890_00"	0.00429952398220342	0.11222868616394	1	"1e-05 to 1"	0.0247870951026303	0.0191172526322967	174	"success"	"pgls5_castespolymorphic"
"OG0009893_00"	0.0203713085445944	0.312148598958307	1e-05	"1e-05 to 1"	0.00982146868135807	0.00406461675508685	174	"success"	"pgls5_castespolymorphic"
"OG0009894_00"	-0.0425557143406325	0.213290548027977	1e-05	"1e-05 to 1"	0.0162570592732868	0.0105376235713873	174	"success"	"pgls5_castespolymorphic"
"OG0009897_00"	0.00162683024103574	0.891867948147296	1	"1e-05 to 1"	0.000170305767389276	-0.00564265757117233	174	"success"	"pgls5_castespolymorphic"
"OG0009902_00"	0.00546942407113838	0.756593666895352	0.470746201563086	"1e-05 to 1"	0.000893296220534212	-0.00491546368516027	174	"success"	"pgls5_castespolymorphic"
"OG0009903_00"	-0.00565412433553132	0.304183125552457	1e-05	"1e-05 to 1"	0.00995719303838467	0.00420113020721258	174	"success"	"pgls5_castespolymorphic"
"OG0009904_00"	0.00187699839289799	0.83138612151986	1e-05	"1e-05 to 1"	0.000413943671186764	-0.00539760316793436	174	"success"	"pgls5_castespolymorphic"
"OG0009905_00"	-0.0239184417147804	0.514097963717668	0.618815038760837	"1e-05 to 1"	0.00395228032370013	-0.00183869479069698	174	"success"	"pgls5_castespolymorphic"
"OG0009911_00"	-0.0108849794137362	0.625908825399496	0.356715340443355	"1e-05 to 1"	0.00229346912001402	-0.00350715024556725	174	"success"	"pgls5_castespolymorphic"
"OG0009912_00"	-0.0112040624592652	0.13914767541455	1e-05	"1e-05 to 1"	0.020713717650357	0.0150201927529754	174	"success"	"pgls5_castespolymorphic"
"OG0009913_00"	-0.0128646390639808	0.563254588111062	0.768945581984944	"1e-05 to 1"	0.00322277622586121	-0.00257244019143044	174	"success"	"pgls5_castespolymorphic"
"OG0009915_00"	-0.00322784026255744	0.313530286404974	1	"1e-05 to 1"	0.00940416148053606	0.00364488334960889	174	"success"	"pgls5_castespolymorphic"
"OG0009917_00"	0.00532205120894984	0.765693916877768	1	"1e-05 to 1"	0.00085770108387909	-0.00495126577028437	174	"success"	"pgls5_castespolymorphic"
"OG0009919_00"	-0.0109572733684792	0.496007838428084	1	"1e-05 to 1"	0.00479118391252089	-0.000994913855429491	174	"success"	"pgls5_castespolymorphic"
"OG0009921_00"	0.0194562352142373	0.0756054078760346	1e-05	"1e-05 to 1"	0.0292068202799627	0.0235626738862414	174	"success"	"pgls5_castespolymorphic"
"OG0009922_00"	0.0103426515869748	0.213224172291341	0.582161030221445	"1e-05 to 1"	0.0151488193787893	0.00942294042168923	174	"success"	"pgls5_castespolymorphic"
"OG0009926_00"	-0.0261405574533708	0.0132858685524373	0.697789571536145	"1e-05 to 1"	0.0559373746848018	0.0504486384911088	174	"success"	"pgls5_castespolymorphic"
"OG0009928_00"	0.0146996564419191	0.194901390996172	1e-05	"1e-05 to 1"	0.0165788549007493	0.0108612901036605	174	"success"	"pgls5_castespolymorphic"
"OG0009929_00"	0.0417539547383213	0.192163127668208	0.881300598714885	"1e-05 to 1"	0.0161450385263072	0.0104249515409951	174	"success"	"pgls5_castespolymorphic"
"OG0009931_00"	-0.00889735892598395	0.666275554252487	0.653444910909453	"1e-05 to 1"	0.00184890780808035	-0.00395429621629129	174	"success"	"pgls5_castespolymorphic"
"OG0009932_00"	0.0374808470926102	0.000304326945640643	1	"1e-05 to 1"	0.117336503502149	0.112204738987626	174	"success"	"pgls5_castespolymorphic"
"OG0009933_00"	-0.00157553003246403	0.472211607468899	1e-05	"1e-05 to 1"	0.00475171262134762	-0.00103461463085375	174	"success"	"pgls5_castespolymorphic"
"OG0009935_00"	0.0112984038062607	0.447340979324705	0.217115467108583	"1e-05 to 1"	0.00521147059842237	-0.000572183642284507	174	"success"	"pgls5_castespolymorphic"
"OG0009936_00"	0.00860113035153873	0.151877745610538	1e-05	"1e-05 to 1"	0.0192739264284296	0.0135720306518508	174	"success"	"pgls5_castespolymorphic"
"OG0009937_00"	-0.0187108657178293	0.287090653363828	1e-05	"1e-05 to 1"	0.0102027877378635	0.00444815278285116	174	"success"	"pgls5_castespolymorphic"
"OG0009950_00"	0.00348752291617279	0.373316890210251	1	"1e-05 to 1"	0.00762855438885704	0.00185895296088534	174	"success"	"pgls5_castespolymorphic"
"OG0009952_00"	-0.00572039482982043	0.796969034381948	0.896196371457958	"1e-05 to 1"	0.00065836917498179	-0.00515175658562872	174	"success"	"pgls5_castespolymorphic"
"OG0009953_00"	0.0365491669359883	0.0484921738796846	1e-05	"1e-05 to 1"	0.0365658506146335	0.0309644892809977	174	"success"	"pgls5_castespolymorphic"
"OG0009955_00"	-0.00576463299245917	0.836803258167507	0.976341516677816	"0.001 to 1"	0.000413855568671487	-0.00539769178267346	174	"success"	"pgls5_castespolymorphic"
"OG0009956_00"	-0.00203581191489641	0.619002479804584	1	"1e-05 to 1"	0.00243318105187177	-0.00336662603503601	174	"success"	"pgls5_castespolymorphic"
"OG0009957_00"	-0.000135593666818308	0.947436900185266	1	"1e-05 to 1"	4.74977360800074e-05	-0.00576617960266357	174	"success"	"pgls5_castespolymorphic"
"OG0009958_00"	0.0143477257640645	0.419311427225864	1e-05	"1e-05 to 1"	0.00616325458487041	0.000385133971991802	174	"success"	"pgls5_castespolymorphic"
"OG0009959_00"	0.0120290868075627	0.0256983878700865	1	"1e-05 to 1"	0.0465017397207979	0.040958145184291	174	"success"	"pgls5_castespolymorphic"
"OG0009964_00"	-0.0400215666121822	0.00838307000712524	0.863491426236587	"1e-05 to 1"	0.0716304554542663	0.0662329581022562	174	"success"	"pgls5_castespolymorphic"
"OG0009974_00"	0.0112149235813619	0.595748436835173	0.97455244467111	"1e-05 to 1"	0.00263925922328672	-0.00315934973471754	174	"success"	"pgls5_castespolymorphic"
"OG0009975_00"	-0.000458292760827257	0.880390166954038	1	"1e-05 to 1"	0.000206758309918952	-0.00560599309525589	174	"success"	"pgls5_castespolymorphic"
"OG0009976_00"	0.00613725869746813	0.212724192610036	1e-05	"1e-05 to 1"	0.0153316015926543	0.00960678532284431	174	"success"	"pgls5_castespolymorphic"
"OG0009978_00"	-0.000247407539818019	0.948782644970253	1e-05	"1e-05 to 1"	4.18890399715457e-05	-0.00577182090747042	174	"success"	"pgls5_castespolymorphic"
"OG0009981_00"	-0.00101508584791594	0.680300665656313	1	"1e-05 to 1"	0.00173987149723007	-0.0040639664591815	174	"success"	"pgls5_castespolymorphic"
"OG0009982_00"	0.0126000821035064	0.449855569701852	1	"1e-05 to 1"	0.00572233017411468	-5.8353952780088e-05	174	"success"	"pgls5_castespolymorphic"
"OG0009987_00"	-0.000986686784468331	0.948427423334946	1e-05	"1e-05 to 1"	4.08155000831888e-05	-0.00577290068886982	174	"success"	"pgls5_castespolymorphic"
"OG0009988_00"	0.00877895476278643	0.535932227347792	0.744430846276662	"1e-05 to 1"	0.00408920993138429	-0.00170096908064243	174	"success"	"pgls5_castespolymorphic"
"OG0009990_00"	-6.73811105098436e-05	0.928748041517995	1	"1e-05 to 1"	7.43774149861048e-05	-0.00573914364655481	174	"success"	"pgls5_castespolymorphic"
"OG0009991_00"	-0.0231740121372326	0.208535469339914	0.964315483096495	"1e-05 to 1"	0.0154608630183734	0.00973679826848028	174	"success"	"pgls5_castespolymorphic"
"OG0009993_00"	-0.0019919811212988	0.578698091177935	1	"1e-05 to 1"	0.00283781364149295	-0.00295964093035872	174	"success"	"pgls5_castespolymorphic"
"OG0009994_00"	-0.0116134905522937	0.385109491726849	0.409981078713108	"1e-05 to 1"	0.00733217297150702	0.00156084839575998	174	"success"	"pgls5_castespolymorphic"
"OG0009997_00"	0.0321691296442913	0.227737926083828	0.847547951092403	"1e-05 to 1"	0.0148113239015391	0.00908348276143167	174	"success"	"pgls5_castespolymorphic"
"OG0009998_00"	-0.00198192544749224	0.872026835616797	1	"1e-05 to 1"	0.000258154705434313	-0.00555429788348749	174	"success"	"pgls5_castespolymorphic"
"OG0009999_00"	0.00379737714491917	0.591608900035733	1e-05	"1e-05 to 1"	0.00272457666001243	-0.00307353626638274	174	"success"	"pgls5_castespolymorphic"
"OG0010000_00"	-0.00208057931256159	0.59096737359278	1	"1e-05 to 1"	0.00265851245322051	-0.00313998456740028	174	"success"	"pgls5_castespolymorphic"
"OG0010004_00"	0.0365108922745132	0.00308970589224078	1e-05	"1e-05 to 1"	0.0931706429037742	0.0878983791997264	174	"success"	"pgls5_castespolymorphic"
"OG0010007_00"	0.00899422725525017	0.368972689411489	0.831374302622847	"1e-05 to 1"	0.0076937874133512	0.00192456524714979	174	"success"	"pgls5_castespolymorphic"
"OG0010008_00"	0.00893269270072128	0.443953203607931	0.519274380721988	"1e-05 to 1"	0.00599257948778388	0.000213466577829169	174	"success"	"pgls5_castespolymorphic"
"OG0010009_00"	-0.0146318563709824	0.194368218575123	1e-05	"1e-05 to 1"	0.0174805632440008	0.0117682409372798	174	"success"	"pgls5_castespolymorphic"
"OG0010011_00"	0.00298567912278056	0.837560771409108	0.545883722911671	"1e-05 to 1"	0.000449421428225438	-0.00536191914486617	174	"success"	"pgls5_castespolymorphic"
"OG0010012_00"	0.0144447064587225	0.0359972539806663	1e-05	"1e-05 to 1"	0.0519019953261852	0.0463897976245932	174	"success"	"pgls5_castespolymorphic"
"OG0010013_00"	-0.0282695551754893	0.102881634297083	1e-05	"1e-05 to 1"	0.0266459782466269	0.0209869432364328	174	"success"	"pgls5_castespolymorphic"
"OG0010014_00"	0.0436930974267967	0.0471603858869505	0.886648747856664	"1e-05 to 1"	0.0396000934309646	0.0340163730439353	174	"success"	"pgls5_castespolymorphic"
"OG0010015_00"	-0.00307762835356554	0.41762937918522	1e-05	"1e-05 to 1"	0.00645167732191973	0.00067523358541921	174	"success"	"pgls5_castespolymorphic"
"OG0010016_00"	-0.0128324307595607	0.41643579936172	1e-05	"1e-05 to 1"	0.00642165479280082	0.000645036506712438	174	"success"	"pgls5_castespolymorphic"
"OG0010018_00"	-0.00475472746851088	0.835562264920789	0.832319148005211	"1e-05 to 1"	0.00042440336893463	-0.00538708265799004	174	"success"	"pgls5_castespolymorphic"
"OG0010021_00"	0.0136605112370148	0.594481727892654	1	"1e-05 to 1"	0.00284414369480938	-0.00295327407440693	174	"success"	"pgls5_castespolymorphic"
"OG0010024_00"	0.0101723101227466	0.193802276392648	0.871057158930988	"1e-05 to 1"	0.0173445912846485	0.0116314784432802	174	"success"	"pgls5_castespolymorphic"
"OG0010026_00"	-0.00488696403191021	0.592353944833383	1e-05	"1e-05 to 1"	0.00284846512972658	-0.00294892751486797	174	"success"	"pgls5_castespolymorphic"
"OG0010027_00"	0.00174304991294569	0.775618412311466	1e-05	"1e-05 to 1"	0.000762556284222759	-0.00504696373738067	174	"success"	"pgls5_castespolymorphic"
"OG0010038_00"	-0.00778242523393986	0.148907750657566	1e-05	"1e-05 to 1"	0.0211410998097741	0.015450059692389	174	"success"	"pgls5_castespolymorphic"
"OG0010041_00"	-0.00340238718014422	0.498008626677099	1e-05	"1e-05 to 1"	0.00434287919289946	-0.00144582499783952	174	"success"	"pgls5_castespolymorphic"
"OG0010046_00"	0.00433788871291416	0.771975154723146	1e-05	"1e-05 to 1"	0.000818967274000881	-0.00499022477673172	174	"success"	"pgls5_castespolymorphic"
"OG0010052_00"	-0.00136900456809322	0.463320445030879	1e-05	"1e-05 to 1"	0.00533747996093162	-0.000445441667202395	174	"success"	"pgls5_castespolymorphic"
"OG0010053_00"	-0.000317330277750693	0.980366781099132	1	"1e-05 to 1"	7.43058771955079e-06	-0.00580647969956116	174	"success"	"pgls5_castespolymorphic"
"OG0010054_00"	-0.0151944437098985	0.44925515937826	1	"1e-05 to 1"	0.00557001273962903	-0.000211556953745307	174	"success"	"pgls5_castespolymorphic"
"OG0010055_00"	-0.0153714278385079	0.231546898741492	1e-05	"1e-05 to 1"	0.0145728339357781	0.00884360622610236	174	"success"	"pgls5_castespolymorphic"
"OG0010066_00"	-0.00513559411231155	0.351991451121241	1	"1e-05 to 1"	0.00875586262889433	0.00299281531859719	174	"success"	"pgls5_castespolymorphic"
"OG0010068_00"	0.0153679904257527	0.43194991673631	0.907330960748223	"1e-05 to 1"	0.00594905668180344	0.000169690732279126	174	"success"	"pgls5_castespolymorphic"
"OG0010070_00"	0.0320039429923906	0.136064509715909	0.89201822579676	"1e-05 to 1"	0.0232374707749822	0.0175586188608832	174	"success"	"pgls5_castespolymorphic"
"OG0010072_00"	0.00426525571379988	0.6875512964854	1	"1e-05 to 1"	0.00174708342462519	-0.00405671260197593	174	"success"	"pgls5_castespolymorphic"
"OG0010074_00"	0.0108666702187913	0.539521733991662	0.971173107930723	"1e-05 to 1"	0.00419698115602745	-0.00159257127911183	174	"success"	"pgls5_castespolymorphic"
"OG0010075_00"	-0.000782454768099322	0.947884644241287	0.30151757200649	"1e-05 to 1"	4.33728891745914e-05	-0.00577032843123737	174	"success"	"pgls5_castespolymorphic"
"OG0010077_00"	-0.00842860436437274	0.593416861682111	0.991792818381923	"1e-05 to 1"	0.00298021479202782	-0.002816411866158	174	"success"	"pgls5_castespolymorphic"
"OG0010087_00"	-0.000794750618626424	0.955434781798578	1	"1e-05 to 1"	3.33994157895342e-05	-0.00578035988993264	174	"success"	"pgls5_castespolymorphic"
"OG0010089_00"	-0.0210286300741341	0.00176814836788441	1	"1e-05 to 1"	0.0953977680202527	0.0901384527180448	174	"success"	"pgls5_castespolymorphic"
"OG0010090_00"	0.00601539224787822	0.124853312013091	1e-05	"1e-05 to 1"	0.0243611766616444	0.018688857921305	174	"success"	"pgls5_castespolymorphic"
"OG0010096_00"	-0.00775303158440479	0.525151790772731	1	"1e-05 to 1"	0.00417527744624178	-0.00161440117325662	174	"success"	"pgls5_castespolymorphic"
"OG0010099_00"	5.49598205959283e-05	0.995847930108598	1e-05	"1e-05 to 1"	2.74923094100253e-07	-0.00581367696688795	174	"success"	"pgls5_castespolymorphic"
"OG0010100_00"	-0.000762011297242876	0.823400033388046	1	"1e-05 to 1"	0.000521392518740766	-0.00528952961777818	174	"success"	"pgls5_castespolymorphic"
"OG0010107_00"	0.00545200077320867	0.848271967318341	1e-05	"1e-05 to 1"	0.000379246968899817	-0.00543250159523456	174	"success"	"pgls5_castespolymorphic"
"OG0010109_00"	0.00350537938512382	0.536309549578671	1	"1e-05 to 1"	0.00408166254224007	-0.00170856034995603	174	"success"	"pgls5_castespolymorphic"
"OG0010112_00"	-0.000397227687088295	0.947523686412423	1e-05	"1e-05 to 1"	4.73407970482395e-05	-0.00576633745413169	174	"success"	"pgls5_castespolymorphic"
"OG0010113_00"	-0.00236518790647224	0.82228560265957	1e-05	"1e-05 to 1"	0.000528104109572288	-0.00528277900606966	174	"success"	"pgls5_castespolymorphic"
"OG0010115_00"	-0.0100493620194043	0.257199715349097	1e-05	"1e-05 to 1"	0.0125680895725393	0.00682720637237966	174	"success"	"pgls5_castespolymorphic"
"OG0010131_00"	-0.00351596427599654	0.42321989303406	1e-05	"1e-05 to 1"	0.00636124529109444	0.000584275786972843	174	"success"	"pgls5_castespolymorphic"
"OG0010135_00"	0.00759775444409596	0.303806087331381	1e-05	"1e-05 to 1"	0.011011105529244	0.00526117009627458	174	"success"	"pgls5_castespolymorphic"
"OG0010136_00"	-0.000619958694680111	0.920781495943442	1	"1e-05 to 1"	0.000104650985878325	-0.00570869406652941	174	"success"	"pgls5_castespolymorphic"
"OG0010137_00"	-0.00220974808315043	0.673151683792912	1	"1e-05 to 1"	0.00196419764821576	-0.00383833608638762	174	"success"	"pgls5_castespolymorphic"
"OG0010139_00"	-0.0540316892762877	0.0368087237643318	0.827608490450223	"1e-05 to 1"	0.0480616652998931	0.0425271400981482	174	"success"	"pgls5_castespolymorphic"
"OG0010140_00"	0.000379915901810413	0.964836009335815	1e-05	"1e-05 to 1"	2.14752207629355e-05	-0.00579235341167461	174	"success"	"pgls5_castespolymorphic"
"OG0010141_00"	0.00303032510477219	0.497948489337698	1	"1e-05 to 1"	0.00479786430564884	-0.000988194622806526	174	"success"	"pgls5_castespolymorphic"
"OG0010142_00"	-0.00911144675643773	0.551828375352259	1	"1e-05 to 1"	0.00386187850502337	-0.00192962220134274	174	"success"	"pgls5_castespolymorphic"
"OG0010148_00"	-0.000460294408521671	0.959345410112237	1e-05	"1e-05 to 1"	2.69262671806662e-05	-0.00578687067312633	174	"success"	"pgls5_castespolymorphic"
"OG0010150_00"	-0.00563621369576327	0.486093407360511	1	"1e-05 to 1"	0.00528819281104666	-0.000495015370284513	174	"success"	"pgls5_castespolymorphic"
"OG0010152_00"	0.0107687835241008	0.027042804269622	1	"1e-05 to 1"	0.0509339889013314	0.045416163255409	174	"success"	"pgls5_castespolymorphic"
"OG0010156_00"	0.0293002609800795	0.0599333453507906	1e-05	"1e-05 to 1"	0.0356478356903611	0.0300411370606538	174	"success"	"pgls5_castespolymorphic"
"OG0010157_00"	-0.00476344430525256	0.702373006976404	1e-05	"1e-05 to 1"	0.001612099043444	-0.00419248177607079	174	"success"	"pgls5_castespolymorphic"
"OG0010161_00"	0.0208292441558721	0.345617367030184	0.538404400387714	"1e-05 to 1"	0.0100001138124675	0.00424430052067959	174	"success"	"pgls5_castespolymorphic"
"OG0010164_00"	0.0759213429655772	3.1382460807805e-07	1e-05	"1e-05 to 1"	0.239606044881215	0.235185149793316	174	"success"	"pgls5_castespolymorphic"
"OG0010165_00"	-0.0147428139149801	0.126740077865527	1e-05	"1e-05 to 1"	0.02412239786024	0.0184486908710553	174	"success"	"pgls5_castespolymorphic"
"OG0010168_00"	-0.00618912030403166	0.207808712366216	1e-05	"1e-05 to 1"	0.01757104906893	0.0118592528425866	174	"success"	"pgls5_castespolymorphic"
"OG0010180_00"	-0.00233716785498918	0.801689694346195	1	"1e-05 to 1"	0.000704565139321725	-0.00510529204010068	174	"success"	"pgls5_castespolymorphic"
"OG0010181_00"	-0.000463328900211288	0.963594608126621	1e-05	"1e-05 to 1"	2.46537606221056e-05	-0.00578915639193256	174	"success"	"pgls5_castespolymorphic"
"OG0010182_00"	0.00442701131402045	0.696454710305915	1e-05	"1e-05 to 1"	0.00177834206370589	-0.00402527222662141	174	"success"	"pgls5_castespolymorphic"
"OG0010183_00"	-0.00635750691617397	0.652729830576653	1	"1e-05 to 1"	0.00223476438443459	-0.0035661962877489	174	"success"	"pgls5_castespolymorphic"
"OG0010184_00"	-0.0186356145469054	0.182362742704779	1	"1e-05 to 1"	0.0190404164650917	0.0133371630724469	174	"success"	"pgls5_castespolymorphic"
"OG0010185_00"	0.00347356282784755	0.561878780060558	1e-05	"1e-05 to 1"	0.00363075695331382	-0.00216208748300417	174	"success"	"pgls5_castespolymorphic"
"OG0010194_00"	-0.0110000609062034	0.202385383557314	1e-05	"1e-05 to 1"	0.0170491954645299	0.0113343652056028	174	"success"	"pgls5_castespolymorphic"
"OG0010195_00"	0.0563308216237033	0.0898006699919796	0.621236055406628	"1e-05 to 1"	0.0303104174686992	0.0246726873377033	174	"success"	"pgls5_castespolymorphic"
"OG0010199_00"	0.000820210259471515	0.935359332024589	1e-05	"1e-05 to 1"	7.26795729372019e-05	-0.00574085135977831	174	"success"	"pgls5_castespolymorphic"
"OG0010202_00"	-0.0202157460681226	0.0293178665578075	0.548699257693751	"1e-05 to 1"	0.0490088984723377	0.0434798804402001	174	"success"	"pgls5_castespolymorphic"
"OG0010205_00"	0.000831797517989511	0.964324054690324	0.981022731124189	"1e-05 to 1"	2.13962647739693e-05	-0.00579243282671005	174	"success"	"pgls5_castespolymorphic"
"OG0010206_00"	-0.0105359222481336	0.573337741718522	1	"1e-05 to 1"	0.00345984161809066	-0.00233399651203658	174	"success"	"pgls5_castespolymorphic"
"OG0010207_00"	-0.00551895876977576	0.724035396190378	1	"1e-05 to 1"	0.00134673624941121	-0.00445938737704576	174	"success"	"pgls5_castespolymorphic"
"OG0010212_00"	-0.00880226923585424	0.221237241182604	1e-05	"1e-05 to 1"	0.0163977013822119	0.0106790833669921	174	"success"	"pgls5_castespolymorphic"
"OG0010213_00"	-0.0370625393615659	0.0729811299101084	1	"1e-05 to 1"	0.036899093519114	0.0312996696442251	174	"success"	"pgls5_castespolymorphic"
"OG0010227_00"	-0.00783727333997205	0.416025409627046	1e-05	"1e-05 to 1"	0.00744674089284659	0.00167608240966544	174	"success"	"pgls5_castespolymorphic"
"OG0010228_00"	0.0089616995794844	0.64270094223596	1e-05	"1e-05 to 1"	0.00267000252741686	-0.00312842769044708	174	"success"	"pgls5_castespolymorphic"
"OG0010230_00"	0.000759388635933272	0.924551298171743	1e-05	"1e-05 to 1"	9.80103839531714e-05	-0.00571537327660532	174	"success"	"pgls5_castespolymorphic"
"OG0010231_00"	-0.00680642412795544	0.678937316697288	0.676875780593237	"1e-05 to 1"	0.00183064269366544	-0.00397266752323189	174	"success"	"pgls5_castespolymorphic"
"OG0010232_00"	-0.0280921968002159	0.348233496859004	1e-05	"1e-05 to 1"	0.00967517288729381	0.00391747040408041	174	"success"	"pgls5_castespolymorphic"
"OG0010233_00"	0.0408798389195357	0.0121299580438201	0.153987049274856	"1e-05 to 1"	0.0671576649892921	0.0617341630415555	174	"success"	"pgls5_castespolymorphic"
"OG0010242_00"	0.0103199854295053	0.249677146422921	1e-05	"1e-05 to 1"	0.0148611092431151	0.00913355755266809	174	"success"	"pgls5_castespolymorphic"
"OG0010246_00"	-0.00975391509739797	0.685256268413835	1	"1e-05 to 1"	0.00185439305022159	-0.00394877908320734	174	"success"	"pgls5_castespolymorphic"
"OG0010247_00"	0.036511787985325	0.0329340867602677	1e-05	"1e-05 to 1"	0.0512308095762353	0.045714709631911	174	"success"	"pgls5_castespolymorphic"
"OG0010250_00"	-0.00964396072413462	0.296501170428842	1e-05	"1e-05 to 1"	0.012814683964937	0.00707523445310521	174	"success"	"pgls5_castespolymorphic"
"OG0010254_00"	-0.00531815895734534	0.31747579704388	1e-05	"1e-05 to 1"	0.0107450729406184	0.00499359080655226	174	"success"	"pgls5_castespolymorphic"
"OG0010258_00"	-0.000192813987166359	0.987176352730607	1e-05	"1e-05 to 1"	3.0213859434136e-06	-0.00581091453623128	174	"success"	"pgls5_castespolymorphic"
"OG0010264_00"	-0.0006824418005737	0.896958854598812	1	"1e-05 to 1"	0.000179353397477831	-0.00563355733858328	174	"success"	"pgls5_castespolymorphic"
"OG0010266_00"	-0.0154278615462254	0.30919270915063	1	"1e-05 to 1"	0.0117487056181632	0.0060030585578037	174	"success"	"pgls5_castespolymorphic"
"OG0010269_00"	0.0311488505008444	0.247940075273015	1e-05	"1e-05 to 1"	0.0151395633852799	0.00941363061426403	174	"success"	"pgls5_castespolymorphic"
"OG0010270_00"	-0.00449897696655756	0.363299332100241	1e-05	"1e-05 to 1"	0.00909036280280157	0.00332926026095737	174	"success"	"pgls5_castespolymorphic"
"OG0010276_00"	-0.000271752390419965	0.907975662755355	1	"1e-05 to 1"	0.000146015353106351	-0.00566708920879422	174	"success"	"pgls5_castespolymorphic"
"OG0010279_00"	-0.00348956774890043	0.676343336262179	1	"1e-05 to 1"	0.00188221133504716	-0.00392079906416765	174	"success"	"pgls5_castespolymorphic"
"OG0010280_00"	-0.0155950935951502	0.115776664263684	1	"1e-05 to 1"	0.0298932697830392	0.024253114374801	174	"success"	"pgls5_castespolymorphic"
"OG0010282_00"	-0.00342788755611034	0.813749787030049	0.849747822013344	"1e-05 to 1"	0.000680777000429444	-0.00512921848212611	174	"success"	"pgls5_castespolymorphic"
"OG0010284_00"	0.0101646610820263	0.617616163934231	0.984243015572954	"1e-05 to 1"	0.00294509333554405	-0.00285173751715617	174	"success"	"pgls5_castespolymorphic"
"OG0010285_00"	-0.00011005620523971	0.955007807887541	1	"1e-05 to 1"	3.5966391974155e-05	-0.00577777798946788	174	"success"	"pgls5_castespolymorphic"
"OG0010300_00"	0.0122647074430305	0.168776685824504	1	"1e-05 to 1"	0.0202646176881011	0.0145684817444273	174	"success"	"pgls5_castespolymorphic"
"OG0010301_00"	-0.0166819745923987	0.359509136873647	0.882234448840455	"1e-05 to 1"	0.00977169598930611	0.00401455468691836	174	"success"	"pgls5_castespolymorphic"
"OG0010304_00"	-0.00214576845455174	0.722185328018314	1e-05	"1e-05 to 1"	0.00151270020484112	-0.00429245851489823	174	"success"	"pgls5_castespolymorphic"
"OG0010305_00"	-0.000187746311047739	0.985065431066827	1	"1e-05 to 1"	3.91494189917451e-06	-0.00581001578518281	174	"success"	"pgls5_castespolymorphic"
"OG0010306_00"	0.000527055530478156	0.959020101977855	1e-05	"1e-05 to 1"	3.01732484848211e-05	-0.00578360481402385	174	"success"	"pgls5_castespolymorphic"
"OG0010307_00"	-0.0154719133660816	0.623404678767118	0.848899516071628	"1e-05 to 1"	0.0027834816172213	-0.00301428883849253	174	"success"	"pgls5_castespolymorphic"
"OG0010308_00"	0.0165449901923149	0.258615635619733	1	"1e-05 to 1"	0.0148145651365513	0.00908674284083355	174	"success"	"pgls5_castespolymorphic"
"OG0010309_00"	0.0285432538498976	0.0802509525236266	0.971152972495374	"1e-05 to 1"	0.0351532893006356	0.0295437154012207	174	"success"	"pgls5_castespolymorphic"
"OG0010310_00"	-0.00128798232439042	0.917305744094091	1	"1e-05 to 1"	0.000129094495827278	-0.00568410844315048	174	"success"	"pgls5_castespolymorphic"
"OG0010311_00"	0.00594523012726553	0.774066178802598	1e-05	"1e-05 to 1"	0.000963303516858925	-0.00484504936967078	174	"success"	"pgls5_castespolymorphic"
"OG0010313_00"	0.0431297242519322	0.0258230626964751	0.971736371943954	"1e-05 to 1"	0.053991904741335	0.0484918576758776	174	"success"	"pgls5_castespolymorphic"
"OG0010316_00"	-0.00713005884372789	0.44231953728859	1e-05	"1e-05 to 1"	0.00704387600844712	0.00127087528756609	174	"success"	"pgls5_castespolymorphic"
"OG0010317_00"	-0.00253420277126596	0.555618393402127	1	"1e-05 to 1"	0.00391707092865212	-0.00187410889153017	174	"success"	"pgls5_castespolymorphic"
"OG0010318_00"	-0.00963987103724133	0.556742364064936	0.813664266401765	"1e-05 to 1"	0.0040788698020522	-0.00171136932700566	174	"success"	"pgls5_castespolymorphic"
"OG0010327_00"	-0.00559703949966924	0.591861677665483	1	"1e-05 to 1"	0.00339588681893641	-0.00239832314141863	174	"success"	"pgls5_castespolymorphic"
"OG0010329_00"	0.00201046409392247	0.797777710348836	0.918025803044585	"1e-05 to 1"	0.000741530338958622	-0.00506811192651235	174	"success"	"pgls5_castespolymorphic"
"OG0010330_00"	-0.0244837812424916	0.199831181580353	1e-05	"1e-05 to 1"	0.0179970662926674	0.0122877469106479	174	"success"	"pgls5_castespolymorphic"
"OG0010332_00"	-0.00839743841008061	0.245736883550429	1	"1e-05 to 1"	0.016006368252556	0.010285475044722	174	"success"	"pgls5_castespolymorphic"
"OG0010333_00"	-0.00521784344384103	0.799859103842849	0.59361985136962	"1e-05 to 1"	0.000742800138314627	-0.00506683474460212	174	"success"	"pgls5_castespolymorphic"
"OG0010335_00"	-0.000911149893820523	0.706475207761253	1	"1e-05 to 1"	0.00163820235770401	-0.00416622669835576	174	"success"	"pgls5_castespolymorphic"
"OG0010336_00"	-0.00614086888327412	0.498365366432624	1e-05	"1e-05 to 1"	0.00516635051664173	-0.000617566050121976	174	"success"	"pgls5_castespolymorphic"
"OG0010337_00"	-0.0104077772210664	0.369382573788746	0.930534817294296	"1e-05 to 1"	0.0097187884744382	0.00396133957021971	174	"success"	"pgls5_castespolymorphic"
"OG0010338_00"	0.0141585054070374	0.329911153565564	0.942113398569795	"1e-05 to 1"	0.0111705688610111	0.00542156054043574	174	"success"	"pgls5_castespolymorphic"
"OG0010339_00"	0.0189743948943077	0.245400204166148	1e-05	"1e-05 to 1"	0.0156570508522496	0.0099341267292975	174	"success"	"pgls5_castespolymorphic"
"OG0010340_00"	0.00499361058058697	0.760852669755033	1	"1e-05 to 1"	0.00110877493540959	-0.00469873218705885	174	"success"	"pgls5_castespolymorphic"
"OG0010341_00"	0.007148299567433	0.176125134300795	1e-05	"1e-05 to 1"	0.0216773737082943	0.0159894514624124	174	"success"	"pgls5_castespolymorphic"
"OG0010342_00"	0.00288977640890613	0.875712924833985	1	"1e-05 to 1"	0.000276373963260611	-0.00553597269974371	174	"success"	"pgls5_castespolymorphic"
"OG0010343_00"	0.0304119556789962	0.256176177931976	0.0730034195230069	"1e-05 to 1"	0.0153217842187868	0.0095969108712215	174	"success"	"pgls5_castespolymorphic"
"OG0010344_00"	0.00169724734247293	0.879673742616845	1e-05	"1e-05 to 1"	0.000271162676428815	-0.00554121428475463	174	"success"	"pgls5_castespolymorphic"
"OG0010358_00"	0.013655645034611	0.546819805244138	0.89550930276757	"1e-05 to 1"	0.00444454311057955	-0.0013435700108706	174	"success"	"pgls5_castespolymorphic"
"OG0010359_00"	0.00229912507524207	0.639140873052742	1e-05	"1e-05 to 1"	0.00259855161286955	-0.00320029401728816	174	"success"	"pgls5_castespolymorphic"
"OG0010360_00"	-0.00368906145231123	0.353619015748941	1	"1e-05 to 1"	0.0101306829941331	0.00437562882549436	174	"success"	"pgls5_castespolymorphic"
"OG0010361_00"	-0.00408882516430365	0.336747167264827	1e-05	"1e-05 to 1"	0.0109901118360728	0.00524005434674757	174	"success"	"pgls5_castespolymorphic"
"OG0010362_00"	-0.000881060660064269	0.668182291133349	1	"1e-05 to 1"	0.00217198455763783	-0.00362934111353863	174	"success"	"pgls5_castespolymorphic"
"OG0010365_00"	0.0196271672145922	0.431205093416063	0.855170373650187	"1e-05 to 1"	0.0073052847821284	0.00153380387969893	174	"success"	"pgls5_castespolymorphic"
"OG0010366_00"	0.00905175716855162	0.574218336944611	1	"1e-05 to 1"	0.00396279817925205	-0.00182811578482212	174	"success"	"pgls5_castespolymorphic"
"OG0010370_00"	-0.0114294089406825	0.502082175073441	1e-05	"1e-05 to 1"	0.0053809583534337	-0.000401710493348695	174	"success"	"pgls5_castespolymorphic"
"OG0010371_00"	0.0203604446216204	0.308763240214543	0.809483542594281	"1e-05 to 1"	0.0116372537950544	0.00589095875897927	174	"success"	"pgls5_castespolymorphic"
"OG0010372_00"	-0.000476149891235128	0.9612305651976	1	"1e-05 to 1"	2.73156490496409e-05	-0.00578647902740936	174	"success"	"pgls5_castespolymorphic"
"OG0010373_00"	-0.0037165067188668	0.400950379938288	1	"1e-05 to 1"	0.00802998555477613	0.00226271802893163	174	"success"	"pgls5_castespolymorphic"
"OG0010374_00"	-0.00164289708569786	0.728207360224372	0.712346867300904	"1e-05 to 1"	0.00137918442615669	-0.00442675054810993	174	"success"	"pgls5_castespolymorphic"
"OG0010389_00"	0.0124049035966916	0.0763042546528006	1e-05	"1e-05 to 1"	0.0378160175695183	0.0322219246484109	174	"success"	"pgls5_castespolymorphic"
"OG0010393_00"	0.0126672857496611	0.635720515222535	0.987379199125517	"1e-05 to 1"	0.002683560669609	-0.00311479072184695	174	"success"	"pgls5_castespolymorphic"
"OG0010395_00"	-0.00205450008153511	0.847436016114677	0.429908180065696	"1e-05 to 1"	0.000454050939485359	-0.00535726271784309	174	"success"	"pgls5_castespolymorphic"
"OG0010396_00"	-0.00066005577635007	0.940576840560029	0.746652071487715	"1e-05 to 1"	6.49901948566512e-05	-0.00574858544354551	174	"success"	"pgls5_castespolymorphic"
"OG0010398_00"	0.0158404996842628	0.425733497473093	0.918773657481415	"0.001 to 1"	0.00730751940919415	0.00153605149878255	174	"success"	"pgls5_castespolymorphic"
"OG0010400_00"	-0.000350422779064086	0.967848833830412	1	"1e-05 to 1"	2.01808685718903e-05	-0.00579365528916909	174	"success"	"pgls5_castespolymorphic"
"OG0010401_00"	0.0120151109049514	0.127225608843711	1	"1e-05 to 1"	0.0253738750333329	0.0197074440742243	174	"success"	"pgls5_castespolymorphic"
"OG0010402_00"	-0.00941871186345945	0.159306313770063	1	"1e-05 to 1"	0.0240105641596436	0.0183362069745251	174	"success"	"pgls5_castespolymorphic"
"OG0010404_00"	-0.0275548585709179	0.155237734875844	1	"1e-05 to 1"	0.0230815570727521	0.0174017986836402	174	"success"	"pgls5_castespolymorphic"
"OG0010417_00"	0.00791614596279879	0.0234762351884328	0.501023914252461	"1e-05 to 1"	0.0596179766141745	0.0541506392689081	174	"success"	"pgls5_castespolymorphic"
"OG0010420_00"	0.0236233155618136	0.322600215636708	0.980224112547792	"1e-05 to 1"	0.0117887688042494	0.00604335466939032	174	"success"	"pgls5_castespolymorphic"
"OG0010424_00"	-0.000657475167257844	0.929214916160627	0.727427507071659	"1e-05 to 1"	9.68184943135033e-05	-0.00571657209583587	174	"success"	"pgls5_castespolymorphic"
"OG0010426_00"	0.00501698105033063	0.604308538346444	0.439299077953023	"1e-05 to 1"	0.00337217062483117	-0.00242217722037319	174	"success"	"pgls5_castespolymorphic"
"OG0010428_00"	0.012119038863999	0.488417372156968	0.947961396147557	"1e-05 to 1"	0.00587226637878873	9.24539740142505e-05	174	"success"	"pgls5_castespolymorphic"
"OG0010430_00"	-0.00206521936702923	0.496623521240151	1e-05	"1e-05 to 1"	0.00565431324202172	-0.000126766332152473	174	"success"	"pgls5_castespolymorphic"
"OG0010432_00"	0.00824040810008105	0.452771678438677	1	"1e-05 to 1"	0.00657121000219975	0.000795461223142668	174	"success"	"pgls5_castespolymorphic"
"OG0010439_00"	-0.00255262447215888	0.409475974486206	1e-05	"1e-05 to 1"	0.00792524025947536	0.00215736374935604	174	"success"	"pgls5_castespolymorphic"
"OG0010443_00"	-0.0308186485348429	0.0978963976967275	0.47489006498298	"1e-05 to 1"	0.0351752304388093	0.0295657841041511	174	"success"	"pgls5_castespolymorphic"
"OG0010444_00"	-0.0157965370179851	0.209243309334055	1e-05	"1e-05 to 1"	0.0198838006124749	0.0141854506160358	174	"success"	"pgls5_castespolymorphic"
"OG0010446_00"	-0.000617931583125073	0.946841973978741	0.612254002941663	"1e-05 to 1"	5.08012870097802e-05	-0.00576285684504252	174	"success"	"pgls5_castespolymorphic"
"OG0010447_00"	-0.00199109686480489	0.516811232775966	1e-05	"1e-05 to 1"	0.00520680665902432	-0.000576874697609364	174	"success"	"pgls5_castespolymorphic"
"OG0010449_00"	-0.00550909890917494	0.858337025320359	1	"1e-05 to 1"	0.000390826630641354	-0.00542085460987818	174	"success"	"pgls5_castespolymorphic"
"OG0010450_00"	0.11669717254949	4.20237826235237e-05	1e-05	"1e-05 to 1"	0.194632881886483	0.189950514920707	174	"success"	"pgls5_castespolymorphic"
"OG0010451_00"	-0.0400053205571696	0.214097381173485	1	"1e-05 to 1"	0.0187599280605249	0.0130550439213419	174	"success"	"pgls5_castespolymorphic"
"OG0010452_00"	0.0188248067967555	0.12937270444487	0.51406627078684	"1e-05 to 1"	0.0274930644186285	0.0218389543280392	174	"success"	"pgls5_castespolymorphic"
"OG0010453_00"	0.0218873714785212	0.158764169835504	1e-05	"1e-05 to 1"	0.023784073665374	0.0181083996750563	174	"success"	"pgls5_castespolymorphic"
"OG0010454_00"	-0.0101878072006326	0.441390443412299	1	"1e-05 to 1"	0.00733509345201563	0.00156378585580652	174	"success"	"pgls5_castespolymorphic"
"OG0010455_00"	-0.00375378479665047	0.740222421993237	1	"1e-05 to 1"	0.00133158726532652	-0.00447462443661917	174	"success"	"pgls5_castespolymorphic"
"OG0010456_00"	-0.002403083563338	0.853632257788451	0.772740983073459	"1e-05 to 1"	0.000417512983623156	-0.00539401310368137	174	"success"	"pgls5_castespolymorphic"
"OG0010457_00"	0.0352484522310273	0.010130566282438	0.520108818536117	"1e-05 to 1"	0.0788468668260282	0.0734913253540865	174	"success"	"pgls5_castespolymorphic"
"OG0010458_00"	0.0408463278371788	0.060610280612952	0.679431085684988	"1e-05 to 1"	0.0403389682520453	0.0347595436488596	174	"success"	"pgls5_castespolymorphic"
"OG0010466_00"	-0.00279393682025324	0.390781190304164	1	"1e-05 to 1"	0.00888745913629117	0.00312517692196734	174	"success"	"pgls5_castespolymorphic"
"OG0010468_00"	0.00402238951570589	0.66536268887662	1e-05	"1e-05 to 1"	0.00221140992331243	-0.00358968653062175	174	"success"	"pgls5_castespolymorphic"
"OG0010471_00"	-0.000261058539007132	0.968810115667021	1e-05	"1e-05 to 1"	1.85311664330363e-05	-0.0057953145825993	174	"success"	"pgls5_castespolymorphic"
"OG0010473_00"	-0.00647558237195459	0.610770765865468	1	"1e-05 to 1"	0.00329454021365846	-0.00250025897114581	174	"success"	"pgls5_castespolymorphic"
"OG0010474_00"	-0.00831925183846402	0.349509303136031	1	"1e-05 to 1"	0.0108133604580668	0.00506227534445081	174	"success"	"pgls5_castespolymorphic"
"OG0010476_00"	-0.00547247623344244	0.659063906583584	1	"1e-05 to 1"	0.00247665394660391	-0.00332290039091587	174	"success"	"pgls5_castespolymorphic"
"OG0010477_00"	-0.0310000817212374	0.0900971312188417	0.199243383576939	"1e-05 to 1"	0.032663239508679	0.02703918857559	174	"success"	"pgls5_castespolymorphic"
"OG0010479_00"	-0.00987765810435054	0.669042492376126	0.954526946361998	"1e-05 to 1"	0.00211015143599467	-0.00369153373007514	174	"success"	"pgls5_castespolymorphic"
"OG0010480_00"	-0.00022827795076716	0.988732304695209	1	"1e-05 to 1"	2.4775027358473e-06	-0.00581146158155055	174	"success"	"pgls5_castespolymorphic"
"OG0010496_00"	-0.010180889782446	0.1403580509561	1e-05	"1e-05 to 1"	0.0251059628590876	0.0194379742710591	174	"success"	"pgls5_castespolymorphic"
"OG0010499_00"	-0.00159348153542152	0.884732279794558	1	"1e-05 to 1"	0.000261043305376861	-0.0055513924893591	174	"success"	"pgls5_castespolymorphic"
"OG0010503_00"	0.00528037595839413	0.544266154934802	1e-05	"1e-05 to 1"	0.00461424937709036	-0.00117287708001967	174	"success"	"pgls5_castespolymorphic"
"OG0010504_00"	0.017359797504957	0.0767288759379059	1e-05	"1e-05 to 1"	0.0381685196123715	0.0325764761217457	174	"success"	"pgls5_castespolymorphic"
"OG0010509_00"	-0.0148623225307637	0.0716914051815407	1	"1e-05 to 1"	0.0372279188763313	0.0316304067767751	174	"success"	"pgls5_castespolymorphic"
"OG0010511_00"	-0.00430871454214274	0.567549044849165	0.78336721083531	"1e-05 to 1"	0.00415431961016637	-0.00163548085721654	174	"success"	"pgls5_castespolymorphic"
"OG0010512_00"	-0.0280691662195947	0.0320158749867829	1	"1e-05 to 1"	0.056188804195216	0.0507015298010022	174	"success"	"pgls5_castespolymorphic"
"OG0010514_00"	-0.00012554632375648	0.963031869763824	1	"1e-05 to 1"	2.48345923117912e-05	-0.00578897450889571	174	"success"	"pgls5_castespolymorphic"
"OG0010515_00"	-0.0297335508224847	0.0385968254298401	1	"1e-05 to 1"	0.0488078191754603	0.0432776320776432	174	"success"	"pgls5_castespolymorphic"
"OG0010516_00"	-0.00031561712875918	0.95750909780467	1	"1e-05 to 1"	3.57058332283175e-05	-0.00577804006309024	174	"success"	"pgls5_castespolymorphic"
"OG0010532_00"	-0.00284992311605152	0.61921596506385	1	"1e-05 to 1"	0.0030631983049943	-0.00273294589090667	174	"success"	"pgls5_castespolymorphic"
"OG0010539_00"	-0.0142662001972949	0.445707297915213	0.470714423050131	"1e-05 to 1"	0.0072881724769284	0.0015165920843524	174	"success"	"pgls5_castespolymorphic"
"OG0010541_00"	-0.00400144608814005	0.303567781646842	1e-05	"1e-05 to 1"	0.0132253125089931	0.00748825037241752	174	"success"	"pgls5_castespolymorphic"
"OG0010544_00"	-0.0115287513475163	0.427806974215027	1e-05	"1e-05 to 1"	0.00808013136550401	0.00231315538507093	174	"success"	"pgls5_castespolymorphic"
"OG0010548_00"	-0.00281676938148472	0.556622639658005	1e-05	"1e-05 to 1"	0.00423124969120634	-0.00155810350826324	174	"success"	"pgls5_castespolymorphic"
"OG0010563_00"	-0.00140138767896269	0.864377195691239	1	"1e-05 to 1"	0.000376363897116412	-0.00543540142906318	174	"success"	"pgls5_castespolymorphic"
"OG0010565_00"	0.00395383028460506	0.695818450254023	1	"1e-05 to 1"	0.00189702394597546	-0.00390590033340832	174	"success"	"pgls5_castespolymorphic"
"OG0010566_00"	0.00889333629537914	0.685395452589697	1e-05	"1e-05 to 1"	0.00211533161503293	-0.00368632343371678	174	"success"	"pgls5_castespolymorphic"
"OG0010568_00"	-0.0211921487202625	0.318244383657466	0.989284212579169	"1e-05 to 1"	0.0126092688094498	0.0068686250234582	174	"success"	"pgls5_castespolymorphic"
"OG0010570_00"	-0.0215995567325074	0.306063417840325	1e-05	"1e-05 to 1"	0.0132560497467516	0.00751916631504668	174	"success"	"pgls5_castespolymorphic"
"OG0010571_00"	-0.00060698640431978	0.869990049790196	0.432996694201014	"1e-05 to 1"	0.000345587687275094	-0.00546635657035699	174	"success"	"pgls5_castespolymorphic"
"OG0010573_00"	-0.00717459652497002	0.561736110892173	0.990010366305797	"1e-05 to 1"	0.00433508413928156	-0.00145366537153668	174	"success"	"pgls5_castespolymorphic"
"OG0010574_00"	-0.0080255378446464	0.589449830603687	1	"1e-05 to 1"	0.00375033865562811	-0.00204181053823449	174	"success"	"pgls5_castespolymorphic"
"OG0010577_00"	0.000999574784952277	0.893938796775531	1	"1e-05 to 1"	0.00022639946743588	-0.0055862377449627	174	"success"	"pgls5_castespolymorphic"
"OG0010579_00"	-0.00426589258215327	0.636819481156758	1	"1e-05 to 1"	0.00269843204039646	-0.00309983288960125	174	"success"	"pgls5_castespolymorphic"
"OG0010582_00"	-0.00734915583360559	0.594067670203031	0.859544344544746	"1e-05 to 1"	0.00361168124117322	-0.00218127410044788	174	"success"	"pgls5_castespolymorphic"
"OG0000005_00"	-0.0368778539101527	0.0507221768802877	0.939064501352239	"1e-05 to 1"	0.0404281405089939	0.0348492343491624	174	"success"	"pgls5_castespolymorphic"
"OG0000007_01"	-0.043088345105229	0.133589213554937	1e-05	"1e-05 to 1"	0.0230487616858959	0.0173688126259302	174	"success"	"pgls5_castespolymorphic"
"OG0000026_00"	0.032728872709537	0.234841164710969	0.843352859059856	"1e-05 to 1"	0.0111822733913629	0.00543333312038241	174	"success"	"pgls5_castespolymorphic"
"OG0000051_00"	0.0193293337677253	0.232966275032612	1e-05	"1e-05 to 1"	0.0152620992084357	0.00953687885499643	174	"success"	"pgls5_castespolymorphic"
"OG0000065_00"	-0.00315425819869747	0.8656442626515	0.724454578999678	"1e-05 to 1"	0.000237534182373044	-0.00557503829331085	174	"success"	"pgls5_castespolymorphic"
"OG0000079_00"	-0.00123778695316268	0.953046888901055	0.707913498661434	"1e-05 to 1"	3.74795338959891e-05	-0.00577625605020926	174	"success"	"pgls5_castespolymorphic"
"OG0000122_00"	-0.0136986120531929	0.26493672773349	0.47539285346198	"1e-05 to 1"	0.00985361800624143	0.00409695299464985	174	"success"	"pgls5_castespolymorphic"
"OG0000145_00"	-0.0428268138610972	0.0989740948968962	1e-05	"1e-05 to 1"	0.0283925711276451	0.0227436907272245	174	"success"	"pgls5_castespolymorphic"
"OG0000183_00"	0.0106257655774487	0.48243859424636	1	"1e-05 to 1"	0.00453658833501037	-0.00125098963978609	174	"success"	"pgls5_castespolymorphic"
"OG0000184_00"	-0.00951349090362051	0.254603661517735	1e-05	"1e-05 to 1"	0.0127052188442646	0.00696513290731271	174	"success"	"pgls5_castespolymorphic"
"OG0000192_00"	-0.00676526337927585	0.854781632998348	0.781321713231704	"1e-05 to 1"	0.000329957697091752	-0.00548207743257634	174	"success"	"pgls5_castespolymorphic"
"OG0000195_00"	-0.000120470795833821	0.995112736714052	1	"1e-05 to 1"	2.39739817126886e-07	-0.00581371235471884	174	"success"	"pgls5_castespolymorphic"
"OG0000196_00"	0.000569198547370326	0.97458970513405	1	"1e-05 to 1"	8.63460504216519e-06	-0.00580526868213771	174	"success"	"pgls5_castespolymorphic"
"OG0000207_00"	-0.0147764128093728	0.274715355929077	0.716894945510231	"1e-05 to 1"	0.00863910794327981	0.00287538182667102	174	"success"	"pgls5_castespolymorphic"
"OG0000231_01"	-0.00742384150762566	0.612873800606261	1e-05	"1e-05 to 1"	0.00208768682104507	-0.00371412895325118	174	"success"	"pgls5_castespolymorphic"
"OG0000288_00"	-0.0375599707826746	0.0563393971696509	0.936923112250307	"0.001 to 1"	0.0242266169106149	0.0185535158461417	174	"success"	"pgls5_castespolymorphic"
"OG0000291_00"	0.0356061449328767	0.0440779121558321	1	"1e-05 to 1"	0.0344864202583219	0.0288729692133121	174	"success"	"pgls5_castespolymorphic"
"OG0000305_00"	0.0122611684103159	0.431116020872511	1e-05	"1e-05 to 1"	0.0066070008201176	0.000831460127211359	174	"success"	"pgls5_castespolymorphic"
"OG0000332_00"	0.00130690181818743	0.86260171435925	1	"1e-05 to 1"	0.000216227089068476	-0.00559646926506496	174	"success"	"pgls5_castespolymorphic"
"OG0000369_00"	-0.00922691050042821	0.333190715137818	1e-05	"1e-05 to 1"	0.0099654064762595	0.00420939139763321	174	"success"	"pgls5_castespolymorphic"
"OG0000412_00"	0.00802334219093622	0.45399669395659	1	"1e-05 to 1"	0.00530009358576413	-0.000483045405016425	174	"success"	"pgls5_castespolymorphic"
"OG0000422_00"	0.00258672218404594	0.926769612344329	0.466435468870052	"1e-05 to 1"	0.000107602630665017	-0.00570572526101731	174	"success"	"pgls5_castespolymorphic"
"OG0000445_00"	-0.00537922891851491	0.391812009387455	1e-05	"1e-05 to 1"	0.00734275502940937	0.00157149197725481	174	"success"	"pgls5_castespolymorphic"
"OG0000450_00"	0.0133589860655479	0.601473494955804	1	"1e-05 to 1"	0.00198186824850962	-0.00382056275004539	174	"success"	"pgls5_castespolymorphic"
"OG0000458_00"	-0.00391599185387493	0.751898817299077	0.57265588987197	"1e-05 to 1"	0.000748346321098446	-0.00506125631656951	174	"success"	"pgls5_castespolymorphic"
"OG0000486_00"	0.0107077860335315	0.415195039054614	1e-05	"1e-05 to 1"	0.00609990924798971	0.000321420348268875	174	"success"	"pgls5_castespolymorphic"
"OG0000496_00"	0.00579814172798908	0.746452286784197	1e-05	"1e-05 to 1"	0.00112946732916046	-0.00467791948869323	174	"success"	"pgls5_castespolymorphic"
"OG0000509_00"	0.00605359823706727	0.624610804871943	0.922867460507039	"1e-05 to 1"	0.00155864539848071	-0.0042462461980397	174	"success"	"pgls5_castespolymorphic"
"OG0000514_00"	-0.00457861660642501	0.834633403435186	0.949583882269943	"1e-05 to 1"	0.000486822488308472	-0.00532430063675959	174	"success"	"pgls5_castespolymorphic"
"OG0000569_00"	-0.039096737876012	0.161068050479028	0.85464280004142	"1e-05 to 1"	0.0199433418877337	0.0142453380614996	174	"success"	"pgls5_castespolymorphic"
"OG0000574_01"	-0.00352829936548941	0.825979144129789	0.44370903185521	"1e-05 to 1"	0.000458079487246623	-0.00535321074829254	174	"success"	"pgls5_castespolymorphic"
"OG0000587_00"	-0.0129912267075406	0.604475440722622	0.723125573707822	"1e-05 to 1"	0.00186791688742559	-0.00393517661904275	174	"success"	"pgls5_castespolymorphic"
"OG0000608_00"	0.0185620939828871	0.392470296724203	0.834007308724993	"1e-05 to 1"	0.00538227944780321	-0.000400381718197895	174	"success"	"pgls5_castespolymorphic"
"OG0000631_00"	0.00679204975424136	0.381661135408486	0.679896602501711	"1e-05 to 1"	0.00567408549576641	-0.000106879123444203	174	"success"	"pgls5_castespolymorphic"
"OG0000716_00"	-0.00132536327001277	0.76051571311503	1	"1e-05 to 1"	0.00103749228316873	-0.00477042927332438	174	"success"	"pgls5_castespolymorphic"
"OG0000948_00"	0.00545666057059795	0.234826825373225	1	"1e-05 to 1"	0.00927273009502076	0.0035126878281313	174	"success"	"pgls5_castespolymorphic"
"OG0001012_00"	-0.000379269318596717	0.984997970193322	0.390780295993512	"1e-05 to 1"	2.46386004712022e-06	-0.00581147530355741	174	"success"	"pgls5_castespolymorphic"
"OG0001039_00"	0.000474613049962179	0.969578108404339	1	"1e-05 to 1"	1.32825453593467e-05	-0.00580059371891184	174	"success"	"pgls5_castespolymorphic"
"OG0001073_01"	0.00815000508054528	0.625107530195316	0.915376288070331	"1e-05 to 1"	0.00269410263355778	-0.00310418746741004	174	"success"	"pgls5_castespolymorphic"
"OG0001117_00"	-0.00701927982540467	0.534375099450287	0.811453127784672	"1e-05 to 1"	0.0037963195106239	-0.00199556235268639	174	"success"	"pgls5_castespolymorphic"
"OG0001133_00"	-0.0135792623450399	0.317397249894585	1	"1e-05 to 1"	0.00819365735474776	0.00242734140913581	174	"success"	"pgls5_castespolymorphic"
"OG0001212_00"	0.00105811520002578	0.957814777381153	0.489231048179449	"1e-05 to 1"	2.86965032075395e-05	-0.00578509014502959	174	"success"	"pgls5_castespolymorphic"
"OG0001335_00"	-0.00684479288303276	0.490124055953434	0.954004568707721	"1e-05 to 1"	0.00454702414901697	-0.00124049315244212	174	"success"	"pgls5_castespolymorphic"
"OG0001370_00"	-0.0041248792069438	0.607978131903101	1	"1e-05 to 1"	0.00173531186334672	-0.00406855260256411	174	"success"	"pgls5_castespolymorphic"
"OG0001392_00"	-0.0068705779505749	0.395759458292468	1	"1e-05 to 1"	0.00487733966145112	-0.000908257200982199	174	"success"	"pgls5_castespolymorphic"
"OG0001475_00"	-0.00219476273805073	0.450717278961999	1e-05	"1e-05 to 1"	0.00401202359915802	-0.00177860417061448	174	"success"	"pgls5_castespolymorphic"
"OG0001491_00"	0.00312153147343785	0.55709364438638	0.97114213502368	"1e-05 to 1"	0.00290512221596132	-0.00289194102696921	174	"success"	"pgls5_castespolymorphic"
"OG0001519_00"	0.00786690509549956	0.701561842120152	0.317068256797044	"1e-05 to 1"	0.00156935549248194	-0.00423547383605016	174	"success"	"pgls5_castespolymorphic"
"OG0001588_00"	-0.018643824108606	0.15914290147313	0.248062217478877	"1e-05 to 1"	0.020126077558601	0.0144291361490582	174	"success"	"pgls5_castespolymorphic"
"OG0001663_00"	-0.00687916248825034	0.455226636075276	0.823347920253128	"1e-05 to 1"	0.00423133222062789	-0.00155802049901954	174	"success"	"pgls5_castespolymorphic"
"OG0001716_00"	0.000413823820212707	0.975029193817761	0.490373295909533	"1e-05 to 1"	9.46628025673915e-06	-0.0058044321716022	174	"success"	"pgls5_castespolymorphic"
"OG0001733_00"	0.00323999026322397	0.868040424201846	0.84757479543032	"1e-05 to 1"	0.000261623295134709	-0.005550809127568	174	"success"	"pgls5_castespolymorphic"
"OG0001741_00"	-0.00443793470758488	0.691635843946831	0.657371918337449	"1e-05 to 1"	0.00146235657303769	-0.00434309484223538	174	"success"	"pgls5_castespolymorphic"
"OG0001755_00"	-0.0117380659839687	0.174344095086979	0.993985146671759	"1e-05 to 1"	0.0120265840534937	0.00628255256543253	174	"success"	"pgls5_castespolymorphic"
"OG0001793_00"	0.0321470721867093	0.0288359863298744	0.372599116757713	"1e-05 to 1"	0.0331982749890837	0.0275773347273922	174	"success"	"pgls5_castespolymorphic"
"OG0001865_00"	0.00898798688946052	0.575043778905491	0.24857801267017	"1e-05 to 1"	0.00328580593269425	-0.00250904403281327	174	"success"	"pgls5_castespolymorphic"
"OG0001983_00"	-0.00256492217333497	0.926952064865761	0.6182824058122	"1e-05 to 1"	5.2367681902576e-05	-0.00576128134320286	174	"success"	"pgls5_castespolymorphic"
"OG0002037_00"	0.0332290991727009	0.0271332816184198	1e-05	"1e-05 to 1"	0.0307148631667221	0.0250794844642032	174	"success"	"pgls5_castespolymorphic"
"OG0002093_00"	0.0086181253152706	0.574338551052485	1	"1e-05 to 1"	0.00277564420604703	-0.00302217181601083	174	"success"	"pgls5_castespolymorphic"
"OG0002096_00"	0.00469541036211664	0.69403908214388	1e-05	"1e-05 to 1"	0.00125222124229491	-0.00455445189001735	174	"success"	"pgls5_castespolymorphic"
"OG0002111_00"	-0.0269365906575409	0.0579573567839997	0.867434137478815	"1e-05 to 1"	0.0254402797948823	0.0197742349099688	174	"success"	"pgls5_castespolymorphic"
"OG0002112_00"	0.00996683415227223	0.14694391531458	1e-05	"1e-05 to 1"	0.015870183863353	0.0101484988858145	174	"success"	"pgls5_castespolymorphic"
"OG0002116_00"	0.00294780723029925	0.88392176790097	0.32858036289281	"1e-05 to 1"	0.000141622802231506	-0.00567150729775556	174	"success"	"pgls5_castespolymorphic"
"OG0002140_00"	0.00745891181877258	0.480909345078856	1	"1e-05 to 1"	0.00615229251667574	0.00037410817084238	174	"success"	"pgls5_castespolymorphic"
"OG0002166_00"	0.00015593274321093	0.979327926904225	1e-05	"1e-05 to 1"	5.34979077719229e-06	-0.00580857259416012	174	"success"	"pgls5_castespolymorphic"
"OG0002185_00"	0.0199820399666503	0.101069046084137	1e-05	"1e-05 to 1"	0.0173625878776263	0.0116495796676126	174	"success"	"pgls5_castespolymorphic"
"OG0002302_00"	0.013055061147398	0.175545637389195	1	"1e-05 to 1"	0.0180920436138223	0.0123832764255307	174	"success"	"pgls5_castespolymorphic"
"OG0002372_00"	-0.0195278964399615	0.104292267206579	1e-05	"1e-05 to 1"	0.0213093244413626	0.0156192623741612	174	"success"	"pgls5_castespolymorphic"
"OG0002389_00"	0.0175872880302206	0.0855365370799128	1e-05	"1e-05 to 1"	0.0197115407377579	0.0140121892304194	174	"success"	"pgls5_castespolymorphic"
"OG0002412_00"	-0.00513668438202235	0.459547835530583	1e-05	"1e-05 to 1"	0.00367667277763542	-0.00211590470621559	174	"success"	"pgls5_castespolymorphic"
"OG0002592_00"	0.00326800677794492	0.530358269149066	1e-05	"1e-05 to 1"	0.00254499368131411	-0.00325416333216655	174	"success"	"pgls5_castespolymorphic"
"OG0002662_00"	0.027841401246092	0.0114650228914268	0.347422618151109	"1e-05 to 1"	0.0413116442775546	0.0357378747675404	174	"success"	"pgls5_castespolymorphic"
"OG0002682_00"	-0.00662506017707506	0.631999091310101	1e-05	"1e-05 to 1"	0.00271058322388916	-0.00308761105969291	174	"success"	"pgls5_castespolymorphic"
"OG0002846_00"	0.00195737045932856	0.742545919415948	0.40449097480306	"1e-05 to 1"	0.000684851217199014	-0.00512512057805004	174	"success"	"pgls5_castespolymorphic"
"OG0003113_00"	0.00637050353304146	0.324636243992422	0.78624486898995	"1e-05 to 1"	0.00634157257947578	0.000564488699123844	174	"success"	"pgls5_castespolymorphic"
"OG0003300_00"	-0.00946872309374743	0.621669978243343	0.853158151868476	"1e-05 to 1"	0.00212459465853112	-0.00367700653531466	174	"success"	"pgls5_castespolymorphic"
"OG0003328_00"	-0.0135492720158112	0.456927130204867	0.970313973055561	"1e-05 to 1"	0.00364619353341704	-0.00214656115534217	174	"success"	"pgls5_castespolymorphic"
"OG0003356_00"	0.00394848742173939	0.522140591108866	1	"1e-05 to 1"	0.00258127290600373	-0.00321767318175192	174	"success"	"pgls5_castespolymorphic"
"OG0003514_00"	0.00157205200761628	0.719768615969175	1e-05	"1e-05 to 1"	0.00115371211536361	-0.00465353374443089	174	"success"	"pgls5_castespolymorphic"
"OG0003863_00"	0.018886971585258	0.005231903556008	1e-05	"1e-05 to 1"	0.048602443760862	0.0430710626199368	174	"success"	"pgls5_castespolymorphic"
"OG0003895_00"	0.0070127231156256	0.694300904335888	0.925980776322898	"1e-05 to 1"	0.00166851348261955	-0.00413573934597	174	"success"	"pgls5_castespolymorphic"
"OG0003999_00"	-0.00352245793527124	0.262494065123506	1e-05	"1e-05 to 1"	0.0110982909151574	0.00534886237396637	174	"success"	"pgls5_castespolymorphic"
"OG0004064_00"	0.00520017210831649	0.597993177595084	1e-05	"1e-05 to 1"	0.00175260607597874	-0.00405115784218424	174	"success"	"pgls5_castespolymorphic"
"OG0004069_00"	0.017827045594344	0.210193749243892	1	"1e-05 to 1"	0.0103100366542391	0.0045560252394381	174	"success"	"pgls5_castespolymorphic"
"OG0004390_00"	-0.0152136534363559	0.208028437169132	0.840368880556635	"1e-05 to 1"	0.0100771998072406	0.00432183468984093	174	"success"	"pgls5_castespolymorphic"
"OG0004529_00"	-0.00706464802042678	0.577888559822095	1	"1e-05 to 1"	0.00226598743735061	-0.00353479170545534	174	"success"	"pgls5_castespolymorphic"
"OG0004649_00"	0.017706488401298	0.366746060057396	0.890041748905884	"1e-05 to 1"	0.00748017011365505	0.00170970598640885	174	"success"	"pgls5_castespolymorphic"
"OG0004691_00"	-0.0176909897775101	0.466435397995947	0.919094345932668	"1e-05 to 1"	0.00379495968036843	-0.00199693008893176	174	"success"	"pgls5_castespolymorphic"
"OG0004936_00"	0.0133395418921736	0.23835758770404	1e-05	"1e-05 to 1"	0.0125027267026763	0.00676146348583151	174	"success"	"pgls5_castespolymorphic"
"OG0005096_00"	-0.00234346437062142	0.716752227222428	1	"1e-05 to 1"	0.0013219807959013	-0.00448428675761092	174	"success"	"pgls5_castespolymorphic"
"OG0005632_00"	0.0398361714454564	0.0028763936879117	1e-05	"1e-05 to 1"	0.0716465137748328	0.0662491097851516	174	"success"	"pgls5_castespolymorphic"
"OG0005742_00"	0.0254199119145567	0.11254332128169	0.131432923897211	"1e-05 to 1"	0.0160632544447317	0.0103426919705731	174	"success"	"pgls5_castespolymorphic"
"OG0006027_00"	0.0372448175800229	0.138440215118877	1	"1e-05 to 1"	0.0137543276614592	0.00802034119437467	174	"success"	"pgls5_castespolymorphic"
"OG0006334_00"	0.00593047970876264	0.470003874059547	1e-05	"1e-05 to 1"	0.00328773068988872	-0.00250710808516996	174	"success"	"pgls5_castespolymorphic"
"OG0006637_00"	0.00042378872322999	0.947439547444793	0.404818143183826	"1e-05 to 1"	2.70759669304904e-05	-0.00578672010302905	174	"success"	"pgls5_castespolymorphic"
"OG0006793_00"	0.00844773989436468	0.445167137451463	1e-05	"1e-05 to 1"	0.00364802581698966	-0.00214471821895801	174	"success"	"pgls5_castespolymorphic"
"OG0006922_00"	-0.00931464696741574	0.246104978691414	1	"1e-05 to 1"	0.00920322003169316	0.00344277363652867	174	"success"	"pgls5_castespolymorphic"
"OG0006962_00"	0.00431283247293642	0.664676356673924	1	"1e-05 to 1"	0.00119986514792672	-0.00460711238028311	174	"success"	"pgls5_castespolymorphic"
"OG0007413_00"	-0.0225590487391449	0.109278413926414	1	"1e-05 to 1"	0.0170082087011327	0.0112931401470695	174	"success"	"pgls5_castespolymorphic"
"OG0007462_00"	-0.0116394793194037	0.324405615838406	1e-05	"1e-05 to 1"	0.0462485616267964	0.0407034951246267	174	"success"	"pgls5_castespolymorphic"
"OG0007548_00"	0.0199303932061013	0.190423395153823	0.253447038639692	"1e-05 to 1"	0.0107576514271336	0.0050062424238031	174	"success"	"pgls5_castespolymorphic"
"OG0007578_00"	-0.000335238466516626	0.948645342740619	1	"1e-05 to 1"	3.82329020811899e-05	-0.00577549830197643	174	"success"	"pgls5_castespolymorphic"
"OG0008004_00"	0.00654140518385817	0.602229463190436	0.553357907424258	"1e-05 to 1"	0.00172324329062177	-0.00408069134140954	174	"success"	"pgls5_castespolymorphic"
"OG0008175_00"	0.000921913405814072	0.938286981580593	1	"1e-05 to 1"	3.80583416709463e-05	-0.00577567387727296	174	"success"	"pgls5_castespolymorphic"
"OG0008180_00"	-0.00435479792872338	0.637677403254396	1	"1e-05 to 1"	0.00253151880188606	-0.003267716553917	174	"success"	"pgls5_castespolymorphic"
"OG0008300_00"	0.00881695849267373	0.213607481329402	1	"1e-05 to 1"	0.0167625273745238	0.0110460304406548	174	"success"	"pgls5_castespolymorphic"
"OG0008304_00"	0.00302347728096236	0.869093878665501	0.889978259175964	"1e-05 to 1"	0.000211354967203821	-0.00560136971321956	174	"success"	"pgls5_castespolymorphic"
"OG0008451_00"	-0.000432526638479931	0.889364327483215	1	"1e-05 to 1"	0.000126884406391755	-0.0056863313819433	174	"success"	"pgls5_castespolymorphic"
"OG0008460_00"	0.0218006692501938	0.0445497238857284	1e-05	"1e-05 to 1"	0.0262856664337876	0.0206245365874724	174	"success"	"pgls5_castespolymorphic"
"OG0008494_00"	-0.0146038735617319	0.34131303822259	0.902277926386239	"0.001 to 1"	0.00592002600497001	0.000140491272440757	174	"success"	"pgls5_castespolymorphic"
"OG0008548_00"	-0.00206465779261891	0.598666835128989	1	"1e-05 to 1"	0.00192851761441096	-0.00387422356224953	174	"success"	"pgls5_castespolymorphic"
"OG0008596_00"	-0.00500401940071945	0.81022941286813	1e-05	"1e-05 to 1"	0.000396224644890409	-0.00541542521182525	174	"success"	"pgls5_castespolymorphic"
"OG0008740_00"	-0.0101775111069643	0.205120556731576	1e-05	"1e-05 to 1"	0.011778923099524	0.00603345172219572	174	"success"	"pgls5_castespolymorphic"
"OG0008781_00"	0.00439354228296308	0.829739721116612	0.67732588797584	"1e-05 to 1"	0.000455459324382575	-0.00535584614466167	174	"success"	"pgls5_castespolymorphic"
"OG0008801_00"	-0.00125336055669792	0.809162639688489	0.24376350935537	"1e-05 to 1"	0.000403551741080842	-0.00540805551623857	174	"success"	"pgls5_castespolymorphic"
"OG0008807_00"	0.0196869491962057	0.0920659475620882	1	"1e-05 to 1"	0.0195816321393129	0.0138815253494253	174	"success"	"pgls5_castespolymorphic"
"OG0008822_00"	0.00586498231410547	0.714707678686487	0.992879485322381	"1e-05 to 1"	0.00163813564288978	-0.00416629380104694	174	"success"	"pgls5_castespolymorphic"
"OG0008825_00"	0.00823171406684976	0.503645998158434	0.975018879502104	"1e-05 to 1"	0.00311181891654996	-0.002684042601377	174	"success"	"pgls5_castespolymorphic"
"OG0008837_00"	-0.0103457483794958	0.411491953376019	1	"1e-05 to 1"	0.00675572539159768	0.000981049376432508	174	"success"	"pgls5_castespolymorphic"
"OG0008856_00"	0.020455593286401	0.25768984147117	1	"1e-05 to 1"	0.00941015487272234	0.00365091158709863	174	"success"	"pgls5_castespolymorphic"
"OG0008865_00"	0.00187653347571645	0.871360263292789	0.936606582029774	"1e-05 to 1"	0.000189306602484586	-0.00562354626610562	174	"success"	"pgls5_castespolymorphic"
"OG0008887_00"	0.00729735022657503	0.33183039613745	1e-05	"1e-05 to 1"	0.00672804223863012	0.000953205274901281	174	"success"	"pgls5_castespolymorphic"
"OG0008892_00"	-0.00400647856241937	0.489907606289675	1	"1e-05 to 1"	0.0033398543735624	-0.00245468135682381	174	"success"	"pgls5_castespolymorphic"
"OG0008935_00"	0.00757817008608128	0.281065492785002	0.626907538175027	"1e-05 to 1"	0.00967603426563544	0.00391833679043563	174	"success"	"pgls5_castespolymorphic"
"OG0008993_00"	-0.00263208891226589	0.376569423590305	1e-05	"1e-05 to 1"	0.00588348702016871	0.000103739851681328	174	"success"	"pgls5_castespolymorphic"
"OG0009004_00"	-0.00969193795814922	0.411395076962271	1	"1e-05 to 1"	0.00704058615297702	0.00126756630502922	174	"success"	"pgls5_castespolymorphic"
"OG0009008_00"	0.00721946149683517	0.495327837699514	1e-05	"1e-05 to 1"	0.0034002768861003	-0.00239390755060853	174	"success"	"pgls5_castespolymorphic"
"OG0009017_00"	-0.0278648399138832	0.0685143653410516	0.755954587067799	"1e-05 to 1"	0.0334598883189619	0.0278404690650025	174	"success"	"pgls5_castespolymorphic"
"OG0009044_00"	-0.0217596916756125	0.192950099970788	1e-05	"1e-05 to 1"	0.0125226327556566	0.00678148527167777	174	"success"	"pgls5_castespolymorphic"
"OG0009052_00"	0.031236783799231	0.0752627651285365	1e-05	"1e-05 to 1"	0.0235985701167429	0.0179218176174216	174	"success"	"pgls5_castespolymorphic"
"OG0009054_00"	0.0108845002551274	0.235690576788258	1	"1e-05 to 1"	0.010029457244389	0.00427381455394948	174	"success"	"pgls5_castespolymorphic"
"OG0009073_00"	-0.00193697481683065	0.876476468753003	1	"1e-05 to 1"	0.00027296171737038	-0.00553940478427273	174	"success"	"pgls5_castespolymorphic"
"OG0009100_00"	-0.0107776587415752	0.548788977499042	0.779416018455573	"1e-05 to 1"	0.00268917407785404	-0.00310914467750711	174	"success"	"pgls5_castespolymorphic"
"OG0009129_00"	0.000776363285732829	0.905466249493796	0.945648727333036	"1e-05 to 1"	0.000107246038817193	-0.00570608392607341	174	"success"	"pgls5_castespolymorphic"
"OG0009135_00"	0.00244000050142052	0.808988826927819	1	"1e-05 to 1"	0.00041878939200379	-0.00539272927432188	174	"success"	"pgls5_castespolymorphic"
"OG0009223_00"	-0.0200055884606051	0.270413426910772	0.795556603889466	"1e-05 to 1"	0.00879482330133471	0.00303200250657509	174	"success"	"pgls5_castespolymorphic"
"OG0009229_00"	0.0122322618179304	0.375082219599426	1e-05	"1e-05 to 1"	0.00972555208635742	0.00396814250546418	174	"success"	"pgls5_castespolymorphic"
"OG0009296_00"	-0.000386558873009447	0.892800969335724	1	"1e-05 to 1"	0.000196307397430762	-0.00561650476886322	174	"success"	"pgls5_castespolymorphic"
"OG0009327_00"	-0.00229275952925177	0.513576505710641	1e-05	"1e-05 to 1"	0.0049789666881872	-0.000806039319439567	174	"success"	"pgls5_castespolymorphic"
"OG0009355_00"	-0.00855643307741285	0.528427512588661	1e-05	"1e-05 to 1"	0.00323891329819429	-0.00255620929890932	174	"success"	"pgls5_castespolymorphic"
"OG0009394_00"	-0.00175632226577765	0.834489080256791	1e-05	"1e-05 to 1"	0.000342363290055887	-0.00546959971407168	174	"success"	"pgls5_castespolymorphic"
"OG0009405_00"	-0.012088628166581	0.161312714898169	1e-05	"1e-05 to 1"	0.0156343331627751	0.00991127696023308	174	"success"	"pgls5_castespolymorphic"
"OG0009411_00"	0.00204739732177673	0.829154998104319	1	"1e-05 to 1"	0.000441256410384847	-0.00537013163374089	174	"success"	"pgls5_castespolymorphic"
"OG0009428_00"	0.0330886972159676	0.157581872939035	0.879018157456369	"1e-05 to 1"	0.0200723229554283	0.0143750690191227	174	"success"	"pgls5_castespolymorphic"
"OG0009529_00"	0.00958699655111785	0.616187597578908	1e-05	"1e-05 to 1"	0.00319560741133664	-0.00259976696417885	174	"success"	"pgls5_castespolymorphic"
"OG0009557_00"	0.00827297986289634	0.220461469521922	1	"1e-05 to 1"	0.0117982069530615	0.00605284769116066	174	"success"	"pgls5_castespolymorphic"
"OG0009580_00"	-0.00126728520797699	0.715300211158864	1	"1e-05 to 1"	0.00155479072580046	-0.00425012328160768	174	"success"	"pgls5_castespolymorphic"
"OG0009585_00"	-0.0078262913269386	0.276119168721643	0.614660977908213	"1e-05 to 1"	0.00995917063503016	0.00420311930151285	174	"success"	"pgls5_castespolymorphic"
"OG0009603_00"	-0.00642489929525097	0.265683902661329	0.281443953525816	"1e-05 to 1"	0.0108558797360575	0.00510504182754623	174	"success"	"pgls5_castespolymorphic"
"OG0009648_00"	-0.00598332469228571	0.275621947039825	1e-05	"1e-05 to 1"	0.00981489512379498	0.00405800497916575	174	"success"	"pgls5_castespolymorphic"
"OG0009708_00"	-0.000275344273418392	0.854751935722108	1	"1e-05 to 1"	0.000285152464411797	-0.00552714316079528	174	"success"	"pgls5_castespolymorphic"
"OG0009734_00"	0.00310623270883428	0.896336568926686	0.522018333265625	"1e-05 to 1"	0.000198522179466922	-0.00561427711018747	174	"success"	"pgls5_castespolymorphic"
"OG0009741_00"	-0.00595889124405793	0.0403710170311975	1	"1e-05 to 1"	0.0339942544393062	0.0283779419651162	174	"success"	"pgls5_castespolymorphic"
"OG0009780_00"	-0.00896288808039062	0.267275093771102	1	"1e-05 to 1"	0.0113827200452112	0.00563494516175311	174	"success"	"pgls5_castespolymorphic"
"OG0009787_00"	0.0161773953535	0.0525660649505091	1e-05	"1e-05 to 1"	0.0343502940851903	0.0287360516089413	174	"success"	"pgls5_castespolymorphic"
"OG0009800_00"	0.00748848935629107	0.735670198720914	1	"1e-05 to 1"	0.00114474416573557	-0.00466255383330094	174	"success"	"pgls5_castespolymorphic"
"OG0009807_00"	-0.00936248285369594	0.559306402699254	1	"1e-05 to 1"	0.00297289047804008	-0.0028237787633667	174	"success"	"pgls5_castespolymorphic"
"OG0009816_00"	0.00293474247573858	0.741414777682076	1e-05	"1e-05 to 1"	0.00101237872328093	-0.00479568884228132	174	"success"	"pgls5_castespolymorphic"
"OG0009840_00"	-0.00221823257106963	0.446890295310518	1e-05	"1e-05 to 1"	0.00658979906014532	0.000814158357006711	174	"success"	"pgls5_castespolymorphic"
"OG0009844_00"	-0.00209382089987471	0.470590666622757	1e-05	"1e-05 to 1"	0.00607013640283221	0.000291474405174075	174	"success"	"pgls5_castespolymorphic"
"OG0009845_00"	-0.01162626034262	0.304366115632486	0.180504728243176	"1e-05 to 1"	0.0117178865956169	0.00597206035489362	174	"success"	"pgls5_castespolymorphic"
"OG0009864_00"	0.001182651551696	0.943457730341816	1	"1e-05 to 1"	4.67919332293496e-05	-0.00576688950901927	174	"success"	"pgls5_castespolymorphic"
"OG0009892_00"	-0.00506907001832253	0.621562603824532	0.733572593298702	"1e-05 to 1"	0.00230704533489749	-0.00349349509920183	174	"success"	"pgls5_castespolymorphic"
"OG0009896_00"	-0.00364206833854244	0.732358236906803	1e-05	"1e-05 to 1"	0.00114038223434906	-0.00466694112475352	174	"success"	"pgls5_castespolymorphic"
"OG0009923_00"	-0.00623270645559715	0.695412201932649	1	"1e-05 to 1"	0.00149436273600936	-0.0043109025969208	174	"success"	"pgls5_castespolymorphic"
"OG0009960_00"	-0.0153558660490131	0.0487951303442584	1	"1e-05 to 1"	0.0375267984572548	0.0319310240296807	174	"success"	"pgls5_castespolymorphic"
"OG0009972_00"	0.000590010383847466	0.945293160972446	1e-05	"1e-05 to 1"	4.82907236842946e-05	-0.00576538200466636	174	"success"	"pgls5_castespolymorphic"
"OG0009973_00"	-0.000494573896128628	0.977419499975478	1e-05	"1e-05 to 1"	8.05142296828257e-06	-0.00580585525480526	174	"success"	"pgls5_castespolymorphic"
"OG0009980_00"	0.0291754585966297	0.0742922511677646	1	"1e-05 to 1"	0.0321434197675102	0.0265163466266236	174	"success"	"pgls5_castespolymorphic"
"OG0010020_00"	0.00158871623661008	0.604255208278659	1e-05	"1e-05 to 1"	0.00272341019486748	-0.00307470951330191	174	"success"	"pgls5_castespolymorphic"
"OG0010028_00"	-0.00220661541483548	0.845135934869349	1e-05	"1e-05 to 1"	0.000407965921702194	-0.00540361567177627	174	"success"	"pgls5_castespolymorphic"
"OG0010033_00"	-0.01285851060016	0.288633424901286	1e-05	"1e-05 to 1"	0.0106159253430281	0.00486369235083628	174	"success"	"pgls5_castespolymorphic"
"OG0010040_00"	-0.0020892687607181	0.743756630234386	1	"1e-05 to 1"	0.00109530560106833	-0.00471227983148359	174	"success"	"pgls5_castespolymorphic"
"OG0010067_00"	-0.0074271283989785	0.224383016789361	1e-05	"1e-05 to 1"	0.0142976906738209	0.00856686329401757	174	"success"	"pgls5_castespolymorphic"
"OG0010073_00"	-0.00519831399599643	0.722352442703445	1e-05	"1e-05 to 1"	0.00136391165903471	-0.00444211211038947	174	"success"	"pgls5_castespolymorphic"
"OG0010092_00"	0.00418125096146787	0.745275012773856	1	"1e-05 to 1"	0.00109311062370592	-0.00471448757034243	174	"success"	"pgls5_castespolymorphic"
"OG0010116_00"	0.00816615901448306	0.421378629334091	1e-05	"1e-05 to 1"	0.00681746007082919	0.00104314297821773	174	"success"	"pgls5_castespolymorphic"
"OG0010117_00"	0.0560269455913824	0.0109484650480587	0.989342223386705	"1e-05 to 1"	0.065537809677517	0.0601048899663398	174	"success"	"pgls5_castespolymorphic"
"OG0010127_00"	-0.00657049041075819	0.739967307688061	0.943318016432461	"1e-05 to 1"	0.00117742123444183	-0.00462968678163689	174	"success"	"pgls5_castespolymorphic"
"OG0010143_00"	-0.00993539103199591	0.46485622050182	0.723594112935022	"1e-05 to 1"	0.00637677051440928	0.000599891273214026	174	"success"	"pgls5_castespolymorphic"
"OG0010151_00"	-0.00720366920707792	0.231245463860235	1	"1e-05 to 1"	0.0150512381519323	0.00932479186211788	174	"success"	"pgls5_castespolymorphic"
"OG0010155_00"	-0.0120023230825114	0.510486181264351	0.798124880339977	"1e-05 to 1"	0.00457219772494297	-0.00121517321851661	174	"success"	"pgls5_castespolymorphic"
"OG0010160_00"	0.0453762573104374	0.00969279787158328	0.704844843264909	"1e-05 to 1"	0.0683478360671487	0.0629312537187019	174	"success"	"pgls5_castespolymorphic"
"OG0010166_00"	0.0301326804899113	0.17759898552159	0.902306924196431	"1e-05 to 1"	0.021279798795563	0.0155895650676302	174	"success"	"pgls5_castespolymorphic"
"OG0010169_00"	0.0229175913212544	0.167459746831989	0.971939198554866	"1e-05 to 1"	0.0203891900397977	0.0146937783539826	174	"success"	"pgls5_castespolymorphic"
"OG0010179_00"	-0.00213479694349587	0.944719767092237	0.759269757216526	"1e-05 to 1"	5.3123740130721e-05	-0.00576052088928725	174	"success"	"pgls5_castespolymorphic"
"OG0010187_00"	-0.00318346602491968	0.832686374477377	1e-05	"1e-05 to 1"	0.000477202332953469	-0.00533397672325031	174	"success"	"pgls5_castespolymorphic"
"OG0010214_00"	-0.00524871566898098	0.500238891910565	1e-05	"1e-05 to 1"	0.00490062208849094	-0.000884839410994598	174	"success"	"pgls5_castespolymorphic"
"OG0010224_00"	0.00200067084361538	0.822709701327731	1	"1e-05 to 1"	0.000542584262015405	-0.0052682146666938	174	"success"	"pgls5_castespolymorphic"
"OG0010263_00"	0.00379311988779718	0.672221271641197	0.618465770707202	"1e-05 to 1"	0.00197607714495869	-0.00382638752280329	174	"success"	"pgls5_castespolymorphic"
"OG0010287_00"	-0.00182239337862447	0.692670885841276	0.811564449051331	"1e-05 to 1"	0.00168729688108022	-0.00411684674170409	174	"success"	"pgls5_castespolymorphic"
"OG0010314_00"	-0.00768444839551608	0.524798178204195	1e-05	"1e-05 to 1"	0.00471918848478914	-0.00106732786122965	174	"success"	"pgls5_castespolymorphic"
"OG0010328_00"	0.0138091398771722	0.144535905039185	1e-05	"1e-05 to 1"	0.0232496089269004	0.0175708275834521	174	"success"	"pgls5_castespolymorphic"
"OG0010334_00"	0.00492837402540672	0.63891011862106	0.619775440755098	"1e-05 to 1"	0.00248466652243786	-0.00331484123033876	174	"success"	"pgls5_castespolymorphic"
"OG0010397_00"	-0.00625151085936108	0.470739248452134	0.735259139088423	"1e-05 to 1"	0.00628596575800741	0.000508558582182017	174	"success"	"pgls5_castespolymorphic"
"OG0010427_00"	0.0450859794566292	0.044736582707408	0.329659730669157	"1e-05 to 1"	0.0465545827994869	0.0410112954901816	174	"success"	"pgls5_castespolymorphic"
"OG0010429_00"	0.00135343421626692	0.830791067684734	1	"1e-05 to 1"	0.000546692998613234	-0.00526408204209261	174	"success"	"pgls5_castespolymorphic"
"OG0010434_00"	0.00717679626021392	0.407810343575035	1	"1e-05 to 1"	0.0076262136611434	0.00185659862428955	174	"success"	"pgls5_castespolymorphic"
"OG0010517_00"	0.0225062261235042	0.095865306543367	0.914989389906162	"1e-05 to 1"	0.033052563109216	0.0274307756854324	174	"success"	"pgls5_castespolymorphic"
"OG0010540_00"	-0.0144427147435854	0.417246552104947	0.487697469790871	"1e-05 to 1"	0.00834765417950653	0.00258223356427112	174	"success"	"pgls5_castespolymorphic"
"OG0010546_00"	0.00970259530626283	0.680805950754004	0.86332525220729	"1e-05 to 1"	0.00207412376931843	-0.0037277708599297	174	"success"	"pgls5_castespolymorphic"
"OG0010564_00"	0.013192298210198	0.203094666114466	1e-05	"1e-05 to 1"	0.0212274141437745	0.0155368758539126	174	"success"	"pgls5_castespolymorphic"
"OG0000067_00"	-0.0278093196030725	0.137702513286452	0.975046106157769	"1e-05 to 1"	0.0202881650205938	0.0145921659800158	174	"success"	"pgls5_castespolymorphic"
"OG0000081_00"	0.00993421517312679	0.502650333295792	1	"1e-05 to 1"	0.00372195082910246	-0.00207036341026323	174	"success"	"pgls5_castespolymorphic"
"OG0000088_00"	0.00617342481597878	0.62345160998369	0.183179813896548	"1e-05 to 1"	0.00298982022731579	-0.00280675058531599	174	"success"	"pgls5_castespolymorphic"
"OG0000101_00"	0.057180155475085	0.00188022149811395	1	"1e-05 to 1"	0.099187198765094	0.0939499150369841	174	"success"	"pgls5_castespolymorphic"
"OG0000116_00"	-0.00979771674329008	0.580530769357083	1e-05	"1e-05 to 1"	0.00281054800479435	-0.00298706508820112	174	"success"	"pgls5_castespolymorphic"
"OG0000128_00"	-0.0123300168238129	0.342046007504982	0.970364673745589	"1e-05 to 1"	0.008942198571233	0.00318023460943795	174	"success"	"pgls5_castespolymorphic"
"OG0000155_00"	-0.0158784335087628	0.446599122296066	0.506184479956287	"1e-05 to 1"	0.00500270168014987	-0.000782166333337608	174	"success"	"pgls5_castespolymorphic"
"OG0000185_00"	-0.0313120019020063	0.357669380132161	1e-05	"1e-05 to 1"	0.0102026260298954	0.0044479901347203	174	"success"	"pgls5_castespolymorphic"
"OG0000204_00"	0.0038045419045915	0.688885533058355	1e-05	"1e-05 to 1"	0.00156260692582154	-0.00424226163856312	174	"success"	"pgls5_castespolymorphic"
"OG0000260_00"	0.00567383182613572	0.75873581398509	1e-05	"1e-05 to 1"	0.00111575675188797	-0.00469170977862432	174	"success"	"pgls5_castespolymorphic"
"OG0000293_00"	0.00146044339676054	0.846940248185801	1e-05	"1e-05 to 1"	0.000440820760841434	-0.00537056981613038	174	"success"	"pgls5_castespolymorphic"
"OG0000306_00"	-0.044997238618523	0.0315855016020543	0.674699361861577	"1e-05 to 1"	0.0449362676647171	0.0393835715464885	174	"success"	"pgls5_castespolymorphic"
"OG0000326_00"	0.010932484796447	0.517258473882008	1e-05	"1e-05 to 1"	0.00507010221682671	-0.000714373933075496	174	"success"	"pgls5_castespolymorphic"
"OG0000370_00"	0.0150674589737718	0.570309654468661	1e-05	"1e-05 to 1"	0.00260519767575187	-0.00319360931450552	174	"success"	"pgls5_castespolymorphic"
"OG0000405_00"	-0.00434753807444124	0.714556158478043	1e-05	"1e-05 to 1"	0.00122087211571532	-0.00458598327896076	174	"success"	"pgls5_castespolymorphic"
"OG0000421_00"	0.0131943324486579	0.46420577509546	1	"1e-05 to 1"	0.00617420429130967	0.000396147339514985	174	"success"	"pgls5_castespolymorphic"
"OG0000447_00"	0.0365288375061959	0.0763877066514476	1e-05	"1e-05 to 1"	0.0277691704678007	0.0221166656449391	174	"success"	"pgls5_castespolymorphic"
"OG0000478_00"	-0.0162570564979504	0.395089463591377	0.91281924765769	"1e-05 to 1"	0.00832590655473454	0.00256035949982014	174	"success"	"pgls5_castespolymorphic"
"OG0000503_00"	-0.0124673312270347	0.627150101123171	1e-05	"1e-05 to 1"	0.00225527483489626	-0.00354556659048222	174	"success"	"pgls5_castespolymorphic"
"OG0000570_00"	-0.0159552102226359	0.497460664527683	0.560927481366297	"1e-05 to 1"	0.00524722340902679	-0.000536222966502242	174	"success"	"pgls5_castespolymorphic"
"OG0000636_00"	0.0427603139621599	1.96962065059925e-05	1	"1e-05 to 1"	0.173661331382195	0.168857036797208	174	"success"	"pgls5_castespolymorphic"
"OG0000643_00"	-0.00649923081403946	0.62667504701515	0.958409269136526	"1e-05 to 1"	0.00282942803175887	-0.00296807529363785	174	"success"	"pgls5_castespolymorphic"
"OG0000738_00"	0.0030842810089942	0.722121577863465	0.791586277012496	"1e-05 to 1"	0.00105774843939357	-0.00475005534874939	174	"success"	"pgls5_castespolymorphic"
"OG0000762_00"	-0.0120455283905605	0.26655175463213	1e-05	"1e-05 to 1"	0.0120877824236243	0.00634410674004071	174	"success"	"pgls5_castespolymorphic"
"OG0000773_00"	-0.00275302551876362	0.613924535446295	0.807584249795314	"1e-05 to 1"	0.00222021142810845	-0.0035808338542862	174	"success"	"pgls5_castespolymorphic"
"OG0000800_00"	-0.0084050707350114	0.419295921082816	1e-05	"1e-05 to 1"	0.00450389634691636	-0.00128387169757826	174	"success"	"pgls5_castespolymorphic"
"OG0000804_00"	0.00401568570423026	0.715356904347339	1	"1e-05 to 1"	0.00143662124717166	-0.00436897979208895	174	"success"	"pgls5_castespolymorphic"
"OG0000853_00"	0.00517484299797786	0.723201375210652	1e-05	"1e-05 to 1"	0.00132657028866928	-0.00447967058174559	174	"success"	"pgls5_castespolymorphic"
"OG0000866_00"	0.0128592290928696	0.115479089473473	0.868302768596746	"1e-05 to 1"	0.0258765245963212	0.0202130160183928	174	"success"	"pgls5_castespolymorphic"
"OG0000898_00"	-0.0658575283750232	0.105386787512143	0.559767743150614	"1e-05 to 1"	0.0211768833568755	0.015486051283369	174	"success"	"pgls5_castespolymorphic"
"OG0000911_00"	0.0134202344962756	0.504904161496575	1e-05	"1e-05 to 1"	0.00531045036529536	-0.000472628411650522	174	"success"	"pgls5_castespolymorphic"
"OG0000918_00"	-0.0108581814414093	0.303623219659251	0.795476294904271	"1e-05 to 1"	0.0125929336240555	0.00685219486605593	174	"success"	"pgls5_castespolymorphic"
"OG0000922_00"	-0.00116813351737859	0.923813068056488	0.933308600532148	"1e-05 to 1"	9.57577294631803e-05	-0.00571763902792366	174	"success"	"pgls5_castespolymorphic"
"OG0000951_00"	0.0287326390061836	0.0207708956395458	1e-05	"1e-05 to 1"	0.064248474703398	0.0588080588586504	174	"success"	"pgls5_castespolymorphic"
"OG0000981_00"	-0.00262200789915829	0.788993928536568	1	"1e-05 to 1"	0.000889263925472645	-0.00491951942379787	174	"success"	"pgls5_castespolymorphic"
"OG0001007_00"	-0.0370373893514563	0.121030919057709	0.263657776240116	"1e-05 to 1"	0.0217140592459426	0.0160263502880701	174	"success"	"pgls5_castespolymorphic"
"OG0001081_00"	0.0242954237001986	0.107726495586932	0.977294934985285	"1e-05 to 1"	0.0264541162134426	0.0207939657263115	174	"success"	"pgls5_castespolymorphic"
"OG0001105_00"	0.000459346373092678	0.978469181189312	0.97139834137154	"1e-05 to 1"	7.78981048768296e-06	-0.00580611838828848	174	"success"	"pgls5_castespolymorphic"
"OG0001121_00"	0.00502156520099892	0.576211086794103	1e-05	"1e-05 to 1"	0.00316650588846431	-0.00262903768195155	174	"success"	"pgls5_castespolymorphic"
"OG0001144_00"	-0.0162059945605147	0.435555315496307	1e-05	"1e-05 to 1"	0.00641272658237858	0.000636056388090056	174	"success"	"pgls5_castespolymorphic"
"OG0001151_00"	-0.00724384433335624	0.64310077345583	1e-05	"1e-05 to 1"	0.00207231364970799	-0.00372959150349139	174	"success"	"pgls5_castespolymorphic"
"OG0001189_00"	-0.0197298737642224	0.571460673082834	0.533015791240853	"1e-05 to 1"	0.00286799653628346	-0.00292928255362179	174	"success"	"pgls5_castespolymorphic"
"OG0001240_00"	-0.00536844567804579	0.691076628272634	0.962439316046006	"1e-05 to 1"	0.0015546553895131	-0.004250259404734	174	"success"	"pgls5_castespolymorphic"
"OG0001274_00"	0.00964375256198785	0.111840242955033	1	"1e-05 to 1"	0.0284774759390378	0.0228290891712415	174	"success"	"pgls5_castespolymorphic"
"OG0001277_00"	-0.00462440660703271	0.506755083312201	1e-05	"1e-05 to 1"	0.00520242935646795	-0.000581277449599016	174	"success"	"pgls5_castespolymorphic"
"OG0001284_00"	-0.025957315316654	0.30028237227478	0.62493319285351	"1e-05 to 1"	0.0134050758128165	0.0076690588117283	174	"success"	"pgls5_castespolymorphic"
"OG0001296_01"	5.87154034186461e-05	0.99712134953149	1	"1e-05 to 1"	1.48759410259223e-07	-0.00581380386408159	174	"success"	"pgls5_castespolymorphic"
"OG0001355_00"	-0.000106869658434122	0.996351996010586	1e-05	"1e-05 to 1"	2.23571089673035e-07	-0.00581372861745066	174	"success"	"pgls5_castespolymorphic"
"OG0001381_00"	0.00959585370551842	0.437512903786953	1e-05	"1e-05 to 1"	0.00727983945860686	0.00150821061824991	174	"success"	"pgls5_castespolymorphic"
"OG0001429_00"	-0.0128874907849144	0.49813258028024	0.133563323771026	"1e-05 to 1"	0.00425980296207817	-0.00152938423000282	174	"success"	"pgls5_castespolymorphic"
"OG0001470_00"	0.0222961854920749	0.0856617335824172	1e-05	"1e-05 to 1"	0.0335734042196991	0.0279546449419068	174	"success"	"pgls5_castespolymorphic"
"OG0001471_00"	0.0121261403891738	0.492480765864685	1	"1e-05 to 1"	0.00458550531380456	-0.00120178825995243	174	"success"	"pgls5_castespolymorphic"
"OG0001512_00"	0.0190179621513079	0.0280365796083499	1	"1e-05 to 1"	0.0497830756165392	0.0442585586143097	174	"success"	"pgls5_castespolymorphic"
"OG0001520_00"	0.00422975319889306	0.879565203004037	0.231093312074038	"1e-05 to 1"	0.000268479070093627	-0.00554391349345229	174	"success"	"pgls5_castespolymorphic"
"OG0001532_01"	0.0144366176754477	0.376798753065653	1e-05	"1e-05 to 1"	0.00965619760296263	0.00389838479832871	174	"success"	"pgls5_castespolymorphic"
"OG0001575_00"	0.0140566992179129	0.015937994843862	1e-05	"1e-05 to 1"	0.0596242987179052	0.0541569981290558	174	"success"	"pgls5_castespolymorphic"
"OG0001714_00"	0.00515553927004317	0.472667249050089	0.956007688329032	"1e-05 to 1"	0.00615728777371176	0.000379132470070487	174	"success"	"pgls5_castespolymorphic"
"OG0001774_01"	0.00890950985102087	0.152847680640102	1	"1e-05 to 1"	0.0236176830540094	0.0179410416764164	174	"success"	"pgls5_castespolymorphic"
"OG0001851_00"	0.00481754869370575	0.0418009692379886	1e-05	"1e-05 to 1"	0.0428952143000782	0.0373306515925205	174	"success"	"pgls5_castespolymorphic"
"OG0001852_00"	-0.00925781534452255	0.586388661468189	0.683212710284319	"1e-05 to 1"	0.00358161349828162	-0.00221151665579833	174	"success"	"pgls5_castespolymorphic"
"OG0001854_00"	-0.020311889535796	0.139481897432626	0.609843296173492	"1e-05 to 1"	0.0243716052825478	0.0186993471737255	174	"success"	"pgls5_castespolymorphic"
"OG0001864_01"	-0.00859091118327491	0.349356826896716	1e-05	"1e-05 to 1"	0.0104334731683376	0.00468017940768839	174	"success"	"pgls5_castespolymorphic"
"OG0001898_00"	0.0111604541403314	0.287330739045715	1	"1e-05 to 1"	0.0113130755026509	0.0055648957090616	174	"success"	"pgls5_castespolymorphic"
"OG0001937_00"	-0.000187578271529532	0.893899963851577	1	"1e-05 to 1"	0.000186240074778839	-0.00562663062246083	174	"success"	"pgls5_castespolymorphic"
"OG0001971_00"	0.0278267793800607	0.263674273982529	0.919816536473531	"1e-05 to 1"	0.0143393531736277	0.00860876801766042	174	"success"	"pgls5_castespolymorphic"
"OG0002002_00"	-0.00457184483360613	0.682964814742416	1	"1e-05 to 1"	0.00152217966244146	-0.00428292394417218	174	"success"	"pgls5_castespolymorphic"
"OG0002030_00"	-0.000652032244550049	0.902728523470171	1	"1e-05 to 1"	0.000176745473633958	-0.00563618042477509	174	"success"	"pgls5_castespolymorphic"
"OG0002089_00"	0.0148994007716998	0.246011886609319	0.923160989788173	"1e-05 to 1"	0.013849156274156	0.00811572113621495	174	"success"	"pgls5_castespolymorphic"
"OG0002123_00"	0.00869898602960524	0.0776411303774842	1e-05	"1e-05 to 1"	0.0280336627425288	0.0223826956654505	174	"success"	"pgls5_castespolymorphic"
"OG0002192_00"	0.0126162355188044	0.248360350737061	0.910238995713677	"1e-05 to 1"	0.0122058457911183	0.00646285652246192	174	"success"	"pgls5_castespolymorphic"
"OG0002224_00"	0.00983088278620088	0.408418607789973	1	"1e-05 to 1"	0.0074408874117943	0.00167019489674658	174	"success"	"pgls5_castespolymorphic"
"OG0002280_00"	-0.0152413001856864	0.0256056710926709	1	"1e-05 to 1"	0.0503196076183709	0.0447982099882451	174	"success"	"pgls5_castespolymorphic"
"OG0002469_00"	0.017089257512874	0.529955875473677	0.85458443756927	"1e-05 to 1"	0.00444735835314293	-0.00134073840061788	174	"success"	"pgls5_castespolymorphic"
"OG0002552_00"	0.0271735031568549	0.0141486034759017	1	"1e-05 to 1"	0.0564986108734548	0.0510131376808586	174	"success"	"pgls5_castespolymorphic"
"OG0002588_00"	0.00619181692075328	0.737218410548466	0.905977744698044	"1e-05 to 1"	0.00131591155554248	-0.00449039128425088	174	"success"	"pgls5_castespolymorphic"
"OG0002681_00"	-0.00477106888766276	0.801642778804321	0.365919913452021	"1e-05 to 1"	0.000704905528927374	-0.00510494967148589	174	"success"	"pgls5_castespolymorphic"
"OG0002796_00"	0.00250256676874349	0.869415879504309	1	"1e-05 to 1"	0.000188326200899196	-0.00562453236770022	174	"success"	"pgls5_castespolymorphic"
"OG0002951_00"	0.00994356400282755	0.392128364227598	1e-05	"1e-05 to 1"	0.007885701413998	0.00211759502687014	174	"success"	"pgls5_castespolymorphic"
"OG0002963_00"	-0.0037201154472072	0.667060157436289	0.914634151719695	"1e-05 to 1"	0.00183967671373526	-0.00396358097978933	174	"success"	"pgls5_castespolymorphic"
"OG0002968_00"	0.000791167320969848	0.975111942009687	0.876144154486836	"1e-05 to 1"	8.35431883764709e-06	-0.00580555059791332	174	"success"	"pgls5_castespolymorphic"
"OG0002988_00"	0.00349390385754226	0.855599438411992	0.29084697617802	"1e-05 to 1"	0.00034311002987978	-0.00546884863273722	174	"success"	"pgls5_castespolymorphic"
"OG0003018_00"	0.0142070355753621	0.40877959204525	0.985425363472499	"1e-05 to 1"	0.0079487436222281	0.00218100375956665	174	"success"	"pgls5_castespolymorphic"
"OG0003052_00"	-0.00350394311479679	0.753830212077466	0.886083626735158	"0.001 to 1"	0.00122085144039587	-0.00458600407448562	174	"success"	"pgls5_castespolymorphic"
"OG0003162_00"	0.00848802473524085	0.680359816631672	0.830412536750576	"1e-05 to 1"	0.00183311190167309	-0.00397018395936355	174	"success"	"pgls5_castespolymorphic"
"OG0003199_00"	0.00106188086132653	0.95687075653512	0.916501498915	"1e-05 to 1"	3.16178201691765e-05	-0.00578215184366715	174	"success"	"pgls5_castespolymorphic"
"OG0003246_00"	0.00671966421410015	0.692992406379315	1e-05	"1e-05 to 1"	0.00147628508278234	-0.00432908535278287	174	"success"	"pgls5_castespolymorphic"
"OG0003257_00"	-0.00263418286453582	0.892335962004221	1	"1e-05 to 1"	0.00019802446368186	-0.0056147777196689	174	"success"	"pgls5_castespolymorphic"
"OG0003322_00"	0.0145093351366454	0.149096296758433	0.120428104099733	"1e-05 to 1"	0.0240500760669166	0.0183759486021893	174	"success"	"pgls5_castespolymorphic"
"OG0003334_00"	0.0150543212609018	0.178224965083064	1e-05	"1e-05 to 1"	0.0194019710965934	0.0137008197657597	174	"success"	"pgls5_castespolymorphic"
"OG0003349_00"	-0.000651871586104335	0.973215949083582	1	"1e-05 to 1"	1.45452663597892e-05	-0.00579932365651015	174	"success"	"pgls5_castespolymorphic"
"OG0003372_00"	0.0724104215374332	0.0193170065335013	0.701007606132511	"1e-05 to 1"	0.0627086882370726	0.0572593201454278	174	"success"	"pgls5_castespolymorphic"
"OG0003396_00"	0.060918706905833	0.213509987289796	0.512620078181013	"1e-05 to 1"	0.0192761835976673	0.0135743009441655	174	"success"	"pgls5_castespolymorphic"
"OG0003412_00"	0.00211600069472204	0.785456172636339	1	"1e-05 to 1"	0.000800763290380512	-0.00500853459746597	174	"success"	"pgls5_castespolymorphic"
"OG0003434_00"	0.0172258700036199	0.297729877811884	0.16968489199684	"1e-05 to 1"	0.0124571354203458	0.00671560713790598	174	"success"	"pgls5_castespolymorphic"
"OG0003450_00"	-0.0779430977710072	0.00232155080940943	1	"1e-05 to 1"	0.101682368963019	0.0964595920383856	174	"success"	"pgls5_castespolymorphic"
"OG0003470_00"	-0.00745213630622101	0.640102263278082	0.862415926368843	"1e-05 to 1"	0.0025836901434447	-0.00321524189060507	174	"success"	"pgls5_castespolymorphic"
"OG0003831_00"	-0.0110335239974867	0.270440360406295	1	"1e-05 to 1"	0.00905612291940114	0.00329482130846748	174	"success"	"pgls5_castespolymorphic"
"OG0003950_00"	-0.0143002375428142	0.398820446955609	0.468377132335806	"1e-05 to 1"	0.00810260110756496	0.00233575576516709	174	"success"	"pgls5_castespolymorphic"
"OG0004008_00"	-0.00705938521704389	0.452846267256517	0.805930283101043	"1e-05 to 1"	0.00458953680515592	-0.00119773332969775	174	"success"	"pgls5_castespolymorphic"
"OG0004300_00"	0.0153697165073292	0.615195499930634	0.833374023152873	"1e-05 to 1"	0.00288353526312203	-0.00291365348534822	174	"success"	"pgls5_castespolymorphic"
"OG0004328_00"	0.0439580252753442	0.0526594451904767	0.894006459180917	"1e-05 to 1"	0.034323640102756	0.028709242661493	174	"success"	"pgls5_castespolymorphic"
"OG0004573_00"	0.00285241628290886	0.812558707315384	0.150318834792899	"1e-05 to 1"	0.000642399396968954	-0.00516781921118814	174	"success"	"pgls5_castespolymorphic"
"OG0004585_00"	-0.00137908400238691	0.905085154295688	1	"1e-05 to 1"	0.000170260240235673	-0.00564270336301864	174	"success"	"pgls5_castespolymorphic"
"OG0005277_00"	0.023214480110985	0.096643749814149	1e-05	"1e-05 to 1"	0.0332977273925358	0.0276773653424924	174	"success"	"pgls5_castespolymorphic"
"OG0005478_00"	0.00824251482565308	0.705952256978001	0.530314447626043	"1e-05 to 1"	0.00125341851754026	-0.00455324765386944	174	"success"	"pgls5_castespolymorphic"
"OG0005918_00"	-0.0118424296634352	0.220696331797195	1e-05	"1e-05 to 1"	0.0157456853915402	0.010023276585677	174	"success"	"pgls5_castespolymorphic"
"OG0006546_00"	0.0068320494730252	0.437038998535572	1	"1e-05 to 1"	0.00512755764905037	-0.000656584457641163	174	"success"	"pgls5_castespolymorphic"
"OG0006867_00"	0.00913755346352969	0.142875288772178	1	"1e-05 to 1"	0.0250841794762029	0.0194160642405994	174	"success"	"pgls5_castespolymorphic"
"OG0007674_00"	0.0153982145115683	0.392320036153831	1e-05	"1e-05 to 1"	0.00852165394648858	0.00275724495780549	174	"success"	"pgls5_castespolymorphic"
"OG0007678_00"	-0.00521932963317411	0.598506502242773	1	"1e-05 to 1"	0.00335495060544554	-0.00243949735615079	174	"success"	"pgls5_castespolymorphic"
"OG0007695_00"	0.00889554008915846	0.496352900889692	1	"1e-05 to 1"	0.00573152807827177	-4.9102572435844e-05	174	"success"	"pgls5_castespolymorphic"
"OG0008185_00"	0.0117125569548233	0.281170804186651	1e-05	"1e-05 to 1"	0.0136502847885929	0.00791569342108467	174	"success"	"pgls5_castespolymorphic"
"OG0008259_00"	-0.00288201688899869	0.767060504111333	1	"1e-05 to 1"	0.000793771524549141	-0.00501556701309869	174	"success"	"pgls5_castespolymorphic"
"OG0008743_00"	0.0386086404081774	0.0860532700729613	0.262850134475851	"1e-05 to 1"	0.0233899833992918	0.0177120181864969	174	"success"	"pgls5_castespolymorphic"
"OG0008747_00"	-0.0102098678984279	0.260822668643415	0.341441858194109	"1e-05 to 1"	0.0113770197689834	0.00562921174438447	174	"success"	"pgls5_castespolymorphic"
"OG0008928_00"	-0.0134993182011691	0.418489619357716	1e-05	"1e-05 to 1"	0.0050031279404107	-0.000781737594819587	174	"success"	"pgls5_castespolymorphic"
"OG0009353_00"	0.00660959632653352	0.458928110582531	1e-05	"1e-05 to 1"	0.00429274136820469	-0.00149625432151512	174	"success"	"pgls5_castespolymorphic"
"OG0009388_00"	-0.00472310830480691	0.340985306762209	1e-05	"1e-05 to 1"	0.00681977076745227	0.00104546710912345	174	"success"	"pgls5_castespolymorphic"
"OG0009494_00"	0.0199860684397931	0.17593448187831	1	"1e-05 to 1"	0.0148407015239507	0.00911303118397366	174	"success"	"pgls5_castespolymorphic"
"OG0009706_00"	0.00984578948012712	0.332018176881266	1e-05	"1e-05 to 1"	0.0120683218603738	0.00632453303398051	174	"success"	"pgls5_castespolymorphic"
"OG0009717_00"	0.00970882037772061	0.268290520453662	1	"1e-05 to 1"	0.0100353299877696	0.00427972144118671	174	"success"	"pgls5_castespolymorphic"
"OG0009719_00"	0.0133466354524793	0.06824082611671	1	"1e-05 to 1"	0.0281354241037849	0.0224850486625278	174	"success"	"pgls5_castespolymorphic"
"OG0009722_00"	-0.00181764352092405	0.772973423998736	1	"1e-05 to 1"	0.000726586152895863	-0.00508314299737811	174	"success"	"pgls5_castespolymorphic"
"OG0009761_00"	-0.00106878262621955	0.795524281511633	1	"1e-05 to 1"	0.000571367720135541	-0.00523926386288687	174	"success"	"pgls5_castespolymorphic"
"OG0009814_00"	-0.00143990405328466	0.870049181894968	1	"1e-05 to 1"	0.000240001550988894	-0.0055725565795286	174	"success"	"pgls5_castespolymorphic"
"OG0009837_00"	0.0178229346220396	0.21745466878786	1	"1e-05 to 1"	0.01418078673463	0.00844927968076159	174	"success"	"pgls5_castespolymorphic"
"OG0009858_00"	0.021066795334031	0.313846621494076	1	"1e-05 to 1"	0.0105657745011513	0.00481324993429755	174	"success"	"pgls5_castespolymorphic"
"OG0009860_00"	-0.000592225290761981	0.952698197874326	0.787035063554981	"1e-05 to 1"	3.43279623859176e-05	-0.00577942594480962	174	"success"	"pgls5_castespolymorphic"
"OG0009901_00"	0.00610316609073908	0.371827408665865	1	"1e-05 to 1"	0.00719155400601863	0.00141941187814676	174	"success"	"pgls5_castespolymorphic"
"OG0009916_00"	-0.00850382328563762	0.33541249504606	0.694743526028368	"1e-05 to 1"	0.0086745884320859	0.00291106859738877	174	"success"	"pgls5_castespolymorphic"
"OG0009925_00"	0.0351622956784911	0.248214088318286	0.860539949348974	"1e-05 to 1"	0.0125584479051945	0.00681750864882946	174	"success"	"pgls5_castespolymorphic"
"OG0009934_00"	0.0514804743036724	0.0254112109072504	1	"1e-05 to 1"	0.0462470933746636	0.0407020183361442	174	"success"	"pgls5_castespolymorphic"
"OG0009996_00"	0.00375387394021037	0.827967712604378	1	"1e-05 to 1"	0.000545773624218897	-0.00526500676168662	174	"success"	"pgls5_castespolymorphic"
"OG0010035_00"	0.0034643328650182	0.776511628164235	0.557757087773897	"1e-05 to 1"	0.000834675980164926	-0.0049744247408805	174	"success"	"pgls5_castespolymorphic"
"OG0010048_00"	-0.0148631158581697	0.364319319576773	1e-05	"1e-05 to 1"	0.00969155686872872	0.0039339496412214	174	"success"	"pgls5_castespolymorphic"
"OG0010051_00"	0.000454535914464615	0.977264177274392	0.858712342407096	"1e-05 to 1"	7.92370032286013e-06	-0.00580598372002417	174	"success"	"pgls5_castespolymorphic"
"OG0010060_00"	-0.0228012387291579	0.211307730441642	1e-05	"1e-05 to 1"	0.0171160019475644	0.0114015600984224	174	"success"	"pgls5_castespolymorphic"
"OG0010149_00"	-0.0114626316790358	0.31992475559377	1	"1e-05 to 1"	0.0109920299720193	0.00524198363464734	174	"success"	"pgls5_castespolymorphic"
"OG0010154_00"	0.00826979497326311	0.391443464323666	1e-05	"1e-05 to 1"	0.00766098428646895	0.00189157140441365	174	"success"	"pgls5_castespolymorphic"
"OG0010167_00"	0.0085908200821638	0.724279111063321	0.26814970535024	"1e-05 to 1"	0.00152554774921132	-0.00427953627550259	174	"success"	"pgls5_castespolymorphic"
"OG0010198_00"	0.0141033316496201	0.252207061450359	0.404406139765392	"1e-05 to 1"	0.0134937414323935	0.00775823992909364	174	"success"	"pgls5_castespolymorphic"
"OG0010203_00"	-0.00146760830461354	0.475589473082542	1e-05	"1e-05 to 1"	0.00548706546979431	-0.000294986475148695	174	"success"	"pgls5_castespolymorphic"
"OG0010223_00"	0.00114592161540431	0.870337995000661	1e-05	"1e-05 to 1"	0.000304448790403556	-0.0055077346468615	174	"success"	"pgls5_castespolymorphic"
"OG0010245_00"	-0.00256413756212441	0.858755263855954	1	"1e-05 to 1"	0.000398269506185009	-0.00541336846180229	174	"success"	"pgls5_castespolymorphic"
"OG0010268_00"	0.00200839628260591	0.693082962810853	1	"1e-05 to 1"	0.00186371257875161	-0.00393940537137194	174	"success"	"pgls5_castespolymorphic"
"OG0010312_00"	-0.00239196125975545	0.695775123268036	0.653691397885917	"1e-05 to 1"	0.00176608846075784	-0.00403759707144702	174	"success"	"pgls5_castespolymorphic"
"OG0010331_00"	-0.00734836390316584	0.229798005059233	1	"1e-05 to 1"	0.0165331949779146	0.0108153647161583	174	"success"	"pgls5_castespolymorphic"
"OG0010356_00"	-0.00132296596187437	0.670082146257646	1	"1e-05 to 1"	0.00209609878553889	-0.00370566808198713	174	"success"	"pgls5_castespolymorphic"
"OG0010368_00"	0.00752376246469202	0.166848866707243	1e-05	"1e-05 to 1"	0.0228970961802276	0.0172162653440662	174	"success"	"pgls5_castespolymorphic"
"OG0010403_00"	0.0248359458013232	0.338243475460799	0.929164456459315	"1e-05 to 1"	0.0109226182361545	0.00517216834217882	174	"success"	"pgls5_castespolymorphic"
"OG0010413_00"	-0.0224779692138596	0.257374175007039	1e-05	"1e-05 to 1"	0.0154287416266432	0.0097044901244725	174	"success"	"pgls5_castespolymorphic"
"OG0010423_00"	0.00890557491258033	0.642679305888064	0.948578119834684	"1e-05 to 1"	0.00254410837655043	-0.00325505378405122	174	"success"	"pgls5_castespolymorphic"
"OG0010425_00"	-0.0120411908600309	0.251387077898847	0.97152115614534	"1e-05 to 1"	0.0158195232132035	0.0100975436970011	174	"success"	"pgls5_castespolymorphic"
"OG0010467_00"	-0.000302848526719553	0.946312085268521	1	"1e-05 to 1"	5.56354124302071e-05	-0.00575799461424165	174	"success"	"pgls5_castespolymorphic"
"OG0010502_00"	-0.000277725889478271	0.934085886812963	1	"1e-05 to 1"	8.49657197755659e-05	-0.00572849378185358	174	"success"	"pgls5_castespolymorphic"
"OG0010531_00"	0.00909622945663989	0.174127269209357	1	"1e-05 to 1"	0.0224075963075857	0.0167239195419321	174	"success"	"pgls5_castespolymorphic"
"OG0010557_00"	0.046854456383967	0.0471153272623428	1	"1e-05 to 1"	0.0483646904581434	0.0428319270305744	174	"success"	"pgls5_castespolymorphic"
"OG0000132_00"	0.00648191396547491	0.744732876535229	1e-05	"1e-05 to 1"	0.000901800109103923	-0.00490691035537805	174	"success"	"pgls5_castespolymorphic"
"OG0000173_00"	-0.00586298243647961	0.431634801765023	1	"1e-05 to 1"	0.00784682852156438	0.00207849612924793	174	"success"	"pgls5_castespolymorphic"
"OG0001290_00"	-0.00154448175235378	0.893154830027758	0.730149251480071	"1e-05 to 1"	0.000137176397487875	-0.00567597955368959	174	"success"	"pgls5_castespolymorphic"
"OG0008417_00"	-0.00579147059801853	0.84287566882957	1	"1e-05 to 1"	0.000454106351967167	-0.00535720698319575	174	"success"	"pgls5_castespolymorphic"
"OG0008924_00"	0.00566937834410138	0.794816461087119	1e-05	"1e-05 to 1"	0.000534492353279345	-0.00527635362141088	174	"success"	"pgls5_castespolymorphic"
"OG0009111_00"	0.00997433289966594	0.642285763261392	1	"1e-05 to 1"	0.0020430530239131	-0.00375902224920366	174	"success"	"pgls5_castespolymorphic"
"OG0009260_00"	-0.0183113664292866	0.149427167192985	0.55156804325636	"1e-05 to 1"	0.0157977401743793	0.0100756340126025	174	"success"	"pgls5_castespolymorphic"
"OG0009564_00"	0.00729978703078751	0.776169654796157	1	"1e-05 to 1"	0.000705722353269297	-0.00510412809816518	174	"success"	"pgls5_castespolymorphic"
"OG0009852_00"	-0.00588008542120646	0.614642407533083	1	"1e-05 to 1"	0.00265057566136204	-0.00314796750339741	174	"success"	"pgls5_castespolymorphic"
"OG0009941_00"	0.0216564283598872	0.263754179079913	1	"1e-05 to 1"	0.0118802930576746	0.00613541104056803	174	"success"	"pgls5_castespolymorphic"
"OG0010025_00"	0.00913508365793479	0.641915111791348	1e-05	"1e-05 to 1"	0.00214936201046186	-0.0036520951871517	174	"success"	"pgls5_castespolymorphic"
"OG0010111_00"	0.0109147660159649	0.54562629450543	0.95953948599297	"1e-05 to 1"	0.00381683805788832	-0.00197492451154258	174	"success"	"pgls5_castespolymorphic"
"OG0010138_00"	0.0129820872544578	0.362887015672811	1	"1e-05 to 1"	0.00890992850458444	0.00314777692612256	174	"success"	"pgls5_castespolymorphic"
"OG0010267_00"	0.0066425985205252	0.689652277645188	0.961526820195464	"1e-05 to 1"	0.00184176134963753	-0.00396148422391107	174	"success"	"pgls5_castespolymorphic"
"OG0010286_00"	-0.0139007044887335	0.356077981319345	1	"1e-05 to 1"	0.00991148555999836	0.00415515698767266	174	"success"	"pgls5_castespolymorphic"
"OG0010298_00"	0.00408124556699819	0.572723011286956	1	"1e-05 to 1"	0.00362930483451923	-0.00216354804434982	174	"success"	"pgls5_castespolymorphic"
"OG0010510_00"	0.0114270766736945	0.262536226289918	1e-05	"1e-05 to 1"	0.0160669028393825	0.0103463615768209	174	"success"	"pgls5_castespolymorphic"
"OG0010561_00"	0.0150665991829199	0.0857561695208497	1e-05	"1e-05 to 1"	0.034737759027905	0.0291257692548115	174	"success"	"pgls5_castespolymorphic"
"OG0000180_00"	0.0085110211509288	0.42346760937405	0.447413442580278	"1e-05 to 1"	0.00737910078020722	0.00160804904055734	174	"success"	"pgls5_castespolymorphic"
"OG0001720_00"	0.00279847073972043	0.878332994503655	0.936141465745944	"1e-05 to 1"	0.000245352243897097	-0.00556717477794066	174	"success"	"pgls5_castespolymorphic"
"OG0003857_00"	-0.0136843993430571	0.431650134411264	0.724725513816102	"1e-05 to 1"	0.00619550234166204	0.000417569215741431	174	"success"	"pgls5_castespolymorphic"
"OG0004701_00"	-0.0127621696148339	0.216900470057663	1e-05	"1e-05 to 1"	0.0126782804611261	0.00693803790566749	174	"success"	"pgls5_castespolymorphic"
"OG0005772_00"	0.0127266167906087	0.426455706487488	1	"1e-05 to 1"	0.00745659353456059	0.00168599233418021	174	"success"	"pgls5_castespolymorphic"
"OG0008351_00"	0.00474811662099427	0.780170749899971	1	"1e-05 to 1"	0.000921391486492871	-0.00488720507463203	174	"success"	"pgls5_castespolymorphic"
"OG0010064_00"	-0.0026123746848028	0.560915186189294	1e-05	"1e-05 to 1"	0.00346186223344644	-0.00233196414891723	174	"success"	"pgls5_castespolymorphic"
"OG0000819_00"	0.00771553908783488	0.368136376429047	1	"1e-05 to 1"	0.00818894838439366	0.00242260506104708	174	"success"	"pgls5_castespolymorphic"
"OG0008439_00"	-0.00321014756409583	0.874565870709166	1	"1e-05 to 1"	0.000313407261255926	-0.00549872409187624	174	"success"	"pgls5_castespolymorphic"
"OG0004405_00"	0.016346115346919	0.0244612731174876	1e-05	"1e-05 to 1"	0.0549827643454091	0.0494884780916034	174	"success"	"pgls5_castespolymorphic"
"OG0009954_00"	0.00684788135814789	0.440204451864462	1e-05	"1e-05 to 1"	0.00596945167739253	0.000190204303423869	174	"success"	"pgls5_castespolymorphic"
"OG0000160_00"	0.0199286236272679	0.50320844921502	0.397678760766304	"1e-05 to 1"	0.00505109969882604	-0.000733486930831972	174	"success"	"pgls5_castespolymorphic"
"OG0008573_00"	0.0190292823461887	0.159123152175759	0.947208567665957	"1e-05 to 1"	0.0205451144557373	0.0148506093072241	174	"success"	"pgls5_castespolymorphic"
"OG0010047_00"	0.00123520196584312	0.835892718589753	1e-05	"1e-05 to 1"	0.000431169038265142	-0.0053802776533729	174	"success"	"pgls5_castespolymorphic"
"OG0010133_00"	0.00615190779311183	0.0837843913895249	1e-05	"1e-05 to 1"	0.0305077322667539	0.0248711493148165	174	"success"	"pgls5_castespolymorphic"
"OG0010261_00"	-0.00560005134381661	0.719840183156681	0.882997001086518	"1e-05 to 1"	0.00150347206360847	-0.00430174030811492	174	"success"	"pgls5_castespolymorphic"
"OG0010390_00"	0.0125029665547488	0.117254224951318	0.838259336083465	"1e-05 to 1"	0.0296560953557524	0.0240145610264254	174	"success"	"pgls5_castespolymorphic"
"OG0009012_00"	0.00751575967440852	0.640739606561119	1	"1e-05 to 1"	0.00235153100437925	-0.00344875079210705	174	"success"	"pgls5_castespolymorphic"
"OG0006599_00"	0.0556631267059797	0.44441183531187	1e-05	"1e-05 to 1"	0.0857637557032261	0.0804484287015007	174	"success"	"pgls5_castespolymorphic"
